"","domain_name","sequence_evalue"
"1","HISEQ13:138:C6FWNANXX:2:2107:8584:37435_1:83620654",1.9e-28
"2","HISEQ13:138:C6FWNANXX:2:2212:11252:65472_1:115537650",1.9e-28
"3","HISEQ13:138:C6FWNANXX:2:2310:10170:24361_1:135914872",1.9e-28
"4","HISEQ13:138:C6FWNANXX:2:2314:9167:60958_1:142768726",1.9e-28
"5","HISEQ13:138:C6FWNANXX:2:1103:9266:100193_1:4376825",2.7e-28
"6","HISEQ13:138:C6FWNANXX:2:1111:11295:17510_1:15282456",2.7e-28
"7","HISEQ13:138:C6FWNANXX:2:1313:3794:5871_1:67880466",2.7e-28
"8","HISEQ13:138:C6FWNANXX:2:2313:19525:51016_1:141000901",2.7e-28
"9","HISEQ13:138:C6FWNANXX:2:1209:1692:16332_1:36842758",3.5e-28
"10","HISEQ13:138:C6FWNANXX:2:1315:2188:78626_1:72450397",3.5e-28
"11","HISEQ13:138:C6FWNANXX:2:2101:3452:15915_1:74758287",3.5e-28
"12","HISEQ13:138:C6FWNANXX:2:2113:18228:73424_1:93237910",3.5e-28
"13","HISEQ13:138:C6FWNANXX:2:1103:5493:44853_1:3556875",3.6e-28
"14","HISEQ13:138:C6FWNANXX:2:1105:20648:52810_1:6629611",3.6e-28
"15","HISEQ13:138:C6FWNANXX:2:1205:8467:50123_1:31337949",3.6e-28
"16","HISEQ13:138:C6FWNANXX:2:2211:11222:7727_1:113087616",3.6e-28
"17","HISEQ13:138:C6FWNANXX:2:2315:10855:14558_1:143633108",3.6e-28
"18","HISEQ13:138:C6FWNANXX:2:2104:8584:85374_1:79983135",3.8e-28
"19","HISEQ13:138:C6FWNANXX:2:2209:10814:63279_1:110922802",3.8e-28
"20","HISEQ13:138:C6FWNANXX:2:2314:19455:64418_1:142828430",4.1e-28
"21","HISEQ13:138:C6FWNANXX:2:2113:5574:40433_1:92707221",4.2e-28
"22","HISEQ13:138:C6FWNANXX:2:1109:15706:16069_1:12136352",5.3e-28
"23","HISEQ13:138:C6FWNANXX:2:1109:17224:10217_1:12042416",5.3e-28
"24","HISEQ13:138:C6FWNANXX:2:1312:19067:87171_1:67593595",5.3e-28
"25","HISEQ13:138:C6FWNANXX:2:2101:15142:11089_1:74692708",5.3e-28
"26","HISEQ13:138:C6FWNANXX:2:2203:15976:14614_1:101523025",5.3e-28
"27","HISEQ13:138:C6FWNANXX:2:1113:16707:14633_1:18336430",5.4e-28
"28","HISEQ13:138:C6FWNANXX:2:1313:15745:31337_1:68305033",5.4e-28
"29","HISEQ13:138:C6FWNANXX:2:2105:17408:78849_1:81321130",5.4e-28
"30","HISEQ13:138:C6FWNANXX:2:2107:20119:17556_1:83330284",5.4e-28
"31","HISEQ13:138:C6FWNANXX:2:2113:7716:33649_1:92599657",5.4e-28
"32","HISEQ13:138:C6FWNANXX:2:2202:9441:7066_1:100006333",5.4e-28
"33","HISEQ13:138:C6FWNANXX:2:2203:19791:72179_1:102344706",5.4e-28
"34","HISEQ13:138:C6FWNANXX:2:2308:4195:83225_1:133794091",5.4e-28
"35","HISEQ13:138:C6FWNANXX:2:2103:6518:3705_1:77398381",5.8e-28
"36","HISEQ13:138:C6FWNANXX:2:2214:14185:11674_1:117848120",5.8e-28
"37","HISEQ13:138:C6FWNANXX:2:1201:14088:49021_1:25498459",6.1e-28
"38","HISEQ13:138:C6FWNANXX:2:2107:19690:68002_1:84080204",6.1e-28
"39","HISEQ13:138:C6FWNANXX:2:1113:16707:14633_1:18336429",6.1e-28
"40","HISEQ13:138:C6FWNANXX:2:1211:10306:85822_1:41062986",6.1e-28
"41","HISEQ13:138:C6FWNANXX:2:1305:9822:79173_1:56573980",6.1e-28
"42","HISEQ13:138:C6FWNANXX:2:1210:9315:17162_1:38401037",6.2e-28
"43","HISEQ13:138:C6FWNANXX:2:2203:15976:14614_1:101523026",6.2e-28
"44","HISEQ13:138:C6FWNANXX:2:1116:8794:82357_1:24485614",6.3e-28
"45","HISEQ13:138:C6FWNANXX:2:1211:10306:85822_1:41062987",6.3e-28
"46","HISEQ13:138:C6FWNANXX:2:1303:9123:27125_1:52847974",6.3e-28
"47","HISEQ13:138:C6FWNANXX:2:1312:13616:81807_1:67505815",6.3e-28
"48","HISEQ13:138:C6FWNANXX:2:2213:4554:12791_1:116277076",6.3e-28
"49","HISEQ13:138:C6FWNANXX:2:1316:20067:24300_1:73230360",6.4e-28
"50","HISEQ13:138:C6FWNANXX:2:2313:18437:88991_1:141613116",6.4e-28
"51","HISEQ13:138:C6FWNANXX:2:1116:6644:68904_1:24251397",6.7e-28
"52","HISEQ13:138:C6FWNANXX:2:2116:16645:39618_1:97519124",6.7e-28
"53","HISEQ13:138:C6FWNANXX:2:1111:11295:17510_1:15282457",6.9e-28
"54","HISEQ13:138:C6FWNANXX:2:2314:4794:38354_1:142395621",6.9e-28
"55","HISEQ13:138:C6FWNANXX:2:1101:1825:63918_1:914667",7.2e-28
"56","HISEQ13:138:C6FWNANXX:2:1112:15841:71532_1:17647785",7.2e-28
"57","HISEQ13:138:C6FWNANXX:2:1210:20323:63188_1:39124272",7.2e-28
"58","HISEQ13:138:C6FWNANXX:2:1210:20744:66596_1:39178514",7.2e-28
"59","HISEQ13:138:C6FWNANXX:2:1308:13423:44921_1:60593815",7.2e-28
"60","HISEQ13:138:C6FWNANXX:2:1110:4980:68537_1:14525214",8.6e-28
"61","HISEQ13:138:C6FWNANXX:2:1110:5811:73926_1:14608505",8.6e-28
"62","HISEQ13:138:C6FWNANXX:2:1304:19079:19168_1:54195731",8.6e-28
"63","HISEQ13:138:C6FWNANXX:2:2101:4683:98457_1:75932877",8.6e-28
"64","HISEQ13:138:C6FWNANXX:2:1107:3666:48086_1:9562707",9e-28
"65","HISEQ13:138:C6FWNANXX:2:1113:4027:19465_1:18411767",9e-28
"66","HISEQ13:138:C6FWNANXX:2:2114:5919:56826_1:94564963",9e-28
"67","HISEQ13:138:C6FWNANXX:2:2116:4818:60901_1:97865335",9e-28
"68","HISEQ13:138:C6FWNANXX:2:1116:7588:34037_1:23655520",1e-27
"69","HISEQ13:138:C6FWNANXX:2:1205:14446:21258_1:30909967",1e-27
"70","HISEQ13:138:C6FWNANXX:2:1216:4790:37397_1:48466140",1e-27
"71","HISEQ13:138:C6FWNANXX:2:1305:13791:44246_1:56047933",1e-27
"72","HISEQ13:138:C6FWNANXX:2:1313:3618:45094_1:68530806",1e-27
"73","HISEQ13:138:C6FWNANXX:2:2308:15475:49023_1:133282888",1e-27
"74","HISEQ13:138:C6FWNANXX:2:2315:9083:15775_1:143653360",1e-27
"75","HISEQ13:138:C6FWNANXX:2:1107:14015:52547_1:9634026",1.2e-27
"76","HISEQ13:138:C6FWNANXX:2:2207:9928:16221_1:107256904",1.2e-27
"77","HISEQ13:138:C6FWNANXX:2:2211:20823:26645_1:113385313",1.2e-27
"78","HISEQ13:138:C6FWNANXX:2:2101:5284:34231_1:75019587",1.3e-27
"79","HISEQ13:138:C6FWNANXX:2:2113:18228:73424_1:93237909",1.3e-27
"80","HISEQ13:138:C6FWNANXX:2:2214:16159:26455_1:118089742",1.4e-27
"81","HISEQ13:138:C6FWNANXX:2:1104:6694:53611_1:5155347",1.4e-27
"82","HISEQ13:138:C6FWNANXX:2:1212:19157:26064_1:41664971",1.4e-27
"83","HISEQ13:138:C6FWNANXX:2:1313:7987:68427_1:68919546",1.4e-27
"84","HISEQ13:138:C6FWNANXX:2:1313:8762:13809_1:68013465",1.4e-27
"85","HISEQ13:138:C6FWNANXX:2:1112:3107:60064_1:17457864",1.4e-27
"86","HISEQ13:138:C6FWNANXX:2:1206:13573:16029_1:32310814",1.4e-27
"87","HISEQ13:138:C6FWNANXX:2:1302:2090:41292_1:51598282",1.4e-27
"88","HISEQ13:138:C6FWNANXX:2:2307:12053:27021_1:131478557",1.4e-27
"89","HISEQ13:138:C6FWNANXX:2:1114:7495:85167_1:21158138",1.6e-27
"90","HISEQ13:138:C6FWNANXX:2:1302:4467:80322_1:52173583",1.6e-27
"91","HISEQ13:138:C6FWNANXX:2:1306:4041:65075_1:57864150",1.6e-27
"92","HISEQ13:138:C6FWNANXX:2:1202:13552:67172_1:27215807",1.6e-27
"93","HISEQ13:138:C6FWNANXX:2:1211:13343:2920_1:39728359",1.6e-27
"94","HISEQ13:138:C6FWNANXX:2:1304:15759:88249_1:55225089",1.6e-27
"95","HISEQ13:138:C6FWNANXX:2:2204:11145:13124_1:102908537",1.6e-27
"96","HISEQ13:138:C6FWNANXX:2:2313:13010:25223_1:140578847",1.6e-27
"97","HISEQ13:138:C6FWNANXX:2:2206:4299:43563_1:106207002",1.8e-27
"98","HISEQ13:138:C6FWNANXX:2:1112:19711:38640_1:17113104",1.8e-27
"99","HISEQ13:138:C6FWNANXX:2:1114:2067:2073_1:19764079",1.8e-27
"100","HISEQ13:138:C6FWNANXX:2:2311:14438:38986_1:137664468",1.8e-27
"101","HISEQ13:138:C6FWNANXX:2:2316:1376:32996_1:145577086",1.8e-27
"102","HISEQ13:138:C6FWNANXX:2:1316:4875:28412_1:73296283",2e-27
"103","HISEQ13:138:C6FWNANXX:2:1207:10555:93366_1:34980870",2.1e-27
"104","HISEQ13:138:C6FWNANXX:2:1207:16871:57814_1:34439797",2.1e-27
"105","HISEQ13:138:C6FWNANXX:2:1207:5941:24606_1:33934297",2.1e-27
"106","HISEQ13:138:C6FWNANXX:2:1302:20939:5090_1:51069059",2.1e-27
"107","HISEQ13:138:C6FWNANXX:2:2106:17756:22124_1:81938019",2.1e-27
"108","HISEQ13:138:C6FWNANXX:2:2307:6034:96790_1:132512817",2.1e-27
"109","HISEQ13:138:C6FWNANXX:2:2313:4084:63852_1:141204855",2.1e-27
"110","HISEQ13:138:C6FWNANXX:2:1201:11043:79681_1:25946907",2.1e-27
"111","HISEQ13:138:C6FWNANXX:2:1207:19666:22448_1:33903025",2.1e-27
"112","HISEQ13:138:C6FWNANXX:2:1210:9315:17162_1:38401036",2.1e-27
"113","HISEQ13:138:C6FWNANXX:2:1314:17954:68417_1:70591076",2.1e-27
"114","HISEQ13:138:C6FWNANXX:2:2106:6623:99722_1:83076220",2.1e-27
"115","HISEQ13:138:C6FWNANXX:2:2111:15100:34549_1:89573734",2.1e-27
"116","HISEQ13:138:C6FWNANXX:2:2111:8957:2867_1:89080566",2.1e-27
"117","HISEQ13:138:C6FWNANXX:2:2116:15676:89977_1:98345055",2.1e-27
"118","HISEQ13:138:C6FWNANXX:2:2301:19056:21704_1:122884769",2.1e-27
"119","HISEQ13:138:C6FWNANXX:2:1115:11460:11381_1:21584539",2.2e-27
"120","HISEQ13:138:C6FWNANXX:2:2102:9283:55153_1:76722939",2.2e-27
"121","HISEQ13:138:C6FWNANXX:2:2105:3560:2943_1:80216653",2.5e-27
"122","HISEQ13:138:C6FWNANXX:2:2303:18629:75681_1:126444123",2.6e-27
"123","HISEQ13:138:C6FWNANXX:2:1211:18674:38768_1:40307467",2.6e-27
"124","HISEQ13:138:C6FWNANXX:2:1312:18630:78825_1:67456850",2.6e-27
"125","HISEQ13:138:C6FWNANXX:2:2109:16614:28306_1:86459506",2.6e-27
"126","HISEQ13:138:C6FWNANXX:2:1103:20148:15616_1:3126065",2.6e-27
"127","HISEQ13:138:C6FWNANXX:2:1110:7175:25683_1:13846328",2.7e-27
"128","HISEQ13:138:C6FWNANXX:2:1114:7495:85167_1:21158139",2.7e-27
"129","HISEQ13:138:C6FWNANXX:2:1305:9822:79173_1:56573981",2.7e-27
"130","HISEQ13:138:C6FWNANXX:2:2110:18232:19139_1:87823243",2.7e-27
"131","HISEQ13:138:C6FWNANXX:2:2208:16349:16737_1:108727688",2.7e-27
"132","HISEQ13:138:C6FWNANXX:2:2305:17383:61360_1:129081136",2.7e-27
"133","HISEQ13:138:C6FWNANXX:2:2302:16354:79220_1:125091549",2.7e-27
"134","HISEQ13:138:C6FWNANXX:2:1209:21141:65029_1:37605498",2.8e-27
"135","HISEQ13:138:C6FWNANXX:2:1303:20295:89495_1:53770249",2.8e-27
"136","HISEQ13:138:C6FWNANXX:2:1305:11117:7303_1:55496480",2.8e-27
"137","HISEQ13:138:C6FWNANXX:2:2201:11071:48764_1:99193471",2.8e-27
"138","HISEQ13:138:C6FWNANXX:2:1214:17355:76941_1:45774921",3.2e-27
"139","HISEQ13:138:C6FWNANXX:2:2109:16614:28306_1:86459507",3.2e-27
"140","HISEQ13:138:C6FWNANXX:2:2206:10032:86880_1:106843152",3.2e-27
"141","HISEQ13:138:C6FWNANXX:2:1303:20295:89495_1:53770250",3.3e-27
"142","HISEQ13:138:C6FWNANXX:2:2215:21111:28003_1:119738338",3.3e-27
"143","HISEQ13:138:C6FWNANXX:2:1309:1463:74974_1:62618884",3.5e-27
"144","HISEQ13:138:C6FWNANXX:2:1316:7417:15449_1:73071322",3.5e-27
"145","HISEQ13:138:C6FWNANXX:2:2216:7069:33896_1:121470773",3.5e-27
"146","HISEQ13:138:C6FWNANXX:2:2211:10494:3653_1:113025263",4.1e-27
"147","HISEQ13:138:C6FWNANXX:2:2216:9480:92357_1:122461937",4.1e-27
"148","HISEQ13:138:C6FWNANXX:2:2306:17487:30228_1:130066638",4.1e-27
"149","HISEQ13:138:C6FWNANXX:2:2306:2191:46539_1:130306964",4.3e-27
"150","HISEQ13:138:C6FWNANXX:2:2312:18369:54996_1:139477850",4.3e-27
"151","HISEQ13:138:C6FWNANXX:2:2312:20006:57733_1:139521893",4.3e-27
"152","HISEQ13:138:C6FWNANXX:2:2313:15569:65497_1:141231756",4.3e-27
"153","HISEQ13:138:C6FWNANXX:2:1110:11866:71771_1:14578238",4.5e-27
"154","HISEQ13:138:C6FWNANXX:2:1305:11117:7303_1:55496481",5.5e-27
"155","HISEQ13:138:C6FWNANXX:2:2103:13299:100329_1:78775911",5.5e-27
"156","HISEQ13:138:C6FWNANXX:2:2201:11071:48764_1:99193470",5.5e-27
"157","HISEQ13:138:C6FWNANXX:2:2209:15835:93369_1:111379752",5.5e-27
"158","HISEQ13:138:C6FWNANXX:2:2310:17496:90086_1:136925771",5.5e-27
"159","HISEQ13:138:C6FWNANXX:2:1303:9123:27125_1:52847975",5.5e-27
"160","HISEQ13:138:C6FWNANXX:2:1305:6171:67322_1:56394859",5.5e-27
"161","HISEQ13:138:C6FWNANXX:2:2101:14452:7596_1:74642112",5.5e-27
"162","HISEQ13:138:C6FWNANXX:2:2106:17756:22124_1:81938020",5.5e-27
"163","HISEQ13:138:C6FWNANXX:2:2108:14993:77012_1:85699365",5.5e-27
"164","HISEQ13:138:C6FWNANXX:2:2305:3145:77104_1:129307246",5.5e-27
"165","HISEQ13:138:C6FWNANXX:2:1103:14786:33902_1:3396478",5.6e-27
"166","HISEQ13:138:C6FWNANXX:2:2103:6254:70035_1:78343251",5.6e-27
"167","HISEQ13:138:C6FWNANXX:2:1115:10967:9977_1:21559056",5.7e-27
"168","HISEQ13:138:C6FWNANXX:2:2206:1795:38852_1:106136783",5.7e-27
"169","HISEQ13:138:C6FWNANXX:2:2316:4565:99135_1:146695999",6.4e-27
"170","HISEQ13:138:C6FWNANXX:2:1203:18178:90293_1:29013198",6.5e-27
"171","HISEQ13:138:C6FWNANXX:2:1212:2011:71716_1:42403518",6.5e-27
"172","HISEQ13:138:C6FWNANXX:2:1213:14000:49271_1:43664249",6.5e-27
"173","HISEQ13:138:C6FWNANXX:2:1311:9778:98792_1:66165387",6.5e-27
"174","HISEQ13:138:C6FWNANXX:2:1312:1469:43779_1:66878711",6.5e-27
"175","HISEQ13:138:C6FWNANXX:2:2105:4108:2834_1:80216726",6.5e-27
"176","HISEQ13:138:C6FWNANXX:2:2111:15100:34549_1:89573735",6.5e-27
"177","HISEQ13:138:C6FWNANXX:2:2208:19241:56514_1:109326729",6.5e-27
"178","HISEQ13:138:C6FWNANXX:2:2214:14454:96647_1:119238043",6.5e-27
"179","HISEQ13:138:C6FWNANXX:2:2311:21089:39987_1:137681355",6.5e-27
"180","HISEQ13:138:C6FWNANXX:2:1201:13239:64007_1:25719306",6.9e-27
"181","HISEQ13:138:C6FWNANXX:2:1304:18326:57655_1:54770386",7.3e-27
"182","HISEQ13:138:C6FWNANXX:2:1310:19427:44654_1:63707459",7.3e-27
"183","HISEQ13:138:C6FWNANXX:2:2109:13260:44572_1:86705193",7.3e-27
"184","HISEQ13:138:C6FWNANXX:2:1306:10663:59700_1:57781426",7.5e-27
"185","HISEQ13:138:C6FWNANXX:2:2210:17427:26412_1:111865370",7.5e-27
"186","HISEQ13:138:C6FWNANXX:2:2112:9255:31722_1:91007259",7.6e-27
"187","HISEQ13:138:C6FWNANXX:2:2112:9898:19076_1:90816235",7.6e-27
"188","HISEQ13:138:C6FWNANXX:2:2210:11388:4771_1:111536152",7.6e-27
"189","HISEQ13:138:C6FWNANXX:2:1110:5514:84447_1:14772169",9.1e-27
"190","HISEQ13:138:C6FWNANXX:2:2105:3560:2943_1:80216654",9.2e-27
"191","HISEQ13:138:C6FWNANXX:2:1203:9712:9982_1:27825816",9.4e-27
"192","HISEQ13:138:C6FWNANXX:2:1304:15137:69764_1:54953103",9.4e-27
"193","HISEQ13:138:C6FWNANXX:2:1306:2337:39085_1:57466797",9.4e-27
"194","HISEQ13:138:C6FWNANXX:2:2204:15320:56723_1:103534471",9.4e-27
"195","HISEQ13:138:C6FWNANXX:2:2213:2937:98382_1:117648905",9.6e-27
"196","HISEQ13:138:C6FWNANXX:2:1105:13407:64687_1:6803332",1e-26
"197","HISEQ13:138:C6FWNANXX:2:1113:6744:48141_1:18884343",1e-26
"198","HISEQ13:138:C6FWNANXX:2:1208:11759:26843_1:35476677",1e-26
"199","HISEQ13:138:C6FWNANXX:2:1314:20378:47415_1:70235259",1e-26
"200","HISEQ13:138:C6FWNANXX:2:2113:10849:19972_1:92382456",1e-26
"201","HISEQ13:138:C6FWNANXX:2:2113:7673:55895_1:92955496",1e-26
"202","HISEQ13:138:C6FWNANXX:2:2310:9603:46901_1:136261455",1e-26
"203","HISEQ13:138:C6FWNANXX:2:1107:19013:25666_1:9221291",1.1e-26
"204","HISEQ13:138:C6FWNANXX:2:1107:10037:72967_1:9943461",1.1e-26
"205","HISEQ13:138:C6FWNANXX:2:1203:18178:90293_1:29013199",1.1e-26
"206","HISEQ13:138:C6FWNANXX:2:1302:16135:91626_1:52340886",1.1e-26
"207","HISEQ13:138:C6FWNANXX:2:2114:3488:85097_1:95023825",1.1e-26
"208","HISEQ13:138:C6FWNANXX:2:2311:16680:79555_1:138306359",1.1e-26
"209","HISEQ13:138:C6FWNANXX:2:2208:16349:16737_1:108727689",1.1e-26
"210","HISEQ13:138:C6FWNANXX:2:1110:2664:29188_1:13900718",1.2e-26
"211","HISEQ13:138:C6FWNANXX:2:2310:12701:22804_1:135892059",1.2e-26
"212","HISEQ13:138:C6FWNANXX:2:1116:10609:15413_1:23334137",1.5e-26
"213","HISEQ13:138:C6FWNANXX:2:1108:16939:47994_1:11085789",1.5e-26
"214","HISEQ13:138:C6FWNANXX:2:1205:8953:31326_1:31057074",1.5e-26
"215","HISEQ13:138:C6FWNANXX:2:1312:1652:94802_1:67718140",1.5e-26
"216","HISEQ13:138:C6FWNANXX:2:2216:9162:6804_1:121018897",1.5e-26
"217","HISEQ13:138:C6FWNANXX:2:2302:7402:56578_1:124770633",1.5e-26
"218","HISEQ13:138:C6FWNANXX:2:2312:16209:71760_1:139747422",1.5e-26
"219","HISEQ13:138:C6FWNANXX:2:1106:17253:23739_1:7680879",1.5e-26
"220","HISEQ13:138:C6FWNANXX:2:2206:16576:53449_1:106352250",1.5e-26
"221","HISEQ13:138:C6FWNANXX:2:2215:4558:76852_1:120539363",1.5e-26
"222","HISEQ13:138:C6FWNANXX:2:1316:17911:65212_1:73941698",1.5e-26
"223","HISEQ13:138:C6FWNANXX:2:2312:12561:42663_1:139282708",1.6e-26
"224","HISEQ13:138:C6FWNANXX:2:1312:1674:55490_1:67067258",1.6e-26
"225","HISEQ13:138:C6FWNANXX:2:2115:2441:98536_1:96855471",1.6e-26
"226","HISEQ13:138:C6FWNANXX:2:2202:16195:44177_1:100533487",1.6e-26
"227","HISEQ13:138:C6FWNANXX:2:2212:5538:26615_1:114924815",1.6e-26
"228","HISEQ13:138:C6FWNANXX:2:2315:8194:18779_1:143702560",1.6e-26
"229","HISEQ13:138:C6FWNANXX:2:1101:17481:63045_1:906405",1.6e-26
"230","HISEQ13:138:C6FWNANXX:2:1110:14241:61946_1:14420738",1.6e-26
"231","HISEQ13:138:C6FWNANXX:2:1313:18415:12267_1:67991320",1.6e-26
"232","HISEQ13:138:C6FWNANXX:2:2302:14198:46647_1:124630581",1.6e-26
"233","HISEQ13:138:C6FWNANXX:2:1107:5415:14780_1:9054102",1.7e-26
"234","HISEQ13:138:C6FWNANXX:2:1109:12869:96118_1:13399344",1.7e-26
"235","HISEQ13:138:C6FWNANXX:2:2206:18444:80527_1:106754035",1.7e-26
"236","HISEQ13:138:C6FWNANXX:2:2212:15443:5324_1:114604181",1.7e-26
"237","HISEQ13:138:C6FWNANXX:2:1216:20248:73357_1:49093840",1.7e-26
"238","HISEQ13:138:C6FWNANXX:2:1307:6374:64516_1:59372088",1.7e-26
"239","HISEQ13:138:C6FWNANXX:2:2207:17196:51830_1:107783269",1.7e-26
"240","HISEQ13:138:C6FWNANXX:2:2213:17788:65460_1:117121252",1.7e-26
"241","HISEQ13:138:C6FWNANXX:2:2303:5300:56515_1:126172912",1.7e-26
"242","HISEQ13:138:C6FWNANXX:2:1111:8217:72267_1:16176192",1.8e-26
"243","HISEQ13:138:C6FWNANXX:2:1303:19925:24888_1:52816279",1.8e-26
"244","HISEQ13:138:C6FWNANXX:2:2207:16707:5284_1:107099772",1.8e-26
"245","HISEQ13:138:C6FWNANXX:2:2102:5675:47499_1:76612687",1.8e-26
"246","HISEQ13:138:C6FWNANXX:2:1113:9688:23433_1:18478670",2e-26
"247","HISEQ13:138:C6FWNANXX:2:1114:19641:35740_1:20329335",2e-26
"248","HISEQ13:138:C6FWNANXX:2:1212:6616:54275_1:42122026",2e-26
"249","HISEQ13:138:C6FWNANXX:2:2315:7589:64580_1:144459031",2e-26
"250","HISEQ13:138:C6FWNANXX:2:1208:13960:67720_1:36105800",2.2e-26
"251","HISEQ13:138:C6FWNANXX:2:2212:2987:80600_1:115779887",2.2e-26
"252","HISEQ13:138:C6FWNANXX:2:2307:6034:96790_1:132512818",2.3e-26
"253","HISEQ13:138:C6FWNANXX:2:2313:4084:63852_1:141204854",2.3e-26
"254","HISEQ13:138:C6FWNANXX:2:1112:15072:83971_1:17848718",2.3e-26
"255","HISEQ13:138:C6FWNANXX:2:1208:1749:49208_1:35816463",2.3e-26
"256","HISEQ13:138:C6FWNANXX:2:2215:4558:76852_1:120539364",2.3e-26
"257","HISEQ13:138:C6FWNANXX:2:1313:4341:99520_1:69441999",2.7e-26
"258","HISEQ13:138:C6FWNANXX:2:2109:19952:66665_1:87042301",2.7e-26
"259","HISEQ13:138:C6FWNANXX:2:2109:7233:57062_1:86894723",2.7e-26
"260","HISEQ13:138:C6FWNANXX:2:2301:17407:89213_1:123836248",3.4e-26
"261","HISEQ13:138:C6FWNANXX:2:2312:11260:46999_1:139349477",3.4e-26
"262","HISEQ13:138:C6FWNANXX:2:1102:11464:28227_1:1848417",3.8e-26
"263","HISEQ13:138:C6FWNANXX:2:2206:18959:45992_1:106242867",4e-26
"264","HISEQ13:138:C6FWNANXX:2:1106:7083:84195_1:8601388",4.5e-26
"265","HISEQ13:138:C6FWNANXX:2:1114:7208:26038_1:20167352",4.5e-26
"266","HISEQ13:138:C6FWNANXX:2:1208:15498:78800_1:36280127",4.5e-26
"267","HISEQ13:138:C6FWNANXX:2:1313:10801:69670_1:68941616",4.6e-26
"268","HISEQ13:138:C6FWNANXX:2:2207:19476:4150_1:107081941",4.6e-26
"269","HISEQ13:138:C6FWNANXX:2:1215:8879:30018_1:46654140",4.7e-26
"270","HISEQ13:138:C6FWNANXX:2:1216:1527:4430_1:47894569",4.7e-26
"271","HISEQ13:138:C6FWNANXX:2:1209:5762:64002_1:37586867",4.9e-26
"272","HISEQ13:138:C6FWNANXX:2:1302:15020:55657_1:51811230",4.9e-26
"273","HISEQ13:138:C6FWNANXX:2:1313:11082:48417_1:68586132",4.9e-26
"274","HISEQ13:138:C6FWNANXX:2:2316:9212:79767_1:146372006",4.9e-26
"275","HISEQ13:138:C6FWNANXX:2:1105:7977:50743_1:6593417",5e-26
"276","HISEQ13:138:C6FWNANXX:2:1116:9710:39779_1:23754961",5e-26
"277","HISEQ13:138:C6FWNANXX:2:1307:9026:84845_1:59684667",5e-26
"278","HISEQ13:138:C6FWNANXX:2:2115:10240:84810_1:96630394",5e-26
"279","HISEQ13:138:C6FWNANXX:2:2207:16523:85462_1:108281377",5e-26
"280","HISEQ13:138:C6FWNANXX:2:2311:18121:78061_1:138282966",5e-26
"281","HISEQ13:138:C6FWNANXX:2:1103:18380:51856_1:3662559",5.1e-26
"282","HISEQ13:138:C6FWNANXX:2:1106:6637:84042_1:8601267",5.1e-26
"283","HISEQ13:138:C6FWNANXX:2:1114:6773:71720_1:20931372",5.1e-26
"284","HISEQ13:138:C6FWNANXX:2:2115:19275:93358_1:96771739",5.1e-26
"285","HISEQ13:138:C6FWNANXX:2:2214:12676:85675_1:119058149",5.1e-26
"286","HISEQ13:138:C6FWNANXX:2:2311:1381:47106_1:137790487",5.3e-26
"287","HISEQ13:138:C6FWNANXX:2:1116:11078:72666_1:24316117",5.8e-26
"288","HISEQ13:138:C6FWNANXX:2:1315:16701:83798_1:72544417",5.8e-26
"289","HISEQ13:138:C6FWNANXX:2:1208:8729:69070_1:36128069",6.3e-26
"290","HISEQ13:138:C6FWNANXX:2:1306:10509:47278_1:57593862",6.3e-26
"291","HISEQ13:138:C6FWNANXX:2:1309:1463:74974_1:62618885",6.3e-26
"292","HISEQ13:138:C6FWNANXX:2:2215:21111:28003_1:119738339",6.3e-26
"293","HISEQ13:138:C6FWNANXX:2:2215:3413:59354_1:120249772",6.3e-26
"294","HISEQ13:138:C6FWNANXX:2:1103:3990:46531_1:3582574",6.3e-26
"295","HISEQ13:138:C6FWNANXX:2:1216:2987:56720_1:48798464",6.3e-26
"296","HISEQ13:138:C6FWNANXX:2:2102:19113:58598_1:76774472",6.5e-26
"297","HISEQ13:138:C6FWNANXX:2:2109:7033:94880_1:87468676",6.5e-26
"298","HISEQ13:138:C6FWNANXX:2:1108:6472:45740_1:11048614",6.6e-26
"299","HISEQ13:138:C6FWNANXX:2:1316:7417:15449_1:73071323",6.6e-26
"300","HISEQ13:138:C6FWNANXX:2:2216:6415:63832_1:121978772",6.6e-26
"301","HISEQ13:138:C6FWNANXX:2:1115:10967:9977_1:21559057",6.7e-26
"302","HISEQ13:138:C6FWNANXX:2:1201:11043:79681_1:25946908",6.7e-26
"303","HISEQ13:138:C6FWNANXX:2:1301:1756:46538_1:50223327",6.7e-26
"304","HISEQ13:138:C6FWNANXX:2:2109:16348:56083_1:86881015",6.7e-26
"305","HISEQ13:138:C6FWNANXX:2:2115:7430:99573_1:96872802",6.7e-26
"306","HISEQ13:138:C6FWNANXX:2:2201:16865:21904_1:98809955",6.7e-26
"307","HISEQ13:138:C6FWNANXX:2:2214:16159:26455_1:118089743",6.7e-26
"308","HISEQ13:138:C6FWNANXX:2:1101:19805:2985_1:15357",6.8e-26
"309","HISEQ13:138:C6FWNANXX:2:1309:19135:35838_1:62004457",6.8e-26
"310","HISEQ13:138:C6FWNANXX:2:2212:9083:90720_1:115940913",6.8e-26
"311","HISEQ13:138:C6FWNANXX:2:2205:19597:47964_1:104833546",7.1e-26
"312","HISEQ13:138:C6FWNANXX:2:1105:14797:88728_1:7165025",7.4e-26
"313","HISEQ13:138:C6FWNANXX:2:2104:5409:6742_1:78848382",7.4e-26
"314","HISEQ13:138:C6FWNANXX:2:2314:18261:54710_1:142666929",7.4e-26
"315","HISEQ13:138:C6FWNANXX:2:1105:16544:47547_1:6549905",7.5e-26
"316","HISEQ13:138:C6FWNANXX:2:1201:3335:94501_1:26166354",7.5e-26
"317","HISEQ13:138:C6FWNANXX:2:1203:13238:96701_1:29104613",7.5e-26
"318","HISEQ13:138:C6FWNANXX:2:1206:20696:58299_1:32952135",7.6e-26
"319","HISEQ13:138:C6FWNANXX:2:2208:5486:5209_1:108554532",7.6e-26
"320","HISEQ13:138:C6FWNANXX:2:1207:21298:30171_1:34020295",7.8e-26
"321","HISEQ13:138:C6FWNANXX:2:1208:16263:10963_1:35231469",7.8e-26
"322","HISEQ13:138:C6FWNANXX:2:2307:3650:21730_1:131395476",7.8e-26
"323","HISEQ13:138:C6FWNANXX:2:1216:14330:66380_1:48970493",8.2e-26
"324","HISEQ13:138:C6FWNANXX:2:1302:8938:61518_1:51897877",8.2e-26
"325","HISEQ13:138:C6FWNANXX:2:2211:10494:3653_1:113025262",8.2e-26
"326","HISEQ13:138:C6FWNANXX:2:1206:13573:16029_1:32310815",8.4e-26
"327","HISEQ13:138:C6FWNANXX:2:1202:3251:43834_1:26872440",8.4e-26
"328","HISEQ13:138:C6FWNANXX:2:1205:4742:26075_1:30978012",8.4e-26
"329","HISEQ13:138:C6FWNANXX:2:1105:3450:39408_1:6423099",8.9e-26
"330","HISEQ13:138:C6FWNANXX:2:1112:1970:3142_1:16714067",8.9e-26
"331","HISEQ13:138:C6FWNANXX:2:1310:2751:77076_1:64219121",8.9e-26
"332","HISEQ13:138:C6FWNANXX:2:2314:4737:6849_1:141881384",8.9e-26
"333","HISEQ13:138:C6FWNANXX:2:1310:4726:99290_1:64570571",8.9e-26
"334","HISEQ13:138:C6FWNANXX:2:1113:9688:23433_1:18478671",9.7e-26
"335","HISEQ13:138:C6FWNANXX:2:2306:10693:61468_1:130525778",9.7e-26
"336","HISEQ13:138:C6FWNANXX:2:1304:9060:59056_1:54790749",1e-25
"337","HISEQ13:138:C6FWNANXX:2:1310:3491:62895_1:63994798",1e-25
"338","HISEQ13:138:C6FWNANXX:2:2102:19113:58598_1:76774473",1e-25
"339","HISEQ13:138:C6FWNANXX:2:2104:7085:63162_1:79662223",1e-25
"340","HISEQ13:138:C6FWNANXX:2:2208:6677:20581_1:108785910",1e-25
"341","HISEQ13:138:C6FWNANXX:2:1107:4660:49513_1:9586253",1.1e-25
"342","HISEQ13:138:C6FWNANXX:2:1308:17243:11438_1:60076327",1.1e-25
"343","HISEQ13:138:C6FWNANXX:2:1304:11681:100454_1:55408882",1.1e-25
"344","HISEQ13:138:C6FWNANXX:2:1211:1544:31260_1:40183243",1.1e-25
"345","HISEQ13:138:C6FWNANXX:2:2103:3546:11007_1:77504492",1.1e-25
"346","HISEQ13:138:C6FWNANXX:2:2103:3821:9940_1:77486697",1.1e-25
"347","HISEQ13:138:C6FWNANXX:2:2112:8348:17312_1:90799010",1.1e-25
"348","HISEQ13:138:C6FWNANXX:2:2106:12301:33687_1:82105417",1.1e-25
"349","HISEQ13:138:C6FWNANXX:2:2110:4871:50337_1:88299419",1.1e-25
"350","HISEQ13:138:C6FWNANXX:2:2205:7022:4871_1:104209047",1.1e-25
"351","HISEQ13:138:C6FWNANXX:2:2316:9542:95011_1:146628920",1.1e-25
"352","HISEQ13:138:C6FWNANXX:2:1104:10554:90665_1:5709404",1.2e-25
"353","HISEQ13:138:C6FWNANXX:2:1209:12538:54180_1:37431535",1.2e-25
"354","HISEQ13:138:C6FWNANXX:2:2113:10239:76180_1:93280207",1.2e-25
"355","HISEQ13:138:C6FWNANXX:2:2316:6696:21149_1:145379302",1.2e-25
"356","HISEQ13:138:C6FWNANXX:2:1116:12436:66217_1:24204370",1.2e-25
"357","HISEQ13:138:C6FWNANXX:2:1205:8467:50123_1:31337950",1.2e-25
"358","HISEQ13:138:C6FWNANXX:2:2106:6824:30341_1:82056890",1.2e-25
"359","HISEQ13:138:C6FWNANXX:2:2206:19126:76422_1:106692499",1.2e-25
"360","HISEQ13:138:C6FWNANXX:2:1316:5630:97080_1:74496523",1.2e-25
"361","HISEQ13:138:C6FWNANXX:2:2102:3697:47485_1:76612283",1.2e-25
"362","HISEQ13:138:C6FWNANXX:2:2215:11984:81732_1:120619356",1.2e-25
"363","HISEQ13:138:C6FWNANXX:2:1103:5262:37362_1:3446219",1.2e-25
"364","HISEQ13:138:C6FWNANXX:2:1109:7024:25556_1:12283893",1.2e-25
"365","HISEQ13:138:C6FWNANXX:2:2312:17265:81167_1:139895240",1.2e-25
"366","HISEQ13:138:C6FWNANXX:2:2107:12698:84405_1:84321429",1.2e-25
"367","HISEQ13:138:C6FWNANXX:2:1307:17296:3255_1:58432119",1.3e-25
"368","HISEQ13:138:C6FWNANXX:2:2301:9705:4309_1:122638761",1.3e-25
"369","HISEQ13:138:C6FWNANXX:2:1311:9778:98792_1:66165386",1.4e-25
"370","HISEQ13:138:C6FWNANXX:2:2110:19932:21316_1:87858402",1.4e-25
"371","HISEQ13:138:C6FWNANXX:2:2305:20769:69352_1:129197563",1.4e-25
"372","HISEQ13:138:C6FWNANXX:2:2313:13010:25223_1:140578846",1.4e-25
"373","HISEQ13:138:C6FWNANXX:2:1202:1346:6221_1:26318252",1.4e-25
"374","HISEQ13:138:C6FWNANXX:2:2111:8957:2867_1:89080565",1.4e-25
"375","HISEQ13:138:C6FWNANXX:2:2115:7045:9029_1:95396661",1.4e-25
"376","HISEQ13:138:C6FWNANXX:2:2311:19780:58810_1:137978409",1.4e-25
"377","HISEQ13:138:C6FWNANXX:2:2315:9083:15775_1:143653361",1.4e-25
"378","HISEQ13:138:C6FWNANXX:2:1104:2810:67157_1:5355942",1.4e-25
"379","HISEQ13:138:C6FWNANXX:2:1210:7409:5719_1:38219175",1.4e-25
"380","HISEQ13:138:C6FWNANXX:2:1211:11245:69183_1:40793769",1.4e-25
"381","HISEQ13:138:C6FWNANXX:2:1211:19673:67916_1:40775163",1.4e-25
"382","HISEQ13:138:C6FWNANXX:2:2105:15422:65090_1:81122256",1.4e-25
"383","HISEQ13:138:C6FWNANXX:2:1306:10509:47278_1:57593863",1.4e-25
"384","HISEQ13:138:C6FWNANXX:2:1201:16540:37455_1:25326773",1.5e-25
"385","HISEQ13:138:C6FWNANXX:2:1206:9393:12896_1:32261504",1.5e-25
"386","HISEQ13:138:C6FWNANXX:2:1211:6084:50353_1:40489902",1.5e-25
"387","HISEQ13:138:C6FWNANXX:2:1308:17077:21843_1:60237700",1.5e-25
"388","HISEQ13:138:C6FWNANXX:2:1314:19885:77808_1:70753151",1.5e-25
"389","HISEQ13:138:C6FWNANXX:2:2207:20690:80931_1:108214424",1.5e-25
"390","HISEQ13:138:C6FWNANXX:2:2211:2157:78588_1:114194902",1.5e-25
"391","HISEQ13:138:C6FWNANXX:2:1116:4883:29931_1:23582685",1.6e-25
"392","HISEQ13:138:C6FWNANXX:2:2211:10172:51975_1:113778984",1.6e-25
"393","HISEQ13:138:C6FWNANXX:2:2107:7669:7350_1:83174975",1.6e-25
"394","HISEQ13:138:C6FWNANXX:2:1310:18390:39392_1:63623983",1.6e-25
"395","HISEQ13:138:C6FWNANXX:2:2209:14618:5583_1:110047894",1.6e-25
"396","HISEQ13:138:C6FWNANXX:2:1215:10937:31463_1:46675719",1.6e-25
"397","HISEQ13:138:C6FWNANXX:2:1302:20127:57228_1:51833841",1.6e-25
"398","HISEQ13:138:C6FWNANXX:2:1310:5811:81949_1:64294746",1.6e-25
"399","HISEQ13:138:C6FWNANXX:2:2104:16361:93609_1:80102871",1.6e-25
"400","HISEQ13:138:C6FWNANXX:2:2211:9433:58866_1:113887992",1.6e-25
"401","HISEQ13:138:C6FWNANXX:2:1110:13483:92276_1:14898997",1.6e-25
"402","HISEQ13:138:C6FWNANXX:2:2104:8584:85374_1:79983136",1.6e-25
"403","HISEQ13:138:C6FWNANXX:2:2107:19690:68002_1:84080205",1.6e-25
"404","HISEQ13:138:C6FWNANXX:2:2115:4763:26634_1:95681423",1.7e-25
"405","HISEQ13:138:C6FWNANXX:2:2202:13569:97874_1:101300211",1.7e-25
"406","HISEQ13:138:C6FWNANXX:2:2304:14860:53077_1:127533887",1.7e-25
"407","HISEQ13:138:C6FWNANXX:2:2309:13516:100147_1:135560952",1.7e-25
"408","HISEQ13:138:C6FWNANXX:2:2315:1345:90785_1:144889457",1.7e-25
"409","HISEQ13:138:C6FWNANXX:2:1306:4232:92899_1:58287808",1.7e-25
"410","HISEQ13:138:C6FWNANXX:2:1305:19009:81658_1:56613402",1.7e-25
"411","HISEQ13:138:C6FWNANXX:2:2110:9336:57159_1:88402908",1.7e-25
"412","HISEQ13:138:C6FWNANXX:2:2215:9851:3088_1:119324200",1.7e-25
"413","HISEQ13:138:C6FWNANXX:2:1314:9095:72915_1:70665863",1.8e-25
"414","HISEQ13:138:C6FWNANXX:2:2315:19651:76787_1:144661156",1.8e-25
"415","HISEQ13:138:C6FWNANXX:2:2213:1299:75378_1:117278676",1.8e-25
"416","HISEQ13:138:C6FWNANXX:2:1101:15730:98061_1:1423133",1.9e-25
"417","HISEQ13:138:C6FWNANXX:2:2215:2011:99226_1:120907820",1.9e-25
"418","HISEQ13:138:C6FWNANXX:2:1216:18482:11115_1:48015033",1.9e-25
"419","HISEQ13:138:C6FWNANXX:2:1107:5435:98537_1:10338198",1.9e-25
"420","HISEQ13:138:C6FWNANXX:2:1114:14555:77106_1:21025813",1.9e-25
"421","HISEQ13:138:C6FWNANXX:2:2312:18613:19084_1:138912762",1.9e-25
"422","HISEQ13:138:C6FWNANXX:2:1206:13910:78938_1:33260550",2e-25
"423","HISEQ13:138:C6FWNANXX:2:2310:19313:30534_1:136013226",2e-25
"424","HISEQ13:138:C6FWNANXX:2:2109:7954:53451_1:86837219",2e-25
"425","HISEQ13:138:C6FWNANXX:2:2313:15569:65497_1:141231755",2.1e-25
"426","HISEQ13:138:C6FWNANXX:2:2208:11121:70764_1:109540241",2.1e-25
"427","HISEQ13:138:C6FWNANXX:2:2316:2667:61320_1:146058885",2.1e-25
"428","HISEQ13:138:C6FWNANXX:2:2101:10511:56202_1:75333590",2.1e-25
"429","HISEQ13:138:C6FWNANXX:2:1110:18521:37452_1:14034093",2.2e-25
"430","HISEQ13:138:C6FWNANXX:2:2108:17853:68520_1:85571510",2.2e-25
"431","HISEQ13:138:C6FWNANXX:2:1101:11366:55922_1:797731",2.2e-25
"432","HISEQ13:138:C6FWNANXX:2:1316:5850:28900_1:73305339",2.2e-25
"433","HISEQ13:138:C6FWNANXX:2:2102:15727:23068_1:76270067",2.2e-25
"434","HISEQ13:138:C6FWNANXX:2:2303:8269:10480_1:125517130",2.2e-25
"435","HISEQ13:138:C6FWNANXX:2:2315:8112:95052_1:144962130",2.2e-25
"436","HISEQ13:138:C6FWNANXX:2:2209:6163:19196_1:110250540",2.2e-25
"437","HISEQ13:138:C6FWNANXX:2:1314:6088:83111_1:70839824",2.2e-25
"438","HISEQ13:138:C6FWNANXX:2:1316:2553:17647_1:73109565",2.2e-25
"439","HISEQ13:138:C6FWNANXX:2:2109:7033:94880_1:87468677",2.2e-25
"440","HISEQ13:138:C6FWNANXX:2:2204:10696:59887_1:103580134",2.2e-25
"441","HISEQ13:138:C6FWNANXX:2:1210:20187:79250_1:39374038",2.3e-25
"442","HISEQ13:138:C6FWNANXX:2:2202:2660:46012_1:100559080",2.4e-25
"443","HISEQ13:138:C6FWNANXX:2:1104:4305:64743_1:5318793",2.6e-25
"444","HISEQ13:138:C6FWNANXX:2:1216:11748:15489_1:48087609",2.6e-25
"445","HISEQ13:138:C6FWNANXX:2:1302:21184:8144_1:51113419",2.6e-25
"446","HISEQ13:138:C6FWNANXX:2:2207:17875:91372_1:108370022",2.6e-25
"447","HISEQ13:138:C6FWNANXX:2:2213:12381:44908_1:116789928",2.6e-25
"448","HISEQ13:138:C6FWNANXX:2:2307:6753:43906_1:131725878",2.6e-25
"449","HISEQ13:138:C6FWNANXX:2:2314:13501:74812_1:143000581",2.6e-25
"450","HISEQ13:138:C6FWNANXX:2:1301:3709:55151_1:50348642",2.6e-25
"451","HISEQ13:138:C6FWNANXX:2:1309:15832:92937_1:62906537",2.6e-25
"452","HISEQ13:138:C6FWNANXX:2:2211:1419:82117_1:114249756",2.6e-25
"453","HISEQ13:138:C6FWNANXX:2:2206:19026:31134_1:106026127",2.6e-25
"454","HISEQ13:138:C6FWNANXX:2:1104:11805:2942_1:4401431",2.6e-25
"455","HISEQ13:138:C6FWNANXX:2:1202:15542:23156_1:26571060",2.6e-25
"456","HISEQ13:138:C6FWNANXX:2:1208:7795:18263_1:35345288",2.6e-25
"457","HISEQ13:138:C6FWNANXX:2:2106:12065:33093_1:82098067",2.7e-25
"458","HISEQ13:138:C6FWNANXX:2:2106:20408:86910_1:82890138",2.7e-25
"459","HISEQ13:138:C6FWNANXX:2:2203:8335:77430_1:102417432",2.7e-25
"460","HISEQ13:138:C6FWNANXX:2:1314:1435:39486_1:70095159",2.7e-25
"461","HISEQ13:138:C6FWNANXX:2:1315:11781:4360_1:71182539",2.7e-25
"462","HISEQ13:138:C6FWNANXX:2:2305:5307:14738_1:128400163",2.7e-25
"463","HISEQ13:138:C6FWNANXX:2:2314:5915:97513_1:143371851",2.7e-25
"464","HISEQ13:138:C6FWNANXX:2:1216:10750:54192_1:48756286",2.7e-25
"465","HISEQ13:138:C6FWNANXX:2:2215:10253:54578_1:120171462",2.7e-25
"466","HISEQ13:138:C6FWNANXX:2:1203:10322:57304_1:28524134",2.7e-25
"467","HISEQ13:138:C6FWNANXX:2:2108:1871:59413_1:85428217",2.7e-25
"468","HISEQ13:138:C6FWNANXX:2:2213:3444:37699_1:116671916",2.7e-25
"469","HISEQ13:138:C6FWNANXX:2:2202:1624:63799_1:100811144",2.8e-25
"470","HISEQ13:138:C6FWNANXX:2:2311:5975:11858_1:137240319",2.8e-25
"471","HISEQ13:138:C6FWNANXX:2:1106:7299:15517_1:7557250",2.8e-25
"472","HISEQ13:138:C6FWNANXX:2:1108:17385:11544_1:10524565",2.8e-25
"473","HISEQ13:138:C6FWNANXX:2:1208:15260:63083_1:36036034",2.8e-25
"474","HISEQ13:138:C6FWNANXX:2:1107:10252:86069_1:10147197",2.9e-25
"475","HISEQ13:138:C6FWNANXX:2:1112:15736:87841_1:17914408",2.9e-25
"476","HISEQ13:138:C6FWNANXX:2:1215:5598:61099_1:47178276",2.9e-25
"477","HISEQ13:138:C6FWNANXX:2:2104:13727:91359_1:80070113",3e-25
"478","HISEQ13:138:C6FWNANXX:2:1101:3057:69377_1:996372",3e-25
"479","HISEQ13:138:C6FWNANXX:2:1311:18949:82496_1:65897715",3e-25
"480","HISEQ13:138:C6FWNANXX:2:2103:9070:25422_1:77708587",3e-25
"481","HISEQ13:138:C6FWNANXX:2:1210:16355:47711_1:38881209",3.1e-25
"482","HISEQ13:138:C6FWNANXX:2:2106:18275:93155_1:82982207",3.1e-25
"483","HISEQ13:138:C6FWNANXX:2:2211:17631:81802_1:114249019",3.1e-25
"484","HISEQ13:138:C6FWNANXX:2:1311:7193:55794_1:65462944",3.1e-25
"485","HISEQ13:138:C6FWNANXX:2:2113:5006:23350_1:92435940",3.1e-25
"486","HISEQ13:138:C6FWNANXX:2:1105:3358:48018_1:6554847",3.2e-25
"487","HISEQ13:138:C6FWNANXX:2:1215:20866:44196_1:46893434",3.2e-25
"488","HISEQ13:138:C6FWNANXX:2:1310:20504:5381_1:63084385",3.2e-25
"489","HISEQ13:138:C6FWNANXX:2:2215:7638:10896_1:119450869",3.2e-25
"490","HISEQ13:138:C6FWNANXX:2:2310:13275:94118_1:136984650",3.2e-25
"491","HISEQ13:138:C6FWNANXX:2:1211:17235:26965_1:40114029",3.3e-25
"492","HISEQ13:138:C6FWNANXX:2:1307:6374:64516_1:59372087",3.3e-25
"493","HISEQ13:138:C6FWNANXX:2:1109:12869:96118_1:13399345",3.4e-25
"494","HISEQ13:138:C6FWNANXX:2:1110:16957:96377_1:14962918",3.4e-25
"495","HISEQ13:138:C6FWNANXX:2:1112:21013:86383_1:17891079",3.4e-25
"496","HISEQ13:138:C6FWNANXX:2:2212:16852:56007_1:115392952",3.4e-25
"497","HISEQ13:138:C6FWNANXX:2:2301:8506:3621_1:122627912",3.4e-25
"498","HISEQ13:138:C6FWNANXX:2:2308:17107:66866_1:133551271",3.4e-25
"499","HISEQ13:138:C6FWNANXX:2:1114:13151:3325_1:19787246",3.4e-25
"500","HISEQ13:138:C6FWNANXX:2:1206:4827:72127_1:33157375",3.4e-25
"501","HISEQ13:138:C6FWNANXX:2:2308:8577:88140_1:133870109",3.4e-25
"502","HISEQ13:138:C6FWNANXX:2:1116:8278:41669_1:23784976",3.5e-25
"503","HISEQ13:138:C6FWNANXX:2:1213:14000:49271_1:43664250",3.5e-25
"504","HISEQ13:138:C6FWNANXX:2:2206:15925:51244_1:106319154",3.5e-25
"505","HISEQ13:138:C6FWNANXX:2:2311:4798:17092_1:137321952",3.5e-25
"506","HISEQ13:138:C6FWNANXX:2:1109:9112:33093_1:12401772",3.5e-25
"507","HISEQ13:138:C6FWNANXX:2:2209:13817:10004_1:110115587",3.5e-25
"508","HISEQ13:138:C6FWNANXX:2:1112:18176:74288_1:17693537",3.5e-25
"509","HISEQ13:138:C6FWNANXX:2:2114:9777:77774_1:94908407",3.5e-25
"510","HISEQ13:138:C6FWNANXX:2:2216:7670:60553_1:121923556",3.5e-25
"511","HISEQ13:138:C6FWNANXX:2:2301:12611:55257_1:123359147",3.5e-25
"512","HISEQ13:138:C6FWNANXX:2:2107:20139:43160_1:83707839",3.6e-25
"513","HISEQ13:138:C6FWNANXX:2:2204:9935:57329_1:103544518",3.7e-25
"514","HISEQ13:138:C6FWNANXX:2:1213:16141:33639_1:43403941",3.7e-25
"515","HISEQ13:138:C6FWNANXX:2:1310:16922:97646_1:64545821",3.8e-25
"516","HISEQ13:138:C6FWNANXX:2:2111:19945:29254_1:89493615",3.8e-25
"517","HISEQ13:138:C6FWNANXX:2:2109:21176:82102_1:87278137",3.9e-25
"518","HISEQ13:138:C6FWNANXX:2:1208:16463:69569_1:36137316",4e-25
"519","HISEQ13:138:C6FWNANXX:2:1306:4596:31663_1:57353552",4e-25
"520","HISEQ13:138:C6FWNANXX:2:1307:2088:42070_1:59024356",4e-25
"521","HISEQ13:138:C6FWNANXX:2:2214:16555:56499_1:118579054",4.1e-25
"522","HISEQ13:138:C6FWNANXX:2:2306:10388:68132_1:130625763",4.1e-25
"523","HISEQ13:138:C6FWNANXX:2:1206:13520:46263_1:32768474",4.1e-25
"524","HISEQ13:138:C6FWNANXX:2:1313:7459:5030_1:67868609",4.1e-25
"525","HISEQ13:138:C6FWNANXX:2:2101:3658:31813_1:74987247",4.1e-25
"526","HISEQ13:138:C6FWNANXX:2:1313:17756:100048_1:69453346",4.1e-25
"527","HISEQ13:138:C6FWNANXX:2:2305:15241:54441_1:128979707",4.1e-25
"528","HISEQ13:138:C6FWNANXX:2:1209:11820:11556_1:36770627",4.1e-25
"529","HISEQ13:138:C6FWNANXX:2:1215:10775:18973_1:46462892",4.1e-25
"530","HISEQ13:138:C6FWNANXX:2:1313:5219:64070_1:68847483",4.1e-25
"531","HISEQ13:138:C6FWNANXX:2:2102:13213:98193_1:77337833",4.1e-25
"532","HISEQ13:138:C6FWNANXX:2:2116:10906:88883_1:98327172",4.1e-25
"533","HISEQ13:138:C6FWNANXX:2:2215:14989:51605_1:120122936",4.1e-25
"534","HISEQ13:138:C6FWNANXX:2:2315:8054:15713_1:143649021",4.1e-25
"535","HISEQ13:138:C6FWNANXX:2:2114:13873:23299_1:94023583",4.2e-25
"536","HISEQ13:138:C6FWNANXX:2:2115:3296:37943_1:95863552",4.2e-25
"537","HISEQ13:138:C6FWNANXX:2:1102:13899:54289_1:2234709",4.2e-25
"538","HISEQ13:138:C6FWNANXX:2:1106:14928:41578_1:7954031",4.2e-25
"539","HISEQ13:138:C6FWNANXX:2:1314:2696:67384_1:70570875",4.2e-25
"540","HISEQ13:138:C6FWNANXX:2:2203:18828:56736_1:102122976",4.4e-25
"541","HISEQ13:138:C6FWNANXX:2:2315:8194:18779_1:143702559",4.4e-25
"542","HISEQ13:138:C6FWNANXX:2:1101:20350:76763_1:1109586",4.4e-25
"543","HISEQ13:138:C6FWNANXX:2:1113:18243:46811_1:18866133",4.4e-25
"544","HISEQ13:138:C6FWNANXX:2:1205:14798:19736_1:30883957",4.4e-25
"545","HISEQ13:138:C6FWNANXX:2:1212:4949:67855_1:42342059",4.4e-25
"546","HISEQ13:138:C6FWNANXX:2:2107:18828:20084_1:83367037",4.4e-25
"547","HISEQ13:138:C6FWNANXX:2:2111:14568:95798_1:90583933",4.4e-25
"548","HISEQ13:138:C6FWNANXX:2:2204:19130:62641_1:103621689",4.4e-25
"549","HISEQ13:138:C6FWNANXX:2:2207:5394:48772_1:107736792",4.4e-25
"550","HISEQ13:138:C6FWNANXX:2:1103:1455:54979_1:3703870",4.4e-25
"551","HISEQ13:138:C6FWNANXX:2:1116:9927:11615_1:23269544",4.4e-25
"552","HISEQ13:138:C6FWNANXX:2:2115:9459:71614_1:96414040",4.4e-25
"553","HISEQ13:138:C6FWNANXX:2:2314:14544:82905_1:143131716",4.4e-25
"554","HISEQ13:138:C6FWNANXX:2:1201:6920:82547_1:25990630",4.4e-25
"555","HISEQ13:138:C6FWNANXX:2:1215:21158:74819_1:47413824",4.4e-25
"556","HISEQ13:138:C6FWNANXX:2:2204:14974:7329_1:102829857",4.4e-25
"557","HISEQ13:138:C6FWNANXX:2:1112:8317:57001_1:17410012",4.4e-25
"558","HISEQ13:138:C6FWNANXX:2:1105:4233:31195_1:6299689",4.5e-25
"559","HISEQ13:138:C6FWNANXX:2:1107:13341:20348_1:9140557",4.6e-25
"560","HISEQ13:138:C6FWNANXX:2:1202:10226:50434_1:26969579",4.6e-25
"561","HISEQ13:138:C6FWNANXX:2:1216:12508:7090_1:47944999",4.6e-25
"562","HISEQ13:138:C6FWNANXX:2:1314:7357:90617_1:70968020",4.6e-25
"563","HISEQ13:138:C6FWNANXX:2:2206:4367:11461_1:105735206",4.6e-25
"564","HISEQ13:138:C6FWNANXX:2:2316:14649:14033_1:145263095",4.7e-25
"565","HISEQ13:138:C6FWNANXX:2:2204:5491:42075_1:103323598",4.7e-25
"566","HISEQ13:138:C6FWNANXX:2:2303:16847:98414_1:126766412",4.7e-25
"567","HISEQ13:138:C6FWNANXX:2:1302:2090:41292_1:51598283",4.8e-25
"568","HISEQ13:138:C6FWNANXX:2:1302:19912:72631_1:52061237",4.8e-25
"569","HISEQ13:138:C6FWNANXX:2:1201:16866:22588_1:25109463",4.8e-25
"570","HISEQ13:138:C6FWNANXX:2:2110:6338:36683_1:88088779",4.9e-25
"571","HISEQ13:138:C6FWNANXX:2:2114:6212:55133_1:94536662",4.9e-25
"572","HISEQ13:138:C6FWNANXX:2:1101:15730:98061_1:1423132",5e-25
"573","HISEQ13:138:C6FWNANXX:2:1201:20016:22984_1:25113734",5e-25
"574","HISEQ13:138:C6FWNANXX:2:1207:7259:61102_1:34487263",5e-25
"575","HISEQ13:138:C6FWNANXX:2:1316:2014:59125_1:73832896",5e-25
"576","HISEQ13:138:C6FWNANXX:2:2201:6932:21759_1:98808064",5e-25
"577","HISEQ13:138:C6FWNANXX:2:2302:2218:81840_1:125128022",5e-25
"578","HISEQ13:138:C6FWNANXX:2:2211:11774:84963_1:114295207",5e-25
"579","HISEQ13:138:C6FWNANXX:2:2309:12289:2148_1:134065407",5e-25
"580","HISEQ13:138:C6FWNANXX:2:1109:7223:82222_1:13176932",5e-25
"581","HISEQ13:138:C6FWNANXX:2:1202:8994:100257_1:27702887",5e-25
"582","HISEQ13:138:C6FWNANXX:2:2213:4728:55976_1:116965774",5e-25
"583","HISEQ13:138:C6FWNANXX:2:2314:4772:41113_1:142441052",5e-25
"584","HISEQ13:138:C6FWNANXX:2:1113:19163:3365_1:18151405",5.1e-25
"585","HISEQ13:138:C6FWNANXX:2:2105:20232:46977_1:80859009",5.1e-25
"586","HISEQ13:138:C6FWNANXX:2:2110:6571:65042_1:88524356",5.1e-25
"587","HISEQ13:138:C6FWNANXX:2:2202:10295:92584_1:101223689",5.1e-25
"588","HISEQ13:138:C6FWNANXX:2:1214:8751:77039_1:45777281",5.1e-25
"589","HISEQ13:138:C6FWNANXX:2:1310:19427:44654_1:63707458",5.1e-25
"590","HISEQ13:138:C6FWNANXX:2:1313:15745:31337_1:68305032",5.1e-25
"591","HISEQ13:138:C6FWNANXX:2:1214:17355:76941_1:45774922",5.2e-25
"592","HISEQ13:138:C6FWNANXX:2:2102:5675:47499_1:76612688",5.2e-25
"593","HISEQ13:138:C6FWNANXX:2:2113:4973:42956_1:92746659",5.2e-25
"594","HISEQ13:138:C6FWNANXX:2:2314:9167:60958_1:142768727",5.2e-25
"595","HISEQ13:138:C6FWNANXX:2:1111:10658:92426_1:16540038",5.2e-25
"596","HISEQ13:138:C6FWNANXX:2:1112:9525:19181_1:16812947",5.2e-25
"597","HISEQ13:138:C6FWNANXX:2:1312:4113:97704_1:67763918",5.2e-25
"598","HISEQ13:138:C6FWNANXX:2:1312:4113:97704_1:67763919",5.2e-25
"599","HISEQ13:138:C6FWNANXX:2:2102:3697:47485_1:76612284",5.2e-25
"600","HISEQ13:138:C6FWNANXX:2:2315:14870:45552_1:144147404",5.2e-25
"601","HISEQ13:138:C6FWNANXX:2:1202:13787:53782_1:27021083",5.2e-25
"602","HISEQ13:138:C6FWNANXX:2:1309:12970:81104_1:62719669",5.2e-25
"603","HISEQ13:138:C6FWNANXX:2:1202:1434:40656_1:26824589",5.3e-25
"604","HISEQ13:138:C6FWNANXX:2:2205:11804:45998_1:104802942",5.3e-25
"605","HISEQ13:138:C6FWNANXX:2:2304:20464:2608_1:126810299",5.3e-25
"606","HISEQ13:138:C6FWNANXX:2:1310:3829:61762_1:63979178",5.3e-25
"607","HISEQ13:138:C6FWNANXX:2:1101:8055:45592_1:645818",5.3e-25
"608","HISEQ13:138:C6FWNANXX:2:1206:5218:17310_1:32327932",5.3e-25
"609","HISEQ13:138:C6FWNANXX:2:2103:11631:34072_1:77834282",5.3e-25
"610","HISEQ13:138:C6FWNANXX:2:2107:8527:9270_1:83205377",5.4e-25
"611","HISEQ13:138:C6FWNANXX:2:2204:9317:70251_1:103730816",5.4e-25
"612","HISEQ13:138:C6FWNANXX:2:1204:14367:66927_1:30114435",5.4e-25
"613","HISEQ13:138:C6FWNANXX:2:1303:11338:40131_1:53041035",5.4e-25
"614","HISEQ13:138:C6FWNANXX:2:1112:21013:86383_1:17891078",5.4e-25
"615","HISEQ13:138:C6FWNANXX:2:1105:11063:25992_1:6222073",5.5e-25
"616","HISEQ13:138:C6FWNANXX:2:1201:19282:6306_1:24870577",5.5e-25
"617","HISEQ13:138:C6FWNANXX:2:2203:6853:17710_1:101564500",5.5e-25
"618","HISEQ13:138:C6FWNANXX:2:2206:16743:56410_1:106396699",5.5e-25
"619","HISEQ13:138:C6FWNANXX:2:1114:10925:36467_1:20339952",5.5e-25
"620","HISEQ13:138:C6FWNANXX:2:1212:18186:62767_1:42263406",5.5e-25
"621","HISEQ13:138:C6FWNANXX:2:1307:3871:67809_1:59421512",5.5e-25
"622","HISEQ13:138:C6FWNANXX:2:1314:17058:95480_1:71049961",5.5e-25
"623","HISEQ13:138:C6FWNANXX:2:2107:6307:28485_1:83487051",5.5e-25
"624","HISEQ13:138:C6FWNANXX:2:2301:14693:41118_1:123159541",5.5e-25
"625","HISEQ13:138:C6FWNANXX:2:2311:11460:20571_1:137377949",5.5e-25
"626","HISEQ13:138:C6FWNANXX:2:1114:11150:83959_1:21137964",5.5e-25
"627","HISEQ13:138:C6FWNANXX:2:1205:15794:82450_1:31822830",5.5e-25
"628","HISEQ13:138:C6FWNANXX:2:1316:20903:47493_1:73631134",5.5e-25
"629","HISEQ13:138:C6FWNANXX:2:2110:9336:57159_1:88402909",5.5e-25
"630","HISEQ13:138:C6FWNANXX:2:2204:14741:68969_1:103710465",5.5e-25
"631","HISEQ13:138:C6FWNANXX:2:1116:11356:31458_1:23609722",5.5e-25
"632","HISEQ13:138:C6FWNANXX:2:1305:20777:47270_1:56097511",5.5e-25
"633","HISEQ13:138:C6FWNANXX:2:2207:2709:94597_1:108415184",5.5e-25
"634","HISEQ13:138:C6FWNANXX:2:1208:15260:63083_1:36036035",5.6e-25
"635","HISEQ13:138:C6FWNANXX:2:1307:8452:85249_1:59688277",5.6e-25
"636","HISEQ13:138:C6FWNANXX:2:2212:13328:88345_1:115905752",5.6e-25
"637","HISEQ13:138:C6FWNANXX:2:1201:12255:34421_1:25281410",5.8e-25
"638","HISEQ13:138:C6FWNANXX:2:1207:5941:24606_1:33934296",5.8e-25
"639","HISEQ13:138:C6FWNANXX:2:2105:1949:56711_1:80997227",5.8e-25
"640","HISEQ13:138:C6FWNANXX:2:2109:13260:44572_1:86705194",5.8e-25
"641","HISEQ13:138:C6FWNANXX:2:2303:18629:75681_1:126444122",5.8e-25
"642","HISEQ13:138:C6FWNANXX:2:2303:2471:92148_1:126674543",5.8e-25
"643","HISEQ13:138:C6FWNANXX:2:1101:8227:31800_1:442587",5.9e-25
"644","HISEQ13:138:C6FWNANXX:2:1106:6087:31596_1:7800416",5.9e-25
"645","HISEQ13:138:C6FWNANXX:2:2315:6678:49780_1:144216138",5.9e-25
"646","HISEQ13:138:C6FWNANXX:2:1211:18674:38768_1:40307468",5.9e-25
"647","HISEQ13:138:C6FWNANXX:2:1104:6694:53611_1:5155346",5.9e-25
"648","HISEQ13:138:C6FWNANXX:2:1112:3107:60064_1:17457865",5.9e-25
"649","HISEQ13:138:C6FWNANXX:2:1115:10404:35952_1:21998312",5.9e-25
"650","HISEQ13:138:C6FWNANXX:2:1306:4041:65075_1:57864151",5.9e-25
"651","HISEQ13:138:C6FWNANXX:2:2111:18559:23957_1:89407769",5.9e-25
"652","HISEQ13:138:C6FWNANXX:2:2308:12583:33334_1:133044737",5.9e-25
"653","HISEQ13:138:C6FWNANXX:2:2312:11260:46999_1:139349478",5.9e-25
"654","HISEQ13:138:C6FWNANXX:2:1113:12472:89749_1:19575565",5.9e-25
"655","HISEQ13:138:C6FWNANXX:2:2308:12583:33334_1:133044736",5.9e-25
"656","HISEQ13:138:C6FWNANXX:2:2311:4127:71061_1:138169166",5.9e-25
"657","HISEQ13:138:C6FWNANXX:2:1306:18068:13324_1:57077074",6.1e-25
"658","HISEQ13:138:C6FWNANXX:2:2115:20057:95615_1:96809469",6.1e-25
"659","HISEQ13:138:C6FWNANXX:2:2302:7449:98963_1:125370494",6.1e-25
"660","HISEQ13:138:C6FWNANXX:2:1309:16117:28455_1:61885576",6.1e-25
"661","HISEQ13:138:C6FWNANXX:2:2110:12616:87232_1:88859939",6.1e-25
"662","HISEQ13:138:C6FWNANXX:2:1309:13391:60388_1:62390527",6.1e-25
"663","HISEQ13:138:C6FWNANXX:2:1314:8058:10382_1:69604399",6.1e-25
"664","HISEQ13:138:C6FWNANXX:2:1315:2612:48134_1:71925978",6.2e-25
"665","HISEQ13:138:C6FWNANXX:2:2303:4459:69412_1:126353966",6.2e-25
"666","HISEQ13:138:C6FWNANXX:2:1112:3237:28592_1:16947246",6.2e-25
"667","HISEQ13:138:C6FWNANXX:2:1116:10705:20391_1:23419757",6.2e-25
"668","HISEQ13:138:C6FWNANXX:2:2206:10477:22869_1:105904440",6.2e-25
"669","HISEQ13:138:C6FWNANXX:2:2311:16316:85921_1:138405017",6.2e-25
"670","HISEQ13:138:C6FWNANXX:2:1205:3786:13460_1:30787647",6.3e-25
"671","HISEQ13:138:C6FWNANXX:2:2210:14723:25038_1:111845972",6.3e-25
"672","HISEQ13:138:C6FWNANXX:2:2213:10437:22943_1:116437125",6.3e-25
"673","HISEQ13:138:C6FWNANXX:2:2312:9819:91958_1:140065462",6.3e-25
"674","HISEQ13:138:C6FWNANXX:2:1212:18054:36747_1:41835501",6.3e-25
"675","HISEQ13:138:C6FWNANXX:2:2115:13392:85975_1:96647515",6.3e-25
"676","HISEQ13:138:C6FWNANXX:2:2309:4624:24027_1:134398490",6.3e-25
"677","HISEQ13:138:C6FWNANXX:2:2115:10109:11145_1:95429749",6.4e-25
"678","HISEQ13:138:C6FWNANXX:2:2116:1742:73780_1:98077584",6.4e-25
"679","HISEQ13:138:C6FWNANXX:2:1105:9086:90790_1:7197923",6.5e-25
"680","HISEQ13:138:C6FWNANXX:2:1106:20397:63001_1:8283959",6.5e-25
"681","HISEQ13:138:C6FWNANXX:2:1110:13483:92276_1:14898996",6.5e-25
"682","HISEQ13:138:C6FWNANXX:2:1202:5537:44683_1:26884096",6.5e-25
"683","HISEQ13:138:C6FWNANXX:2:1213:1698:21830_1:43208054",6.5e-25
"684","HISEQ13:138:C6FWNANXX:2:2206:2995:48543_1:106280262",6.5e-25
"685","HISEQ13:138:C6FWNANXX:2:1314:14880:85845_1:70888473",6.6e-25
"686","HISEQ13:138:C6FWNANXX:2:1314:17284:20602_1:69779838",6.6e-25
"687","HISEQ13:138:C6FWNANXX:2:2214:3287:33778_1:118208931",6.6e-25
"688","HISEQ13:138:C6FWNANXX:2:1114:14555:77106_1:21025814",6.7e-25
"689","HISEQ13:138:C6FWNANXX:2:1312:6073:99103_1:67788829",6.7e-25
"690","HISEQ13:138:C6FWNANXX:2:2108:10321:55446_1:85369551",6.7e-25
"691","HISEQ13:138:C6FWNANXX:2:1106:15865:14982_1:7547580",6.7e-25
"692","HISEQ13:138:C6FWNANXX:2:1201:8601:99549_1:26240410",6.7e-25
"693","HISEQ13:138:C6FWNANXX:2:2203:8319:90734_1:102606888",6.7e-25
"694","HISEQ13:138:C6FWNANXX:2:1106:5905:98244_1:8814146",6.7e-25
"695","HISEQ13:138:C6FWNANXX:2:1212:9197:79353_1:42531622",6.7e-25
"696","HISEQ13:138:C6FWNANXX:2:1107:4799:61886_1:9774041",6.8e-25
"697","HISEQ13:138:C6FWNANXX:2:1114:9034:34672_1:20310205",6.8e-25
"698","HISEQ13:138:C6FWNANXX:2:2101:14986:38826_1:75088636",6.8e-25
"699","HISEQ13:138:C6FWNANXX:2:2105:10132:69073_1:81178386",6.8e-25
"700","HISEQ13:138:C6FWNANXX:2:2211:10127:12247_1:113157060",6.8e-25
"701","HISEQ13:138:C6FWNANXX:2:1103:11279:14646_1:3109677",6.8e-25
"702","HISEQ13:138:C6FWNANXX:2:2116:10225:40460_1:97530289",6.8e-25
"703","HISEQ13:138:C6FWNANXX:2:1101:12518:49976_1:709403",6.9e-25
"704","HISEQ13:138:C6FWNANXX:2:1210:19574:11692_1:38315953",6.9e-25
"705","HISEQ13:138:C6FWNANXX:2:2202:8285:45515_1:100553152",6.9e-25
"706","HISEQ13:138:C6FWNANXX:2:2313:11443:41169_1:140837932",6.9e-25
"707","HISEQ13:138:C6FWNANXX:2:1106:10609:83127_1:8586862",6.9e-25
"708","HISEQ13:138:C6FWNANXX:2:2101:16378:85855_1:75757508",6.9e-25
"709","HISEQ13:138:C6FWNANXX:2:2202:5279:7635_1:100012841",6.9e-25
"710","HISEQ13:138:C6FWNANXX:2:1213:12717:72196_1:44041553",7e-25
"711","HISEQ13:138:C6FWNANXX:2:2115:19275:93358_1:96771740",7e-25
"712","HISEQ13:138:C6FWNANXX:2:2204:13072:80743_1:103877747",7e-25
"713","HISEQ13:138:C6FWNANXX:2:2304:14860:53077_1:127533888",7e-25
"714","HISEQ13:138:C6FWNANXX:2:2310:19068:69609_1:136612269",7e-25
"715","HISEQ13:138:C6FWNANXX:2:1109:14787:71207_1:13004558",7.1e-25
"716","HISEQ13:138:C6FWNANXX:2:2116:1742:73780_1:98077583",7.1e-25
"717","HISEQ13:138:C6FWNANXX:2:2311:3117:52369_1:137873092",7.1e-25
"718","HISEQ13:138:C6FWNANXX:2:2104:3309:99521_1:80186154",7.1e-25
"719","HISEQ13:138:C6FWNANXX:2:1211:2225:8007_1:39809658",7.2e-25
"720","HISEQ13:138:C6FWNANXX:2:1214:18851:56221_1:45426216",7.2e-25
"721","HISEQ13:138:C6FWNANXX:2:2204:13678:25899_1:103092585",7.2e-25
"722","HISEQ13:138:C6FWNANXX:2:2212:17018:37387_1:115097566",7.2e-25
"723","HISEQ13:138:C6FWNANXX:2:1205:14816:72235_1:31667785",7.2e-25
"724","HISEQ13:138:C6FWNANXX:2:1207:8186:76230_1:34717286",7.2e-25
"725","HISEQ13:138:C6FWNANXX:2:1302:6984:35204_1:51507458",7.2e-25
"726","HISEQ13:138:C6FWNANXX:2:1316:3479:47351_1:73627305",7.2e-25
"727","HISEQ13:138:C6FWNANXX:2:2314:19007:78761_1:143067134",7.2e-25
"728","HISEQ13:138:C6FWNANXX:2:1107:10786:4033_1:8889785",7.2e-25
"729","HISEQ13:138:C6FWNANXX:2:2201:5326:52983_1:99249641",7.2e-25
"730","HISEQ13:138:C6FWNANXX:2:2216:3069:86490_1:122359952",7.2e-25
"731","HISEQ13:138:C6FWNANXX:2:2312:16614:4592_1:138682490",7.2e-25
"732","HISEQ13:138:C6FWNANXX:2:1115:12699:7142_1:21512367",7.3e-25
"733","HISEQ13:138:C6FWNANXX:2:1214:5230:80798_1:45839845",7.3e-25
"734","HISEQ13:138:C6FWNANXX:2:2309:14968:21898_1:134366288",7.3e-25
"735","HISEQ13:138:C6FWNANXX:2:2312:10465:84913_1:139953777",7.3e-25
"736","HISEQ13:138:C6FWNANXX:2:1109:13891:50623_1:12679200",7.3e-25
"737","HISEQ13:138:C6FWNANXX:2:1114:15458:92774_1:21291006",7.3e-25
"738","HISEQ13:138:C6FWNANXX:2:1111:18259:80631_1:16326349",7.3e-25
"739","HISEQ13:138:C6FWNANXX:2:2203:8899:92062_1:102628047",7.3e-25
"740","HISEQ13:138:C6FWNANXX:2:2301:18006:40647_1:123153175",7.3e-25
"741","HISEQ13:138:C6FWNANXX:2:1112:18176:74288_1:17693536",7.4e-25
"742","HISEQ13:138:C6FWNANXX:2:1209:21141:65029_1:37605499",7.5e-25
"743","HISEQ13:138:C6FWNANXX:2:2305:13919:11629_1:128358233",7.5e-25
"744","HISEQ13:138:C6FWNANXX:2:1216:16925:76601_1:49149837",7.6e-25
"745","HISEQ13:138:C6FWNANXX:2:2107:4904:90254_1:84409422",7.6e-25
"746","HISEQ13:138:C6FWNANXX:2:2108:18429:26062_1:84929932",7.6e-25
"747","HISEQ13:138:C6FWNANXX:2:2112:11582:90361_1:91932925",7.6e-25
"748","HISEQ13:138:C6FWNANXX:2:2309:9433:38650_1:134619221",7.6e-25
"749","HISEQ13:138:C6FWNANXX:2:1209:7951:3468_1:36641465",7.6e-25
"750","HISEQ13:138:C6FWNANXX:2:2107:15622:45941_1:83748178",7.6e-25
"751","HISEQ13:138:C6FWNANXX:2:1207:16197:52484_1:34356441",7.9e-25
"752","HISEQ13:138:C6FWNANXX:2:2308:8792:60380_1:133451291",7.9e-25
"753","HISEQ13:138:C6FWNANXX:2:1105:2143:78598_1:7011642",7.9e-25
"754","HISEQ13:138:C6FWNANXX:2:2313:7718:23002_1:140545813",7.9e-25
"755","HISEQ13:138:C6FWNANXX:2:1203:20353:63767_1:28621986",8e-25
"756","HISEQ13:138:C6FWNANXX:2:1310:12774:5329_1:63082779",8e-25
"757","HISEQ13:138:C6FWNANXX:2:2106:6301:19989_1:81902812",8e-25
"758","HISEQ13:138:C6FWNANXX:2:2103:5349:52145_1:78088739",8.3e-25
"759","HISEQ13:138:C6FWNANXX:2:2210:10926:47919_1:112191600",8.3e-25
"760","HISEQ13:138:C6FWNANXX:2:1304:14182:77491_1:55064317",8.3e-25
"761","HISEQ13:138:C6FWNANXX:2:2307:13191:35583_1:131604663",8.3e-25
"762","HISEQ13:138:C6FWNANXX:2:2311:6426:86212_1:138406997",8.3e-25
"763","HISEQ13:138:C6FWNANXX:2:1103:1455:54979_1:3703871",8.4e-25
"764","HISEQ13:138:C6FWNANXX:2:2214:19411:28602_1:118127018",8.4e-25
"765","HISEQ13:138:C6FWNANXX:2:2316:3530:31407_1:145552176",8.4e-25
"766","HISEQ13:138:C6FWNANXX:2:2204:14741:68969_1:103710466",8.4e-25
"767","HISEQ13:138:C6FWNANXX:2:2209:3606:79745_1:111168293",8.4e-25
"768","HISEQ13:138:C6FWNANXX:2:2310:10567:28409_1:135976853",8.4e-25
"769","HISEQ13:138:C6FWNANXX:2:2315:8451:14730_1:143632680",8.4e-25
"770","HISEQ13:138:C6FWNANXX:2:1112:5883:15896_1:16789100",8.5e-25
"771","HISEQ13:138:C6FWNANXX:2:1303:18577:95968_1:53866680",8.5e-25
"772","HISEQ13:138:C6FWNANXX:2:2111:7923:16005_1:89285398",8.5e-25
"773","HISEQ13:138:C6FWNANXX:2:2216:12441:43627_1:121637076",8.5e-25
"774","HISEQ13:138:C6FWNANXX:2:2216:7671:83880_1:122318663",8.5e-25
"775","HISEQ13:138:C6FWNANXX:2:2303:14048:99092_1:126776720",8.5e-25
"776","HISEQ13:138:C6FWNANXX:2:2316:11728:26956_1:145477342",8.5e-25
"777","HISEQ13:138:C6FWNANXX:2:2316:9889:11290_1:145215708",8.5e-25
"778","HISEQ13:138:C6FWNANXX:2:1110:19260:80264_1:14712534",8.6e-25
"779","HISEQ13:138:C6FWNANXX:2:1204:14350:73685_1:30215181",8.6e-25
"780","HISEQ13:138:C6FWNANXX:2:2210:3642:90939_1:112847083",8.6e-25
"781","HISEQ13:138:C6FWNANXX:2:1303:18917:60814_1:53348882",8.7e-25
"782","HISEQ13:138:C6FWNANXX:2:2105:2400:5597_1:80256740",8.7e-25
"783","HISEQ13:138:C6FWNANXX:2:2213:2989:48080_1:116839558",8.7e-25
"784","HISEQ13:138:C6FWNANXX:2:2310:7314:20694_1:135855907",8.7e-25
"785","HISEQ13:138:C6FWNANXX:2:1109:17387:94369_1:13372447",8.8e-25
"786","HISEQ13:138:C6FWNANXX:2:1112:12419:87680_1:17909694",8.8e-25
"787","HISEQ13:138:C6FWNANXX:2:2315:13436:19167_1:143707961",8.8e-25
"788","HISEQ13:138:C6FWNANXX:2:1303:14495:60904_1:53348057",8.8e-25
"789","HISEQ13:138:C6FWNANXX:2:2106:19688:39828_1:82198537",8.8e-25
"790","HISEQ13:138:C6FWNANXX:2:2115:15705:69095_1:96374524",8.8e-25
"791","HISEQ13:138:C6FWNANXX:2:2210:7134:12858_1:111657104",8.8e-25
"792","HISEQ13:138:C6FWNANXX:2:2310:10082:39310_1:136146566",8.8e-25
"793","HISEQ13:138:C6FWNANXX:2:1112:9525:19181_1:16812946",9e-25
"794","HISEQ13:138:C6FWNANXX:2:1309:16281:84876_1:62779628",9e-25
"795","HISEQ13:138:C6FWNANXX:2:2203:7317:33258_1:101789088",9e-25
"796","HISEQ13:138:C6FWNANXX:2:1312:3242:69067_1:67293143",9e-25
"797","HISEQ13:138:C6FWNANXX:2:1314:18129:43040_1:70162269",9e-25
"798","HISEQ13:138:C6FWNANXX:2:2306:15276:32457_1:130099386",9e-25
"799","HISEQ13:138:C6FWNANXX:2:2116:9293:25234_1:97277005",9.1e-25
"800","HISEQ13:138:C6FWNANXX:2:1109:6719:44252_1:12578819",9.1e-25
"801","HISEQ13:138:C6FWNANXX:2:1207:17082:22439_1:33902560",9.1e-25
"802","HISEQ13:138:C6FWNANXX:2:1303:15855:87846_1:53746675",9.1e-25
"803","HISEQ13:138:C6FWNANXX:2:2206:2866:92483_1:106921816",9.1e-25
"804","HISEQ13:138:C6FWNANXX:2:2314:10894:10449_1:141939385",9.1e-25
"805","HISEQ13:138:C6FWNANXX:2:2314:9858:25888_1:142191947",9.1e-25
"806","HISEQ13:138:C6FWNANXX:2:2313:19243:72391_1:141345699",9.1e-25
"807","HISEQ13:138:C6FWNANXX:2:1205:17535:7813_1:30708054",9.1e-25
"808","HISEQ13:138:C6FWNANXX:2:1210:19711:81228_1:39405705",9.1e-25
"809","HISEQ13:138:C6FWNANXX:2:1313:17798:87480_1:69240245",9.1e-25
"810","HISEQ13:138:C6FWNANXX:2:1313:3794:5871_1:67880467",9.1e-25
"811","HISEQ13:138:C6FWNANXX:2:2103:6518:3705_1:77398380",9.1e-25
"812","HISEQ13:138:C6FWNANXX:2:2116:16645:39618_1:97519125",9.1e-25
"813","HISEQ13:138:C6FWNANXX:2:1116:5449:50017_1:23929929",9.3e-25
"814","HISEQ13:138:C6FWNANXX:2:1310:16922:97646_1:64545822",9.3e-25
"815","HISEQ13:138:C6FWNANXX:2:2116:9976:88506_1:98322794",9.3e-25
"816","HISEQ13:138:C6FWNANXX:2:2212:13328:88345_1:115905751",9.3e-25
"817","HISEQ13:138:C6FWNANXX:2:2313:20487:48373_1:140956437",9.3e-25
"818","HISEQ13:138:C6FWNANXX:2:1106:2114:42601_1:7966888",9.3e-25
"819","HISEQ13:138:C6FWNANXX:2:1107:1750:88060_1:10176155",9.3e-25
"820","HISEQ13:138:C6FWNANXX:2:1204:14350:73685_1:30215180",9.3e-25
"821","HISEQ13:138:C6FWNANXX:2:1213:8255:43716_1:43568486",9.3e-25
"822","HISEQ13:138:C6FWNANXX:2:2103:6471:9705_1:77483741",9.3e-25
"823","HISEQ13:138:C6FWNANXX:2:2104:12626:17793_1:79011825",9.3e-25
"824","HISEQ13:138:C6FWNANXX:2:2207:20690:80931_1:108214423",9.3e-25
"825","HISEQ13:138:C6FWNANXX:2:2302:2959:92384_1:125276946",9.3e-25
"826","HISEQ13:138:C6FWNANXX:2:2114:4091:77130_1:94895019",9.4e-25
"827","HISEQ13:138:C6FWNANXX:2:2303:13749:74748_1:126429076",9.4e-25
"828","HISEQ13:138:C6FWNANXX:2:2310:5166:63181_1:136510679",9.4e-25
"829","HISEQ13:138:C6FWNANXX:2:1305:12788:14499_1:55601848",9.4e-25
"830","HISEQ13:138:C6FWNANXX:2:2216:16663:98818_1:122573745",9.4e-25
"831","HISEQ13:138:C6FWNANXX:2:2303:3964:23402_1:125700719",9.4e-25
"832","HISEQ13:138:C6FWNANXX:2:2305:17799:99649_1:129637231",9.4e-25
"833","HISEQ13:138:C6FWNANXX:2:2309:19831:93051_1:135454909",9.4e-25
"834","HISEQ13:138:C6FWNANXX:2:1208:14118:94667_1:36524376",9.4e-25
"835","HISEQ13:138:C6FWNANXX:2:1309:12837:88820_1:62842436",9.4e-25
"836","HISEQ13:138:C6FWNANXX:2:2101:8624:7420_1:74637544",9.4e-25
"837","HISEQ13:138:C6FWNANXX:2:2316:5742:75415_1:146295429",9.4e-25
"838","HISEQ13:138:C6FWNANXX:2:1205:8953:31326_1:31057073",9.4e-25
"839","HISEQ13:138:C6FWNANXX:2:1216:16472:10938_1:48010362",9.4e-25
"840","HISEQ13:138:C6FWNANXX:2:1101:3913:56248_1:800069",9.5e-25
"841","HISEQ13:138:C6FWNANXX:2:1116:21171:19408_1:23404956",9.5e-25
"842","HISEQ13:138:C6FWNANXX:2:2212:18277:74042_1:115678836",9.5e-25
"843","HISEQ13:138:C6FWNANXX:2:1106:8849:44720_1:7998916",9.7e-25
"844","HISEQ13:138:C6FWNANXX:2:1207:2689:7033_1:33668593",9.7e-25
"845","HISEQ13:138:C6FWNANXX:2:1315:13432:50021_1:71962609",9.7e-25
"846","HISEQ13:138:C6FWNANXX:2:2215:5419:62125_1:120295523",9.7e-25
"847","HISEQ13:138:C6FWNANXX:2:1214:16975:71284_1:45682415",9.8e-25
"848","HISEQ13:138:C6FWNANXX:2:1302:20480:26140_1:51377559",9.8e-25
"849","HISEQ13:138:C6FWNANXX:2:2215:13506:83332_1:120648360",9.8e-25
"850","HISEQ13:138:C6FWNANXX:2:2301:1683:1996_1:122605149",9.8e-25
"851","HISEQ13:138:C6FWNANXX:2:2313:3297:100383_1:141796050",9.8e-25
"852","HISEQ13:138:C6FWNANXX:2:1116:17826:81323_1:24470086",9.8e-25
"853","HISEQ13:138:C6FWNANXX:2:2109:10316:21566_1:86356115",9.8e-25
"854","HISEQ13:138:C6FWNANXX:2:2208:20842:54319_1:109293208",9.8e-25
"855","HISEQ13:138:C6FWNANXX:2:1303:9292:86880_1:53730905",9.9e-25
"856","HISEQ13:138:C6FWNANXX:2:1303:6076:93808_1:53834271",1e-24
"857","HISEQ13:138:C6FWNANXX:2:2109:17757:35106_1:86561139",1e-24
"858","HISEQ13:138:C6FWNANXX:2:1105:17985:66285_1:6830456",1e-24
"859","HISEQ13:138:C6FWNANXX:2:1313:6946:51520_1:68639139",1e-24
"860","HISEQ13:138:C6FWNANXX:2:1309:10002:91388_1:62881598",1.1e-24
"861","HISEQ13:138:C6FWNANXX:2:1111:19957:22619_1:15363917",1.1e-24
"862","HISEQ13:138:C6FWNANXX:2:1214:16048:63554_1:45551565",1.1e-24
"863","HISEQ13:138:C6FWNANXX:2:1306:18166:92975_1:58290601",1.1e-24
"864","HISEQ13:138:C6FWNANXX:2:2109:7233:57062_1:86894722",1.1e-24
"865","HISEQ13:138:C6FWNANXX:2:2114:8806:37753_1:94256458",1.1e-24
"866","HISEQ13:138:C6FWNANXX:2:2311:18255:12859_1:137258681",1.1e-24
"867","HISEQ13:138:C6FWNANXX:2:1103:4884:48405_1:3608421",1.1e-24
"868","HISEQ13:138:C6FWNANXX:2:1214:1819:33233_1:45035872",1.1e-24
"869","HISEQ13:138:C6FWNANXX:2:2207:9745:95647_1:108431361",1.1e-24
"870","HISEQ13:138:C6FWNANXX:2:2214:16317:81544_1:118993508",1.1e-24
"871","HISEQ13:138:C6FWNANXX:2:1106:6087:31596_1:7800415",1.1e-24
"872","HISEQ13:138:C6FWNANXX:2:1203:19333:74749_1:28780940",1.1e-24
"873","HISEQ13:138:C6FWNANXX:2:2212:6516:12383_1:114703900",1.1e-24
"874","HISEQ13:138:C6FWNANXX:2:1301:2447:77975_1:50683425",1.1e-24
"875","HISEQ13:138:C6FWNANXX:2:2204:12299:77492_1:103831329",1.1e-24
"876","HISEQ13:138:C6FWNANXX:2:2306:15120:53337_1:130408975",1.1e-24
"877","HISEQ13:138:C6FWNANXX:2:1312:4456:75988_1:67404333",1.2e-24
"878","HISEQ13:138:C6FWNANXX:2:1314:3489:95874_1:71055596",1.2e-24
"879","HISEQ13:138:C6FWNANXX:2:1113:10504:55189_1:19001188",1.2e-24
"880","HISEQ13:138:C6FWNANXX:2:1206:2315:63774_1:33031973",1.2e-24
"881","HISEQ13:138:C6FWNANXX:2:1312:18915:46808_1:66931136",1.2e-24
"882","HISEQ13:138:C6FWNANXX:2:1313:8541:14782_1:68029804",1.2e-24
"883","HISEQ13:138:C6FWNANXX:2:1314:13587:65905_1:70547603",1.2e-24
"884","HISEQ13:138:C6FWNANXX:2:2104:1588:73322_1:79808785",1.2e-24
"885","HISEQ13:138:C6FWNANXX:2:2114:13618:39412_1:94281686",1.2e-24
"886","HISEQ13:138:C6FWNANXX:2:2110:14771:34565_1:88059854",1.2e-24
"887","HISEQ13:138:C6FWNANXX:2:1208:8760:35491_1:35606439",1.2e-24
"888","HISEQ13:138:C6FWNANXX:2:2207:8883:34042_1:107520836",1.2e-24
"889","HISEQ13:138:C6FWNANXX:2:1103:20453:17375_1:3152272",1.2e-24
"890","HISEQ13:138:C6FWNANXX:2:1104:3846:88083_1:5670559",1.2e-24
"891","HISEQ13:138:C6FWNANXX:2:1201:9058:72103_1:25836650",1.2e-24
"892","HISEQ13:138:C6FWNANXX:2:1302:10696:51943_1:51755084",1.2e-24
"893","HISEQ13:138:C6FWNANXX:2:2211:15057:34295_1:113505768",1.2e-24
"894","HISEQ13:138:C6FWNANXX:2:2301:8524:97180_1:123948375",1.2e-24
"895","HISEQ13:138:C6FWNANXX:2:1113:20687:75011_1:19335502",1.2e-24
"896","HISEQ13:138:C6FWNANXX:2:1304:18326:57655_1:54770387",1.2e-24
"897","HISEQ13:138:C6FWNANXX:2:2116:15676:89977_1:98345056",1.2e-24
"898","HISEQ13:138:C6FWNANXX:2:2101:13839:59761_1:75387182",1.2e-24
"899","HISEQ13:138:C6FWNANXX:2:2316:7402:69671_1:146199159",1.2e-24
"900","HISEQ13:138:C6FWNANXX:2:1102:19265:16452_1:1677121",1.2e-24
"901","HISEQ13:138:C6FWNANXX:2:1114:15768:6763_1:19846675",1.2e-24
"902","HISEQ13:138:C6FWNANXX:2:1310:2751:77076_1:64219122",1.2e-24
"903","HISEQ13:138:C6FWNANXX:2:1102:20591:11310_1:1602904",1.2e-24
"904","HISEQ13:138:C6FWNANXX:2:2107:11699:94169_1:84467167",1.2e-24
"905","HISEQ13:138:C6FWNANXX:2:1109:6441:69261_1:12975260",1.2e-24
"906","HISEQ13:138:C6FWNANXX:2:1115:21333:73138_1:22630619",1.2e-24
"907","HISEQ13:138:C6FWNANXX:2:1308:20688:87472_1:61261082",1.2e-24
"908","HISEQ13:138:C6FWNANXX:2:1310:6275:63933_1:64010990",1.2e-24
"909","HISEQ13:138:C6FWNANXX:2:1313:13763:56805_1:68728581",1.2e-24
"910","HISEQ13:138:C6FWNANXX:2:2305:2582:96853_1:129594682",1.2e-24
"911","HISEQ13:138:C6FWNANXX:2:1104:19947:36213_1:4897607",1.2e-24
"912","HISEQ13:138:C6FWNANXX:2:1112:4110:5429_1:16732516",1.2e-24
"913","HISEQ13:138:C6FWNANXX:2:1304:15137:69764_1:54953102",1.2e-24
"914","HISEQ13:138:C6FWNANXX:2:1312:19352:82767_1:67523629",1.2e-24
"915","HISEQ13:138:C6FWNANXX:2:2202:6835:23369_1:100238188",1.2e-24
"916","HISEQ13:138:C6FWNANXX:2:2203:9340:47665_1:101993344",1.2e-24
"917","HISEQ13:138:C6FWNANXX:2:1201:8693:66011_1:25747974",1.3e-24
"918","HISEQ13:138:C6FWNANXX:2:1304:3478:34697_1:54422321",1.3e-24
"919","HISEQ13:138:C6FWNANXX:2:1311:2065:70635_1:65701068",1.3e-24
"920","HISEQ13:138:C6FWNANXX:2:2107:9861:91983_1:84432843",1.3e-24
"921","HISEQ13:138:C6FWNANXX:2:1113:2108:12034_1:18292493",1.3e-24
"922","HISEQ13:138:C6FWNANXX:2:2107:17856:79197_1:84243472",1.3e-24
"923","HISEQ13:138:C6FWNANXX:2:1205:17535:7813_1:30708053",1.3e-24
"924","HISEQ13:138:C6FWNANXX:2:1214:6690:76961_1:45772614",1.3e-24
"925","HISEQ13:138:C6FWNANXX:2:1301:8549:11780_1:49713988",1.3e-24
"926","HISEQ13:138:C6FWNANXX:2:2105:8415:4960_1:80246915",1.3e-24
"927","HISEQ13:138:C6FWNANXX:2:2216:15564:58577_1:121891573",1.3e-24
"928","HISEQ13:138:C6FWNANXX:2:1208:9900:93374_1:36503872",1.3e-24
"929","HISEQ13:138:C6FWNANXX:2:2203:10694:18850_1:101583004",1.3e-24
"930","HISEQ13:138:C6FWNANXX:2:1108:2079:47908_1:11082862",1.3e-24
"931","HISEQ13:138:C6FWNANXX:2:1212:15830:37626_1:41851320",1.3e-24
"932","HISEQ13:138:C6FWNANXX:2:1302:2071:2256_1:51025432",1.3e-24
"933","HISEQ13:138:C6FWNANXX:2:2115:14751:33599_1:95796786",1.3e-24
"934","HISEQ13:138:C6FWNANXX:2:1210:15698:41805_1:38791563",1.3e-24
"935","HISEQ13:138:C6FWNANXX:2:2202:5142:78925_1:101026544",1.3e-24
"936","HISEQ13:138:C6FWNANXX:2:2312:14236:70953_1:139731012",1.3e-24
"937","HISEQ13:138:C6FWNANXX:2:2101:7842:89888_1:75812283",1.3e-24
"938","HISEQ13:138:C6FWNANXX:2:2212:18012:99078_1:116078341",1.3e-24
"939","HISEQ13:138:C6FWNANXX:2:1106:12674:61297_1:8255531",1.3e-24
"940","HISEQ13:138:C6FWNANXX:2:1113:15403:87087_1:19534544",1.3e-24
"941","HISEQ13:138:C6FWNANXX:2:1202:21282:4905_1:26303740",1.3e-24
"942","HISEQ13:138:C6FWNANXX:2:1207:10015:52845_1:34362908",1.3e-24
"943","HISEQ13:138:C6FWNANXX:2:2106:15066:92134_1:82966794",1.3e-24
"944","HISEQ13:138:C6FWNANXX:2:2216:2708:52406_1:121782539",1.3e-24
"945","HISEQ13:138:C6FWNANXX:2:1108:17257:27159_1:10763739",1.4e-24
"946","HISEQ13:138:C6FWNANXX:2:1110:5811:73926_1:14608504",1.4e-24
"947","HISEQ13:138:C6FWNANXX:2:2115:10240:84810_1:96630393",1.4e-24
"948","HISEQ13:138:C6FWNANXX:2:2311:14438:38986_1:137664469",1.4e-24
"949","HISEQ13:138:C6FWNANXX:2:1114:18912:31763_1:20265750",1.4e-24
"950","HISEQ13:138:C6FWNANXX:2:1303:16775:63266_1:53385701",1.4e-24
"951","HISEQ13:138:C6FWNANXX:2:2214:14185:11674_1:117848121",1.4e-24
"952","HISEQ13:138:C6FWNANXX:2:1208:15331:31446_1:35546396",1.4e-24
"953","HISEQ13:138:C6FWNANXX:2:1214:7887:11221_1:44668570",1.4e-24
"954","HISEQ13:138:C6FWNANXX:2:1302:4805:22713_1:51323643",1.4e-24
"955","HISEQ13:138:C6FWNANXX:2:1312:6506:89535_1:67632530",1.4e-24
"956","HISEQ13:138:C6FWNANXX:2:2105:20947:83190_1:81384690",1.4e-24
"957","HISEQ13:138:C6FWNANXX:2:2210:13490:18270_1:111742420",1.4e-24
"958","HISEQ13:138:C6FWNANXX:2:1104:2810:67157_1:5355943",1.4e-24
"959","HISEQ13:138:C6FWNANXX:2:1210:1618:7693_1:38249624",1.4e-24
"960","HISEQ13:138:C6FWNANXX:2:1315:13351:32849_1:71666647",1.4e-24
"961","HISEQ13:138:C6FWNANXX:2:2203:8868:5017_1:101386239",1.4e-24
"962","HISEQ13:138:C6FWNANXX:2:2213:7178:37036_1:116664476",1.4e-24
"963","HISEQ13:138:C6FWNANXX:2:2301:20425:3239_1:122622897",1.4e-24
"964","HISEQ13:138:C6FWNANXX:2:2310:12776:12033_1:135725658",1.4e-24
"965","HISEQ13:138:C6FWNANXX:2:2103:16603:41828_1:77945267",1.4e-24
"966","HISEQ13:138:C6FWNANXX:2:2108:15676:64273_1:85506670",1.4e-24
"967","HISEQ13:138:C6FWNANXX:2:2213:20739:28633_1:116531131",1.4e-24
"968","HISEQ13:138:C6FWNANXX:2:1110:5514:84447_1:14772170",1.4e-24
"969","HISEQ13:138:C6FWNANXX:2:1312:1857:61152_1:67161981",1.4e-24
"970","HISEQ13:138:C6FWNANXX:2:1101:15462:54166_1:772467",1.4e-24
"971","HISEQ13:138:C6FWNANXX:2:1202:6271:15905_1:26462349",1.4e-24
"972","HISEQ13:138:C6FWNANXX:2:1112:19600:33098_1:17023915",1.5e-24
"973","HISEQ13:138:C6FWNANXX:2:2213:4554:12791_1:116277077",1.5e-24
"974","HISEQ13:138:C6FWNANXX:2:2301:4338:30326_1:123005931",1.5e-24
"975","HISEQ13:138:C6FWNANXX:2:1312:15513:88151_1:67609644",1.5e-24
"976","HISEQ13:138:C6FWNANXX:2:2101:14371:61145_1:75405164",1.5e-24
"977","HISEQ13:138:C6FWNANXX:2:1210:19741:70257_1:39236904",1.5e-24
"978","HISEQ13:138:C6FWNANXX:2:1214:4926:11149_1:44667899",1.5e-24
"979","HISEQ13:138:C6FWNANXX:2:1311:14280:9966_1:64722856",1.5e-24
"980","HISEQ13:138:C6FWNANXX:2:2112:16746:38836_1:91121562",1.5e-24
"981","HISEQ13:138:C6FWNANXX:2:1208:2488:71107_1:36157931",1.5e-24
"982","HISEQ13:138:C6FWNANXX:2:2111:19945:29254_1:89493616",1.5e-24
"983","HISEQ13:138:C6FWNANXX:2:2313:14350:67664_1:141267701",1.5e-24
"984","HISEQ13:138:C6FWNANXX:2:1208:14383:5107_1:35143144",1.5e-24
"985","HISEQ13:138:C6FWNANXX:2:1302:21451:91749_1:52341824",1.5e-24
"986","HISEQ13:138:C6FWNANXX:2:2204:16714:39486_1:103286550",1.5e-24
"987","HISEQ13:138:C6FWNANXX:2:1115:18829:8378_1:21535078",1.6e-24
"988","HISEQ13:138:C6FWNANXX:2:1301:6694:94637_1:50929740",1.6e-24
"989","HISEQ13:138:C6FWNANXX:2:1201:4340:48630_1:25489036",1.6e-24
"990","HISEQ13:138:C6FWNANXX:2:2114:3488:85097_1:95023824",1.6e-24
"991","HISEQ13:138:C6FWNANXX:2:1104:18150:31294_1:4826510",1.6e-24
"992","HISEQ13:138:C6FWNANXX:2:1110:20073:40192_1:14077722",1.6e-24
"993","HISEQ13:138:C6FWNANXX:2:1312:1674:55490_1:67067259",1.6e-24
"994","HISEQ13:138:C6FWNANXX:2:2107:13776:27768_1:83481169",1.6e-24
"995","HISEQ13:138:C6FWNANXX:2:1315:11854:10401_1:71284282",1.6e-24
"996","HISEQ13:138:C6FWNANXX:2:2107:16207:82865_1:84298995",1.6e-24
"997","HISEQ13:138:C6FWNANXX:2:2202:20470:5696_1:99986743",1.6e-24
"998","HISEQ13:138:C6FWNANXX:2:2311:6991:72769_1:138197682",1.6e-24
"999","HISEQ13:138:C6FWNANXX:2:1201:12783:49717_1:25505691",1.6e-24
"1000","HISEQ13:138:C6FWNANXX:2:1301:10080:33768_1:50037986",1.6e-24
"1001","HISEQ13:138:C6FWNANXX:2:2106:18335:89518_1:82930414",1.6e-24
"1002","HISEQ13:138:C6FWNANXX:2:2111:4353:90464_1:90485388",1.6e-24
"1003","HISEQ13:138:C6FWNANXX:2:1102:10048:19337_1:1719529",1.6e-24
"1004","HISEQ13:138:C6FWNANXX:2:2202:13514:92515_1:101224215",1.6e-24
"1005","HISEQ13:138:C6FWNANXX:2:2309:2017:57948_1:134910476",1.6e-24
"1006","HISEQ13:138:C6FWNANXX:2:1108:5419:93573_1:11799056",1.6e-24
"1007","HISEQ13:138:C6FWNANXX:2:1314:3489:95874_1:71055597",1.6e-24
"1008","HISEQ13:138:C6FWNANXX:2:1305:7318:73593_1:56489612",1.6e-24
"1009","HISEQ13:138:C6FWNANXX:2:2112:19730:44615_1:91211905",1.7e-24
"1010","HISEQ13:138:C6FWNANXX:2:1201:1357:12217_1:24952021",1.7e-24
"1011","HISEQ13:138:C6FWNANXX:2:1314:17370:47963_1:70243143",1.7e-24
"1012","HISEQ13:138:C6FWNANXX:2:2204:5575:88630_1:103992028",1.7e-24
"1013","HISEQ13:138:C6FWNANXX:2:2313:14476:74106_1:141372907",1.7e-24
"1014","HISEQ13:138:C6FWNANXX:2:2201:12804:3801_1:98552295",1.7e-24
"1015","HISEQ13:138:C6FWNANXX:2:1202:20629:9250_1:26369621",1.7e-24
"1016","HISEQ13:138:C6FWNANXX:2:1307:17980:64022_1:59366654",1.7e-24
"1017","HISEQ13:138:C6FWNANXX:2:1314:18274:43306_1:70166576",1.7e-24
"1018","HISEQ13:138:C6FWNANXX:2:1103:14419:6199_1:2984562",1.7e-24
"1019","HISEQ13:138:C6FWNANXX:2:1301:2079:24577_1:49900753",1.7e-24
"1020","HISEQ13:138:C6FWNANXX:2:1305:18522:14047_1:55599175",1.7e-24
"1021","HISEQ13:138:C6FWNANXX:2:2316:3430:73550_1:146265494",1.7e-24
"1022","HISEQ13:138:C6FWNANXX:2:2116:17151:73074_1:98068443",1.7e-24
"1023","HISEQ13:138:C6FWNANXX:2:1107:4085:5663_1:8911607",1.7e-24
"1024","HISEQ13:138:C6FWNANXX:2:2204:16723:98401_1:104134432",1.7e-24
"1025","HISEQ13:138:C6FWNANXX:2:2216:9580:83565_1:122314826",1.7e-24
"1026","HISEQ13:138:C6FWNANXX:2:1208:19361:92681_1:36494139",1.7e-24
"1027","HISEQ13:138:C6FWNANXX:2:1101:8055:45592_1:645817",1.8e-24
"1028","HISEQ13:138:C6FWNANXX:2:1206:5218:17310_1:32327933",1.8e-24
"1029","HISEQ13:138:C6FWNANXX:2:1214:6397:42014_1:45188245",1.8e-24
"1030","HISEQ13:138:C6FWNANXX:2:1216:20531:47559_1:48646504",1.8e-24
"1031","HISEQ13:138:C6FWNANXX:2:2201:5359:39625_1:99061006",1.8e-24
"1032","HISEQ13:138:C6FWNANXX:2:2203:8899:92062_1:102628048",1.8e-24
"1033","HISEQ13:138:C6FWNANXX:2:2307:9447:98972_1:132543550",1.8e-24
"1034","HISEQ13:138:C6FWNANXX:2:1213:16192:21307_1:43202757",1.8e-24
"1035","HISEQ13:138:C6FWNANXX:2:2108:2608:77568_1:85704615",1.8e-24
"1036","HISEQ13:138:C6FWNANXX:2:2207:12397:71703_1:108075671",1.8e-24
"1037","HISEQ13:138:C6FWNANXX:2:1214:6397:42014_1:45188244",1.8e-24
"1038","HISEQ13:138:C6FWNANXX:2:2213:8449:76828_1:117304266",1.8e-24
"1039","HISEQ13:138:C6FWNANXX:2:1107:8610:68805_1:9882189",1.8e-24
"1040","HISEQ13:138:C6FWNANXX:2:1203:21176:55163_1:28493047",1.8e-24
"1041","HISEQ13:138:C6FWNANXX:2:1305:20788:52572_1:56176979",1.8e-24
"1042","HISEQ13:138:C6FWNANXX:2:2315:6042:42454_1:144092368",1.8e-24
"1043","HISEQ13:138:C6FWNANXX:2:1102:20476:47452_1:2132467",1.8e-24
"1044","HISEQ13:138:C6FWNANXX:2:1106:18451:83262_1:8592081",1.8e-24
"1045","HISEQ13:138:C6FWNANXX:2:1112:6182:72386_1:17658234",1.8e-24
"1046","HISEQ13:138:C6FWNANXX:2:1114:15949:82298_1:21113827",1.8e-24
"1047","HISEQ13:138:C6FWNANXX:2:2209:13817:10004_1:110115586",1.8e-24
"1048","HISEQ13:138:C6FWNANXX:2:1211:5264:69168_1:40792577",1.8e-24
"1049","HISEQ13:138:C6FWNANXX:2:1302:17398:42837_1:51623066",1.8e-24
"1050","HISEQ13:138:C6FWNANXX:2:2306:3816:6844_1:129722740",1.8e-24
"1051","HISEQ13:138:C6FWNANXX:2:2314:5904:23903_1:142158491",1.8e-24
"1052","HISEQ13:138:C6FWNANXX:2:1114:19641:35740_1:20329334",1.8e-24
"1053","HISEQ13:138:C6FWNANXX:2:1214:16048:63554_1:45551566",1.8e-24
"1054","HISEQ13:138:C6FWNANXX:2:1216:18534:33282_1:48399341",1.8e-24
"1055","HISEQ13:138:C6FWNANXX:2:1310:3491:62895_1:63994797",1.8e-24
"1056","HISEQ13:138:C6FWNANXX:2:2311:18255:12859_1:137258682",1.8e-24
"1057","HISEQ13:138:C6FWNANXX:2:1104:6880:82670_1:5588608",1.9e-24
"1058","HISEQ13:138:C6FWNANXX:2:1112:14648:61115_1:17476435",1.9e-24
"1059","HISEQ13:138:C6FWNANXX:2:2204:12022:57766_1:103552025",1.9e-24
"1060","HISEQ13:138:C6FWNANXX:2:2206:7584:55345_1:106380123",1.9e-24
"1061","HISEQ13:138:C6FWNANXX:2:2214:12676:85675_1:119058150",1.9e-24
"1062","HISEQ13:138:C6FWNANXX:2:2102:16549:70042_1:76937341",1.9e-24
"1063","HISEQ13:138:C6FWNANXX:2:1215:12184:19922_1:46480126",1.9e-24
"1064","HISEQ13:138:C6FWNANXX:2:2214:5753:56517_1:118580887",1.9e-24
"1065","HISEQ13:138:C6FWNANXX:2:2305:8236:27599_1:128588038",1.9e-24
"1066","HISEQ13:138:C6FWNANXX:2:2212:6516:12383_1:114703901",1.9e-24
"1067","HISEQ13:138:C6FWNANXX:2:2311:8808:100012_1:138628413",1.9e-24
"1068","HISEQ13:138:C6FWNANXX:2:2108:14993:77012_1:85699366",1.9e-24
"1069","HISEQ13:138:C6FWNANXX:2:2306:17487:30228_1:130066639",1.9e-24
"1070","HISEQ13:138:C6FWNANXX:2:1309:13419:61665_1:62410517",1.9e-24
"1071","HISEQ13:138:C6FWNANXX:2:2103:3232:65006_1:78272229",1.9e-24
"1072","HISEQ13:138:C6FWNANXX:2:2213:4760:50455_1:116876716",1.9e-24
"1073","HISEQ13:138:C6FWNANXX:2:1105:20651:11596_1:6009640",1.9e-24
"1074","HISEQ13:138:C6FWNANXX:2:2114:6310:14081_1:93872246",1.9e-24
"1075","HISEQ13:138:C6FWNANXX:2:1202:21432:70883_1:27271944",2e-24
"1076","HISEQ13:138:C6FWNANXX:2:2312:6463:40224_1:139242005",2e-24
"1077","HISEQ13:138:C6FWNANXX:2:2109:8489:5066_1:86104279",2e-24
"1078","HISEQ13:138:C6FWNANXX:2:2301:18472:81212_1:123723585",2e-24
"1079","HISEQ13:138:C6FWNANXX:2:1112:20510:72465_1:17661302",2e-24
"1080","HISEQ13:138:C6FWNANXX:2:1105:17985:66285_1:6830457",2e-24
"1081","HISEQ13:138:C6FWNANXX:2:2211:10127:12247_1:113157061",2e-24
"1082","HISEQ13:138:C6FWNANXX:2:2212:4537:51912_1:115323228",2e-24
"1083","HISEQ13:138:C6FWNANXX:2:2314:11716:29847_1:142257490",2e-24
"1084","HISEQ13:138:C6FWNANXX:2:2102:2133:16516_1:76175335",2e-24
"1085","HISEQ13:138:C6FWNANXX:2:2111:12326:86206_1:90413063",2e-24
"1086","HISEQ13:138:C6FWNANXX:2:2314:18290:56071_1:142691895",2e-24
"1087","HISEQ13:138:C6FWNANXX:2:2315:5543:47559_1:144178425",2.1e-24
"1088","HISEQ13:138:C6FWNANXX:2:1306:11539:99926_1:58395544",2.1e-24
"1089","HISEQ13:138:C6FWNANXX:2:2109:7536:87710_1:87358737",2.1e-24
"1090","HISEQ13:138:C6FWNANXX:2:2214:11755:7784_1:117786637",2.1e-24
"1091","HISEQ13:138:C6FWNANXX:2:1108:1989:10231_1:10498146",2.1e-24
"1092","HISEQ13:138:C6FWNANXX:2:1308:11616:89039_1:61286865",2.1e-24
"1093","HISEQ13:138:C6FWNANXX:2:2112:2725:42135_1:91169395",2.1e-24
"1094","HISEQ13:138:C6FWNANXX:2:2116:11889:9778_1:97024619",2.1e-24
"1095","HISEQ13:138:C6FWNANXX:2:2305:3811:15158_1:128407213",2.1e-24
"1096","HISEQ13:138:C6FWNANXX:2:2106:18335:89518_1:82930415",2.1e-24
"1097","HISEQ13:138:C6FWNANXX:2:2304:7152:5542_1:126851223",2.1e-24
"1098","HISEQ13:138:C6FWNANXX:2:1116:8278:41669_1:23784975",2.1e-24
"1099","HISEQ13:138:C6FWNANXX:2:2311:14380:100052_1:138629532",2.1e-24
"1100","HISEQ13:138:C6FWNANXX:2:2311:16985:95762_1:138563326",2.1e-24
"1101","HISEQ13:138:C6FWNANXX:2:1102:16761:99100_1:2897402",2.1e-24
"1102","HISEQ13:138:C6FWNANXX:2:1208:4224:95528_1:36538110",2.1e-24
"1103","HISEQ13:138:C6FWNANXX:2:2109:9795:78548_1:87222506",2.1e-24
"1104","HISEQ13:138:C6FWNANXX:2:2203:17079:99487_1:102733435",2.1e-24
"1105","HISEQ13:138:C6FWNANXX:2:1211:17235:26965_1:40114030",2.1e-24
"1106","HISEQ13:138:C6FWNANXX:2:1316:20067:24300_1:73230359",2.1e-24
"1107","HISEQ13:138:C6FWNANXX:2:1210:4320:71270_1:39249420",2.1e-24
"1108","HISEQ13:138:C6FWNANXX:2:2105:20980:10986_1:80336629",2.1e-24
"1109","HISEQ13:138:C6FWNANXX:2:2113:16433:36512_1:92649516",2.1e-24
"1110","HISEQ13:138:C6FWNANXX:2:2115:20463:62922_1:96273282",2.1e-24
"1111","HISEQ13:138:C6FWNANXX:2:2214:2846:71229_1:118818969",2.1e-24
"1112","HISEQ13:138:C6FWNANXX:2:2301:10754:71552_1:123587797",2.1e-24
"1113","HISEQ13:138:C6FWNANXX:2:2306:10565:81741_1:130823259",2.1e-24
"1114","HISEQ13:138:C6FWNANXX:2:2311:12277:79760_1:138309401",2.1e-24
"1115","HISEQ13:138:C6FWNANXX:2:1113:4027:19465_1:18411766",2.1e-24
"1116","HISEQ13:138:C6FWNANXX:2:1207:17343:37457_1:34128631",2.1e-24
"1117","HISEQ13:138:C6FWNANXX:2:2103:13299:100329_1:78775910",2.1e-24
"1118","HISEQ13:138:C6FWNANXX:2:2116:4818:60901_1:97865336",2.1e-24
"1119","HISEQ13:138:C6FWNANXX:2:2314:4794:38354_1:142395622",2.1e-24
"1120","HISEQ13:138:C6FWNANXX:2:1305:9542:82110_1:56619088",2.2e-24
"1121","HISEQ13:138:C6FWNANXX:2:2105:7777:17737_1:80431851",2.2e-24
"1122","HISEQ13:138:C6FWNANXX:2:2204:4735:58048_1:103554196",2.2e-24
"1123","HISEQ13:138:C6FWNANXX:2:1315:9804:73056_1:72357455",2.2e-24
"1124","HISEQ13:138:C6FWNANXX:2:2102:10055:47646_1:76616946",2.2e-24
"1125","HISEQ13:138:C6FWNANXX:2:2212:14383:21906_1:114851582",2.2e-24
"1126","HISEQ13:138:C6FWNANXX:2:1101:13559:2395_1:6892",2.2e-24
"1127","HISEQ13:138:C6FWNANXX:2:1311:13669:30791_1:65059066",2.2e-24
"1128","HISEQ13:138:C6FWNANXX:2:1315:2086:34047_1:71685614",2.2e-24
"1129","HISEQ13:138:C6FWNANXX:2:2214:6977:64972_1:118716889",2.2e-24
"1130","HISEQ13:138:C6FWNANXX:2:2315:19090:18073_1:143692940",2.2e-24
"1131","HISEQ13:138:C6FWNANXX:2:1312:4554:3387_1:66218398",2.2e-24
"1132","HISEQ13:138:C6FWNANXX:2:1316:4902:22230_1:73188185",2.2e-24
"1133","HISEQ13:138:C6FWNANXX:2:1102:8350:92253_1:2795975",2.2e-24
"1134","HISEQ13:138:C6FWNANXX:2:2205:19256:94090_1:105502838",2.2e-24
"1135","HISEQ13:138:C6FWNANXX:2:1211:20073:23267_1:40058192",2.2e-24
"1136","HISEQ13:138:C6FWNANXX:2:2101:12964:47018_1:75205934",2.2e-24
"1137","HISEQ13:138:C6FWNANXX:2:2116:15490:54376_1:97760896",2.2e-24
"1138","HISEQ13:138:C6FWNANXX:2:1101:18136:99702_1:1445757",2.2e-24
"1139","HISEQ13:138:C6FWNANXX:2:1211:8853:55932_1:40579267",2.2e-24
"1140","HISEQ13:138:C6FWNANXX:2:1307:20524:15820_1:58624521",2.2e-24
"1141","HISEQ13:138:C6FWNANXX:2:2211:10309:44610_1:113665203",2.2e-24
"1142","HISEQ13:138:C6FWNANXX:2:1116:3686:9580_1:23233740",2.2e-24
"1143","HISEQ13:138:C6FWNANXX:2:1208:8984:87385_1:36410676",2.2e-24
"1144","HISEQ13:138:C6FWNANXX:2:2312:5949:59607_1:139550667",2.2e-24
"1145","HISEQ13:138:C6FWNANXX:2:1104:4305:64743_1:5318792",2.2e-24
"1146","HISEQ13:138:C6FWNANXX:2:1303:19925:24888_1:52816280",2.2e-24
"1147","HISEQ13:138:C6FWNANXX:2:2213:3354:25864_1:116483521",2.2e-24
"1148","HISEQ13:138:C6FWNANXX:2:2307:17437:19190_1:131361095",2.3e-24
"1149","HISEQ13:138:C6FWNANXX:2:2112:19730:44615_1:91211906",2.3e-24
"1150","HISEQ13:138:C6FWNANXX:2:2210:3526:91847_1:112861840",2.3e-24
"1151","HISEQ13:138:C6FWNANXX:2:2316:13616:4892_1:145105989",2.3e-24
"1152","HISEQ13:138:C6FWNANXX:2:1211:2742:71820_1:40836145",2.3e-24
"1153","HISEQ13:138:C6FWNANXX:2:2316:18929:25309_1:145453773",2.3e-24
"1154","HISEQ13:138:C6FWNANXX:2:2204:15453:2193_1:102755919",2.3e-24
"1155","HISEQ13:138:C6FWNANXX:2:1215:15630:74278_1:47403996",2.3e-24
"1156","HISEQ13:138:C6FWNANXX:2:2106:12301:33687_1:82105418",2.3e-24
"1157","HISEQ13:138:C6FWNANXX:2:1210:3818:49915_1:38914278",2.4e-24
"1158","HISEQ13:138:C6FWNANXX:2:1306:2864:78187_1:58063177",2.4e-24
"1159","HISEQ13:138:C6FWNANXX:2:2105:16015:93824_1:81539904",2.4e-24
"1160","HISEQ13:138:C6FWNANXX:2:2214:10004:75023_1:118886007",2.4e-24
"1161","HISEQ13:138:C6FWNANXX:2:1106:2114:42601_1:7966887",2.4e-24
"1162","HISEQ13:138:C6FWNANXX:2:1209:9787:16625_1:36848105",2.4e-24
"1163","HISEQ13:138:C6FWNANXX:2:1209:9787:16625_1:36848106",2.4e-24
"1164","HISEQ13:138:C6FWNANXX:2:1211:12586:86962_1:41079566",2.4e-24
"1165","HISEQ13:138:C6FWNANXX:2:2215:2007:57271_1:120215925",2.4e-24
"1166","HISEQ13:138:C6FWNANXX:2:2302:5507:42929_1:124576314",2.4e-24
"1167","HISEQ13:138:C6FWNANXX:2:1209:8713:69967_1:37677658",2.4e-24
"1168","HISEQ13:138:C6FWNANXX:2:2108:14370:42155_1:85170650",2.4e-24
"1169","HISEQ13:138:C6FWNANXX:2:1308:18870:28076_1:60334872",2.5e-24
"1170","HISEQ13:138:C6FWNANXX:2:2208:3383:48175_1:109196042",2.5e-24
"1171","HISEQ13:138:C6FWNANXX:2:2302:20318:10652_1:124124746",2.5e-24
"1172","HISEQ13:138:C6FWNANXX:2:1206:10335:31241_1:32536096",2.5e-24
"1173","HISEQ13:138:C6FWNANXX:2:1303:11035:24721_1:52811019",2.5e-24
"1174","HISEQ13:138:C6FWNANXX:2:2115:11667:71326_1:96410465",2.5e-24
"1175","HISEQ13:138:C6FWNANXX:2:2206:7584:55345_1:106380122",2.5e-24
"1176","HISEQ13:138:C6FWNANXX:2:1101:19487:87681_1:1268552",2.5e-24
"1177","HISEQ13:138:C6FWNANXX:2:2306:14311:64408_1:130570852",2.5e-24
"1178","HISEQ13:138:C6FWNANXX:2:1116:3824:15309_1:23332627",2.5e-24
"1179","HISEQ13:138:C6FWNANXX:2:2111:14106:19655_1:89341139",2.5e-24
"1180","HISEQ13:138:C6FWNANXX:2:1209:8713:69967_1:37677659",2.5e-24
"1181","HISEQ13:138:C6FWNANXX:2:1210:2568:42686_1:38800678",2.5e-24
"1182","HISEQ13:138:C6FWNANXX:2:2112:7009:98452_1:92058207",2.5e-24
"1183","HISEQ13:138:C6FWNANXX:2:1103:15850:86156_1:4171177",2.5e-24
"1184","HISEQ13:138:C6FWNANXX:2:1113:19401:78758_1:19397861",2.5e-24
"1185","HISEQ13:138:C6FWNANXX:2:1311:12201:76649_1:65801893",2.5e-24
"1186","HISEQ13:138:C6FWNANXX:2:1314:9212:76102_1:70721190",2.5e-24
"1187","HISEQ13:138:C6FWNANXX:2:2103:12031:92998_1:78668145",2.5e-24
"1188","HISEQ13:138:C6FWNANXX:2:2209:5262:82692_1:111214852",2.5e-24
"1189","HISEQ13:138:C6FWNANXX:2:2203:15238:77148_1:102415073",2.5e-24
"1190","HISEQ13:138:C6FWNANXX:2:2311:15262:71253_1:138175394",2.5e-24
"1191","HISEQ13:138:C6FWNANXX:2:1104:1505:100401_1:5853378",2.6e-24
"1192","HISEQ13:138:C6FWNANXX:2:1211:2937:63010_1:40695208",2.6e-24
"1193","HISEQ13:138:C6FWNANXX:2:2214:10004:75023_1:118886006",2.6e-24
"1194","HISEQ13:138:C6FWNANXX:2:1102:15876:18427_1:1706027",2.6e-24
"1195","HISEQ13:138:C6FWNANXX:2:2210:4386:16487_1:111709993",2.6e-24
"1196","HISEQ13:138:C6FWNANXX:2:2302:11464:39846_1:124535217",2.6e-24
"1197","HISEQ13:138:C6FWNANXX:2:2102:7651:92636_1:77258391",2.6e-24
"1198","HISEQ13:138:C6FWNANXX:2:1201:4558:30073_1:25217413",2.6e-24
"1199","HISEQ13:138:C6FWNANXX:2:2112:7829:67349_1:91566559",2.6e-24
"1200","HISEQ13:138:C6FWNANXX:2:1113:18280:85692_1:19509928",2.6e-24
"1201","HISEQ13:138:C6FWNANXX:2:2114:12478:17927_1:93933848",2.6e-24
"1202","HISEQ13:138:C6FWNANXX:2:2202:11571:48753_1:100599414",2.6e-24
"1203","HISEQ13:138:C6FWNANXX:2:2212:8440:6885_1:114625563",2.6e-24
"1204","HISEQ13:138:C6FWNANXX:2:2215:9299:87827_1:120722460",2.6e-24
"1205","HISEQ13:138:C6FWNANXX:2:1312:1929:89105_1:67623385",2.6e-24
"1206","HISEQ13:138:C6FWNANXX:2:2313:9032:39510_1:140813063",2.7e-24
"1207","HISEQ13:138:C6FWNANXX:2:1116:8055:12242_1:23277715",2.7e-24
"1208","HISEQ13:138:C6FWNANXX:2:2314:13517:74251_1:142992383",2.7e-24
"1209","HISEQ13:138:C6FWNANXX:2:1103:3990:46531_1:3582575",2.7e-24
"1210","HISEQ13:138:C6FWNANXX:2:1206:12698:99194_1:33565761",2.7e-24
"1211","HISEQ13:138:C6FWNANXX:2:2116:14683:17364_1:97150070",2.7e-24
"1212","HISEQ13:138:C6FWNANXX:2:2211:19703:57166_1:113862688",2.7e-24
"1213","HISEQ13:138:C6FWNANXX:2:2212:19515:66777_1:115563340",2.7e-24
"1214","HISEQ13:138:C6FWNANXX:2:2313:14378:6049_1:140275044",2.7e-24
"1215","HISEQ13:138:C6FWNANXX:2:1102:4183:27710_1:1839795",2.7e-24
"1216","HISEQ13:138:C6FWNANXX:2:1213:8255:43716_1:43568487",2.8e-24
"1217","HISEQ13:138:C6FWNANXX:2:1216:10750:54192_1:48756285",2.8e-24
"1218","HISEQ13:138:C6FWNANXX:2:2305:8595:59499_1:129050767",2.8e-24
"1219","HISEQ13:138:C6FWNANXX:2:1208:15931:21891_1:35400499",2.8e-24
"1220","HISEQ13:138:C6FWNANXX:2:1306:7889:76360_1:58037293",2.8e-24
"1221","HISEQ13:138:C6FWNANXX:2:2107:20816:13028_1:83263567",2.8e-24
"1222","HISEQ13:138:C6FWNANXX:2:1306:3133:40972_1:57493709",2.8e-24
"1223","HISEQ13:138:C6FWNANXX:2:1311:7193:55794_1:65462945",2.8e-24
"1224","HISEQ13:138:C6FWNANXX:2:2202:7194:53117_1:100658885",2.8e-24
"1225","HISEQ13:138:C6FWNANXX:2:2311:14380:100052_1:138629533",2.8e-24
"1226","HISEQ13:138:C6FWNANXX:2:2311:16985:95762_1:138563325",2.8e-24
"1227","HISEQ13:138:C6FWNANXX:2:2212:16635:71839_1:115642364",2.8e-24
"1228","HISEQ13:138:C6FWNANXX:2:1111:2550:5538_1:15089126",2.8e-24
"1229","HISEQ13:138:C6FWNANXX:2:2115:15520:68437_1:96362218",2.8e-24
"1230","HISEQ13:138:C6FWNANXX:2:2215:7557:41273_1:119954054",2.8e-24
"1231","HISEQ13:138:C6FWNANXX:2:2302:2218:81840_1:125128021",2.8e-24
"1232","HISEQ13:138:C6FWNANXX:2:2314:19007:78761_1:143067135",2.8e-24
"1233","HISEQ13:138:C6FWNANXX:2:2311:12959:48899_1:137820213",2.8e-24
"1234","HISEQ13:138:C6FWNANXX:2:1203:14322:21423_1:27996400",2.8e-24
"1235","HISEQ13:138:C6FWNANXX:2:1203:7264:7359_1:27788850",2.8e-24
"1236","HISEQ13:138:C6FWNANXX:2:1312:13485:43457_1:66873088",2.8e-24
"1237","HISEQ13:138:C6FWNANXX:2:2105:8415:4960_1:80246914",2.8e-24
"1238","HISEQ13:138:C6FWNANXX:2:1101:13226:28334_1:391705",2.8e-24
"1239","HISEQ13:138:C6FWNANXX:2:2101:13078:23055_1:74863257",2.8e-24
"1240","HISEQ13:138:C6FWNANXX:2:2203:8319:90734_1:102606889",2.8e-24
"1241","HISEQ13:138:C6FWNANXX:2:1105:11063:25992_1:6222072",2.8e-24
"1242","HISEQ13:138:C6FWNANXX:2:1207:2834:57015_1:34426180",2.8e-24
"1243","HISEQ13:138:C6FWNANXX:2:2109:2604:77667_1:87205860",2.8e-24
"1244","HISEQ13:138:C6FWNANXX:2:2209:20702:7458_1:110075341",2.8e-24
"1245","HISEQ13:138:C6FWNANXX:2:2102:17273:36250_1:76454762",2.9e-24
"1246","HISEQ13:138:C6FWNANXX:2:2105:2575:34205_1:80670308",2.9e-24
"1247","HISEQ13:138:C6FWNANXX:2:2110:9427:28227_1:87958895",2.9e-24
"1248","HISEQ13:138:C6FWNANXX:2:1206:10740:98377_1:33554435",2.9e-24
"1249","HISEQ13:138:C6FWNANXX:2:2201:2321:43276_1:99113949",2.9e-24
"1250","HISEQ13:138:C6FWNANXX:2:1302:16641:96443_1:52411720",2.9e-24
"1251","HISEQ13:138:C6FWNANXX:2:2214:11518:92534_1:119172225",2.9e-24
"1252","HISEQ13:138:C6FWNANXX:2:1109:6719:44252_1:12578818",2.9e-24
"1253","HISEQ13:138:C6FWNANXX:2:1114:20150:97203_1:21364002",2.9e-24
"1254","HISEQ13:138:C6FWNANXX:2:1304:10393:72583_1:54992919",2.9e-24
"1255","HISEQ13:138:C6FWNANXX:2:2207:14608:80467_1:108205803",2.9e-24
"1256","HISEQ13:138:C6FWNANXX:2:1103:3257:2832_1:2933878",2.9e-24
"1257","HISEQ13:138:C6FWNANXX:2:1112:1970:3142_1:16714068",2.9e-24
"1258","HISEQ13:138:C6FWNANXX:2:1201:20016:22984_1:25113735",2.9e-24
"1259","HISEQ13:138:C6FWNANXX:2:1305:20972:73158_1:56484675",2.9e-24
"1260","HISEQ13:138:C6FWNANXX:2:1314:8712:79453_1:70776494",2.9e-24
"1261","HISEQ13:138:C6FWNANXX:2:1116:16813:39757_1:23756588",2.9e-24
"1262","HISEQ13:138:C6FWNANXX:2:1212:16311:94153_1:42775574",2.9e-24
"1263","HISEQ13:138:C6FWNANXX:2:2302:8736:85365_1:125178961",2.9e-24
"1264","HISEQ13:138:C6FWNANXX:2:1315:5743:26931_1:71562484",2.9e-24
"1265","HISEQ13:138:C6FWNANXX:2:1316:10156:77784_1:74163239",2.9e-24
"1266","HISEQ13:138:C6FWNANXX:2:2107:12698:84405_1:84321430",2.9e-24
"1267","HISEQ13:138:C6FWNANXX:2:2205:18748:96608_1:105538866",2.9e-24
"1268","HISEQ13:138:C6FWNANXX:2:2102:18836:69502_1:76930461",3e-24
"1269","HISEQ13:138:C6FWNANXX:2:2203:19607:99944_1:102741131",3e-24
"1270","HISEQ13:138:C6FWNANXX:2:2305:8553:16944_1:128433287",3e-24
"1271","HISEQ13:138:C6FWNANXX:2:1104:20002:14039_1:4569221",3e-24
"1272","HISEQ13:138:C6FWNANXX:2:1301:12491:30464_1:49987004",3e-24
"1273","HISEQ13:138:C6FWNANXX:2:2116:20832:34250_1:97432955",3e-24
"1274","HISEQ13:138:C6FWNANXX:2:2311:3117:52369_1:137873091",3e-24
"1275","HISEQ13:138:C6FWNANXX:2:1301:7757:40432_1:50133203",3e-24
"1276","HISEQ13:138:C6FWNANXX:2:1302:12344:50632_1:51736532",3e-24
"1277","HISEQ13:138:C6FWNANXX:2:1313:4621:9707_1:67942830",3e-24
"1278","HISEQ13:138:C6FWNANXX:2:2303:2768:100624_1:126796045",3e-24
"1279","HISEQ13:138:C6FWNANXX:2:1306:4232:92899_1:58287807",3e-24
"1280","HISEQ13:138:C6FWNANXX:2:1214:14394:62232_1:45525915",3e-24
"1281","HISEQ13:138:C6FWNANXX:2:2204:10877:60486_1:103587453",3e-24
"1282","HISEQ13:138:C6FWNANXX:2:2215:2011:99226_1:120907821",3e-24
"1283","HISEQ13:138:C6FWNANXX:2:1311:14280:9966_1:64722857",3e-24
"1284","HISEQ13:138:C6FWNANXX:2:1213:16945:93159_1:44388771",3e-24
"1285","HISEQ13:138:C6FWNANXX:2:1215:13004:98754_1:47821868",3e-24
"1286","HISEQ13:138:C6FWNANXX:2:2114:14955:2062_1:93681151",3e-24
"1287","HISEQ13:138:C6FWNANXX:2:2316:14482:14696_1:145271639",3e-24
"1288","HISEQ13:138:C6FWNANXX:2:1116:9710:39779_1:23754960",3.1e-24
"1289","HISEQ13:138:C6FWNANXX:2:1311:9212:19052_1:64870944",3.1e-24
"1290","HISEQ13:138:C6FWNANXX:2:2316:4291:2249_1:145058339",3.1e-24
"1291","HISEQ13:138:C6FWNANXX:2:1201:21144:88491_1:26077050",3.2e-24
"1292","HISEQ13:138:C6FWNANXX:2:1214:17549:64569_1:45568698",3.2e-24
"1293","HISEQ13:138:C6FWNANXX:2:2113:18780:89227_1:93491076",3.2e-24
"1294","HISEQ13:138:C6FWNANXX:2:2210:16301:98451_1:112964401",3.2e-24
"1295","HISEQ13:138:C6FWNANXX:2:1208:14783:60346_1:35993491",3.2e-24
"1296","HISEQ13:138:C6FWNANXX:2:1209:12876:16490_1:36844940",3.2e-24
"1297","HISEQ13:138:C6FWNANXX:2:2312:9667:60102_1:139559192",3.2e-24
"1298","HISEQ13:138:C6FWNANXX:2:1102:6199:92240_1:2791789",3.2e-24
"1299","HISEQ13:138:C6FWNANXX:2:1201:4879:12483_1:24956213",3.2e-24
"1300","HISEQ13:138:C6FWNANXX:2:1213:3560:72690_1:44047841",3.2e-24
"1301","HISEQ13:138:C6FWNANXX:2:2209:19140:63366_1:110924423",3.2e-24
"1302","HISEQ13:138:C6FWNANXX:2:2112:14464:24463_1:90895243",3.2e-24
"1303","HISEQ13:138:C6FWNANXX:2:2109:19952:66665_1:87042302",3.2e-24
"1304","HISEQ13:138:C6FWNANXX:2:1107:11429:26419_1:9231232",3.2e-24
"1305","HISEQ13:138:C6FWNANXX:2:1208:1749:49208_1:35816464",3.2e-24
"1306","HISEQ13:138:C6FWNANXX:2:1304:9060:59056_1:54790748",3.2e-24
"1307","HISEQ13:138:C6FWNANXX:2:2115:19914:15921_1:95509733",3.2e-24
"1308","HISEQ13:138:C6FWNANXX:2:1212:11980:65069_1:42298666",3.2e-24
"1309","HISEQ13:138:C6FWNANXX:2:2301:12338:33909_1:123056636",3.2e-24
"1310","HISEQ13:138:C6FWNANXX:2:2312:8240:77365_1:139833341",3.2e-24
"1311","HISEQ13:138:C6FWNANXX:2:1116:9927:11615_1:23269543",3.2e-24
"1312","HISEQ13:138:C6FWNANXX:2:2103:6851:76508_1:78436099",3.2e-24
"1313","HISEQ13:138:C6FWNANXX:2:2207:9928:16221_1:107256903",3.2e-24
"1314","HISEQ13:138:C6FWNANXX:2:2210:17427:26412_1:111865371",3.2e-24
"1315","HISEQ13:138:C6FWNANXX:2:2305:4462:8414_1:128309236",3.2e-24
"1316","HISEQ13:138:C6FWNANXX:2:2216:9480:92357_1:122461938",3.2e-24
"1317","HISEQ13:138:C6FWNANXX:2:2302:20381:51369_1:124698766",3.3e-24
"1318","HISEQ13:138:C6FWNANXX:2:2306:7847:32413_1:130097953",3.3e-24
"1319","HISEQ13:138:C6FWNANXX:2:2315:20207:8785_1:143540803",3.3e-24
"1320","HISEQ13:138:C6FWNANXX:2:1104:4015:93522_1:5753060",3.3e-24
"1321","HISEQ13:138:C6FWNANXX:2:1202:11401:28622_1:26651005",3.3e-24
"1322","HISEQ13:138:C6FWNANXX:2:2115:17954:84811_1:96631995",3.3e-24
"1323","HISEQ13:138:C6FWNANXX:2:2116:16651:57960_1:97819127",3.3e-24
"1324","HISEQ13:138:C6FWNANXX:2:2206:1610:64985_1:106519243",3.3e-24
"1325","HISEQ13:138:C6FWNANXX:2:2312:20346:99462_1:140187196",3.3e-24
"1326","HISEQ13:138:C6FWNANXX:2:2301:17407:89213_1:123836249",3.3e-24
"1327","HISEQ13:138:C6FWNANXX:2:1101:11290:6733_1:68846",3.3e-24
"1328","HISEQ13:138:C6FWNANXX:2:2101:14215:98092_1:75931015",3.3e-24
"1329","HISEQ13:138:C6FWNANXX:2:1115:13378:74891_1:22658582",3.3e-24
"1330","HISEQ13:138:C6FWNANXX:2:2302:5507:42929_1:124576315",3.3e-24
"1331","HISEQ13:138:C6FWNANXX:2:2306:7358:6067_1:129712625",3.3e-24
"1332","HISEQ13:138:C6FWNANXX:2:1207:10695:48529_1:34298638",3.3e-24
"1333","HISEQ13:138:C6FWNANXX:2:1215:5598:61099_1:47178277",3.3e-24
"1334","HISEQ13:138:C6FWNANXX:2:1302:6984:35204_1:51507457",3.3e-24
"1335","HISEQ13:138:C6FWNANXX:2:1106:7833:87204_1:8647010",3.3e-24
"1336","HISEQ13:138:C6FWNANXX:2:1311:12201:76649_1:65801892",3.3e-24
"1337","HISEQ13:138:C6FWNANXX:2:2206:4367:11461_1:105735207",3.3e-24
"1338","HISEQ13:138:C6FWNANXX:2:2307:7779:99139_1:132547007",3.3e-24
"1339","HISEQ13:138:C6FWNANXX:2:2206:14283:3832_1:105627672",3.3e-24
"1340","HISEQ13:138:C6FWNANXX:2:1206:13910:78938_1:33260549",3.4e-24
"1341","HISEQ13:138:C6FWNANXX:2:2203:9340:47665_1:101993345",3.4e-24
"1342","HISEQ13:138:C6FWNANXX:2:2215:15907:13670_1:119497866",3.4e-24
"1343","HISEQ13:138:C6FWNANXX:2:2305:8236:27599_1:128588037",3.4e-24
"1344","HISEQ13:138:C6FWNANXX:2:2312:5586:46215_1:139336343",3.4e-24
"1345","HISEQ13:138:C6FWNANXX:2:1310:2919:47180_1:63744119",3.4e-24
"1346","HISEQ13:138:C6FWNANXX:2:1209:6991:55650_1:37453705",3.4e-24
"1347","HISEQ13:138:C6FWNANXX:2:1301:6486:97230_1:50966549",3.4e-24
"1348","HISEQ13:138:C6FWNANXX:2:1316:16203:8054_1:72946590",3.4e-24
"1349","HISEQ13:138:C6FWNANXX:2:1109:17387:94369_1:13372448",3.4e-24
"1350","HISEQ13:138:C6FWNANXX:2:1115:14485:65242_1:22494512",3.4e-24
"1351","HISEQ13:138:C6FWNANXX:2:2212:19515:66777_1:115563339",3.4e-24
"1352","HISEQ13:138:C6FWNANXX:2:2216:3522:34320_1:121478328",3.4e-24
"1353","HISEQ13:138:C6FWNANXX:2:1312:11325:28778_1:66636821",3.4e-24
"1354","HISEQ13:138:C6FWNANXX:2:2307:2278:53637_1:131869437",3.4e-24
"1355","HISEQ13:138:C6FWNANXX:2:1102:16761:99100_1:2897403",3.4e-24
"1356","HISEQ13:138:C6FWNANXX:2:1116:14514:30193_1:23589173",3.4e-24
"1357","HISEQ13:138:C6FWNANXX:2:1213:16209:98592_1:44480199",3.4e-24
"1358","HISEQ13:138:C6FWNANXX:2:1311:8987:47421_1:65324833",3.4e-24
"1359","HISEQ13:138:C6FWNANXX:2:1312:18594:14846_1:66409588",3.4e-24
"1360","HISEQ13:138:C6FWNANXX:2:1315:18417:60441_1:72140056",3.4e-24
"1361","HISEQ13:138:C6FWNANXX:2:2107:14574:14756_1:83288294",3.4e-24
"1362","HISEQ13:138:C6FWNANXX:2:2201:18427:30039_1:98928030",3.4e-24
"1363","HISEQ13:138:C6FWNANXX:2:2201:9025:70046_1:99497056",3.4e-24
"1364","HISEQ13:138:C6FWNANXX:2:2211:8156:3222_1:113017236",3.4e-24
"1365","HISEQ13:138:C6FWNANXX:2:2216:17543:55975_1:121845069",3.4e-24
"1366","HISEQ13:138:C6FWNANXX:2:1108:12081:10505_1:10507920",3.4e-24
"1367","HISEQ13:138:C6FWNANXX:2:1216:5065:48533_1:48660446",3.4e-24
"1368","HISEQ13:138:C6FWNANXX:2:1314:9212:76102_1:70721191",3.4e-24
"1369","HISEQ13:138:C6FWNANXX:2:2103:12031:92998_1:78668144",3.4e-24
"1370","HISEQ13:138:C6FWNANXX:2:2114:8336:32772_1:94175997",3.4e-24
"1371","HISEQ13:138:C6FWNANXX:2:2311:15910:46325_1:137781300",3.4e-24
"1372","HISEQ13:138:C6FWNANXX:2:1201:7044:70955_1:25817821",3.4e-24
"1373","HISEQ13:138:C6FWNANXX:2:2110:12278:90431_1:88909938",3.4e-24
"1374","HISEQ13:138:C6FWNANXX:2:2211:14771:55115_1:113830889",3.4e-24
"1375","HISEQ13:138:C6FWNANXX:2:1102:7999:76832_1:2566336",3.4e-24
"1376","HISEQ13:138:C6FWNANXX:2:1103:20929:72342_1:3967951",3.4e-24
"1377","HISEQ13:138:C6FWNANXX:2:2305:11574:82895_1:129392444",3.4e-24
"1378","HISEQ13:138:C6FWNANXX:2:1112:14368:73872_1:17684645",3.5e-24
"1379","HISEQ13:138:C6FWNANXX:2:1202:7809:100607_1:27706314",3.5e-24
"1380","HISEQ13:138:C6FWNANXX:2:1309:13787:80151_1:62703943",3.5e-24
"1381","HISEQ13:138:C6FWNANXX:2:1315:2649:43106_1:71840461",3.5e-24
"1382","HISEQ13:138:C6FWNANXX:2:2207:8853:40857_1:107619582",3.5e-24
"1383","HISEQ13:138:C6FWNANXX:2:2301:4338:30326_1:123005930",3.5e-24
"1384","HISEQ13:138:C6FWNANXX:2:1112:8474:37310_1:17090784",3.5e-24
"1385","HISEQ13:138:C6FWNANXX:2:1210:13426:31233_1:38622126",3.5e-24
"1386","HISEQ13:138:C6FWNANXX:2:1305:2623:56020_1:56226194",3.5e-24
"1387","HISEQ13:138:C6FWNANXX:2:2314:10914:51643_1:142615883",3.5e-24
"1388","HISEQ13:138:C6FWNANXX:2:2106:4722:11922_1:81785390",3.5e-24
"1389","HISEQ13:138:C6FWNANXX:2:2304:4926:86441_1:128009711",3.5e-24
"1390","HISEQ13:138:C6FWNANXX:2:1216:19015:67773_1:48997542",3.5e-24
"1391","HISEQ13:138:C6FWNANXX:2:1304:15400:65167_1:54881764",3.5e-24
"1392","HISEQ13:138:C6FWNANXX:2:1310:6275:63933_1:64010989",3.5e-24
"1393","HISEQ13:138:C6FWNANXX:2:1107:11429:26419_1:9231233",3.5e-24
"1394","HISEQ13:138:C6FWNANXX:2:2204:18674:75904_1:103811168",3.5e-24
"1395","HISEQ13:138:C6FWNANXX:2:2214:5753:56517_1:118580886",3.5e-24
"1396","HISEQ13:138:C6FWNANXX:2:2109:19990:57997_1:86908747",3.5e-24
"1397","HISEQ13:138:C6FWNANXX:2:1216:4856:17960_1:48129057",3.5e-24
"1398","HISEQ13:138:C6FWNANXX:2:1208:15931:21891_1:35400500",3.5e-24
"1399","HISEQ13:138:C6FWNANXX:2:1308:16955:53029_1:60722742",3.6e-24
"1400","HISEQ13:138:C6FWNANXX:2:1207:10695:48529_1:34298637",3.6e-24
"1401","HISEQ13:138:C6FWNANXX:2:1211:3684:68152_1:40776029",3.6e-24
"1402","HISEQ13:138:C6FWNANXX:2:1215:7776:67302_1:47285056",3.6e-24
"1403","HISEQ13:138:C6FWNANXX:2:2202:2660:46012_1:100559081",3.6e-24
"1404","HISEQ13:138:C6FWNANXX:2:2303:20519:36921_1:125895272",3.6e-24
"1405","HISEQ13:138:C6FWNANXX:2:1116:12725:74105_1:24342979",3.6e-24
"1406","HISEQ13:138:C6FWNANXX:2:1203:14322:21423_1:27996399",3.6e-24
"1407","HISEQ13:138:C6FWNANXX:2:1301:2271:95039_1:50936365",3.6e-24
"1408","HISEQ13:138:C6FWNANXX:2:2103:19579:3136_1:77393590",3.6e-24
"1409","HISEQ13:138:C6FWNANXX:2:2313:14378:6049_1:140275045",3.6e-24
"1410","HISEQ13:138:C6FWNANXX:2:2313:2735:13732_1:140392733",3.6e-24
"1411","HISEQ13:138:C6FWNANXX:2:1115:2544:27491_1:21852824",3.6e-24
"1412","HISEQ13:138:C6FWNANXX:2:2208:20765:50953_1:109240514",3.6e-24
"1413","HISEQ13:138:C6FWNANXX:2:2308:14616:52763_1:133339499",3.6e-24
"1414","HISEQ13:138:C6FWNANXX:2:1203:5239:16901_1:27928364",3.6e-24
"1415","HISEQ13:138:C6FWNANXX:2:1309:4351:33139_1:61957770",3.6e-24
"1416","HISEQ13:138:C6FWNANXX:2:1116:14732:15796_1:23343853",3.6e-24
"1417","HISEQ13:138:C6FWNANXX:2:1304:3478:34697_1:54422322",3.6e-24
"1418","HISEQ13:138:C6FWNANXX:2:2201:15594:35765_1:99010071",3.6e-24
"1419","HISEQ13:138:C6FWNANXX:2:2204:6613:11587_1:102887815",3.6e-24
"1420","HISEQ13:138:C6FWNANXX:2:2210:8174:30228_1:111920247",3.6e-24
"1421","HISEQ13:138:C6FWNANXX:2:1309:18077:17735_1:61716635",3.7e-24
"1422","HISEQ13:138:C6FWNANXX:2:2115:19914:15921_1:95509734",3.7e-24
"1423","HISEQ13:138:C6FWNANXX:2:2211:15057:34295_1:113505767",3.7e-24
"1424","HISEQ13:138:C6FWNANXX:2:1106:9610:55401_1:8162702",3.7e-24
"1425","HISEQ13:138:C6FWNANXX:2:2101:20090:12857_1:74718412",3.7e-24
"1426","HISEQ13:138:C6FWNANXX:2:2213:17788:65460_1:117121253",3.7e-24
"1427","HISEQ13:138:C6FWNANXX:2:2216:7670:60553_1:121923555",3.7e-24
"1428","HISEQ13:138:C6FWNANXX:2:1303:11401:54836_1:53258647",3.7e-24
"1429","HISEQ13:138:C6FWNANXX:2:2105:4246:40128_1:80757696",3.7e-24
"1430","HISEQ13:138:C6FWNANXX:2:1102:20591:11310_1:1602905",3.7e-24
"1431","HISEQ13:138:C6FWNANXX:2:2106:20843:88770_1:82919634",3.7e-24
"1432","HISEQ13:138:C6FWNANXX:2:1105:8047:92240_1:7216523",3.8e-24
"1433","HISEQ13:138:C6FWNANXX:2:2111:5426:65944_1:90069168",3.8e-24
"1434","HISEQ13:138:C6FWNANXX:2:2215:4474:16309_1:119540634",3.8e-24
"1435","HISEQ13:138:C6FWNANXX:2:2303:16587:65249_1:126295518",3.8e-24
"1436","HISEQ13:138:C6FWNANXX:2:2112:8922:83599_1:91825890",3.8e-24
"1437","HISEQ13:138:C6FWNANXX:2:1311:14960:85012_1:65941923",3.8e-24
"1438","HISEQ13:138:C6FWNANXX:2:2203:1723:98024_1:102713163",3.8e-24
"1439","HISEQ13:138:C6FWNANXX:2:1104:11607:86309_1:5645868",3.9e-24
"1440","HISEQ13:138:C6FWNANXX:2:1207:7259:61102_1:34487264",3.9e-24
"1441","HISEQ13:138:C6FWNANXX:2:2104:15925:81129_1:79923705",3.9e-24
"1442","HISEQ13:138:C6FWNANXX:2:2211:13368:31091_1:113454370",3.9e-24
"1443","HISEQ13:138:C6FWNANXX:2:2302:17767:63538_1:124871094",3.9e-24
"1444","HISEQ13:138:C6FWNANXX:2:2304:11048:70730_1:127784804",3.9e-24
"1445","HISEQ13:138:C6FWNANXX:2:2308:16696:7806_1:132661737",3.9e-24
"1446","HISEQ13:138:C6FWNANXX:2:2114:14955:2062_1:93681152",3.9e-24
"1447","HISEQ13:138:C6FWNANXX:2:2115:2253:52704_1:96102502",3.9e-24
"1448","HISEQ13:138:C6FWNANXX:2:2308:6878:69605_1:133591033",3.9e-24
"1449","HISEQ13:138:C6FWNANXX:2:2207:10616:96584_1:108446576",4e-24
"1450","HISEQ13:138:C6FWNANXX:2:1103:6532:15586_1:3123440",4e-24
"1451","HISEQ13:138:C6FWNANXX:2:1112:8781:97812_1:18077096",4e-24
"1452","HISEQ13:138:C6FWNANXX:2:2110:4408:92627_1:88941572",4e-24
"1453","HISEQ13:138:C6FWNANXX:2:2304:16389:96964_1:128162925",4e-24
"1454","HISEQ13:138:C6FWNANXX:2:2212:12280:28214_1:114950029",4e-24
"1455","HISEQ13:138:C6FWNANXX:2:2305:11577:11053_1:128350536",4e-24
"1456","HISEQ13:138:C6FWNANXX:2:1115:6686:22563_1:21773664",4e-24
"1457","HISEQ13:138:C6FWNANXX:2:2115:7441:70281_1:96393285",4e-24
"1458","HISEQ13:138:C6FWNANXX:2:2115:8492:78521_1:96527433",4e-24
"1459","HISEQ13:138:C6FWNANXX:2:2213:8635:26190_1:116488584",4e-24
"1460","HISEQ13:138:C6FWNANXX:2:1303:3590:7242_1:52550688",4e-24
"1461","HISEQ13:138:C6FWNANXX:2:1306:4345:20553_1:57184984",4e-24
"1462","HISEQ13:138:C6FWNANXX:2:2112:5466:22626_1:90865260",4e-24
"1463","HISEQ13:138:C6FWNANXX:2:2305:12694:51017_1:128931649",4.1e-24
"1464","HISEQ13:138:C6FWNANXX:2:2305:20591:75205_1:129280939",4.1e-24
"1465","HISEQ13:138:C6FWNANXX:2:1111:13124:90458_1:16503157",4.1e-24
"1466","HISEQ13:138:C6FWNANXX:2:1204:18568:62924_1:30056296",4.1e-24
"1467","HISEQ13:138:C6FWNANXX:2:2105:12639:63275_1:81096398",4.1e-24
"1468","HISEQ13:138:C6FWNANXX:2:2106:19688:39828_1:82198538",4.1e-24
"1469","HISEQ13:138:C6FWNANXX:2:2111:4353:90464_1:90485387",4.1e-24
"1470","HISEQ13:138:C6FWNANXX:2:1110:13662:12986_1:13646311",4.2e-24
"1471","HISEQ13:138:C6FWNANXX:2:2309:13516:100147_1:135560951",4.2e-24
"1472","HISEQ13:138:C6FWNANXX:2:1114:2606:74665_1:20981294",4.2e-24
"1473","HISEQ13:138:C6FWNANXX:2:1206:19479:52188_1:32856886",4.2e-24
"1474","HISEQ13:138:C6FWNANXX:2:1214:6197:37842_1:45117294",4.2e-24
"1475","HISEQ13:138:C6FWNANXX:2:1202:20491:100044_1:27701470",4.2e-24
"1476","HISEQ13:138:C6FWNANXX:2:2312:17265:81167_1:139895239",4.2e-24
"1477","HISEQ13:138:C6FWNANXX:2:1108:11265:88306_1:11718673",4.2e-24
"1478","HISEQ13:138:C6FWNANXX:2:1204:20306:19986_1:29417132",4.2e-24
"1479","HISEQ13:138:C6FWNANXX:2:1313:18476:17886_1:68081503",4.2e-24
"1480","HISEQ13:138:C6FWNANXX:2:2107:18908:42738_1:83700302",4.2e-24
"1481","HISEQ13:138:C6FWNANXX:2:2310:15936:2991_1:135584889",4.2e-24
"1482","HISEQ13:138:C6FWNANXX:2:2314:8266:10278_1:141938861",4.2e-24
"1483","HISEQ13:138:C6FWNANXX:2:1206:14113:20449_1:32374316",4.3e-24
"1484","HISEQ13:138:C6FWNANXX:2:2204:18437:73567_1:103778783",4.3e-24
"1485","HISEQ13:138:C6FWNANXX:2:2104:12656:60321_1:79622856",4.4e-24
"1486","HISEQ13:138:C6FWNANXX:2:1105:13745:40885_1:6448075",4.4e-24
"1487","HISEQ13:138:C6FWNANXX:2:1114:3862:68879_1:20885006",4.4e-24
"1488","HISEQ13:138:C6FWNANXX:2:1107:20477:10799_1:8995437",4.4e-24
"1489","HISEQ13:138:C6FWNANXX:2:1110:1834:4881_1:13517494",4.4e-24
"1490","HISEQ13:138:C6FWNANXX:2:1311:13802:91427_1:66044070",4.4e-24
"1491","HISEQ13:138:C6FWNANXX:2:2113:9358:18412_1:92358671",4.4e-24
"1492","HISEQ13:138:C6FWNANXX:2:2307:3007:22081_1:131402868",4.4e-24
"1493","HISEQ13:138:C6FWNANXX:2:1209:16110:93744_1:38050529",4.4e-24
"1494","HISEQ13:138:C6FWNANXX:2:1313:15877:90754_1:69298366",4.4e-24
"1495","HISEQ13:138:C6FWNANXX:2:1101:6239:25385_1:346055",4.4e-24
"1496","HISEQ13:138:C6FWNANXX:2:2214:6544:63512_1:118696182",4.4e-24
"1497","HISEQ13:138:C6FWNANXX:2:2104:2112:14630_1:78963206",4.5e-24
"1498","HISEQ13:138:C6FWNANXX:2:1201:4340:48630_1:25489037",4.5e-24
"1499","HISEQ13:138:C6FWNANXX:2:1209:3437:59234_1:37507807",4.5e-24
"1500","HISEQ13:138:C6FWNANXX:2:1301:5432:62844_1:50463286",4.5e-24
"1501","HISEQ13:138:C6FWNANXX:2:2111:12274:65400_1:90062458",4.5e-24
"1502","HISEQ13:138:C6FWNANXX:2:2302:20651:99142_1:125376258",4.5e-24
"1503","HISEQ13:138:C6FWNANXX:2:2216:3522:34320_1:121478329",4.5e-24
"1504","HISEQ13:138:C6FWNANXX:2:1206:19479:52188_1:32856887",4.5e-24
"1505","HISEQ13:138:C6FWNANXX:2:2207:9089:19666_1:107308223",4.5e-24
"1506","HISEQ13:138:C6FWNANXX:2:2315:13436:19167_1:143707960",4.6e-24
"1507","HISEQ13:138:C6FWNANXX:2:1210:20982:25560_1:38537541",4.6e-24
"1508","HISEQ13:138:C6FWNANXX:2:1211:12980:38591_1:40302243",4.6e-24
"1509","HISEQ13:138:C6FWNANXX:2:1216:2987:56720_1:48798465",4.6e-24
"1510","HISEQ13:138:C6FWNANXX:2:1208:2211:9857_1:35213530",4.6e-24
"1511","HISEQ13:138:C6FWNANXX:2:1210:2568:42686_1:38800677",4.6e-24
"1512","HISEQ13:138:C6FWNANXX:2:1311:9509:68503_1:65670045",4.6e-24
"1513","HISEQ13:138:C6FWNANXX:2:2216:3879:31989_1:121436765",4.6e-24
"1514","HISEQ13:138:C6FWNANXX:2:2301:12879:44833_1:123211556",4.6e-24
"1515","HISEQ13:138:C6FWNANXX:2:1208:16290:82591_1:36338551",4.6e-24
"1516","HISEQ13:138:C6FWNANXX:2:1210:14317:96342_1:39645003",4.6e-24
"1517","HISEQ13:138:C6FWNANXX:2:1310:6989:98776_1:64563287",4.6e-24
"1518","HISEQ13:138:C6FWNANXX:2:2208:1783:24976_1:108848668",4.6e-24
"1519","HISEQ13:138:C6FWNANXX:2:2308:4480:28993_1:132975007",4.6e-24
"1520","HISEQ13:138:C6FWNANXX:2:2314:5698:24793_1:142174658",4.6e-24
"1521","HISEQ13:138:C6FWNANXX:2:1203:19128:7540_1:27794603",4.6e-24
"1522","HISEQ13:138:C6FWNANXX:2:2104:3266:75369_1:79838237",4.6e-24
"1523","HISEQ13:138:C6FWNANXX:2:2308:10644:85814_1:133836367",4.6e-24
"1524","HISEQ13:138:C6FWNANXX:2:1101:3057:69377_1:996371",4.6e-24
"1525","HISEQ13:138:C6FWNANXX:2:1202:13552:67172_1:27215808",4.6e-24
"1526","HISEQ13:138:C6FWNANXX:2:1310:3829:61762_1:63979177",4.6e-24
"1527","HISEQ13:138:C6FWNANXX:2:2206:15925:51244_1:106319155",4.6e-24
"1528","HISEQ13:138:C6FWNANXX:2:2215:3413:59354_1:120249773",4.6e-24
"1529","HISEQ13:138:C6FWNANXX:2:1101:15109:49138_1:698566",4.6e-24
"1530","HISEQ13:138:C6FWNANXX:2:1107:20135:11773_1:9010937",4.7e-24
"1531","HISEQ13:138:C6FWNANXX:2:1210:13676:37548_1:38724953",4.7e-24
"1532","HISEQ13:138:C6FWNANXX:2:1213:16478:62072_1:43876097",4.7e-24
"1533","HISEQ13:138:C6FWNANXX:2:1305:20143:28539_1:55815848",4.7e-24
"1534","HISEQ13:138:C6FWNANXX:2:1311:9001:8895_1:64705646",4.7e-24
"1535","HISEQ13:138:C6FWNANXX:2:2204:9856:21944_1:103034991",4.7e-24
"1536","HISEQ13:138:C6FWNANXX:2:2206:10032:86880_1:106843153",4.7e-24
"1537","HISEQ13:138:C6FWNANXX:2:2314:19455:64418_1:142828429",4.7e-24
"1538","HISEQ13:138:C6FWNANXX:2:2112:2507:22615_1:90864760",4.7e-24
"1539","HISEQ13:138:C6FWNANXX:2:1108:11292:56155_1:11213162",4.7e-24
"1540","HISEQ13:138:C6FWNANXX:2:2113:21210:14586_1:92301189",4.7e-24
"1541","HISEQ13:138:C6FWNANXX:2:1105:15165:45052_1:6511814",4.7e-24
"1542","HISEQ13:138:C6FWNANXX:2:2101:10916:85223_1:75746052",4.7e-24
"1543","HISEQ13:138:C6FWNANXX:2:2201:16865:21904_1:98809956",4.7e-24
"1544","HISEQ13:138:C6FWNANXX:2:1207:21018:34003_1:34080847",4.8e-24
"1545","HISEQ13:138:C6FWNANXX:2:1213:15012:55872_1:43772320",4.8e-24
"1546","HISEQ13:138:C6FWNANXX:2:2310:19068:35384_1:136086077",4.8e-24
"1547","HISEQ13:138:C6FWNANXX:2:1104:11607:86309_1:5645869",4.9e-24
"1548","HISEQ13:138:C6FWNANXX:2:1107:18537:31751_1:9316369",4.9e-24
"1549","HISEQ13:138:C6FWNANXX:2:1110:19247:77956_1:14673196",4.9e-24
"1550","HISEQ13:138:C6FWNANXX:2:1316:10156:77784_1:74163238",4.9e-24
"1551","HISEQ13:138:C6FWNANXX:2:2216:9368:40774_1:121589479",4.9e-24
"1552","HISEQ13:138:C6FWNANXX:2:1305:20176:21101_1:55704128",4.9e-24
"1553","HISEQ13:138:C6FWNANXX:2:1314:9568:80570_1:70797876",4.9e-24
"1554","HISEQ13:138:C6FWNANXX:2:1305:18569:24046_1:55748761",4.9e-24
"1555","HISEQ13:138:C6FWNANXX:2:1205:19710:46640_1:31287237",5e-24
"1556","HISEQ13:138:C6FWNANXX:2:1114:15949:82298_1:21113826",5e-24
"1557","HISEQ13:138:C6FWNANXX:2:1306:4530:15147_1:57101113",5e-24
"1558","HISEQ13:138:C6FWNANXX:2:2206:13781:33535_1:106061985",5e-24
"1559","HISEQ13:138:C6FWNANXX:2:1311:13779:55650_1:65460240",5e-24
"1560","HISEQ13:138:C6FWNANXX:2:1113:6187:30717_1:18597142",5e-24
"1561","HISEQ13:138:C6FWNANXX:2:1209:2516:7575_1:36706683",5e-24
"1562","HISEQ13:138:C6FWNANXX:2:2111:2504:47334_1:89771111",5e-24
"1563","HISEQ13:138:C6FWNANXX:2:1309:19637:37529_1:62032227",5e-24
"1564","HISEQ13:138:C6FWNANXX:2:2104:18965:95664_1:80131588",5e-24
"1565","HISEQ13:138:C6FWNANXX:2:2308:2345:29073_1:132978335",5e-24
"1566","HISEQ13:138:C6FWNANXX:2:2313:8655:81715_1:141493451",5e-24
"1567","HISEQ13:138:C6FWNANXX:2:2314:10354:20028_1:142098155",5e-24
"1568","HISEQ13:138:C6FWNANXX:2:1105:17320:75206_1:6961779",5e-24
"1569","HISEQ13:138:C6FWNANXX:2:1214:15007:75224_1:45744867",5e-24
"1570","HISEQ13:138:C6FWNANXX:2:1302:8717:96151_1:52406529",5e-24
"1571","HISEQ13:138:C6FWNANXX:2:2216:3879:31989_1:121436766",5e-24
"1572","HISEQ13:138:C6FWNANXX:2:2203:8656:70411_1:102317949",5.1e-24
"1573","HISEQ13:138:C6FWNANXX:2:1304:3450:38139_1:54474188",5.1e-24
"1574","HISEQ13:138:C6FWNANXX:2:1211:1833:72862_1:40852153",5.1e-24
"1575","HISEQ13:138:C6FWNANXX:2:1310:2536:44923_1:63708143",5.1e-24
"1576","HISEQ13:138:C6FWNANXX:2:1116:20104:43698_1:23821877",5.2e-24
"1577","HISEQ13:138:C6FWNANXX:2:2301:6392:84614_1:123770539",5.2e-24
"1578","HISEQ13:138:C6FWNANXX:2:2101:14371:61145_1:75405163",5.2e-24
"1579","HISEQ13:138:C6FWNANXX:2:2301:18006:40647_1:123153176",5.2e-24
"1580","HISEQ13:138:C6FWNANXX:2:1202:3251:43834_1:26872439",5.2e-24
"1581","HISEQ13:138:C6FWNANXX:2:1211:1833:72862_1:40852152",5.2e-24
"1582","HISEQ13:138:C6FWNANXX:2:2116:1479:10211_1:97026614",5.2e-24
"1583","HISEQ13:138:C6FWNANXX:2:2208:4527:94073_1:109890027",5.2e-24
"1584","HISEQ13:138:C6FWNANXX:2:2215:5789:76554_1:120535468",5.2e-24
"1585","HISEQ13:138:C6FWNANXX:2:1101:8298:83728_1:1207368",5.2e-24
"1586","HISEQ13:138:C6FWNANXX:2:1301:8528:27260_1:49942537",5.2e-24
"1587","HISEQ13:138:C6FWNANXX:2:1304:12704:27652_1:54320289",5.2e-24
"1588","HISEQ13:138:C6FWNANXX:2:2107:17856:79197_1:84243473",5.2e-24
"1589","HISEQ13:138:C6FWNANXX:2:2209:7532:37146_1:110523424",5.2e-24
"1590","HISEQ13:138:C6FWNANXX:2:1315:11818:15311_1:71369239",5.3e-24
"1591","HISEQ13:138:C6FWNANXX:2:2108:2608:77568_1:85704616",5.3e-24
"1592","HISEQ13:138:C6FWNANXX:2:2206:6544:46226_1:106244276",5.3e-24
"1593","HISEQ13:138:C6FWNANXX:2:2207:12397:71703_1:108075670",5.3e-24
"1594","HISEQ13:138:C6FWNANXX:2:1111:1428:88137_1:16458739",5.3e-24
"1595","HISEQ13:138:C6FWNANXX:2:2214:16497:49220_1:118460043",5.3e-24
"1596","HISEQ13:138:C6FWNANXX:2:2212:9078:17375_1:114778288",5.3e-24
"1597","HISEQ13:138:C6FWNANXX:2:2315:10975:40702_1:144063926",5.3e-24
"1598","HISEQ13:138:C6FWNANXX:2:2310:4636:29812_1:135998949",5.3e-24
"1599","HISEQ13:138:C6FWNANXX:2:1209:1692:16332_1:36842757",5.4e-24
"1600","HISEQ13:138:C6FWNANXX:2:2312:18369:54996_1:139477849",5.4e-24
"1601","HISEQ13:138:C6FWNANXX:2:2312:20006:57733_1:139521894",5.4e-24
"1602","HISEQ13:138:C6FWNANXX:2:1202:12374:54385_1:27027936",5.4e-24
"1603","HISEQ13:138:C6FWNANXX:2:2208:3145:57497_1:109335091",5.4e-24
"1604","HISEQ13:138:C6FWNANXX:2:2201:19942:24319_1:98846245",5.4e-24
"1605","HISEQ13:138:C6FWNANXX:2:1216:2471:12098_1:48028910",5.5e-24
"1606","HISEQ13:138:C6FWNANXX:2:1315:13116:43590_1:71851270",5.5e-24
"1607","HISEQ13:138:C6FWNANXX:2:2113:1559:25895_1:92474840",5.5e-24
"1608","HISEQ13:138:C6FWNANXX:2:1112:12419:87680_1:17909693",5.5e-24
"1609","HISEQ13:138:C6FWNANXX:2:1115:14485:65242_1:22494513",5.5e-24
"1610","HISEQ13:138:C6FWNANXX:2:1203:12845:29672_1:28118017",5.5e-24
"1611","HISEQ13:138:C6FWNANXX:2:2207:11974:89149_1:108335300",5.5e-24
"1612","HISEQ13:138:C6FWNANXX:2:2215:11234:35369_1:119855552",5.5e-24
"1613","HISEQ13:138:C6FWNANXX:2:2202:5142:78925_1:101026543",5.5e-24
"1614","HISEQ13:138:C6FWNANXX:2:1214:8589:25265_1:44907723",5.5e-24
"1615","HISEQ13:138:C6FWNANXX:2:1315:8454:9815_1:71275062",5.5e-24
"1616","HISEQ13:138:C6FWNANXX:2:2116:2314:12127_1:97059726",5.5e-24
"1617","HISEQ13:138:C6FWNANXX:2:2308:10506:52767_1:133338729",5.5e-24
"1618","HISEQ13:138:C6FWNANXX:2:1216:4048:71534_1:49059641",5.6e-24
"1619","HISEQ13:138:C6FWNANXX:2:1310:2536:44923_1:63708142",5.6e-24
"1620","HISEQ13:138:C6FWNANXX:2:2208:20842:54319_1:109293207",5.6e-24
"1621","HISEQ13:138:C6FWNANXX:2:1211:2742:71820_1:40836146",5.6e-24
"1622","HISEQ13:138:C6FWNANXX:2:1108:11951:57020_1:11229241",5.6e-24
"1623","HISEQ13:138:C6FWNANXX:2:2316:20131:35863_1:145632477",5.6e-24
"1624","HISEQ13:138:C6FWNANXX:2:2106:4722:11922_1:81785391",5.6e-24
"1625","HISEQ13:138:C6FWNANXX:2:1308:18129:10071_1:60057175",5.6e-24
"1626","HISEQ13:138:C6FWNANXX:2:1115:3519:59513_1:22398627",5.6e-24
"1627","HISEQ13:138:C6FWNANXX:2:1303:17736:34547_1:52960344",5.6e-24
"1628","HISEQ13:138:C6FWNANXX:2:2207:21261:54034_1:107817480",5.6e-24
"1629","HISEQ13:138:C6FWNANXX:2:1113:18315:74302_1:19322472",5.6e-24
"1630","HISEQ13:138:C6FWNANXX:2:1315:14219:90400_1:72657812",5.7e-24
"1631","HISEQ13:138:C6FWNANXX:2:2215:20535:13374_1:119494760",5.7e-24
"1632","HISEQ13:138:C6FWNANXX:2:1106:16757:68917_1:8371269",5.8e-24
"1633","HISEQ13:138:C6FWNANXX:2:1210:1618:7693_1:38249625",5.8e-24
"1634","HISEQ13:138:C6FWNANXX:2:2114:2712:54408_1:94523569",5.8e-24
"1635","HISEQ13:138:C6FWNANXX:2:2203:8868:5017_1:101386240",5.8e-24
"1636","HISEQ13:138:C6FWNANXX:2:1207:8405:25146_1:33942312",5.8e-24
"1637","HISEQ13:138:C6FWNANXX:2:2112:9255:31722_1:91007260",5.8e-24
"1638","HISEQ13:138:C6FWNANXX:2:1203:12845:29672_1:28118016",5.8e-24
"1639","HISEQ13:138:C6FWNANXX:2:2207:11974:89149_1:108335301",5.8e-24
"1640","HISEQ13:138:C6FWNANXX:2:2210:4477:85747_1:112766284",5.8e-24
"1641","HISEQ13:138:C6FWNANXX:2:2212:5538:26615_1:114924814",5.8e-24
"1642","HISEQ13:138:C6FWNANXX:2:2305:13876:95184_1:129571078",5.8e-24
"1643","HISEQ13:138:C6FWNANXX:2:1310:21080:75931_1:64203178",5.8e-24
"1644","HISEQ13:138:C6FWNANXX:2:1301:19682:91537_1:50888215",5.9e-24
"1645","HISEQ13:138:C6FWNANXX:2:2204:10097:3987_1:102779993",5.9e-24
"1646","HISEQ13:138:C6FWNANXX:2:1211:12586:86962_1:41079565",5.9e-24
"1647","HISEQ13:138:C6FWNANXX:2:2104:7085:63162_1:79662222",5.9e-24
"1648","HISEQ13:138:C6FWNANXX:2:2202:11138:15716_1:100128046",5.9e-24
"1649","HISEQ13:138:C6FWNANXX:2:2305:13604:92113_1:129527380",5.9e-24
"1650","HISEQ13:138:C6FWNANXX:2:2305:13876:95184_1:129571079",5.9e-24
"1651","HISEQ13:138:C6FWNANXX:2:1204:13156:55092_1:29940311",5.9e-24
"1652","HISEQ13:138:C6FWNANXX:2:1301:4816:46822_1:50227572",5.9e-24
"1653","HISEQ13:138:C6FWNANXX:2:2110:17246:4307_1:87597434",5.9e-24
"1654","HISEQ13:138:C6FWNANXX:2:1208:9344:96987_1:36558497",5.9e-24
"1655","HISEQ13:138:C6FWNANXX:2:1216:15635:76117_1:49141025",5.9e-24
"1656","HISEQ13:138:C6FWNANXX:2:1305:10312:5399_1:55465731",5.9e-24
"1657","HISEQ13:138:C6FWNANXX:2:1208:3421:11274_1:35236639",6e-24
"1658","HISEQ13:138:C6FWNANXX:2:2214:4070:27013_1:118099483",6e-24
"1659","HISEQ13:138:C6FWNANXX:2:2210:10926:47919_1:112191601",6e-24
"1660","HISEQ13:138:C6FWNANXX:2:1215:14511:89623_1:47663565",6e-24
"1661","HISEQ13:138:C6FWNANXX:2:1201:4558:30073_1:25217412",6.1e-24
"1662","HISEQ13:138:C6FWNANXX:2:2313:14350:67664_1:141267702",6.1e-24
"1663","HISEQ13:138:C6FWNANXX:2:2316:3530:31407_1:145552175",6.1e-24
"1664","HISEQ13:138:C6FWNANXX:2:2104:10909:12525_1:78935671",6.1e-24
"1665","HISEQ13:138:C6FWNANXX:2:2209:6163:19196_1:110250539",6.1e-24
"1666","HISEQ13:138:C6FWNANXX:2:2102:13457:47585_1:76617479",6.1e-24
"1667","HISEQ13:138:C6FWNANXX:2:2211:13368:31091_1:113454369",6.1e-24
"1668","HISEQ13:138:C6FWNANXX:2:2214:7929:77994_1:118930835",6.1e-24
"1669","HISEQ13:138:C6FWNANXX:2:1211:15370:85411_1:41056150",6.1e-24
"1670","HISEQ13:138:C6FWNANXX:2:1312:15513:88151_1:67609643",6.2e-24
"1671","HISEQ13:138:C6FWNANXX:2:2313:20487:48373_1:140956436",6.2e-24
"1672","HISEQ13:138:C6FWNANXX:2:2109:10316:21566_1:86356114",6.2e-24
"1673","HISEQ13:138:C6FWNANXX:2:2109:19371:51323_1:86808596",6.2e-24
"1674","HISEQ13:138:C6FWNANXX:2:2206:10477:22869_1:105904439",6.2e-24
"1675","HISEQ13:138:C6FWNANXX:2:2301:8506:3621_1:122627911",6.2e-24
"1676","HISEQ13:138:C6FWNANXX:2:1112:15552:76090_1:17721838",6.2e-24
"1677","HISEQ13:138:C6FWNANXX:2:1210:18283:19245_1:38434565",6.2e-24
"1678","HISEQ13:138:C6FWNANXX:2:1305:20924:54643_1:56207169",6.2e-24
"1679","HISEQ13:138:C6FWNANXX:2:2210:8116:33680_1:111973822",6.2e-24
"1680","HISEQ13:138:C6FWNANXX:2:1203:5957:90767_1:29018134",6.2e-24
"1681","HISEQ13:138:C6FWNANXX:2:1314:18843:84360_1:70863863",6.2e-24
"1682","HISEQ13:138:C6FWNANXX:2:1314:9092:3707_1:69490713",6.2e-24
"1683","HISEQ13:138:C6FWNANXX:2:1205:19864:77678_1:31752019",6.2e-24
"1684","HISEQ13:138:C6FWNANXX:2:1209:1452:36299_1:37152578",6.2e-24
"1685","HISEQ13:138:C6FWNANXX:2:1214:4863:86914_1:45940430",6.2e-24
"1686","HISEQ13:138:C6FWNANXX:2:1305:3107:71494_1:56455311",6.2e-24
"1687","HISEQ13:138:C6FWNANXX:2:1312:5423:94200_1:67706577",6.2e-24
"1688","HISEQ13:138:C6FWNANXX:2:1108:5419:93573_1:11799055",6.2e-24
"1689","HISEQ13:138:C6FWNANXX:2:1308:17243:11438_1:60076328",6.2e-24
"1690","HISEQ13:138:C6FWNANXX:2:2101:8435:68196_1:75503905",6.2e-24
"1691","HISEQ13:138:C6FWNANXX:2:1216:19015:67773_1:48997541",6.2e-24
"1692","HISEQ13:138:C6FWNANXX:2:2210:20260:90064_1:112838949",6.2e-24
"1693","HISEQ13:138:C6FWNANXX:2:2302:2959:92384_1:125276945",6.2e-24
"1694","HISEQ13:138:C6FWNANXX:2:1105:12942:23421_1:6185051",6.3e-24
"1695","HISEQ13:138:C6FWNANXX:2:1107:20477:10799_1:8995436",6.3e-24
"1696","HISEQ13:138:C6FWNANXX:2:2108:19186:93893_1:85953654",6.3e-24
"1697","HISEQ13:138:C6FWNANXX:2:2316:16585:25779_1:145461709",6.3e-24
"1698","HISEQ13:138:C6FWNANXX:2:1112:15736:87841_1:17914407",6.3e-24
"1699","HISEQ13:138:C6FWNANXX:2:1204:4842:68739_1:30138714",6.3e-24
"1700","HISEQ13:138:C6FWNANXX:2:1116:20197:18175_1:23383231",6.3e-24
"1701","HISEQ13:138:C6FWNANXX:2:1206:16728:54153_1:32887015",6.3e-24
"1702","HISEQ13:138:C6FWNANXX:2:1309:16281:84876_1:62779627",6.3e-24
"1703","HISEQ13:138:C6FWNANXX:2:2205:7316:12568_1:104321493",6.3e-24
"1704","HISEQ13:138:C6FWNANXX:2:1109:7024:25556_1:12283892",6.4e-24
"1705","HISEQ13:138:C6FWNANXX:2:1213:16495:3416_1:42908118",6.4e-24
"1706","HISEQ13:138:C6FWNANXX:2:2201:14701:3277_1:98545595",6.4e-24
"1707","HISEQ13:138:C6FWNANXX:2:2301:4006:12495_1:122751067",6.4e-24
"1708","HISEQ13:138:C6FWNANXX:2:2309:12289:2148_1:134065406",6.4e-24
"1709","HISEQ13:138:C6FWNANXX:2:1204:10272:10805_1:29290797",6.4e-24
"1710","HISEQ13:138:C6FWNANXX:2:2212:9649:69985_1:115609142",6.4e-24
"1711","HISEQ13:138:C6FWNANXX:2:2213:7178:37036_1:116664477",6.4e-24
"1712","HISEQ13:138:C6FWNANXX:2:1103:15266:61331_1:3803303",6.4e-24
"1713","HISEQ13:138:C6FWNANXX:2:1306:18166:92975_1:58290602",6.4e-24
"1714","HISEQ13:138:C6FWNANXX:2:2301:4697:81097_1:123721045",6.4e-24
"1715","HISEQ13:138:C6FWNANXX:2:2304:4847:65577_1:127712091",6.4e-24
"1716","HISEQ13:138:C6FWNANXX:2:2312:4954:39112_1:139226012",6.4e-24
"1717","HISEQ13:138:C6FWNANXX:2:1306:6869:28766_1:57311493",6.5e-24
"1718","HISEQ13:138:C6FWNANXX:2:2201:5711:93793_1:99833179",6.5e-24
"1719","HISEQ13:138:C6FWNANXX:2:1108:12548:17627_1:10616164",6.5e-24
"1720","HISEQ13:138:C6FWNANXX:2:1302:16734:31500_1:51457631",6.5e-24
"1721","HISEQ13:138:C6FWNANXX:2:1102:1655:21935_1:1754855",6.5e-24
"1722","HISEQ13:138:C6FWNANXX:2:2107:18088:83425_1:84306944",6.5e-24
"1723","HISEQ13:138:C6FWNANXX:2:2302:15814:48241_1:124651724",6.5e-24
"1724","HISEQ13:138:C6FWNANXX:2:2105:9861:65901_1:81132038",6.5e-24
"1725","HISEQ13:138:C6FWNANXX:2:2107:14574:14756_1:83288295",6.6e-24
"1726","HISEQ13:138:C6FWNANXX:2:2301:4006:12495_1:122751066",6.6e-24
"1727","HISEQ13:138:C6FWNANXX:2:2102:7345:30944_1:76378410",6.6e-24
"1728","HISEQ13:138:C6FWNANXX:2:1204:2938:78063_1:30279827",6.6e-24
"1729","HISEQ13:138:C6FWNANXX:2:2104:1588:73322_1:79808784",6.6e-24
"1730","HISEQ13:138:C6FWNANXX:2:1208:10777:28655_1:35503276",6.7e-24
"1731","HISEQ13:138:C6FWNANXX:2:1312:18630:78825_1:67456849",6.8e-24
"1732","HISEQ13:138:C6FWNANXX:2:2112:18328:76243_1:91708335",6.8e-24
"1733","HISEQ13:138:C6FWNANXX:2:1302:4454:64956_1:51944778",6.8e-24
"1734","HISEQ13:138:C6FWNANXX:2:1107:6434:31068_1:9302761",6.8e-24
"1735","HISEQ13:138:C6FWNANXX:2:1208:6650:30561_1:35533147",6.8e-24
"1736","HISEQ13:138:C6FWNANXX:2:1309:4215:100601_1:63024740",6.8e-24
"1737","HISEQ13:138:C6FWNANXX:2:1106:7638:46488_1:8025320",6.8e-24
"1738","HISEQ13:138:C6FWNANXX:2:2113:18780:89227_1:93491075",6.8e-24
"1739","HISEQ13:138:C6FWNANXX:2:1103:3257:2832_1:2933879",6.9e-24
"1740","HISEQ13:138:C6FWNANXX:2:1312:14454:64319_1:67217578",6.9e-24
"1741","HISEQ13:138:C6FWNANXX:2:1211:19673:67916_1:40775162",6.9e-24
"1742","HISEQ13:138:C6FWNANXX:2:2207:16707:5284_1:107099773",6.9e-24
"1743","HISEQ13:138:C6FWNANXX:2:2209:19795:49732_1:110714967",6.9e-24
"1744","HISEQ13:138:C6FWNANXX:2:2316:2624:42552_1:145742368",6.9e-24
"1745","HISEQ13:138:C6FWNANXX:2:2310:16747:57193_1:136421418",6.9e-24
"1746","HISEQ13:138:C6FWNANXX:2:2315:6042:42454_1:144092369",6.9e-24
"1747","HISEQ13:138:C6FWNANXX:2:1306:11539:99926_1:58395545",6.9e-24
"1748","HISEQ13:138:C6FWNANXX:2:1309:20321:21459_1:61776438",6.9e-24
"1749","HISEQ13:138:C6FWNANXX:2:2109:7536:87710_1:87358738",6.9e-24
"1750","HISEQ13:138:C6FWNANXX:2:2308:16153:82207_1:133781400",6.9e-24
"1751","HISEQ13:138:C6FWNANXX:2:2310:4850:26370_1:135944812",6.9e-24
"1752","HISEQ13:138:C6FWNANXX:2:1308:17093:57589_1:60792830",6.9e-24
"1753","HISEQ13:138:C6FWNANXX:2:1315:12952:51793_1:71992613",6.9e-24
"1754","HISEQ13:138:C6FWNANXX:2:1313:15923:46692_1:68558119",6.9e-24
"1755","HISEQ13:138:C6FWNANXX:2:1104:12755:52642_1:5141729",7e-24
"1756","HISEQ13:138:C6FWNANXX:2:1306:10226:47322_1:57593780",7e-24
"1757","HISEQ13:138:C6FWNANXX:2:1207:7037:16961_1:33817529",7e-24
"1758","HISEQ13:138:C6FWNANXX:2:1114:1927:18094_1:20032389",7e-24
"1759","HISEQ13:138:C6FWNANXX:2:1207:8405:25146_1:33942313",7e-24
"1760","HISEQ13:138:C6FWNANXX:2:1313:6946:51520_1:68639138",7e-24
"1761","HISEQ13:138:C6FWNANXX:2:1206:12711:29488_1:32509988",7e-24
"1762","HISEQ13:138:C6FWNANXX:2:2202:1396:9632_1:100040877",7e-24
"1763","HISEQ13:138:C6FWNANXX:2:2205:18748:96608_1:105538865",7e-24
"1764","HISEQ13:138:C6FWNANXX:2:1306:9768:20492_1:57182158",7.2e-24
"1765","HISEQ13:138:C6FWNANXX:2:2205:12965:77653_1:105262017",7.2e-24
"1766","HISEQ13:138:C6FWNANXX:2:2102:5480:60337_1:76796801",7.3e-24
"1767","HISEQ13:138:C6FWNANXX:2:1202:1434:40656_1:26824590",7.3e-24
"1768","HISEQ13:138:C6FWNANXX:2:1204:18576:91370_1:30479480",7.3e-24
"1769","HISEQ13:138:C6FWNANXX:2:1311:19086:89573_1:66016375",7.3e-24
"1770","HISEQ13:138:C6FWNANXX:2:2102:4635:69259_1:76924199",7.3e-24
"1771","HISEQ13:138:C6FWNANXX:2:1106:6939:46733_1:8029014",7.3e-24
"1772","HISEQ13:138:C6FWNANXX:2:1108:19289:79906_1:11586911",7.3e-24
"1773","HISEQ13:138:C6FWNANXX:2:1309:6244:71688_1:62567929",7.3e-24
"1774","HISEQ13:138:C6FWNANXX:2:1310:18390:39392_1:63623984",7.3e-24
"1775","HISEQ13:138:C6FWNANXX:2:1215:9696:51478_1:47013272",7.3e-24
"1776","HISEQ13:138:C6FWNANXX:2:1301:16957:42325_1:50164355",7.3e-24
"1777","HISEQ13:138:C6FWNANXX:2:2102:10055:47646_1:76616947",7.3e-24
"1778","HISEQ13:138:C6FWNANXX:2:1112:13006:58569_1:17435425",7.3e-24
"1779","HISEQ13:138:C6FWNANXX:2:1216:18534:33282_1:48399342",7.3e-24
"1780","HISEQ13:138:C6FWNANXX:2:1306:19123:68617_1:57920827",7.3e-24
"1781","HISEQ13:138:C6FWNANXX:2:1111:6633:78574_1:16287149",7.4e-24
"1782","HISEQ13:138:C6FWNANXX:2:2307:6199:19953_1:131369966",7.4e-24
"1783","HISEQ13:138:C6FWNANXX:2:1113:3792:44800_1:18830587",7.4e-24
"1784","HISEQ13:138:C6FWNANXX:2:2104:11765:74485_1:79825361",7.4e-24
"1785","HISEQ13:138:C6FWNANXX:2:2206:20079:48630_1:106283442",7.4e-24
"1786","HISEQ13:138:C6FWNANXX:2:1114:1927:18094_1:20032388",7.4e-24
"1787","HISEQ13:138:C6FWNANXX:2:1213:16871:60471_1:43847079",7.4e-24
"1788","HISEQ13:138:C6FWNANXX:2:1313:11082:48417_1:68586133",7.4e-24
"1789","HISEQ13:138:C6FWNANXX:2:2109:10012:72836_1:87135270",7.4e-24
"1790","HISEQ13:138:C6FWNANXX:2:2206:16576:53449_1:106352249",7.4e-24
"1791","HISEQ13:138:C6FWNANXX:2:2216:15564:58577_1:121891574",7.4e-24
"1792","HISEQ13:138:C6FWNANXX:2:1201:21144:88491_1:26077049",7.4e-24
"1793","HISEQ13:138:C6FWNANXX:2:2111:16800:2883_1:89082150",7.4e-24
"1794","HISEQ13:138:C6FWNANXX:2:1207:14212:95127_1:35007826",7.5e-24
"1795","HISEQ13:138:C6FWNANXX:2:1113:6744:48141_1:18884344",7.5e-24
"1796","HISEQ13:138:C6FWNANXX:2:2113:10849:19972_1:92382455",7.5e-24
"1797","HISEQ13:138:C6FWNANXX:2:1112:6773:54967_1:17373439",7.6e-24
"1798","HISEQ13:138:C6FWNANXX:2:2207:12731:73189_1:108097947",7.6e-24
"1799","HISEQ13:138:C6FWNANXX:2:2310:19313:30534_1:136013227",7.6e-24
"1800","HISEQ13:138:C6FWNANXX:2:1215:15368:65503_1:47256730",7.7e-24
"1801","HISEQ13:138:C6FWNANXX:2:2209:15796:31457_1:110438120",7.7e-24
"1802","HISEQ13:138:C6FWNANXX:2:1111:20353:45423_1:15726687",7.7e-24
"1803","HISEQ13:138:C6FWNANXX:2:1316:2014:59125_1:73832895",7.7e-24
"1804","HISEQ13:138:C6FWNANXX:2:2207:12731:73189_1:108097948",7.7e-24
"1805","HISEQ13:138:C6FWNANXX:2:2213:9288:26994_1:116500637",7.7e-24
"1806","HISEQ13:138:C6FWNANXX:2:1309:1407:43018_1:62115005",7.7e-24
"1807","HISEQ13:138:C6FWNANXX:2:1107:2875:12645_1:9019028",7.7e-24
"1808","HISEQ13:138:C6FWNANXX:2:1205:19059:34315_1:31103306",7.7e-24
"1809","HISEQ13:138:C6FWNANXX:2:1306:19123:68617_1:57920828",7.7e-24
"1810","HISEQ13:138:C6FWNANXX:2:2210:3851:47977_1:112190246",7.7e-24
"1811","HISEQ13:138:C6FWNANXX:2:2205:11592:40901_1:104730216",7.7e-24
"1812","HISEQ13:138:C6FWNANXX:2:1316:14125:68343_1:73997696",7.8e-24
"1813","HISEQ13:138:C6FWNANXX:2:2310:12776:12033_1:135725659",7.8e-24
"1814","HISEQ13:138:C6FWNANXX:2:2311:7639:37985_1:137647552",7.8e-24
"1815","HISEQ13:138:C6FWNANXX:2:1210:17368:62481_1:39111890",7.8e-24
"1816","HISEQ13:138:C6FWNANXX:2:2107:8294:15018_1:83290912",7.8e-24
"1817","HISEQ13:138:C6FWNANXX:2:2112:15435:83372_1:91823361",7.8e-24
"1818","HISEQ13:138:C6FWNANXX:2:2101:6761:58248_1:75361030",7.8e-24
"1819","HISEQ13:138:C6FWNANXX:2:1306:6473:13138_1:57070844",7.8e-24
"1820","HISEQ13:138:C6FWNANXX:2:1314:13001:68961_1:70598643",7.8e-24
"1821","HISEQ13:138:C6FWNANXX:2:2105:12044:90670_1:81492346",7.8e-24
"1822","HISEQ13:138:C6FWNANXX:2:1306:13975:81747_1:58118128",7.9e-24
"1823","HISEQ13:138:C6FWNANXX:2:1313:1947:79372_1:69103251",7.9e-24
"1824","HISEQ13:138:C6FWNANXX:2:2304:18193:29177_1:127191034",7.9e-24
"1825","HISEQ13:138:C6FWNANXX:2:1101:18136:99702_1:1445756",7.9e-24
"1826","HISEQ13:138:C6FWNANXX:2:1102:5153:24547_1:1796164",7.9e-24
"1827","HISEQ13:138:C6FWNANXX:2:2212:9083:90720_1:115940912",7.9e-24
"1828","HISEQ13:138:C6FWNANXX:2:2302:14198:46647_1:124630580",7.9e-24
"1829","HISEQ13:138:C6FWNANXX:2:2306:11221:10473_1:129775497",8e-24
"1830","HISEQ13:138:C6FWNANXX:2:1103:5493:44853_1:3556874",8e-24
"1831","HISEQ13:138:C6FWNANXX:2:1114:2067:2073_1:19764080",8e-24
"1832","HISEQ13:138:C6FWNANXX:2:1209:5762:64002_1:37586866",8e-24
"1833","HISEQ13:138:C6FWNANXX:2:1216:16925:76601_1:49149836",8.1e-24
"1834","HISEQ13:138:C6FWNANXX:2:2207:10616:96584_1:108446575",8.1e-24
"1835","HISEQ13:138:C6FWNANXX:2:1112:2656:62993_1:17502146",8.1e-24
"1836","HISEQ13:138:C6FWNANXX:2:2102:13457:47585_1:76617480",8.1e-24
"1837","HISEQ13:138:C6FWNANXX:2:2214:7929:77994_1:118930834",8.1e-24
"1838","HISEQ13:138:C6FWNANXX:2:2214:3287:33778_1:118208930",8.1e-24
"1839","HISEQ13:138:C6FWNANXX:2:1114:17502:12853_1:19947264",8.1e-24
"1840","HISEQ13:138:C6FWNANXX:2:2201:2321:43276_1:99113948",8.1e-24
"1841","HISEQ13:138:C6FWNANXX:2:1114:20150:97203_1:21364001",8.1e-24
"1842","HISEQ13:138:C6FWNANXX:2:1205:13071:70748_1:31644937",8.2e-24
"1843","HISEQ13:138:C6FWNANXX:2:1211:1351:48494_1:40456431",8.2e-24
"1844","HISEQ13:138:C6FWNANXX:2:2102:11372:8356_1:76060074",8.2e-24
"1845","HISEQ13:138:C6FWNANXX:2:2214:13142:5155_1:117741675",8.2e-24
"1846","HISEQ13:138:C6FWNANXX:2:2214:1885:51769_1:118502022",8.2e-24
"1847","HISEQ13:138:C6FWNANXX:2:2305:13026:82304_1:129385395",8.2e-24
"1848","HISEQ13:138:C6FWNANXX:2:1113:10504:55189_1:19001189",8.2e-24
"1849","HISEQ13:138:C6FWNANXX:2:1116:19360:97924_1:24753849",8.2e-24
"1850","HISEQ13:138:C6FWNANXX:2:2114:13618:39412_1:94281685",8.2e-24
"1851","HISEQ13:138:C6FWNANXX:2:1107:17458:54930_1:9669196",8.2e-24
"1852","HISEQ13:138:C6FWNANXX:2:1213:2089:84117_1:44236928",8.2e-24
"1853","HISEQ13:138:C6FWNANXX:2:1302:12150:75036_1:52097011",8.2e-24
"1854","HISEQ13:138:C6FWNANXX:2:2307:13060:90606_1:132421361",8.2e-24
"1855","HISEQ13:138:C6FWNANXX:2:1302:21298:38157_1:51554519",8.2e-24
"1856","HISEQ13:138:C6FWNANXX:2:2207:4676:46977_1:107707297",8.2e-24
"1857","HISEQ13:138:C6FWNANXX:2:2310:10404:76623_1:136717313",8.2e-24
"1858","HISEQ13:138:C6FWNANXX:2:2112:20914:2164_1:90683672",8.3e-24
"1859","HISEQ13:138:C6FWNANXX:2:2113:20514:81609_1:93370955",8.3e-24
"1860","HISEQ13:138:C6FWNANXX:2:2215:15199:22933_1:119650036",8.3e-24
"1861","HISEQ13:138:C6FWNANXX:2:2312:8524:38540_1:139218909",8.3e-24
"1862","HISEQ13:138:C6FWNANXX:2:1114:7156:60331_1:20742283",8.3e-24
"1863","HISEQ13:138:C6FWNANXX:2:1212:19617:30485_1:41734581",8.3e-24
"1864","HISEQ13:138:C6FWNANXX:2:1111:3324:24317_1:15388121",8.4e-24
"1865","HISEQ13:138:C6FWNANXX:2:1313:7129:4470_1:67856222",8.4e-24
"1866","HISEQ13:138:C6FWNANXX:2:2215:5419:62125_1:120295524",8.4e-24
"1867","HISEQ13:138:C6FWNANXX:2:2303:9270:73253_1:126410392",8.4e-24
"1868","HISEQ13:138:C6FWNANXX:2:1107:9779:32908_1:9330190",8.4e-24
"1869","HISEQ13:138:C6FWNANXX:2:1308:6464:69400_1:60974192",8.5e-24
"1870","HISEQ13:138:C6FWNANXX:2:2102:20457:76448_1:77027818",8.5e-24
"1871","HISEQ13:138:C6FWNANXX:2:2216:2955:84414_1:122326138",8.5e-24
"1872","HISEQ13:138:C6FWNANXX:2:1101:19805:2985_1:15358",8.5e-24
"1873","HISEQ13:138:C6FWNANXX:2:1116:4974:53380_1:23985096",8.6e-24
"1874","HISEQ13:138:C6FWNANXX:2:1116:14732:15796_1:23343854",8.6e-24
"1875","HISEQ13:138:C6FWNANXX:2:1310:8308:15346_1:63240303",8.6e-24
"1876","HISEQ13:138:C6FWNANXX:2:1213:2163:80904_1:44183604",8.6e-24
"1877","HISEQ13:138:C6FWNANXX:2:2112:7573:49811_1:91291528",8.6e-24
"1878","HISEQ13:138:C6FWNANXX:2:2116:14683:17364_1:97150071",8.6e-24
"1879","HISEQ13:138:C6FWNANXX:2:1315:19656:47736_1:71921005",8.6e-24
"1880","HISEQ13:138:C6FWNANXX:2:1106:7299:15517_1:7557251",8.6e-24
"1881","HISEQ13:138:C6FWNANXX:2:1308:5362:25526_1:60293887",8.6e-24
"1882","HISEQ13:138:C6FWNANXX:2:2101:1358:52558_1:75281848",8.6e-24
"1883","HISEQ13:138:C6FWNANXX:2:2208:10529:56982_1:109328996",8.6e-24
"1884","HISEQ13:138:C6FWNANXX:2:2212:16635:71839_1:115642363",8.6e-24
"1885","HISEQ13:138:C6FWNANXX:2:2305:11574:82895_1:129392445",8.6e-24
"1886","HISEQ13:138:C6FWNANXX:2:1101:11602:67682_1:972301",8.6e-24
"1887","HISEQ13:138:C6FWNANXX:2:1304:13895:45476_1:54585090",8.6e-24
"1888","HISEQ13:138:C6FWNANXX:2:2214:2617:71562_1:118827137",8.6e-24
"1889","HISEQ13:138:C6FWNANXX:2:1309:3616:7611_1:61556908",8.6e-24
"1890","HISEQ13:138:C6FWNANXX:2:1316:20418:46027_1:73608909",8.6e-24
"1891","HISEQ13:138:C6FWNANXX:2:2106:15701:49584_1:82342298",8.6e-24
"1892","HISEQ13:138:C6FWNANXX:2:2303:5300:56515_1:126172911",8.6e-24
"1893","HISEQ13:138:C6FWNANXX:2:1314:20378:47415_1:70235258",8.7e-24
"1894","HISEQ13:138:C6FWNANXX:2:2211:11222:7727_1:113087617",8.7e-24
"1895","HISEQ13:138:C6FWNANXX:2:2204:17916:93908_1:104069431",8.7e-24
"1896","HISEQ13:138:C6FWNANXX:2:2216:7868:8758_1:121052299",8.7e-24
"1897","HISEQ13:138:C6FWNANXX:2:1112:1550:76960_1:17731288",8.8e-24
"1898","HISEQ13:138:C6FWNANXX:2:1308:6168:57299_1:60786733",8.8e-24
"1899","HISEQ13:138:C6FWNANXX:2:2301:19056:21704_1:122884768",8.8e-24
"1900","HISEQ13:138:C6FWNANXX:2:1116:16656:36657_1:23700635",8.8e-24
"1901","HISEQ13:138:C6FWNANXX:2:2101:2815:51942_1:75271405",8.8e-24
"1902","HISEQ13:138:C6FWNANXX:2:2209:20118:78471_1:111152441",8.8e-24
"1903","HISEQ13:138:C6FWNANXX:2:2307:12053:27021_1:131478556",8.9e-24
"1904","HISEQ13:138:C6FWNANXX:2:1113:9780:73757_1:19312394",8.9e-24
"1905","HISEQ13:138:C6FWNANXX:2:1316:17721:8600_1:72955624",8.9e-24
"1906","HISEQ13:138:C6FWNANXX:2:2301:3287:46299_1:123231025",8.9e-24
"1907","HISEQ13:138:C6FWNANXX:2:2306:13835:24988_1:129988837",8.9e-24
"1908","HISEQ13:138:C6FWNANXX:2:1102:20669:75825_1:2553632",8.9e-24
"1909","HISEQ13:138:C6FWNANXX:2:1211:8526:47885_1:40449970",8.9e-24
"1910","HISEQ13:138:C6FWNANXX:2:2301:3783:74134_1:123621743",8.9e-24
"1911","HISEQ13:138:C6FWNANXX:2:1309:7155:97381_1:62974976",8.9e-24
"1912","HISEQ13:138:C6FWNANXX:2:1315:12952:51793_1:71992614",8.9e-24
"1913","HISEQ13:138:C6FWNANXX:2:2304:7152:5542_1:126851224",8.9e-24
"1914","HISEQ13:138:C6FWNANXX:2:1308:17093:57589_1:60792829",8.9e-24
"1915","HISEQ13:138:C6FWNANXX:2:1316:5100:79491_1:74188769",8.9e-24
"1916","HISEQ13:138:C6FWNANXX:2:2302:20318:10652_1:124124747",8.9e-24
"1917","HISEQ13:138:C6FWNANXX:2:2308:6878:69605_1:133591034",8.9e-24
"1918","HISEQ13:138:C6FWNANXX:2:2101:17859:69744_1:75527008",8.9e-24
"1919","HISEQ13:138:C6FWNANXX:2:2111:18559:23957_1:89407768",8.9e-24
"1920","HISEQ13:138:C6FWNANXX:2:1113:19401:78758_1:19397862",8.9e-24
"1921","HISEQ13:138:C6FWNANXX:2:1310:13928:45258_1:63718202",8.9e-24
"1922","HISEQ13:138:C6FWNANXX:2:2216:5288:74198_1:122152932",8.9e-24
"1923","HISEQ13:138:C6FWNANXX:2:2205:7022:4871_1:104209046",8.9e-24
"1924","HISEQ13:138:C6FWNANXX:2:2304:18414:57906_1:127603819",8.9e-24
"1925","HISEQ13:138:C6FWNANXX:2:1311:2065:70635_1:65701067",8.9e-24
"1926","HISEQ13:138:C6FWNANXX:2:1115:2702:87282_1:22869696",9e-24
"1927","HISEQ13:138:C6FWNANXX:2:1211:3875:7631_1:39802117",9e-24
"1928","HISEQ13:138:C6FWNANXX:2:2312:5949:59607_1:139550668",9e-24
"1929","HISEQ13:138:C6FWNANXX:2:1214:15756:2177_1:44520167",9e-24
"1930","HISEQ13:138:C6FWNANXX:2:2301:12611:55257_1:123359148",9e-24
"1931","HISEQ13:138:C6FWNANXX:2:1110:2664:29188_1:13900719",9e-24
"1932","HISEQ13:138:C6FWNANXX:2:1315:16701:83798_1:72544416",9e-24
"1933","HISEQ13:138:C6FWNANXX:2:2110:14598:24579_1:87906461",9e-24
"1934","HISEQ13:138:C6FWNANXX:2:2205:20806:85853_1:105383034",9e-24
"1935","HISEQ13:138:C6FWNANXX:2:2310:4636:29812_1:135998950",9e-24
"1936","HISEQ13:138:C6FWNANXX:2:1307:3871:67809_1:59421513",9e-24
"1937","HISEQ13:138:C6FWNANXX:2:2301:14693:41118_1:123159540",9e-24
"1938","HISEQ13:138:C6FWNANXX:2:1301:17696:41786_1:50157264",9e-24
"1939","HISEQ13:138:C6FWNANXX:2:2112:18580:28988_1:90966113",9e-24
"1940","HISEQ13:138:C6FWNANXX:2:1302:8717:96151_1:52406530",9.1e-24
"1941","HISEQ13:138:C6FWNANXX:2:1312:19697:99384_1:67795808",9.1e-24
"1942","HISEQ13:138:C6FWNANXX:2:1313:18476:17886_1:68081502",9.1e-24
"1943","HISEQ13:138:C6FWNANXX:2:2210:1702:95383_1:112914753",9.1e-24
"1944","HISEQ13:138:C6FWNANXX:2:2301:13406:16797_1:122816671",9.1e-24
"1945","HISEQ13:138:C6FWNANXX:2:1208:13960:67720_1:36105799",9.1e-24
"1946","HISEQ13:138:C6FWNANXX:2:1303:11338:40131_1:53041034",9.1e-24
"1947","HISEQ13:138:C6FWNANXX:2:2213:3354:25864_1:116483522",9.1e-24
"1948","HISEQ13:138:C6FWNANXX:2:2111:14568:95798_1:90583932",9.1e-24
"1949","HISEQ13:138:C6FWNANXX:2:2116:2314:12127_1:97059725",9.1e-24
"1950","HISEQ13:138:C6FWNANXX:2:2208:3145:57497_1:109335090",9.1e-24
"1951","HISEQ13:138:C6FWNANXX:2:1313:16366:15903_1:68047780",9.2e-24
"1952","HISEQ13:138:C6FWNANXX:2:2103:8577:85389_1:78561002",9.3e-24
"1953","HISEQ13:138:C6FWNANXX:2:1113:9857:72052_1:19283354",9.3e-24
"1954","HISEQ13:138:C6FWNANXX:2:1309:7155:97381_1:62974977",9.3e-24
"1955","HISEQ13:138:C6FWNANXX:2:2106:3108:93103_1:82979386",9.3e-24
"1956","HISEQ13:138:C6FWNANXX:2:2107:10375:34664_1:83579980",9.3e-24
"1957","HISEQ13:138:C6FWNANXX:2:2315:14114:55773_1:144316599",9.3e-24
"1958","HISEQ13:138:C6FWNANXX:2:1102:3265:53843_1:2225368",9.3e-24
"1959","HISEQ13:138:C6FWNANXX:2:1102:7851:16540_1:1678588",9.3e-24
"1960","HISEQ13:138:C6FWNANXX:2:1205:6693:11340_1:30758094",9.3e-24
"1961","HISEQ13:138:C6FWNANXX:2:1209:6991:55650_1:37453706",9.3e-24
"1962","HISEQ13:138:C6FWNANXX:2:2106:18469:11504_1:81784232",9.3e-24
"1963","HISEQ13:138:C6FWNANXX:2:1309:10238:8114_1:61566071",9.3e-24
"1964","HISEQ13:138:C6FWNANXX:2:2102:6811:47513_1:76616364",9.3e-24
"1965","HISEQ13:138:C6FWNANXX:2:2105:7660:7869_1:80290740",9.3e-24
"1966","HISEQ13:138:C6FWNANXX:2:2208:20102:94639_1:109900644",9.3e-24
"1967","HISEQ13:138:C6FWNANXX:2:2308:1299:55907_1:133381962",9.3e-24
"1968","HISEQ13:138:C6FWNANXX:2:2310:19068:35384_1:136086076",9.3e-24
"1969","HISEQ13:138:C6FWNANXX:2:1211:15178:96319_1:41234456",9.3e-24
"1970","HISEQ13:138:C6FWNANXX:2:2303:21052:11507_1:125536964",9.3e-24
"1971","HISEQ13:138:C6FWNANXX:2:2308:16895:64189_1:133509395",9.3e-24
"1972","HISEQ13:138:C6FWNANXX:2:2102:17207:65408_1:76869913",9.4e-24
"1973","HISEQ13:138:C6FWNANXX:2:1203:9712:9982_1:27825817",9.4e-24
"1974","HISEQ13:138:C6FWNANXX:2:2101:14986:38826_1:75088635",9.4e-24
"1975","HISEQ13:138:C6FWNANXX:2:2202:4866:23635_1:100241305",9.4e-24
"1976","HISEQ13:138:C6FWNANXX:2:2310:13498:60458_1:136470320",9.5e-24
"1977","HISEQ13:138:C6FWNANXX:2:2203:11750:83055_1:102500314",9.5e-24
"1978","HISEQ13:138:C6FWNANXX:2:1113:6187:30717_1:18597143",9.5e-24
"1979","HISEQ13:138:C6FWNANXX:2:1212:18179:81163_1:42562066",9.5e-24
"1980","HISEQ13:138:C6FWNANXX:2:2101:13839:59761_1:75387183",9.5e-24
"1981","HISEQ13:138:C6FWNANXX:2:1303:19273:73029_1:53529185",9.5e-24
"1982","HISEQ13:138:C6FWNANXX:2:1216:5561:96735_1:49493305",9.6e-24
"1983","HISEQ13:138:C6FWNANXX:2:2113:8618:75182_1:93263961",9.6e-24
"1984","HISEQ13:138:C6FWNANXX:2:1210:18283:19245_1:38434566",9.6e-24
"1985","HISEQ13:138:C6FWNANXX:2:2113:17120:71708_1:93209514",9.6e-24
"1986","HISEQ13:138:C6FWNANXX:2:2202:11571:48753_1:100599413",9.6e-24
"1987","HISEQ13:138:C6FWNANXX:2:1113:13665:3327_1:18150225",9.7e-24
"1988","HISEQ13:138:C6FWNANXX:2:2313:18428:15721_1:140427399",9.7e-24
"1989","HISEQ13:138:C6FWNANXX:2:2112:14904:45108_1:91218870",9.8e-24
"1990","HISEQ13:138:C6FWNANXX:2:1114:13151:3325_1:19787247",9.9e-24
"1991","HISEQ13:138:C6FWNANXX:2:1204:18568:62924_1:30056295",9.9e-24
"1992","HISEQ13:138:C6FWNANXX:2:1214:5434:47263_1:45276648",9.9e-24
"1993","HISEQ13:138:C6FWNANXX:2:1210:7426:41148_1:38778303",9.9e-24
"1994","HISEQ13:138:C6FWNANXX:2:1311:18995:86378_1:65963004",9.9e-24
"1995","HISEQ13:138:C6FWNANXX:2:2111:19883:97250_1:90608279",9.9e-24
"1996","HISEQ13:138:C6FWNANXX:2:2311:1944:82820_1:138354997",9.9e-24
"1997","HISEQ13:138:C6FWNANXX:2:1203:15804:12134_1:27860176",1e-23
"1998","HISEQ13:138:C6FWNANXX:2:1213:7713:66711_1:43948962",1e-23
"1999","HISEQ13:138:C6FWNANXX:2:2108:12581:95077_1:85971508",1e-23
"2000","HISEQ13:138:C6FWNANXX:2:2207:13473:77762_1:108168376",1e-23
"2001","HISEQ13:138:C6FWNANXX:2:2214:14696:43705_1:118370031",1e-23
"2002","HISEQ13:138:C6FWNANXX:2:1205:15794:82450_1:31822831",1e-23
"2003","HISEQ13:138:C6FWNANXX:2:1211:14361:99827_1:41292075",1e-23
"2004","HISEQ13:138:C6FWNANXX:2:1214:8794:50252_1:45327747",1e-23
"2005","HISEQ13:138:C6FWNANXX:2:1312:10587:76988_1:67422148",1e-23
"2006","HISEQ13:138:C6FWNANXX:2:2108:16819:77446_1:85703594",1e-23
"2007","HISEQ13:138:C6FWNANXX:2:2109:7954:53451_1:86837218",1e-23
"2008","HISEQ13:138:C6FWNANXX:2:2203:12244:71530_1:102336290",1e-23
"2009","HISEQ13:138:C6FWNANXX:2:2204:12299:77492_1:103831330",1e-23
"2010","HISEQ13:138:C6FWNANXX:2:2211:11774:84963_1:114295206",1e-23
"2011","HISEQ13:138:C6FWNANXX:2:2215:2007:57271_1:120215924",1e-23
"2012","HISEQ13:138:C6FWNANXX:2:1111:15299:77308_1:16266952",1e-23
"2013","HISEQ13:138:C6FWNANXX:2:2204:11253:18490_1:102984428",1e-23
"2014","HISEQ13:138:C6FWNANXX:2:1203:11977:24213_1:28036321",1e-23
"2015","HISEQ13:138:C6FWNANXX:2:1109:16139:32278_1:12391374",1e-23
"2016","HISEQ13:138:C6FWNANXX:2:1216:4540:23306_1:48223713",1e-23
"2017","HISEQ13:138:C6FWNANXX:2:2304:18836:36253_1:127295031",1e-23
"2018","HISEQ13:138:C6FWNANXX:2:2211:10172:51975_1:113778983",1e-23
"2019","HISEQ13:138:C6FWNANXX:2:1310:12850:79912_1:64264446",1e-23
"2020","HISEQ13:138:C6FWNANXX:2:1315:18257:71439_1:72329726",1e-23
"2021","HISEQ13:138:C6FWNANXX:2:2310:17433:83285_1:136821461",1e-23
"2022","HISEQ13:138:C6FWNANXX:2:2105:2295:89502_1:81475677",1e-23
"2023","HISEQ13:138:C6FWNANXX:2:2112:8922:83599_1:91825891",1e-23
"2024","HISEQ13:138:C6FWNANXX:2:1316:10526:23810_1:73219651",1e-23
"2025","HISEQ13:138:C6FWNANXX:2:1208:2507:75724_1:36227104",1e-23
"2026","HISEQ13:138:C6FWNANXX:2:1212:18578:34336_1:41799426",1e-23
"2027","HISEQ13:138:C6FWNANXX:2:2212:10269:32908_1:115024984",1e-23
"2028","HISEQ13:138:C6FWNANXX:2:2105:20232:46977_1:80859010",1e-23
"2029","HISEQ13:138:C6FWNANXX:2:1208:19061:45959_1:35769649",1e-23
"2030","HISEQ13:138:C6FWNANXX:2:1112:20707:66613_1:17566581",1.1e-23
"2031","HISEQ13:138:C6FWNANXX:2:2105:16590:74438_1:81255756",1.1e-23
"2032","HISEQ13:138:C6FWNANXX:2:2115:11667:71326_1:96410466",1.1e-23
"2033","HISEQ13:138:C6FWNANXX:2:2115:8492:78521_1:96527432",1.1e-23
"2034","HISEQ13:138:C6FWNANXX:2:2309:15098:31256_1:134510267",1.1e-23
"2035","HISEQ13:138:C6FWNANXX:2:2315:4806:66689_1:144491598",1.1e-23
"2036","HISEQ13:138:C6FWNANXX:2:2101:4683:98457_1:75932878",1.1e-23
"2037","HISEQ13:138:C6FWNANXX:2:1211:18170:28880_1:40146150",1.1e-23
"2038","HISEQ13:138:C6FWNANXX:2:1305:2781:3274_1:55434327",1.1e-23
"2039","HISEQ13:138:C6FWNANXX:2:2206:17049:76964_1:106699542",1.1e-23
"2040","HISEQ13:138:C6FWNANXX:2:1111:18259:80631_1:16326348",1.1e-23
"2041","HISEQ13:138:C6FWNANXX:2:1116:5449:50017_1:23929930",1.1e-23
"2042","HISEQ13:138:C6FWNANXX:2:1203:15233:89617_1:29001683",1.1e-23
"2043","HISEQ13:138:C6FWNANXX:2:2102:5526:25942_1:76307517",1.1e-23
"2044","HISEQ13:138:C6FWNANXX:2:2213:12180:76779_1:117305036",1.1e-23
"2045","HISEQ13:138:C6FWNANXX:2:2305:5942:69812_1:129202147",1.1e-23
"2046","HISEQ13:138:C6FWNANXX:2:1210:4320:71270_1:39249421",1.1e-23
"2047","HISEQ13:138:C6FWNANXX:2:2112:17199:79212_1:91755605",1.1e-23
"2048","HISEQ13:138:C6FWNANXX:2:2216:15760:98037_1:122560829",1.1e-23
"2049","HISEQ13:138:C6FWNANXX:2:2216:18771:43252_1:121634231",1.1e-23
"2050","HISEQ13:138:C6FWNANXX:2:2310:7587:6393_1:135637176",1.1e-23
"2051","HISEQ13:138:C6FWNANXX:2:1208:16463:69569_1:36137317",1.1e-23
"2052","HISEQ13:138:C6FWNANXX:2:2106:20512:93622_1:82990039",1.1e-23
"2053","HISEQ13:138:C6FWNANXX:2:1315:7640:25252_1:71537581",1.1e-23
"2054","HISEQ13:138:C6FWNANXX:2:1105:13407:64687_1:6803333",1.1e-23
"2055","HISEQ13:138:C6FWNANXX:2:2106:13727:75686_1:82725660",1.1e-23
"2056","HISEQ13:138:C6FWNANXX:2:2202:20701:82639_1:101082484",1.1e-23
"2057","HISEQ13:138:C6FWNANXX:2:2315:3725:80692_1:144719793",1.1e-23
"2058","HISEQ13:138:C6FWNANXX:2:2202:19366:7589_1:100015382",1.1e-23
"2059","HISEQ13:138:C6FWNANXX:2:2315:4648:76344_1:144649808",1.1e-23
"2060","HISEQ13:138:C6FWNANXX:2:2202:13517:54767_1:100684469",1.1e-23
"2061","HISEQ13:138:C6FWNANXX:2:2201:19713:74574_1:99563031",1.1e-23
"2062","HISEQ13:138:C6FWNANXX:2:2206:6457:20484_1:105867387",1.1e-23
"2063","HISEQ13:138:C6FWNANXX:2:2212:8393:59282_1:115442893",1.1e-23
"2064","HISEQ13:138:C6FWNANXX:2:2215:20082:75918_1:120526085",1.1e-23
"2065","HISEQ13:138:C6FWNANXX:2:1306:16608:55473_1:57717705",1.1e-23
"2066","HISEQ13:138:C6FWNANXX:2:2108:3070:40354_1:85142070",1.1e-23
"2067","HISEQ13:138:C6FWNANXX:2:2216:19658:71230_1:122104694",1.1e-23
"2068","HISEQ13:138:C6FWNANXX:2:2316:17957:2705_1:145069409",1.1e-23
"2069","HISEQ13:138:C6FWNANXX:2:1114:7208:26038_1:20167351",1.1e-23
"2070","HISEQ13:138:C6FWNANXX:2:1202:11182:2884_1:26272249",1.1e-23
"2071","HISEQ13:138:C6FWNANXX:2:1305:20788:52572_1:56176980",1.1e-23
"2072","HISEQ13:138:C6FWNANXX:2:2105:12639:63275_1:81096399",1.1e-23
"2073","HISEQ13:138:C6FWNANXX:2:2308:20911:7736_1:132658778",1.1e-23
"2074","HISEQ13:138:C6FWNANXX:2:1106:15071:99107_1:8830830",1.1e-23
"2075","HISEQ13:138:C6FWNANXX:2:1314:19166:57959_1:70412652",1.1e-23
"2076","HISEQ13:138:C6FWNANXX:2:1306:16209:25941_1:57267553",1.1e-23
"2077","HISEQ13:138:C6FWNANXX:2:2111:19374:87860_1:90445118",1.1e-23
"2078","HISEQ13:138:C6FWNANXX:2:2112:8348:17312_1:90799011",1.1e-23
"2079","HISEQ13:138:C6FWNANXX:2:2312:5586:46215_1:139336342",1.1e-23
"2080","HISEQ13:138:C6FWNANXX:2:1315:4500:90118_1:72651132",1.2e-23
"2081","HISEQ13:138:C6FWNANXX:2:1114:16906:20928_1:20081724",1.2e-23
"2082","HISEQ13:138:C6FWNANXX:2:1104:3025:49342_1:5091705",1.2e-23
"2083","HISEQ13:138:C6FWNANXX:2:1306:19685:83765_1:58153394",1.2e-23
"2084","HISEQ13:138:C6FWNANXX:2:2108:7501:35142_1:85063268",1.2e-23
"2085","HISEQ13:138:C6FWNANXX:2:1111:10425:23751_1:15381617",1.2e-23
"2086","HISEQ13:138:C6FWNANXX:2:1105:2044:57515_1:6696954",1.2e-23
"2087","HISEQ13:138:C6FWNANXX:2:1308:7798:79993_1:61139955",1.2e-23
"2088","HISEQ13:138:C6FWNANXX:2:1309:9452:4389_1:61506746",1.2e-23
"2089","HISEQ13:138:C6FWNANXX:2:2204:12022:57766_1:103552026",1.2e-23
"2090","HISEQ13:138:C6FWNANXX:2:1205:19059:34315_1:31103305",1.2e-23
"2091","HISEQ13:138:C6FWNANXX:2:1103:14250:95175_1:4303994",1.2e-23
"2092","HISEQ13:138:C6FWNANXX:2:1208:10777:28655_1:35503277",1.2e-23
"2093","HISEQ13:138:C6FWNANXX:2:1215:19523:19277_1:46473264",1.2e-23
"2094","HISEQ13:138:C6FWNANXX:2:1305:19423:53811_1:56195572",1.2e-23
"2095","HISEQ13:138:C6FWNANXX:2:1316:11531:75375_1:74119707",1.2e-23
"2096","HISEQ13:138:C6FWNANXX:2:1116:4333:81751_1:24475825",1.2e-23
"2097","HISEQ13:138:C6FWNANXX:2:2315:4648:76344_1:144649807",1.2e-23
"2098","HISEQ13:138:C6FWNANXX:2:2101:14452:7596_1:74642111",1.2e-23
"2099","HISEQ13:138:C6FWNANXX:2:2102:9283:55153_1:76722938",1.2e-23
"2100","HISEQ13:138:C6FWNANXX:2:2109:14119:3919_1:86086709",1.2e-23
"2101","HISEQ13:138:C6FWNANXX:2:2214:15426:89478_1:119120040",1.2e-23
"2102","HISEQ13:138:C6FWNANXX:2:1209:9911:16684_1:36848111",1.2e-23
"2103","HISEQ13:138:C6FWNANXX:2:1307:11510:94689_1:59834280",1.2e-23
"2104","HISEQ13:138:C6FWNANXX:2:2109:2604:77667_1:87205861",1.2e-23
"2105","HISEQ13:138:C6FWNANXX:2:2311:10503:52176_1:137870710",1.2e-23
"2106","HISEQ13:138:C6FWNANXX:2:1303:20990:26029_1:52835316",1.2e-23
"2107","HISEQ13:138:C6FWNANXX:2:1310:5811:81949_1:64294747",1.2e-23
"2108","HISEQ13:138:C6FWNANXX:2:2213:17946:37991_1:116678841",1.2e-23
"2109","HISEQ13:138:C6FWNANXX:2:2301:9705:4309_1:122638762",1.2e-23
"2110","HISEQ13:138:C6FWNANXX:2:1305:3909:38797_1:55966221",1.2e-23
"2111","HISEQ13:138:C6FWNANXX:2:1111:17204:59623_1:15959433",1.2e-23
"2112","HISEQ13:138:C6FWNANXX:2:1312:14124:3957_1:66228415",1.2e-23
"2113","HISEQ13:138:C6FWNANXX:2:1308:17999:32397_1:60400375",1.2e-23
"2114","HISEQ13:138:C6FWNANXX:2:2314:8958:80560_1:143093836",1.2e-23
"2115","HISEQ13:138:C6FWNANXX:2:2107:1555:5500_1:83147653",1.2e-23
"2116","HISEQ13:138:C6FWNANXX:2:1108:4786:19673_1:10645602",1.3e-23
"2117","HISEQ13:138:C6FWNANXX:2:1110:10899:79724_1:14698990",1.3e-23
"2118","HISEQ13:138:C6FWNANXX:2:1211:1618:27159_1:40114874",1.3e-23
"2119","HISEQ13:138:C6FWNANXX:2:1305:12732:75127_1:56513397",1.3e-23
"2120","HISEQ13:138:C6FWNANXX:2:2209:2951:38211_1:110537729",1.3e-23
"2121","HISEQ13:138:C6FWNANXX:2:2311:7312:28107_1:137494748",1.3e-23
"2122","HISEQ13:138:C6FWNANXX:2:2315:12278:99387_1:145034125",1.3e-23
"2123","HISEQ13:138:C6FWNANXX:2:2107:18063:35620_1:83596323",1.3e-23
"2124","HISEQ13:138:C6FWNANXX:2:1308:14884:18842_1:60191139",1.3e-23
"2125","HISEQ13:138:C6FWNANXX:2:1310:6689:79273_1:64255231",1.3e-23
"2126","HISEQ13:138:C6FWNANXX:2:2211:5695:51186_1:113766564",1.3e-23
"2127","HISEQ13:138:C6FWNANXX:2:1308:9926:56361_1:60771689",1.3e-23
"2128","HISEQ13:138:C6FWNANXX:2:2310:7587:6393_1:135637177",1.3e-23
"2129","HISEQ13:138:C6FWNANXX:2:2315:2994:78709_1:144686716",1.3e-23
"2130","HISEQ13:138:C6FWNANXX:2:1302:13454:11741_1:51163515",1.3e-23
"2131","HISEQ13:138:C6FWNANXX:2:1302:14197:26488_1:51380169",1.3e-23
"2132","HISEQ13:138:C6FWNANXX:2:1103:5467:62222_1:3812531",1.3e-23
"2133","HISEQ13:138:C6FWNANXX:2:2310:3587:57495_1:136422680",1.3e-23
"2134","HISEQ13:138:C6FWNANXX:2:2103:15377:51835_1:78087014",1.3e-23
"2135","HISEQ13:138:C6FWNANXX:2:1209:16360:97857_1:38117436",1.3e-23
"2136","HISEQ13:138:C6FWNANXX:2:2303:20627:50762_1:126094242",1.3e-23
"2137","HISEQ13:138:C6FWNANXX:2:1314:8171:10253_1:69604369",1.3e-23
"2138","HISEQ13:138:C6FWNANXX:2:2204:20363:74004_1:103786229",1.3e-23
"2139","HISEQ13:138:C6FWNANXX:2:2201:11988:27062_1:98883947",1.3e-23
"2140","HISEQ13:138:C6FWNANXX:2:1101:11290:6733_1:68847",1.3e-23
"2141","HISEQ13:138:C6FWNANXX:2:1103:7034:83054_1:4124507",1.3e-23
"2142","HISEQ13:138:C6FWNANXX:2:1107:3394:50837_1:9605283",1.3e-23
"2143","HISEQ13:138:C6FWNANXX:2:1316:10753:10606_1:72989303",1.3e-23
"2144","HISEQ13:138:C6FWNANXX:2:2110:12536:81950_1:88780043",1.3e-23
"2145","HISEQ13:138:C6FWNANXX:2:2213:9588:57676_1:116995175",1.3e-23
"2146","HISEQ13:138:C6FWNANXX:2:1305:7713:65521_1:56369342",1.3e-23
"2147","HISEQ13:138:C6FWNANXX:2:1113:17842:73312_1:19305734",1.3e-23
"2148","HISEQ13:138:C6FWNANXX:2:2102:14567:19349_1:76216462",1.3e-23
"2149","HISEQ13:138:C6FWNANXX:2:2206:16366:93806_1:106946535",1.3e-23
"2150","HISEQ13:138:C6FWNANXX:2:2211:9433:58866_1:113887993",1.3e-23
"2151","HISEQ13:138:C6FWNANXX:2:1211:7243:67709_1:40768684",1.3e-23
"2152","HISEQ13:138:C6FWNANXX:2:2211:7555:16958_1:113230357",1.3e-23
"2153","HISEQ13:138:C6FWNANXX:2:1306:4530:15147_1:57101114",1.3e-23
"2154","HISEQ13:138:C6FWNANXX:2:1309:3616:7611_1:61556909",1.3e-23
"2155","HISEQ13:138:C6FWNANXX:2:2214:16892:47640_1:118435679",1.3e-23
"2156","HISEQ13:138:C6FWNANXX:2:2313:10961:65319_1:141230683",1.3e-23
"2157","HISEQ13:138:C6FWNANXX:2:1301:1877:50100_1:50274600",1.3e-23
"2158","HISEQ13:138:C6FWNANXX:2:1314:9095:72915_1:70665862",1.3e-23
"2159","HISEQ13:138:C6FWNANXX:2:1206:17973:6562_1:32168286",1.4e-23
"2160","HISEQ13:138:C6FWNANXX:2:1307:11248:72779_1:59500090",1.4e-23
"2161","HISEQ13:138:C6FWNANXX:2:1109:5885:71957_1:13014399",1.4e-23
"2162","HISEQ13:138:C6FWNANXX:2:1213:11562:3270_1:42907094",1.4e-23
"2163","HISEQ13:138:C6FWNANXX:2:1312:4621:40714_1:66826613",1.4e-23
"2164","HISEQ13:138:C6FWNANXX:2:2203:4536:74748_1:102377486",1.4e-23
"2165","HISEQ13:138:C6FWNANXX:2:1208:18347:13182_1:35266530",1.4e-23
"2166","HISEQ13:138:C6FWNANXX:2:2116:18926:11203_1:97046653",1.4e-23
"2167","HISEQ13:138:C6FWNANXX:2:1306:16608:55473_1:57717704",1.4e-23
"2168","HISEQ13:138:C6FWNANXX:2:2116:11226:38677_1:97501086",1.4e-23
"2169","HISEQ13:138:C6FWNANXX:2:2303:3964:23402_1:125700718",1.4e-23
"2170","HISEQ13:138:C6FWNANXX:2:1104:8134:99801_1:5847223",1.4e-23
"2171","HISEQ13:138:C6FWNANXX:2:2209:14618:5583_1:110047893",1.4e-23
"2172","HISEQ13:138:C6FWNANXX:2:1103:8843:67797_1:3899177",1.4e-23
"2173","HISEQ13:138:C6FWNANXX:2:1303:13943:27690_1:52856141",1.4e-23
"2174","HISEQ13:138:C6FWNANXX:2:1315:1365:93467_1:72707585",1.4e-23
"2175","HISEQ13:138:C6FWNANXX:2:2105:12861:84364_1:81401408",1.4e-23
"2176","HISEQ13:138:C6FWNANXX:2:2113:5006:23350_1:92435941",1.4e-23
"2177","HISEQ13:138:C6FWNANXX:2:2203:15254:6750_1:101412413",1.4e-23
"2178","HISEQ13:138:C6FWNANXX:2:2311:4127:71061_1:138169167",1.4e-23
"2179","HISEQ13:138:C6FWNANXX:2:2315:11725:47801_1:144183970",1.4e-23
"2180","HISEQ13:138:C6FWNANXX:2:1104:3846:88083_1:5670560",1.4e-23
"2181","HISEQ13:138:C6FWNANXX:2:1202:13787:53782_1:27021082",1.4e-23
"2182","HISEQ13:138:C6FWNANXX:2:1210:12720:26978_1:38555589",1.4e-23
"2183","HISEQ13:138:C6FWNANXX:2:1203:15507:46888_1:28371864",1.4e-23
"2184","HISEQ13:138:C6FWNANXX:2:1216:2423:64371_1:48933181",1.4e-23
"2185","HISEQ13:138:C6FWNANXX:2:2313:4603:60339_1:141147879",1.4e-23
"2186","HISEQ13:138:C6FWNANXX:2:1211:16450:11957_1:39872975",1.4e-23
"2187","HISEQ13:138:C6FWNANXX:2:2103:17651:14237_1:77549942",1.4e-23
"2188","HISEQ13:138:C6FWNANXX:2:2315:16170:73314_1:144603233",1.4e-23
"2189","HISEQ13:138:C6FWNANXX:2:1101:15882:78376_1:1130873",1.4e-23
"2190","HISEQ13:138:C6FWNANXX:2:2108:18572:71796_1:85620953",1.4e-23
"2191","HISEQ13:138:C6FWNANXX:2:1110:6267:47669_1:14193664",1.4e-23
"2192","HISEQ13:138:C6FWNANXX:2:1116:17278:49887_1:23928317",1.4e-23
"2193","HISEQ13:138:C6FWNANXX:2:1213:9987:36263_1:43448381",1.4e-23
"2194","HISEQ13:138:C6FWNANXX:2:1309:13865:39009_1:62054738",1.4e-23
"2195","HISEQ13:138:C6FWNANXX:2:1309:9252:58240_1:62353465",1.4e-23
"2196","HISEQ13:138:C6FWNANXX:2:2111:12140:46904_1:89765130",1.4e-23
"2197","HISEQ13:138:C6FWNANXX:2:2303:1987:44896_1:126006096",1.4e-23
"2198","HISEQ13:138:C6FWNANXX:2:2304:2334:18681_1:127037898",1.4e-23
"2199","HISEQ13:138:C6FWNANXX:2:2305:10075:15442_1:128411884",1.4e-23
"2200","HISEQ13:138:C6FWNANXX:2:2308:5133:51755_1:133322482",1.4e-23
"2201","HISEQ13:138:C6FWNANXX:2:1303:15855:87846_1:53746674",1.4e-23
"2202","HISEQ13:138:C6FWNANXX:2:1106:16357:51081_1:8099218",1.4e-23
"2203","HISEQ13:138:C6FWNANXX:2:1303:15147:7726_1:52560175",1.4e-23
"2204","HISEQ13:138:C6FWNANXX:2:2102:20370:45884_1:76593894",1.4e-23
"2205","HISEQ13:138:C6FWNANXX:2:2107:9553:58946_1:83940071",1.4e-23
"2206","HISEQ13:138:C6FWNANXX:2:2205:4169:20772_1:104441120",1.4e-23
"2207","HISEQ13:138:C6FWNANXX:2:1201:5680:77589_1:25916489",1.4e-23
"2208","HISEQ13:138:C6FWNANXX:2:1208:19061:45959_1:35769650",1.4e-23
"2209","HISEQ13:138:C6FWNANXX:2:2305:11577:11053_1:128350535",1.4e-23
"2210","HISEQ13:138:C6FWNANXX:2:1204:8882:45139_1:29790120",1.4e-23
"2211","HISEQ13:138:C6FWNANXX:2:1216:15635:76117_1:49141026",1.4e-23
"2212","HISEQ13:138:C6FWNANXX:2:2116:9976:88506_1:98322795",1.4e-23
"2213","HISEQ13:138:C6FWNANXX:2:1302:7063:65193_1:51949061",1.4e-23
"2214","HISEQ13:138:C6FWNANXX:2:2205:7316:12568_1:104321492",1.4e-23
"2215","HISEQ13:138:C6FWNANXX:2:2307:3279:13641_1:131276915",1.4e-23
"2216","HISEQ13:138:C6FWNANXX:2:1310:8308:15346_1:63240302",1.5e-23
"2217","HISEQ13:138:C6FWNANXX:2:1107:13819:62534_1:9787056",1.5e-23
"2218","HISEQ13:138:C6FWNANXX:2:1116:4883:29931_1:23582684",1.5e-23
"2219","HISEQ13:138:C6FWNANXX:2:1210:20187:79250_1:39374039",1.5e-23
"2220","HISEQ13:138:C6FWNANXX:2:2211:1419:82117_1:114249757",1.5e-23
"2221","HISEQ13:138:C6FWNANXX:2:2216:7868:8758_1:121052300",1.5e-23
"2222","HISEQ13:138:C6FWNANXX:2:2302:11234:57756_1:124788771",1.5e-23
"2223","HISEQ13:138:C6FWNANXX:2:2306:15975:59734_1:130500899",1.5e-23
"2224","HISEQ13:138:C6FWNANXX:2:2309:10897:97764_1:135526324",1.5e-23
"2225","HISEQ13:138:C6FWNANXX:2:1215:12029:62238_1:47196932",1.5e-23
"2226","HISEQ13:138:C6FWNANXX:2:1315:8383:31553_1:71644426",1.5e-23
"2227","HISEQ13:138:C6FWNANXX:2:2101:15142:11089_1:74692709",1.5e-23
"2228","HISEQ13:138:C6FWNANXX:2:2308:4195:83225_1:133794092",1.5e-23
"2229","HISEQ13:138:C6FWNANXX:2:1106:12674:61297_1:8255530",1.5e-23
"2230","HISEQ13:138:C6FWNANXX:2:2211:20093:25362_1:113365435",1.5e-23
"2231","HISEQ13:138:C6FWNANXX:2:1112:19748:22346_1:16850297",1.5e-23
"2232","HISEQ13:138:C6FWNANXX:2:1205:9776:52001_1:31368347",1.5e-23
"2233","HISEQ13:138:C6FWNANXX:2:1211:19482:22109_1:40038006",1.5e-23
"2234","HISEQ13:138:C6FWNANXX:2:1116:19360:97924_1:24753848",1.5e-23
"2235","HISEQ13:138:C6FWNANXX:2:1209:3219:71096_1:37696127",1.5e-23
"2236","HISEQ13:138:C6FWNANXX:2:1313:8541:14782_1:68029805",1.5e-23
"2237","HISEQ13:138:C6FWNANXX:2:2115:20640:81408_1:96574470",1.5e-23
"2238","HISEQ13:138:C6FWNANXX:2:1111:3401:54521_1:15873454",1.5e-23
"2239","HISEQ13:138:C6FWNANXX:2:2307:10013:73003_1:132161053",1.5e-23
"2240","HISEQ13:138:C6FWNANXX:2:1315:12512:7534_1:71237978",1.5e-23
"2241","HISEQ13:138:C6FWNANXX:2:2105:20584:26514_1:80564924",1.5e-23
"2242","HISEQ13:138:C6FWNANXX:2:2107:19048:34773_1:83585293",1.5e-23
"2243","HISEQ13:138:C6FWNANXX:2:2113:10402:96279_1:93606032",1.5e-23
"2244","HISEQ13:138:C6FWNANXX:2:1111:13611:40346_1:15645113",1.5e-23
"2245","HISEQ13:138:C6FWNANXX:2:1315:2364:11113_1:71295017",1.5e-23
"2246","HISEQ13:138:C6FWNANXX:2:2301:9864:23549_1:122911365",1.5e-23
"2247","HISEQ13:138:C6FWNANXX:2:1213:12717:72196_1:44041554",1.5e-23
"2248","HISEQ13:138:C6FWNANXX:2:1316:20903:47493_1:73631133",1.5e-23
"2249","HISEQ13:138:C6FWNANXX:2:2307:18171:76672_1:132214531",1.5e-23
"2250","HISEQ13:138:C6FWNANXX:2:2310:19068:69609_1:136612268",1.5e-23
"2251","HISEQ13:138:C6FWNANXX:2:2314:10354:20028_1:142098154",1.5e-23
"2252","HISEQ13:138:C6FWNANXX:2:1201:12255:34421_1:25281411",1.5e-23
"2253","HISEQ13:138:C6FWNANXX:2:2201:1923:9250_1:98625323",1.5e-23
"2254","HISEQ13:138:C6FWNANXX:2:1309:18077:17735_1:61716636",1.5e-23
"2255","HISEQ13:138:C6FWNANXX:2:2109:10012:72836_1:87135269",1.5e-23
"2256","HISEQ13:138:C6FWNANXX:2:1303:8734:61220_1:53350743",1.5e-23
"2257","HISEQ13:138:C6FWNANXX:2:1110:16957:96377_1:14962919",1.5e-23
"2258","HISEQ13:138:C6FWNANXX:2:1309:4215:100601_1:63024739",1.5e-23
"2259","HISEQ13:138:C6FWNANXX:2:1305:2081:63435_1:56334373",1.5e-23
"2260","HISEQ13:138:C6FWNANXX:2:1312:19697:99384_1:67795809",1.6e-23
"2261","HISEQ13:138:C6FWNANXX:2:2109:10966:8447_1:86154373",1.6e-23
"2262","HISEQ13:138:C6FWNANXX:2:2307:17437:19190_1:131361096",1.6e-23
"2263","HISEQ13:138:C6FWNANXX:2:2316:14649:14033_1:145263094",1.6e-23
"2264","HISEQ13:138:C6FWNANXX:2:1111:17374:18173_1:15291560",1.6e-23
"2265","HISEQ13:138:C6FWNANXX:2:2104:2772:78029_1:79878291",1.6e-23
"2266","HISEQ13:138:C6FWNANXX:2:1206:5422:71466_1:33146005",1.6e-23
"2267","HISEQ13:138:C6FWNANXX:2:2213:12975:24374_1:116461439",1.6e-23
"2268","HISEQ13:138:C6FWNANXX:2:2308:18647:82389_1:133785660",1.6e-23
"2269","HISEQ13:138:C6FWNANXX:2:1305:8917:3585_1:55439094",1.6e-23
"2270","HISEQ13:138:C6FWNANXX:2:2113:20514:81609_1:93370954",1.6e-23
"2271","HISEQ13:138:C6FWNANXX:2:2212:13662:28012_1:114950241",1.6e-23
"2272","HISEQ13:138:C6FWNANXX:2:2314:8786:62683_1:142797485",1.6e-23
"2273","HISEQ13:138:C6FWNANXX:2:1116:16656:36657_1:23700636",1.6e-23
"2274","HISEQ13:138:C6FWNANXX:2:1213:16141:33639_1:43403942",1.6e-23
"2275","HISEQ13:138:C6FWNANXX:2:1316:5630:97080_1:74496522",1.6e-23
"2276","HISEQ13:138:C6FWNANXX:2:2106:15701:49584_1:82342297",1.6e-23
"2277","HISEQ13:138:C6FWNANXX:2:2306:11221:10473_1:129775498",1.6e-23
"2278","HISEQ13:138:C6FWNANXX:2:2215:11101:79901_1:120590101",1.6e-23
"2279","HISEQ13:138:C6FWNANXX:2:2316:16621:20298_1:145368826",1.6e-23
"2280","HISEQ13:138:C6FWNANXX:2:1314:2423:84252_1:70860293",1.6e-23
"2281","HISEQ13:138:C6FWNANXX:2:1305:10710:23990_1:55743489",1.6e-23
"2282","HISEQ13:138:C6FWNANXX:2:2113:3469:39744_1:92694769",1.6e-23
"2283","HISEQ13:138:C6FWNANXX:2:1102:13392:43398_1:2072531",1.7e-23
"2284","HISEQ13:138:C6FWNANXX:2:1108:10552:1968_1:10373625",1.7e-23
"2285","HISEQ13:138:C6FWNANXX:2:1210:2836:4918_1:38206764",1.7e-23
"2286","HISEQ13:138:C6FWNANXX:2:1215:16081:20004_1:46485244",1.7e-23
"2287","HISEQ13:138:C6FWNANXX:2:2109:19163:9247_1:86167335",1.7e-23
"2288","HISEQ13:138:C6FWNANXX:2:1314:7379:39868_1:70104841",1.7e-23
"2289","HISEQ13:138:C6FWNANXX:2:1215:4404:22179_1:46516537",1.7e-23
"2290","HISEQ13:138:C6FWNANXX:2:1215:7369:53541_1:47051099",1.7e-23
"2291","HISEQ13:138:C6FWNANXX:2:1108:15687:38639_1:10941460",1.7e-23
"2292","HISEQ13:138:C6FWNANXX:2:1112:14648:61115_1:17476436",1.7e-23
"2293","HISEQ13:138:C6FWNANXX:2:1206:5124:66269_1:33069908",1.7e-23
"2294","HISEQ13:138:C6FWNANXX:2:2205:13870:67743_1:105117516",1.7e-23
"2295","HISEQ13:138:C6FWNANXX:2:2310:14403:50233_1:136312558",1.7e-23
"2296","HISEQ13:138:C6FWNANXX:2:1116:7588:34037_1:23655519",1.7e-23
"2297","HISEQ13:138:C6FWNANXX:2:2302:12930:88817_1:125229461",1.7e-23
"2298","HISEQ13:138:C6FWNANXX:2:1314:8058:10382_1:69604398",1.7e-23
"2299","HISEQ13:138:C6FWNANXX:2:2105:14097:79131_1:81324195",1.7e-23
"2300","HISEQ13:138:C6FWNANXX:2:2316:14181:71426_1:146229904",1.7e-23
"2301","HISEQ13:138:C6FWNANXX:2:1104:12755:52642_1:5141728",1.7e-23
"2302","HISEQ13:138:C6FWNANXX:2:2208:11828:30446_1:108932323",1.7e-23
"2303","HISEQ13:138:C6FWNANXX:2:1313:3431:12671_1:67992409",1.7e-23
"2304","HISEQ13:138:C6FWNANXX:2:2214:16892:47640_1:118435678",1.7e-23
"2305","HISEQ13:138:C6FWNANXX:2:1308:6472:24028_1:60270374",1.7e-23
"2306","HISEQ13:138:C6FWNANXX:2:2102:16549:70042_1:76937342",1.7e-23
"2307","HISEQ13:138:C6FWNANXX:2:2315:6951:91482_1:144898823",1.7e-23
"2308","HISEQ13:138:C6FWNANXX:2:1302:21298:38157_1:51554518",1.7e-23
"2309","HISEQ13:138:C6FWNANXX:2:2207:4676:46977_1:107707298",1.7e-23
"2310","HISEQ13:138:C6FWNANXX:2:1111:17997:81160_1:16335180",1.7e-23
"2311","HISEQ13:138:C6FWNANXX:2:2203:4797:45362_1:101960788",1.7e-23
"2312","HISEQ13:138:C6FWNANXX:2:2211:17885:65611_1:113994734",1.7e-23
"2313","HISEQ13:138:C6FWNANXX:2:1201:15840:12108_1:24954589",1.7e-23
"2314","HISEQ13:138:C6FWNANXX:2:1101:9119:87812_1:1270220",1.7e-23
"2315","HISEQ13:138:C6FWNANXX:2:1111:10034:83396_1:16374191",1.7e-23
"2316","HISEQ13:138:C6FWNANXX:2:2102:16412:88197_1:77195958",1.7e-23
"2317","HISEQ13:138:C6FWNANXX:2:2107:14619:3299_1:83116837",1.7e-23
"2318","HISEQ13:138:C6FWNANXX:2:2201:17785:48045_1:99184167",1.7e-23
"2319","HISEQ13:138:C6FWNANXX:2:2306:6581:17279_1:129877895",1.7e-23
"2320","HISEQ13:138:C6FWNANXX:2:1316:19181:68082_1:73994274",1.7e-23
"2321","HISEQ13:138:C6FWNANXX:2:2210:4477:85747_1:112766283",1.7e-23
"2322","HISEQ13:138:C6FWNANXX:2:2316:2624:42552_1:145742367",1.7e-23
"2323","HISEQ13:138:C6FWNANXX:2:2211:20093:25362_1:113365436",1.8e-23
"2324","HISEQ13:138:C6FWNANXX:2:1307:7369:29193_1:58825935",1.8e-23
"2325","HISEQ13:138:C6FWNANXX:2:2216:8401:46951_1:121690577",1.8e-23
"2326","HISEQ13:138:C6FWNANXX:2:2308:5023:36890_1:133096390",1.8e-23
"2327","HISEQ13:138:C6FWNANXX:2:2114:4643:23572_1:94025738",1.8e-23
"2328","HISEQ13:138:C6FWNANXX:2:2216:13848:43325_1:121633125",1.8e-23
"2329","HISEQ13:138:C6FWNANXX:2:2303:17081:40405_1:125944533",1.8e-23
"2330","HISEQ13:138:C6FWNANXX:2:1313:2609:34205_1:68347644",1.8e-23
"2331","HISEQ13:138:C6FWNANXX:2:1109:18472:48034_1:12640023",1.8e-23
"2332","HISEQ13:138:C6FWNANXX:2:1115:4768:70962_1:22589430",1.8e-23
"2333","HISEQ13:138:C6FWNANXX:2:1110:14241:61946_1:14420737",1.8e-23
"2334","HISEQ13:138:C6FWNANXX:2:1215:7776:67302_1:47285055",1.8e-23
"2335","HISEQ13:138:C6FWNANXX:2:2114:9777:77774_1:94908408",1.8e-23
"2336","HISEQ13:138:C6FWNANXX:2:2215:12773:63839_1:120325934",1.8e-23
"2337","HISEQ13:138:C6FWNANXX:2:2102:4833:48321_1:76626465",1.8e-23
"2338","HISEQ13:138:C6FWNANXX:2:2213:15244:57567_1:116996287",1.8e-23
"2339","HISEQ13:138:C6FWNANXX:2:2304:20780:81706_1:127943906",1.8e-23
"2340","HISEQ13:138:C6FWNANXX:2:1111:11885:19930_1:15318591",1.8e-23
"2341","HISEQ13:138:C6FWNANXX:2:1114:2430:89516_1:21233557",1.8e-23
"2342","HISEQ13:138:C6FWNANXX:2:1305:7713:65521_1:56369343",1.8e-23
"2343","HISEQ13:138:C6FWNANXX:2:2111:2094:13599_1:89245576",1.8e-23
"2344","HISEQ13:138:C6FWNANXX:2:2110:10052:5589_1:87615097",1.8e-23
"2345","HISEQ13:138:C6FWNANXX:2:2301:10153:65962_1:123506540",1.8e-23
"2346","HISEQ13:138:C6FWNANXX:2:1112:14368:73872_1:17684644",1.8e-23
"2347","HISEQ13:138:C6FWNANXX:2:1202:7809:100607_1:27706315",1.8e-23
"2348","HISEQ13:138:C6FWNANXX:2:1101:9657:21697_1:290941",1.8e-23
"2349","HISEQ13:138:C6FWNANXX:2:1205:16178:19659_1:30884196",1.8e-23
"2350","HISEQ13:138:C6FWNANXX:2:1112:11650:36303_1:17075133",1.8e-23
"2351","HISEQ13:138:C6FWNANXX:2:1209:13359:85206_1:37916866",1.8e-23
"2352","HISEQ13:138:C6FWNANXX:2:2108:21076:91327_1:85916008",1.8e-23
"2353","HISEQ13:138:C6FWNANXX:2:2312:20902:34299_1:139153970",1.8e-23
"2354","HISEQ13:138:C6FWNANXX:2:1216:2471:12098_1:48028909",1.8e-23
"2355","HISEQ13:138:C6FWNANXX:2:1310:19270:6723_1:63104328",1.8e-23
"2356","HISEQ13:138:C6FWNANXX:2:1315:13116:43590_1:71851271",1.8e-23
"2357","HISEQ13:138:C6FWNANXX:2:2103:19684:64575_1:78268190",1.8e-23
"2358","HISEQ13:138:C6FWNANXX:2:1109:10582:16321_1:12139290",1.8e-23
"2359","HISEQ13:138:C6FWNANXX:2:1212:18179:81163_1:42562065",1.8e-23
"2360","HISEQ13:138:C6FWNANXX:2:2106:15759:49757_1:82345987",1.8e-23
"2361","HISEQ13:138:C6FWNANXX:2:2313:2733:78198_1:141435337",1.8e-23
"2362","HISEQ13:138:C6FWNANXX:2:1311:17447:16515_1:64832571",1.8e-23
"2363","HISEQ13:138:C6FWNANXX:2:1101:7562:6943_1:71864",1.9e-23
"2364","HISEQ13:138:C6FWNANXX:2:1203:5239:16901_1:27928365",1.9e-23
"2365","HISEQ13:138:C6FWNANXX:2:1103:8158:13324_1:3090331",1.9e-23
"2366","HISEQ13:138:C6FWNANXX:2:2309:4624:24027_1:134398489",1.9e-23
"2367","HISEQ13:138:C6FWNANXX:2:2310:16519:65749_1:136551311",1.9e-23
"2368","HISEQ13:138:C6FWNANXX:2:1302:5682:33947_1:51488573",1.9e-23
"2369","HISEQ13:138:C6FWNANXX:2:1307:9026:84845_1:59684666",1.9e-23
"2370","HISEQ13:138:C6FWNANXX:2:1102:8198:16136_1:1671367",1.9e-23
"2371","HISEQ13:138:C6FWNANXX:2:1203:19191:33589_1:28178096",1.9e-23
"2372","HISEQ13:138:C6FWNANXX:2:1314:5071:82934_1:70835326",1.9e-23
"2373","HISEQ13:138:C6FWNANXX:2:2113:7716:33649_1:92599656",1.9e-23
"2374","HISEQ13:138:C6FWNANXX:2:2211:11683:64229_1:113970297",1.9e-23
"2375","HISEQ13:138:C6FWNANXX:2:2213:15429:45277_1:116798379",1.9e-23
"2376","HISEQ13:138:C6FWNANXX:2:2109:10966:8447_1:86154374",1.9e-23
"2377","HISEQ13:138:C6FWNANXX:2:1304:20395:5065_1:53986727",1.9e-23
"2378","HISEQ13:138:C6FWNANXX:2:2103:5206:22437_1:77664803",1.9e-23
"2379","HISEQ13:138:C6FWNANXX:2:2308:18941:30466_1:133000352",1.9e-23
"2380","HISEQ13:138:C6FWNANXX:2:2108:15676:64273_1:85506671",1.9e-23
"2381","HISEQ13:138:C6FWNANXX:2:1309:12125:6790_1:61546662",1.9e-23
"2382","HISEQ13:138:C6FWNANXX:2:1312:16316:91785_1:67671557",1.9e-23
"2383","HISEQ13:138:C6FWNANXX:2:2202:10820:60980_1:100769981",1.9e-23
"2384","HISEQ13:138:C6FWNANXX:2:1201:3078:67213_1:25761923",1.9e-23
"2385","HISEQ13:138:C6FWNANXX:2:1202:6716:91107_1:27566391",1.9e-23
"2386","HISEQ13:138:C6FWNANXX:2:1206:18582:95241_1:33506400",1.9e-23
"2387","HISEQ13:138:C6FWNANXX:2:1309:8894:74641_1:62616317",1.9e-23
"2388","HISEQ13:138:C6FWNANXX:2:2205:10153:97875_1:105555736",1.9e-23
"2389","HISEQ13:138:C6FWNANXX:2:2205:18254:79050_1:105284711",1.9e-23
"2390","HISEQ13:138:C6FWNANXX:2:1205:13717:41164_1:31203233",1.9e-23
"2391","HISEQ13:138:C6FWNANXX:2:1102:3265:53843_1:2225367",1.9e-23
"2392","HISEQ13:138:C6FWNANXX:2:1202:1536:26181_1:26612120",1.9e-23
"2393","HISEQ13:138:C6FWNANXX:2:1204:5254:66959_1:30112697",1.9e-23
"2394","HISEQ13:138:C6FWNANXX:2:1312:16316:91785_1:67671556",1.9e-23
"2395","HISEQ13:138:C6FWNANXX:2:2302:11686:59497_1:124810266",1.9e-23
"2396","HISEQ13:138:C6FWNANXX:2:1211:4946:31648_1:40187948",2e-23
"2397","HISEQ13:138:C6FWNANXX:2:1108:12081:10505_1:10507921",2e-23
"2398","HISEQ13:138:C6FWNANXX:2:1114:9056:48313_1:20540634",2e-23
"2399","HISEQ13:138:C6FWNANXX:2:2110:14771:34565_1:88059855",2e-23
"2400","HISEQ13:138:C6FWNANXX:2:2103:7948:42398_1:77950972",2e-23
"2401","HISEQ13:138:C6FWNANXX:2:1216:18482:11115_1:48015034",2e-23
"2402","HISEQ13:138:C6FWNANXX:2:2316:17957:2705_1:145069410",2e-23
"2403","HISEQ13:138:C6FWNANXX:2:2301:12879:44833_1:123211555",2e-23
"2404","HISEQ13:138:C6FWNANXX:2:1113:11197:5193_1:18178764",2e-23
"2405","HISEQ13:138:C6FWNANXX:2:1111:6942:45922_1:15732154",2e-23
"2406","HISEQ13:138:C6FWNANXX:2:1105:3450:39408_1:6423098",2e-23
"2407","HISEQ13:138:C6FWNANXX:2:1211:2933:39582_1:40316114",2e-23
"2408","HISEQ13:138:C6FWNANXX:2:2211:6710:57435_1:113864065",2e-23
"2409","HISEQ13:138:C6FWNANXX:2:1109:14403:69228_1:12972961",2e-23
"2410","HISEQ13:138:C6FWNANXX:2:1315:7330:36954_1:71734100",2e-23
"2411","HISEQ13:138:C6FWNANXX:2:1302:19912:72631_1:52061236",2e-23
"2412","HISEQ13:138:C6FWNANXX:2:2108:20022:68741_1:85571972",2e-23
"2413","HISEQ13:138:C6FWNANXX:2:2314:16635:40689_1:142435219",2.1e-23
"2414","HISEQ13:138:C6FWNANXX:2:1101:13559:2395_1:6891",2.1e-23
"2415","HISEQ13:138:C6FWNANXX:2:2111:17158:75406_1:90230661",2.1e-23
"2416","HISEQ13:138:C6FWNANXX:2:2213:19101:73505_1:117254269",2.1e-23
"2417","HISEQ13:138:C6FWNANXX:2:2215:11449:64477_1:120334004",2.1e-23
"2418","HISEQ13:138:C6FWNANXX:2:2301:12718:38760_1:123127693",2.1e-23
"2419","HISEQ13:138:C6FWNANXX:2:1206:16728:54153_1:32887016",2.1e-23
"2420","HISEQ13:138:C6FWNANXX:2:2104:12656:60321_1:79622857",2.1e-23
"2421","HISEQ13:138:C6FWNANXX:2:2310:12701:22804_1:135892060",2.1e-23
"2422","HISEQ13:138:C6FWNANXX:2:2314:17187:63006_1:142807294",2.1e-23
"2423","HISEQ13:138:C6FWNANXX:2:2104:14291:7038_1:78857350",2.1e-23
"2424","HISEQ13:138:C6FWNANXX:2:2216:19059:45447_1:121667671",2.1e-23
"2425","HISEQ13:138:C6FWNANXX:2:1214:11879:91300_1:46017498",2.1e-23
"2426","HISEQ13:138:C6FWNANXX:2:1113:15403:87087_1:19534543",2.1e-23
"2427","HISEQ13:138:C6FWNANXX:2:2315:7222:9075_1:143542165",2.1e-23
"2428","HISEQ13:138:C6FWNANXX:2:1102:17625:23466_1:1780010",2.1e-23
"2429","HISEQ13:138:C6FWNANXX:2:2302:17584:92960_1:125286787",2.1e-23
"2430","HISEQ13:138:C6FWNANXX:2:2311:2884:4721_1:137126352",2.1e-23
"2431","HISEQ13:138:C6FWNANXX:2:2311:3325:61263_1:138014164",2.1e-23
"2432","HISEQ13:138:C6FWNANXX:2:1106:11439:72447_1:8423706",2.1e-23
"2433","HISEQ13:138:C6FWNANXX:2:2210:16301:98451_1:112964402",2.1e-23
"2434","HISEQ13:138:C6FWNANXX:2:1309:9538:30853_1:61923220",2.1e-23
"2435","HISEQ13:138:C6FWNANXX:2:2210:20260:90064_1:112838950",2.1e-23
"2436","HISEQ13:138:C6FWNANXX:2:2111:15502:7357_1:89151040",2.1e-23
"2437","HISEQ13:138:C6FWNANXX:2:2311:15622:93126_1:138519775",2.1e-23
"2438","HISEQ13:138:C6FWNANXX:2:1107:19089:54034_1:9658239",2.2e-23
"2439","HISEQ13:138:C6FWNANXX:2:2213:4948:2382_1:116108882",2.2e-23
"2440","HISEQ13:138:C6FWNANXX:2:1312:7982:58442_1:67117856",2.2e-23
"2441","HISEQ13:138:C6FWNANXX:2:2112:2507:22615_1:90864759",2.2e-23
"2442","HISEQ13:138:C6FWNANXX:2:1107:14015:52547_1:9634027",2.2e-23
"2443","HISEQ13:138:C6FWNANXX:2:1313:7236:38086_1:68415084",2.2e-23
"2444","HISEQ13:138:C6FWNANXX:2:2216:15323:65083_1:122001808",2.2e-23
"2445","HISEQ13:138:C6FWNANXX:2:1101:7562:6943_1:71863",2.2e-23
"2446","HISEQ13:138:C6FWNANXX:2:1208:2488:71107_1:36157930",2.2e-23
"2447","HISEQ13:138:C6FWNANXX:2:1209:14183:17680_1:36864276",2.2e-23
"2448","HISEQ13:138:C6FWNANXX:2:1106:18451:83262_1:8592080",2.2e-23
"2449","HISEQ13:138:C6FWNANXX:2:2303:21052:11507_1:125536965",2.2e-23
"2450","HISEQ13:138:C6FWNANXX:2:1114:19258:45756_1:20500761",2.2e-23
"2451","HISEQ13:138:C6FWNANXX:2:1212:12589:25955_1:41659746",2.2e-23
"2452","HISEQ13:138:C6FWNANXX:2:1214:17177:65628_1:45585657",2.2e-23
"2453","HISEQ13:138:C6FWNANXX:2:2107:8294:15018_1:83290913",2.2e-23
"2454","HISEQ13:138:C6FWNANXX:2:2302:4646:74429_1:125021756",2.2e-23
"2455","HISEQ13:138:C6FWNANXX:2:2308:1299:55907_1:133381961",2.2e-23
"2456","HISEQ13:138:C6FWNANXX:2:2203:15388:26328_1:101690263",2.3e-23
"2457","HISEQ13:138:C6FWNANXX:2:1101:17481:63045_1:906404",2.3e-23
"2458","HISEQ13:138:C6FWNANXX:2:1207:12743:20566_1:33875253",2.3e-23
"2459","HISEQ13:138:C6FWNANXX:2:1310:21080:75931_1:64203179",2.3e-23
"2460","HISEQ13:138:C6FWNANXX:2:2107:13776:27768_1:83481170",2.3e-23
"2461","HISEQ13:138:C6FWNANXX:2:2316:9212:79767_1:146372005",2.3e-23
"2462","HISEQ13:138:C6FWNANXX:2:2203:10694:18850_1:101583005",2.3e-23
"2463","HISEQ13:138:C6FWNANXX:2:1111:4775:84163_1:16386738",2.3e-23
"2464","HISEQ13:138:C6FWNANXX:2:1314:18065:92452_1:70999476",2.3e-23
"2465","HISEQ13:138:C6FWNANXX:2:1113:11197:5193_1:18178763",2.3e-23
"2466","HISEQ13:138:C6FWNANXX:2:2215:12773:63839_1:120325933",2.3e-23
"2467","HISEQ13:138:C6FWNANXX:2:1303:11216:16942_1:52696150",2.3e-23
"2468","HISEQ13:138:C6FWNANXX:2:2202:1637:53538_1:100665087",2.3e-23
"2469","HISEQ13:138:C6FWNANXX:2:1101:16040:5150_1:47722",2.3e-23
"2470","HISEQ13:138:C6FWNANXX:2:1104:3556:16632_1:4603415",2.3e-23
"2471","HISEQ13:138:C6FWNANXX:2:1312:17719:43865_1:66882050",2.3e-23
"2472","HISEQ13:138:C6FWNANXX:2:2201:9688:21949_1:98808660",2.3e-23
"2473","HISEQ13:138:C6FWNANXX:2:2304:14982:81190_1:127935750",2.3e-23
"2474","HISEQ13:138:C6FWNANXX:2:1104:20002:14039_1:4569222",2.3e-23
"2475","HISEQ13:138:C6FWNANXX:2:1301:12491:30464_1:49987003",2.3e-23
"2476","HISEQ13:138:C6FWNANXX:2:2104:14597:15197_1:78972596",2.3e-23
"2477","HISEQ13:138:C6FWNANXX:2:2111:12784:26433_1:89445402",2.3e-23
"2478","HISEQ13:138:C6FWNANXX:2:1302:10696:51943_1:51755083",2.3e-23
"2479","HISEQ13:138:C6FWNANXX:2:1305:20972:73158_1:56484674",2.3e-23
"2480","HISEQ13:138:C6FWNANXX:2:2215:15199:22933_1:119650037",2.3e-23
"2481","HISEQ13:138:C6FWNANXX:2:1208:8744:80043_1:36298187",2.4e-23
"2482","HISEQ13:138:C6FWNANXX:2:2112:7009:98452_1:92058206",2.4e-23
"2483","HISEQ13:138:C6FWNANXX:2:2309:14968:21898_1:134366287",2.4e-23
"2484","HISEQ13:138:C6FWNANXX:2:1205:13717:41164_1:31203232",2.4e-23
"2485","HISEQ13:138:C6FWNANXX:2:2107:10453:6337_1:83160388",2.4e-23
"2486","HISEQ13:138:C6FWNANXX:2:2315:10975:40702_1:144063925",2.4e-23
"2487","HISEQ13:138:C6FWNANXX:2:1207:10097:91449_1:34950309",2.4e-23
"2488","HISEQ13:138:C6FWNANXX:2:1313:4131:83641_1:69174714",2.4e-23
"2489","HISEQ13:138:C6FWNANXX:2:1206:3574:24227_1:32428742",2.4e-23
"2490","HISEQ13:138:C6FWNANXX:2:1314:9755:27273_1:69893138",2.4e-23
"2491","HISEQ13:138:C6FWNANXX:2:2311:6991:72769_1:138197681",2.4e-23
"2492","HISEQ13:138:C6FWNANXX:2:1106:7083:84195_1:8601387",2.4e-23
"2493","HISEQ13:138:C6FWNANXX:2:2112:13806:66717_1:91555892",2.4e-23
"2494","HISEQ13:138:C6FWNANXX:2:2112:9898:19076_1:90816234",2.4e-23
"2495","HISEQ13:138:C6FWNANXX:2:2103:13585:43192_1:77962481",2.4e-23
"2496","HISEQ13:138:C6FWNANXX:2:1309:11246:25880_1:61845170",2.5e-23
"2497","HISEQ13:138:C6FWNANXX:2:1309:7961:39555_1:62061514",2.5e-23
"2498","HISEQ13:138:C6FWNANXX:2:2101:12924:16677_1:74770721",2.5e-23
"2499","HISEQ13:138:C6FWNANXX:2:2309:7221:85531_1:135337693",2.5e-23
"2500","HISEQ13:138:C6FWNANXX:2:1113:2311:77412_1:19369493",2.5e-23
"2501","HISEQ13:138:C6FWNANXX:2:1214:19779:12165_1:44687596",2.5e-23
"2502","HISEQ13:138:C6FWNANXX:2:2115:2253:52704_1:96102503",2.5e-23
"2503","HISEQ13:138:C6FWNANXX:2:2109:19371:51323_1:86808597",2.5e-23
"2504","HISEQ13:138:C6FWNANXX:2:2115:2102:20003_1:95574484",2.5e-23
"2505","HISEQ13:138:C6FWNANXX:2:1201:8459:56117_1:25600688",2.5e-23
"2506","HISEQ13:138:C6FWNANXX:2:1101:6047:42160_1:593591",2.5e-23
"2507","HISEQ13:138:C6FWNANXX:2:1207:1381:55990_1:34406920",2.5e-23
"2508","HISEQ13:138:C6FWNANXX:2:1104:18150:31294_1:4826509",2.5e-23
"2509","HISEQ13:138:C6FWNANXX:2:1114:2064:26742_1:20174807",2.5e-23
"2510","HISEQ13:138:C6FWNANXX:2:1216:7966:65736_1:48955962",2.5e-23
"2511","HISEQ13:138:C6FWNANXX:2:2311:7611:90128_1:138470745",2.5e-23
"2512","HISEQ13:138:C6FWNANXX:2:1313:15877:90754_1:69298365",2.5e-23
"2513","HISEQ13:138:C6FWNANXX:2:2301:4697:81097_1:123721044",2.5e-23
"2514","HISEQ13:138:C6FWNANXX:2:1101:9657:21697_1:290942",2.5e-23
"2515","HISEQ13:138:C6FWNANXX:2:1301:6694:94637_1:50929739",2.5e-23
"2516","HISEQ13:138:C6FWNANXX:2:1314:13027:12437_1:69639119",2.5e-23
"2517","HISEQ13:138:C6FWNANXX:2:2310:12400:99928_1:137073194",2.5e-23
"2518","HISEQ13:138:C6FWNANXX:2:2310:9183:84801_1:136842415",2.5e-23
"2519","HISEQ13:138:C6FWNANXX:2:2110:16834:75738_1:88685277",2.5e-23
"2520","HISEQ13:138:C6FWNANXX:2:2215:14663:9105_1:119423852",2.5e-23
"2521","HISEQ13:138:C6FWNANXX:2:2306:15138:38495_1:130187476",2.5e-23
"2522","HISEQ13:138:C6FWNANXX:2:1306:8445:58619_1:57765693",2.5e-23
"2523","HISEQ13:138:C6FWNANXX:2:1113:18280:85692_1:19509929",2.6e-23
"2524","HISEQ13:138:C6FWNANXX:2:2107:4230:20069_1:83364269",2.6e-23
"2525","HISEQ13:138:C6FWNANXX:2:2114:12478:17927_1:93933847",2.6e-23
"2526","HISEQ13:138:C6FWNANXX:2:2308:16178:49056_1:133283031",2.6e-23
"2527","HISEQ13:138:C6FWNANXX:2:2313:15349:16751_1:140446787",2.6e-23
"2528","HISEQ13:138:C6FWNANXX:2:2208:17979:57079_1:109334019",2.6e-23
"2529","HISEQ13:138:C6FWNANXX:2:2104:8029:32827_1:79226619",2.6e-23
"2530","HISEQ13:138:C6FWNANXX:2:1112:15655:44138_1:17201209",2.6e-23
"2531","HISEQ13:138:C6FWNANXX:2:1314:8208:86304_1:70895527",2.6e-23
"2532","HISEQ13:138:C6FWNANXX:2:2112:5683:100431_1:92089415",2.6e-23
"2533","HISEQ13:138:C6FWNANXX:2:2316:8841:82408_1:146414714",2.6e-23
"2534","HISEQ13:138:C6FWNANXX:2:2313:19525:51016_1:141000900",2.6e-23
"2535","HISEQ13:138:C6FWNANXX:2:2202:20699:67111_1:100860741",2.6e-23
"2536","HISEQ13:138:C6FWNANXX:2:1305:12371:29068_1:55821838",2.6e-23
"2537","HISEQ13:138:C6FWNANXX:2:2308:16178:49056_1:133283032",2.6e-23
"2538","HISEQ13:138:C6FWNANXX:2:1312:19352:82767_1:67523630",2.6e-23
"2539","HISEQ13:138:C6FWNANXX:2:1310:19643:68811_1:64092322",2.6e-23
"2540","HISEQ13:138:C6FWNANXX:2:1111:20536:28703_1:15458907",2.6e-23
"2541","HISEQ13:138:C6FWNANXX:2:1216:14442:42624_1:48558940",2.6e-23
"2542","HISEQ13:138:C6FWNANXX:2:1116:17694:6147_1:23176441",2.6e-23
"2543","HISEQ13:138:C6FWNANXX:2:1206:18126:91682_1:33453348",2.6e-23
"2544","HISEQ13:138:C6FWNANXX:2:1308:20187:86131_1:61241232",2.6e-23
"2545","HISEQ13:138:C6FWNANXX:2:2110:10668:66988_1:88551506",2.6e-23
"2546","HISEQ13:138:C6FWNANXX:2:2303:16626:49095_1:126069116",2.6e-23
"2547","HISEQ13:138:C6FWNANXX:2:2213:15413:14135_1:116299307",2.7e-23
"2548","HISEQ13:138:C6FWNANXX:2:1209:21280:55960_1:37460319",2.7e-23
"2549","HISEQ13:138:C6FWNANXX:2:2305:13604:92113_1:129527379",2.7e-23
"2550","HISEQ13:138:C6FWNANXX:2:2107:11699:94169_1:84467166",2.7e-23
"2551","HISEQ13:138:C6FWNANXX:2:2307:3299:33875_1:131576825",2.7e-23
"2552","HISEQ13:138:C6FWNANXX:2:2216:19054:4710_1:120983493",2.7e-23
"2553","HISEQ13:138:C6FWNANXX:2:1215:11278:63873_1:47226295",2.7e-23
"2554","HISEQ13:138:C6FWNANXX:2:2315:8064:90117_1:144878247",2.7e-23
"2555","HISEQ13:138:C6FWNANXX:2:1101:15109:49138_1:698565",2.7e-23
"2556","HISEQ13:138:C6FWNANXX:2:1209:2972:97451_1:38107073",2.7e-23
"2557","HISEQ13:138:C6FWNANXX:2:2101:18130:54703_1:75313641",2.7e-23
"2558","HISEQ13:138:C6FWNANXX:2:2316:14717:22512_1:145406269",2.7e-23
"2559","HISEQ13:138:C6FWNANXX:2:2205:20806:85853_1:105383033",2.7e-23
"2560","HISEQ13:138:C6FWNANXX:2:1101:4992:97916_1:1417379",2.7e-23
"2561","HISEQ13:138:C6FWNANXX:2:1203:15233:89617_1:29001682",2.7e-23
"2562","HISEQ13:138:C6FWNANXX:2:1215:17290:47953_1:46955745",2.7e-23
"2563","HISEQ13:138:C6FWNANXX:2:1304:8674:98105_1:55374492",2.7e-23
"2564","HISEQ13:138:C6FWNANXX:2:2307:16517:70055_1:132117501",2.7e-23
"2565","HISEQ13:138:C6FWNANXX:2:1202:21432:70883_1:27271943",2.7e-23
"2566","HISEQ13:138:C6FWNANXX:2:1206:15526:27878_1:32487621",2.7e-23
"2567","HISEQ13:138:C6FWNANXX:2:1302:19399:71821_1:52050254",2.7e-23
"2568","HISEQ13:138:C6FWNANXX:2:2212:18209:33243_1:115030515",2.7e-23
"2569","HISEQ13:138:C6FWNANXX:2:1212:19010:21072_1:41584715",2.7e-23
"2570","HISEQ13:138:C6FWNANXX:2:1213:15371:14101_1:43084592",2.7e-23
"2571","HISEQ13:138:C6FWNANXX:2:1213:16495:3416_1:42908117",2.7e-23
"2572","HISEQ13:138:C6FWNANXX:2:1312:15808:48681_1:66959260",2.7e-23
"2573","HISEQ13:138:C6FWNANXX:2:2104:12699:37663_1:79296165",2.7e-23
"2574","HISEQ13:138:C6FWNANXX:2:2303:12883:98223_1:126762121",2.7e-23
"2575","HISEQ13:138:C6FWNANXX:2:1309:12970:81104_1:62719668",2.8e-23
"2576","HISEQ13:138:C6FWNANXX:2:1315:15611:79282_1:72466539",2.8e-23
"2577","HISEQ13:138:C6FWNANXX:2:2206:14283:3832_1:105627671",2.8e-23
"2578","HISEQ13:138:C6FWNANXX:2:1210:9073:52804_1:38962276",2.8e-23
"2579","HISEQ13:138:C6FWNANXX:2:1206:20696:58299_1:32952134",2.8e-23
"2580","HISEQ13:138:C6FWNANXX:2:2201:15650:21457_1:98802394",2.8e-23
"2581","HISEQ13:138:C6FWNANXX:2:2101:10450:17996_1:74787893",2.8e-23
"2582","HISEQ13:138:C6FWNANXX:2:2112:14464:24463_1:90895242",2.8e-23
"2583","HISEQ13:138:C6FWNANXX:2:2204:6613:11587_1:102887816",2.8e-23
"2584","HISEQ13:138:C6FWNANXX:2:2210:14723:25038_1:111845971",2.8e-23
"2585","HISEQ13:138:C6FWNANXX:2:2214:16441:36098_1:118248205",2.8e-23
"2586","HISEQ13:138:C6FWNANXX:2:2313:15349:16751_1:140446786",2.8e-23
"2587","HISEQ13:138:C6FWNANXX:2:1308:15178:40699_1:60527938",2.8e-23
"2588","HISEQ13:138:C6FWNANXX:2:1208:14243:42017_1:35710760",2.9e-23
"2589","HISEQ13:138:C6FWNANXX:2:2116:1479:10211_1:97026613",2.9e-23
"2590","HISEQ13:138:C6FWNANXX:2:2208:4527:94073_1:109890028",2.9e-23
"2591","HISEQ13:138:C6FWNANXX:2:1208:11876:22599_1:35411169",2.9e-23
"2592","HISEQ13:138:C6FWNANXX:2:1307:11455:78310_1:59585049",2.9e-23
"2593","HISEQ13:138:C6FWNANXX:2:1109:15706:16069_1:12136351",2.9e-23
"2594","HISEQ13:138:C6FWNANXX:2:1305:6171:67322_1:56394860",2.9e-23
"2595","HISEQ13:138:C6FWNANXX:2:2102:20370:45884_1:76593893",2.9e-23
"2596","HISEQ13:138:C6FWNANXX:2:2212:18209:33243_1:115030516",2.9e-23
"2597","HISEQ13:138:C6FWNANXX:2:2315:10855:14558_1:143633109",2.9e-23
"2598","HISEQ13:138:C6FWNANXX:2:1106:6088:42064_1:7959955",2.9e-23
"2599","HISEQ13:138:C6FWNANXX:2:1308:15891:7867_1:60021769",2.9e-23
"2600","HISEQ13:138:C6FWNANXX:2:1313:8762:13809_1:68013464",2.9e-23
"2601","HISEQ13:138:C6FWNANXX:2:1302:17398:42837_1:51623065",2.9e-23
"2602","HISEQ13:138:C6FWNANXX:2:2208:18721:23922_1:108836583",2.9e-23
"2603","HISEQ13:138:C6FWNANXX:2:2305:15518:35245_1:128698451",2.9e-23
"2604","HISEQ13:138:C6FWNANXX:2:1215:12438:10750_1:46323977",2.9e-23
"2605","HISEQ13:138:C6FWNANXX:2:2305:7999:27839_1:128591585",2.9e-23
"2606","HISEQ13:138:C6FWNANXX:2:1107:10252:86069_1:10147198",2.9e-23
"2607","HISEQ13:138:C6FWNANXX:2:1116:1428:92170_1:24651281",2.9e-23
"2608","HISEQ13:138:C6FWNANXX:2:2204:15320:56723_1:103534472",2.9e-23
"2609","HISEQ13:138:C6FWNANXX:2:1114:9056:48313_1:20540633",2.9e-23
"2610","HISEQ13:138:C6FWNANXX:2:1302:5161:18332_1:51261380",2.9e-23
"2611","HISEQ13:138:C6FWNANXX:2:1310:19643:68811_1:64092323",2.9e-23
"2612","HISEQ13:138:C6FWNANXX:2:1107:5435:98537_1:10338197",2.9e-23
"2613","HISEQ13:138:C6FWNANXX:2:2110:16883:8331_1:87658546",2.9e-23
"2614","HISEQ13:138:C6FWNANXX:2:1103:10450:5691_1:2976518",2.9e-23
"2615","HISEQ13:138:C6FWNANXX:2:1209:1526:8819_1:36725825",2.9e-23
"2616","HISEQ13:138:C6FWNANXX:2:1306:13822:75461_1:58023138",2.9e-23
"2617","HISEQ13:138:C6FWNANXX:2:1214:9610:11462_1:44672927",2.9e-23
"2618","HISEQ13:138:C6FWNANXX:2:1306:11461:76856_1:58045831",2.9e-23
"2619","HISEQ13:138:C6FWNANXX:2:2208:11828:30446_1:108932324",2.9e-23
"2620","HISEQ13:138:C6FWNANXX:2:2310:19571:56919_1:136418203",2.9e-23
"2621","HISEQ13:138:C6FWNANXX:2:1103:6919:80826_1:4090949",2.9e-23
"2622","HISEQ13:138:C6FWNANXX:2:1301:19951:91194_1:50880908",2.9e-23
"2623","HISEQ13:138:C6FWNANXX:2:2101:14346:10658_1:74685428",2.9e-23
"2624","HISEQ13:138:C6FWNANXX:2:2201:5335:26363_1:98872064",2.9e-23
"2625","HISEQ13:138:C6FWNANXX:2:2311:20143:28028_1:137497234",2.9e-23
"2626","HISEQ13:138:C6FWNANXX:2:2312:13607:31467_1:139105495",2.9e-23
"2627","HISEQ13:138:C6FWNANXX:2:1102:6807:93983_1:2817843",2.9e-23
"2628","HISEQ13:138:C6FWNANXX:2:2105:6330:71926_1:81217259",2.9e-23
"2629","HISEQ13:138:C6FWNANXX:2:2112:19172:79174_1:91755979",2.9e-23
"2630","HISEQ13:138:C6FWNANXX:2:2312:7313:28392_1:139057065",2.9e-23
"2631","HISEQ13:138:C6FWNANXX:2:1114:8630:5836_1:19828284",2.9e-23
"2632","HISEQ13:138:C6FWNANXX:2:1206:10740:98377_1:33554434",2.9e-23
"2633","HISEQ13:138:C6FWNANXX:2:2108:17853:68520_1:85571511",2.9e-23
"2634","HISEQ13:138:C6FWNANXX:2:2206:13781:33535_1:106061986",2.9e-23
"2635","HISEQ13:138:C6FWNANXX:2:2101:2291:14290_1:74736494",2.9e-23
"2636","HISEQ13:138:C6FWNANXX:2:1302:13454:11741_1:51163516",2.9e-23
"2637","HISEQ13:138:C6FWNANXX:2:1302:14197:26488_1:51380168",2.9e-23
"2638","HISEQ13:138:C6FWNANXX:2:2308:14616:52763_1:133339498",2.9e-23
"2639","HISEQ13:138:C6FWNANXX:2:2310:10082:39310_1:136146565",2.9e-23
"2640","HISEQ13:138:C6FWNANXX:2:1202:16702:11686_1:26401855",2.9e-23
"2641","HISEQ13:138:C6FWNANXX:2:1204:14735:79749_1:30303876",2.9e-23
"2642","HISEQ13:138:C6FWNANXX:2:1204:4842:68739_1:30138713",2.9e-23
"2643","HISEQ13:138:C6FWNANXX:2:1315:5743:26931_1:71562485",2.9e-23
"2644","HISEQ13:138:C6FWNANXX:2:2310:3673:38199_1:136125695",2.9e-23
"2645","HISEQ13:138:C6FWNANXX:2:1113:12472:89749_1:19575564",3e-23
"2646","HISEQ13:138:C6FWNANXX:2:2310:9603:46901_1:136261454",3e-23
"2647","HISEQ13:138:C6FWNANXX:2:1110:21097:44662_1:14148934",3e-23
"2648","HISEQ13:138:C6FWNANXX:2:1313:12877:36002_1:68382822",3e-23
"2649","HISEQ13:138:C6FWNANXX:2:2208:4579:16787_1:108729278",3e-23
"2650","HISEQ13:138:C6FWNANXX:2:2208:4636:15448_1:108706645",3e-23
"2651","HISEQ13:138:C6FWNANXX:2:1307:20258:53451_1:59200782",3e-23
"2652","HISEQ13:138:C6FWNANXX:2:2209:13497:11322_1:110134655",3e-23
"2653","HISEQ13:138:C6FWNANXX:2:2308:4837:34437_1:133058623",3e-23
"2654","HISEQ13:138:C6FWNANXX:2:2302:3775:24989_1:124323496",3e-23
"2655","HISEQ13:138:C6FWNANXX:2:2308:3837:4322_1:132606936",3e-23
"2656","HISEQ13:138:C6FWNANXX:2:2316:9441:91564_1:146570606",3e-23
"2657","HISEQ13:138:C6FWNANXX:2:1103:14419:6199_1:2984563",3e-23
"2658","HISEQ13:138:C6FWNANXX:2:1305:18522:14047_1:55599174",3e-23
"2659","HISEQ13:138:C6FWNANXX:2:2215:18592:34619_1:119845089",3e-23
"2660","HISEQ13:138:C6FWNANXX:2:2307:18171:76672_1:132214530",3e-23
"2661","HISEQ13:138:C6FWNANXX:2:1308:14884:18842_1:60191138",3e-23
"2662","HISEQ13:138:C6FWNANXX:2:1215:11577:81581_1:47526043",3e-23
"2663","HISEQ13:138:C6FWNANXX:2:1301:17008:88017_1:50836206",3e-23
"2664","HISEQ13:138:C6FWNANXX:2:1311:13127:25355_1:64970916",3e-23
"2665","HISEQ13:138:C6FWNANXX:2:2213:13645:78032_1:117325732",3e-23
"2666","HISEQ13:138:C6FWNANXX:2:1313:7644:71964_1:68978728",3e-23
"2667","HISEQ13:138:C6FWNANXX:2:1315:8089:61428_1:72154968",3e-23
"2668","HISEQ13:138:C6FWNANXX:2:2302:15334:86269_1:125194407",3e-23
"2669","HISEQ13:138:C6FWNANXX:2:1205:19017:3975_1:30648480",3e-23
"2670","HISEQ13:138:C6FWNANXX:2:2306:10062:32181_1:130094641",3e-23
"2671","HISEQ13:138:C6FWNANXX:2:1108:19017:66908_1:11382188",3e-23
"2672","HISEQ13:138:C6FWNANXX:2:1114:6860:85131_1:21158012",3e-23
"2673","HISEQ13:138:C6FWNANXX:2:1204:12319:17969_1:29386542",3e-23
"2674","HISEQ13:138:C6FWNANXX:2:1205:8290:86296_1:31880366",3e-23
"2675","HISEQ13:138:C6FWNANXX:2:1209:9796:50839_1:37380161",3e-23
"2676","HISEQ13:138:C6FWNANXX:2:1216:5587:71320_1:49055507",3e-23
"2677","HISEQ13:138:C6FWNANXX:2:1212:18453:67445_1:42336781",3e-23
"2678","HISEQ13:138:C6FWNANXX:2:1310:12571:13720_1:63213435",3e-23
"2679","HISEQ13:138:C6FWNANXX:2:2209:13986:31499_1:110437759",3e-23
"2680","HISEQ13:138:C6FWNANXX:2:2310:20094:2250_1:135574176",3e-23
"2681","HISEQ13:138:C6FWNANXX:2:1310:18184:74066_1:64175054",3e-23
"2682","HISEQ13:138:C6FWNANXX:2:1313:3071:5268_1:67872011",3e-23
"2683","HISEQ13:138:C6FWNANXX:2:2102:13448:97077_1:77323769",3e-23
"2684","HISEQ13:138:C6FWNANXX:2:2107:19798:89683_1:84401259",3e-23
"2685","HISEQ13:138:C6FWNANXX:2:2315:5018:54802_1:144298156",3e-23
"2686","HISEQ13:138:C6FWNANXX:2:1315:17689:44518_1:71869370",3.1e-23
"2687","HISEQ13:138:C6FWNANXX:2:1208:13969:91866_1:36481382",3.1e-23
"2688","HISEQ13:138:C6FWNANXX:2:2211:2425:12841_1:113167138",3.1e-23
"2689","HISEQ13:138:C6FWNANXX:2:2216:21051:38588_1:121553708",3.1e-23
"2690","HISEQ13:138:C6FWNANXX:2:2306:6894:16599_1:129866656",3.1e-23
"2691","HISEQ13:138:C6FWNANXX:2:1112:4110:5429_1:16732515",3.1e-23
"2692","HISEQ13:138:C6FWNANXX:2:1210:7409:5719_1:38219176",3.1e-23
"2693","HISEQ13:138:C6FWNANXX:2:1305:8917:3585_1:55439095",3.1e-23
"2694","HISEQ13:138:C6FWNANXX:2:2202:11138:15716_1:100128045",3.1e-23
"2695","HISEQ13:138:C6FWNANXX:2:2215:15907:13670_1:119497867",3.1e-23
"2696","HISEQ13:138:C6FWNANXX:2:2103:17359:68930_1:78327652",3.1e-23
"2697","HISEQ13:138:C6FWNANXX:2:1106:7445:33945_1:7834810",3.1e-23
"2698","HISEQ13:138:C6FWNANXX:2:1312:6692:10496_1:66332950",3.1e-23
"2699","HISEQ13:138:C6FWNANXX:2:1210:3019:54690_1:38988667",3.1e-23
"2700","HISEQ13:138:C6FWNANXX:2:1314:9568:80570_1:70797875",3.1e-23
"2701","HISEQ13:138:C6FWNANXX:2:1314:14880:85845_1:70888474",3.1e-23
"2702","HISEQ13:138:C6FWNANXX:2:2101:7842:89888_1:75812282",3.1e-23
"2703","HISEQ13:138:C6FWNANXX:2:2212:18012:99078_1:116078342",3.1e-23
"2704","HISEQ13:138:C6FWNANXX:2:1204:13156:55092_1:29940312",3.1e-23
"2705","HISEQ13:138:C6FWNANXX:2:1301:5432:62844_1:50463287",3.1e-23
"2706","HISEQ13:138:C6FWNANXX:2:2301:8524:97180_1:123948376",3.1e-23
"2707","HISEQ13:138:C6FWNANXX:2:1314:20553:38287_1:70082079",3.1e-23
"2708","HISEQ13:138:C6FWNANXX:2:2204:11253:18490_1:102984427",3.1e-23
"2709","HISEQ13:138:C6FWNANXX:2:2303:17368:50040_1:126083101",3.1e-23
"2710","HISEQ13:138:C6FWNANXX:2:1316:9673:67652_1:73983491",3.1e-23
"2711","HISEQ13:138:C6FWNANXX:2:2307:10861:54580_1:131885695",3.1e-23
"2712","HISEQ13:138:C6FWNANXX:2:2116:17225:69213_1:98003463",3.2e-23
"2713","HISEQ13:138:C6FWNANXX:2:1208:11759:26843_1:35476676",3.2e-23
"2714","HISEQ13:138:C6FWNANXX:2:2316:4291:2249_1:145058338",3.2e-23
"2715","HISEQ13:138:C6FWNANXX:2:1308:13643:35692_1:60450204",3.2e-23
"2716","HISEQ13:138:C6FWNANXX:2:2209:5313:53291_1:110769577",3.2e-23
"2717","HISEQ13:138:C6FWNANXX:2:2316:2667:61320_1:146058884",3.2e-23
"2718","HISEQ13:138:C6FWNANXX:2:2108:17640:74909_1:85666161",3.2e-23
"2719","HISEQ13:138:C6FWNANXX:2:2308:8792:60380_1:133451290",3.2e-23
"2720","HISEQ13:138:C6FWNANXX:2:2316:4659:2566_1:145066690",3.2e-23
"2721","HISEQ13:138:C6FWNANXX:2:1201:8601:99549_1:26240411",3.2e-23
"2722","HISEQ13:138:C6FWNANXX:2:1106:4945:54910_1:8154118",3.2e-23
"2723","HISEQ13:138:C6FWNANXX:2:1315:3938:59304_1:72119540",3.2e-23
"2724","HISEQ13:138:C6FWNANXX:2:1201:14067:76899_1:25907135",3.2e-23
"2725","HISEQ13:138:C6FWNANXX:2:1108:15413:13806_1:10558508",3.2e-23
"2726","HISEQ13:138:C6FWNANXX:2:1311:15735:80315_1:65864017",3.2e-23
"2727","HISEQ13:138:C6FWNANXX:2:1206:12973:69893_1:33124593",3.2e-23
"2728","HISEQ13:138:C6FWNANXX:2:1307:15967:27213_1:58796708",3.2e-23
"2729","HISEQ13:138:C6FWNANXX:2:1309:18610:29500_1:61901833",3.2e-23
"2730","HISEQ13:138:C6FWNANXX:2:2110:9195:88204_1:88874517",3.2e-23
"2731","HISEQ13:138:C6FWNANXX:2:2208:10529:56982_1:109328997",3.2e-23
"2732","HISEQ13:138:C6FWNANXX:2:2305:17140:46019_1:128859215",3.2e-23
"2733","HISEQ13:138:C6FWNANXX:2:2313:13214:86111_1:141567269",3.2e-23
"2734","HISEQ13:138:C6FWNANXX:2:1216:3703:14003_1:48064002",3.3e-23
"2735","HISEQ13:138:C6FWNANXX:2:1305:12371:29068_1:55821839",3.3e-23
"2736","HISEQ13:138:C6FWNANXX:2:1311:9509:68503_1:65670046",3.3e-23
"2737","HISEQ13:138:C6FWNANXX:2:2101:5284:34231_1:75019586",3.3e-23
"2738","HISEQ13:138:C6FWNANXX:2:2107:7669:7350_1:83174974",3.3e-23
"2739","HISEQ13:138:C6FWNANXX:2:1208:3306:8320_1:35190938",3.3e-23
"2740","HISEQ13:138:C6FWNANXX:2:1216:7086:83570_1:49270412",3.3e-23
"2741","HISEQ13:138:C6FWNANXX:2:2111:16315:45466_1:89742345",3.3e-23
"2742","HISEQ13:138:C6FWNANXX:2:1107:17840:14202_1:9045023",3.3e-23
"2743","HISEQ13:138:C6FWNANXX:2:1201:4512:71320_1:25824712",3.3e-23
"2744","HISEQ13:138:C6FWNANXX:2:1205:11869:33929_1:31094704",3.3e-23
"2745","HISEQ13:138:C6FWNANXX:2:2203:18124:30123_1:101744662",3.3e-23
"2746","HISEQ13:138:C6FWNANXX:2:2205:10442:89612_1:105435771",3.3e-23
"2747","HISEQ13:138:C6FWNANXX:2:2211:12089:87882_1:114341848",3.3e-23
"2748","HISEQ13:138:C6FWNANXX:2:2212:5472:81839_1:115800284",3.3e-23
"2749","HISEQ13:138:C6FWNANXX:2:1315:18538:49420_1:71951008",3.3e-23
"2750","HISEQ13:138:C6FWNANXX:2:1307:3635:20616_1:58694570",3.3e-23
"2751","HISEQ13:138:C6FWNANXX:2:1310:2052:90290_1:64428946",3.3e-23
"2752","HISEQ13:138:C6FWNANXX:2:2102:12726:98295_1:77341138",3.3e-23
"2753","HISEQ13:138:C6FWNANXX:2:2213:8449:76828_1:117304265",3.3e-23
"2754","HISEQ13:138:C6FWNANXX:2:2311:15262:71253_1:138175395",3.3e-23
"2755","HISEQ13:138:C6FWNANXX:2:1111:6633:78574_1:16287148",3.3e-23
"2756","HISEQ13:138:C6FWNANXX:2:1106:4945:54910_1:8154119",3.3e-23
"2757","HISEQ13:138:C6FWNANXX:2:2104:16361:93609_1:80102872",3.3e-23
"2758","HISEQ13:138:C6FWNANXX:2:2316:18929:25309_1:145453772",3.3e-23
"2759","HISEQ13:138:C6FWNANXX:2:1208:19361:92681_1:36494138",3.4e-23
"2760","HISEQ13:138:C6FWNANXX:2:1110:21097:44662_1:14148933",3.4e-23
"2761","HISEQ13:138:C6FWNANXX:2:1315:17728:54021_1:72032365",3.4e-23
"2762","HISEQ13:138:C6FWNANXX:2:1106:18999:18100_1:7597399",3.4e-23
"2763","HISEQ13:138:C6FWNANXX:2:2106:19952:22899_1:81949389",3.4e-23
"2764","HISEQ13:138:C6FWNANXX:2:2203:17465:49995_1:102026899",3.4e-23
"2765","HISEQ13:138:C6FWNANXX:2:2101:12964:47018_1:75205935",3.4e-23
"2766","HISEQ13:138:C6FWNANXX:2:1108:7778:56759_1:11224467",3.4e-23
"2767","HISEQ13:138:C6FWNANXX:2:1312:10980:41894_1:66848250",3.4e-23
"2768","HISEQ13:138:C6FWNANXX:2:1312:16522:31430_1:66678626",3.4e-23
"2769","HISEQ13:138:C6FWNANXX:2:2206:3523:54555_1:106368256",3.4e-23
"2770","HISEQ13:138:C6FWNANXX:2:1112:6294:99455_1:18101284",3.5e-23
"2771","HISEQ13:138:C6FWNANXX:2:1203:10313:8175_1:27800303",3.5e-23
"2772","HISEQ13:138:C6FWNANXX:2:1308:1591:55202_1:60750814",3.5e-23
"2773","HISEQ13:138:C6FWNANXX:2:2113:14871:14477_1:92296039",3.5e-23
"2774","HISEQ13:138:C6FWNANXX:2:2206:21152:95790_1:106977426",3.5e-23
"2775","HISEQ13:138:C6FWNANXX:2:2207:16494:5876_1:107107042",3.5e-23
"2776","HISEQ13:138:C6FWNANXX:2:2314:14570:27298_1:142217167",3.5e-23
"2777","HISEQ13:138:C6FWNANXX:2:2203:8521:35966_1:101824931",3.5e-23
"2778","HISEQ13:138:C6FWNANXX:2:2306:9501:4248_1:129683693",3.5e-23
"2779","HISEQ13:138:C6FWNANXX:2:1102:3012:89438_1:2750527",3.5e-23
"2780","HISEQ13:138:C6FWNANXX:2:1112:9479:24664_1:16883962",3.5e-23
"2781","HISEQ13:138:C6FWNANXX:2:1210:3173:22795_1:38490467",3.5e-23
"2782","HISEQ13:138:C6FWNANXX:2:2201:15664:18575_1:98763237",3.5e-23
"2783","HISEQ13:138:C6FWNANXX:2:2212:2209:42050_1:115168953",3.5e-23
"2784","HISEQ13:138:C6FWNANXX:2:2303:12504:68396_1:126341138",3.5e-23
"2785","HISEQ13:138:C6FWNANXX:2:2316:10248:12049_1:145228357",3.5e-23
"2786","HISEQ13:138:C6FWNANXX:2:1208:6373:8386_1:35191533",3.5e-23
"2787","HISEQ13:138:C6FWNANXX:2:1312:11208:32535_1:66697767",3.5e-23
"2788","HISEQ13:138:C6FWNANXX:2:2316:2217:31473_1:145551903",3.5e-23
"2789","HISEQ13:138:C6FWNANXX:2:1105:4233:31195_1:6299690",3.5e-23
"2790","HISEQ13:138:C6FWNANXX:2:1306:11461:76856_1:58045832",3.5e-23
"2791","HISEQ13:138:C6FWNANXX:2:1301:16957:42325_1:50164356",3.5e-23
"2792","HISEQ13:138:C6FWNANXX:2:2105:15462:33687_1:80665422",3.5e-23
"2793","HISEQ13:138:C6FWNANXX:2:2106:19270:57824_1:82464559",3.5e-23
"2794","HISEQ13:138:C6FWNANXX:2:2212:14383:21906_1:114851581",3.5e-23
"2795","HISEQ13:138:C6FWNANXX:2:1308:1946:15849_1:60142371",3.5e-23
"2796","HISEQ13:138:C6FWNANXX:2:2203:6467:87085_1:102556448",3.5e-23
"2797","HISEQ13:138:C6FWNANXX:2:2304:16152:60722_1:127642803",3.5e-23
"2798","HISEQ13:138:C6FWNANXX:2:1105:17320:75206_1:6961778",3.5e-23
"2799","HISEQ13:138:C6FWNANXX:2:1102:16676:2333_1:1469943",3.5e-23
"2800","HISEQ13:138:C6FWNANXX:2:1207:16871:57814_1:34439798",3.5e-23
"2801","HISEQ13:138:C6FWNANXX:2:1303:16775:63266_1:53385702",3.5e-23
"2802","HISEQ13:138:C6FWNANXX:2:1315:14323:77663_1:72435766",3.5e-23
"2803","HISEQ13:138:C6FWNANXX:2:2211:6710:57435_1:113864066",3.5e-23
"2804","HISEQ13:138:C6FWNANXX:2:2312:12561:42663_1:139282709",3.5e-23
"2805","HISEQ13:138:C6FWNANXX:2:2315:5543:47559_1:144178426",3.5e-23
"2806","HISEQ13:138:C6FWNANXX:2:2104:10909:12525_1:78935672",3.5e-23
"2807","HISEQ13:138:C6FWNANXX:2:2105:15422:65090_1:81122257",3.5e-23
"2808","HISEQ13:138:C6FWNANXX:2:1101:7942:19410_1:258050",3.6e-23
"2809","HISEQ13:138:C6FWNANXX:2:1214:18221:19289_1:44808600",3.6e-23
"2810","HISEQ13:138:C6FWNANXX:2:1316:17911:65212_1:73941697",3.6e-23
"2811","HISEQ13:138:C6FWNANXX:2:2314:13501:74812_1:143000582",3.6e-23
"2812","HISEQ13:138:C6FWNANXX:2:1101:6879:94110_1:1362373",3.6e-23
"2813","HISEQ13:138:C6FWNANXX:2:1116:14730:78342_1:24417079",3.6e-23
"2814","HISEQ13:138:C6FWNANXX:2:1313:15841:39607_1:68441985",3.6e-23
"2815","HISEQ13:138:C6FWNANXX:2:2312:6472:35980_1:139174855",3.6e-23
"2816","HISEQ13:138:C6FWNANXX:2:2201:5359:39625_1:99061007",3.6e-23
"2817","HISEQ13:138:C6FWNANXX:2:1312:20666:79071_1:67461445",3.6e-23
"2818","HISEQ13:138:C6FWNANXX:2:2111:4112:27132_1:89455268",3.6e-23
"2819","HISEQ13:138:C6FWNANXX:2:2115:16186:22118_1:95610128",3.6e-23
"2820","HISEQ13:138:C6FWNANXX:2:2203:15064:69396_1:102304762",3.6e-23
"2821","HISEQ13:138:C6FWNANXX:2:1209:15327:14287_1:36814468",3.6e-23
"2822","HISEQ13:138:C6FWNANXX:2:1314:5274:4712_1:69506514",3.6e-23
"2823","HISEQ13:138:C6FWNANXX:2:2310:7043:15751_1:135782247",3.6e-23
"2824","HISEQ13:138:C6FWNANXX:2:2311:6426:86212_1:138406998",3.6e-23
"2825","HISEQ13:138:C6FWNANXX:2:1101:7896:99815_1:1447528",3.6e-23
"2826","HISEQ13:138:C6FWNANXX:2:1103:9266:100193_1:4376826",3.6e-23
"2827","HISEQ13:138:C6FWNANXX:2:1304:19079:19168_1:54195730",3.6e-23
"2828","HISEQ13:138:C6FWNANXX:2:2105:17408:78849_1:81321131",3.6e-23
"2829","HISEQ13:138:C6FWNANXX:2:2107:8584:37435_1:83620655",3.6e-23
"2830","HISEQ13:138:C6FWNANXX:2:2206:1344:15317_1:105793524",3.6e-23
"2831","HISEQ13:138:C6FWNANXX:2:2311:16680:79555_1:138306358",3.6e-23
"2832","HISEQ13:138:C6FWNANXX:2:2203:19607:99944_1:102741130",3.7e-23
"2833","HISEQ13:138:C6FWNANXX:2:2113:4930:84906_1:93420018",3.7e-23
"2834","HISEQ13:138:C6FWNANXX:2:2305:7163:6626_1:128284151",3.7e-23
"2835","HISEQ13:138:C6FWNANXX:2:1208:11895:5193_1:35142671",3.7e-23
"2836","HISEQ13:138:C6FWNANXX:2:2102:17052:100141_1:77366985",3.7e-23
"2837","HISEQ13:138:C6FWNANXX:2:2105:18150:62227_1:81079190",3.7e-23
"2838","HISEQ13:138:C6FWNANXX:2:2112:14234:93887_1:91988321",3.7e-23
"2839","HISEQ13:138:C6FWNANXX:2:2216:9295:90752_1:122437797",3.7e-23
"2840","HISEQ13:138:C6FWNANXX:2:2303:1987:44896_1:126006095",3.7e-23
"2841","HISEQ13:138:C6FWNANXX:2:1111:20845:27235_1:15435246",3.7e-23
"2842","HISEQ13:138:C6FWNANXX:2:1106:17253:23739_1:7680878",3.7e-23
"2843","HISEQ13:138:C6FWNANXX:2:1211:11245:69183_1:40793768",3.7e-23
"2844","HISEQ13:138:C6FWNANXX:2:1316:19181:68082_1:73994273",3.7e-23
"2845","HISEQ13:138:C6FWNANXX:2:1113:2108:12034_1:18292494",3.7e-23
"2846","HISEQ13:138:C6FWNANXX:2:2312:18613:19084_1:138912763",3.7e-23
"2847","HISEQ13:138:C6FWNANXX:2:1104:11805:2942_1:4401432",3.7e-23
"2848","HISEQ13:138:C6FWNANXX:2:2310:15936:2991_1:135584890",3.7e-23
"2849","HISEQ13:138:C6FWNANXX:2:1107:9670:50940_1:9606560",3.7e-23
"2850","HISEQ13:138:C6FWNANXX:2:1116:20197:18175_1:23383232",3.7e-23
"2851","HISEQ13:138:C6FWNANXX:2:1214:8751:77039_1:45777280",3.7e-23
"2852","HISEQ13:138:C6FWNANXX:2:1216:11748:15489_1:48087608",3.7e-23
"2853","HISEQ13:138:C6FWNANXX:2:2216:5400:27239_1:121356854",3.7e-23
"2854","HISEQ13:138:C6FWNANXX:2:1216:12741:72173_1:49070306",3.7e-23
"2855","HISEQ13:138:C6FWNANXX:2:2206:17204:49461_1:106293791",3.8e-23
"2856","HISEQ13:138:C6FWNANXX:2:1316:2762:39867_1:73495019",3.8e-23
"2857","HISEQ13:138:C6FWNANXX:2:2108:13143:91476_1:85914447",3.8e-23
"2858","HISEQ13:138:C6FWNANXX:2:2111:15502:7357_1:89151041",3.8e-23
"2859","HISEQ13:138:C6FWNANXX:2:2213:9329:45904_1:116805118",3.8e-23
"2860","HISEQ13:138:C6FWNANXX:2:2309:11924:49008_1:134778709",3.8e-23
"2861","HISEQ13:138:C6FWNANXX:2:2113:7673:55895_1:92955497",3.8e-23
"2862","HISEQ13:138:C6FWNANXX:2:1205:15199:92869_1:31978868",3.8e-23
"2863","HISEQ13:138:C6FWNANXX:2:1216:19831:63474_1:48919545",3.8e-23
"2864","HISEQ13:138:C6FWNANXX:2:1213:16192:21307_1:43202756",3.8e-23
"2865","HISEQ13:138:C6FWNANXX:2:1310:14729:19153_1:63300610",3.8e-23
"2866","HISEQ13:138:C6FWNANXX:2:1314:9114:79943_1:70785201",3.8e-23
"2867","HISEQ13:138:C6FWNANXX:2:2105:2097:74148_1:81249345",3.8e-23
"2868","HISEQ13:138:C6FWNANXX:2:2110:6008:30123_1:87988813",3.8e-23
"2869","HISEQ13:138:C6FWNANXX:2:2115:6367:37580_1:95860110",3.8e-23
"2870","HISEQ13:138:C6FWNANXX:2:1204:10272:10805_1:29290798",3.8e-23
"2871","HISEQ13:138:C6FWNANXX:2:1303:6832:41494_1:53058810",3.8e-23
"2872","HISEQ13:138:C6FWNANXX:2:1305:15396:22928_1:55729559",3.8e-23
"2873","HISEQ13:138:C6FWNANXX:2:2107:6215:50128_1:83809642",3.8e-23
"2874","HISEQ13:138:C6FWNANXX:2:2203:20100:50158_1:102030935",3.8e-23
"2875","HISEQ13:138:C6FWNANXX:2:1314:19885:77808_1:70753150",3.8e-23
"2876","HISEQ13:138:C6FWNANXX:2:2206:21314:77213_1:106703888",3.9e-23
"2877","HISEQ13:138:C6FWNANXX:2:1204:7335:30845_1:29578301",3.9e-23
"2878","HISEQ13:138:C6FWNANXX:2:1201:4533:79955_1:25949410",3.9e-23
"2879","HISEQ13:138:C6FWNANXX:2:1215:16469:66751_1:47278453",3.9e-23
"2880","HISEQ13:138:C6FWNANXX:2:1307:14604:94971_1:59838687",3.9e-23
"2881","HISEQ13:138:C6FWNANXX:2:2303:2077:91918_1:126670943",3.9e-23
"2882","HISEQ13:138:C6FWNANXX:2:2102:2133:16516_1:76175336",3.9e-23
"2883","HISEQ13:138:C6FWNANXX:2:2215:18592:34619_1:119845088",3.9e-23
"2884","HISEQ13:138:C6FWNANXX:2:2101:9815:75162_1:75603754",3.9e-23
"2885","HISEQ13:138:C6FWNANXX:2:2106:20601:41031_1:82217032",3.9e-23
"2886","HISEQ13:138:C6FWNANXX:2:1308:17999:32397_1:60400374",3.9e-23
"2887","HISEQ13:138:C6FWNANXX:2:2211:17608:70337_1:114068713",3.9e-23
"2888","HISEQ13:138:C6FWNANXX:2:1107:11607:57410_1:9706158",3.9e-23
"2889","HISEQ13:138:C6FWNANXX:2:1301:6980:29336_1:49971337",3.9e-23
"2890","HISEQ13:138:C6FWNANXX:2:2309:4843:26347_1:134432855",3.9e-23
"2891","HISEQ13:138:C6FWNANXX:2:1109:17224:10217_1:12042415",3.9e-23
"2892","HISEQ13:138:C6FWNANXX:2:2215:14733:23204_1:119654005",3.9e-23
"2893","HISEQ13:138:C6FWNANXX:2:1105:19079:53137_1:6633073",3.9e-23
"2894","HISEQ13:138:C6FWNANXX:2:1202:17404:84671_1:27473036",3.9e-23
"2895","HISEQ13:138:C6FWNANXX:2:2301:9864:23549_1:122911364",3.9e-23
"2896","HISEQ13:138:C6FWNANXX:2:1302:6673:27654_1:51397235",3.9e-23
"2897","HISEQ13:138:C6FWNANXX:2:1206:10335:31241_1:32536097",4e-23
"2898","HISEQ13:138:C6FWNANXX:2:1303:14908:98694_1:53907029",4e-23
"2899","HISEQ13:138:C6FWNANXX:2:2104:19252:39624_1:79325883",4e-23
"2900","HISEQ13:138:C6FWNANXX:2:2111:16243:64484_1:90047061",4e-23
"2901","HISEQ13:138:C6FWNANXX:2:2212:4053:66998_1:115560264",4e-23
"2902","HISEQ13:138:C6FWNANXX:2:2308:20911:7736_1:132658777",4e-23
"2903","HISEQ13:138:C6FWNANXX:2:2109:5006:21745_1:86355047",4e-23
"2904","HISEQ13:138:C6FWNANXX:2:1303:16079:96274_1:53873720",4e-23
"2905","HISEQ13:138:C6FWNANXX:2:2102:17346:15804_1:76167528",4e-23
"2906","HISEQ13:138:C6FWNANXX:2:2216:6358:21166_1:121256137",4e-23
"2907","HISEQ13:138:C6FWNANXX:2:1208:16263:10963_1:35231470",4e-23
"2908","HISEQ13:138:C6FWNANXX:2:1108:12548:17627_1:10616163",4e-23
"2909","HISEQ13:138:C6FWNANXX:2:1115:17363:75023_1:22663668",4e-23
"2910","HISEQ13:138:C6FWNANXX:2:1210:3173:22795_1:38490468",4e-23
"2911","HISEQ13:138:C6FWNANXX:2:2202:20826:64709_1:100825139",4e-23
"2912","HISEQ13:138:C6FWNANXX:2:2311:15069:71655_1:138179460",4e-23
"2913","HISEQ13:138:C6FWNANXX:2:1115:13378:74891_1:22658583",4e-23
"2914","HISEQ13:138:C6FWNANXX:2:1204:17817:49843_1:29862670",4e-23
"2915","HISEQ13:138:C6FWNANXX:2:1307:17296:3255_1:58432118",4e-23
"2916","HISEQ13:138:C6FWNANXX:2:2203:7317:33258_1:101789089",4e-23
"2917","HISEQ13:138:C6FWNANXX:2:2201:14252:98831_1:99905504",4e-23
"2918","HISEQ13:138:C6FWNANXX:2:2212:8310:8782_1:114654581",4e-23
"2919","HISEQ13:138:C6FWNANXX:2:2301:4321:16867_1:122815081",4e-23
"2920","HISEQ13:138:C6FWNANXX:2:1312:15529:25137_1:66576583",4e-23
"2921","HISEQ13:138:C6FWNANXX:2:1315:9066:97367_1:72778808",4e-23
"2922","HISEQ13:138:C6FWNANXX:2:2108:11849:23128_1:84883938",4e-23
"2923","HISEQ13:138:C6FWNANXX:2:2209:9426:64819_1:110945410",4e-23
"2924","HISEQ13:138:C6FWNANXX:2:1209:16444:59217_1:37510271",4e-23
"2925","HISEQ13:138:C6FWNANXX:2:1102:20131:42901_1:2066354",4e-23
"2926","HISEQ13:138:C6FWNANXX:2:1112:8474:37310_1:17090785",4.1e-23
"2927","HISEQ13:138:C6FWNANXX:2:1201:3078:67213_1:25761924",4.1e-23
"2928","HISEQ13:138:C6FWNANXX:2:1201:5502:10584_1:24930456",4.1e-23
"2929","HISEQ13:138:C6FWNANXX:2:1215:10757:40892_1:46836352",4.1e-23
"2930","HISEQ13:138:C6FWNANXX:2:2214:16317:81544_1:118993507",4.1e-23
"2931","HISEQ13:138:C6FWNANXX:2:2316:1450:10401_1:145196899",4.1e-23
"2932","HISEQ13:138:C6FWNANXX:2:1306:9525:78638_1:58071489",4.1e-23
"2933","HISEQ13:138:C6FWNANXX:2:1312:7982:58442_1:67117857",4.1e-23
"2934","HISEQ13:138:C6FWNANXX:2:2105:10312:42859_1:80799134",4.1e-23
"2935","HISEQ13:138:C6FWNANXX:2:2106:20843:88770_1:82919635",4.1e-23
"2936","HISEQ13:138:C6FWNANXX:2:2115:3296:37943_1:95863551",4.1e-23
"2937","HISEQ13:138:C6FWNANXX:2:1307:6494:33487_1:58890879",4.1e-23
"2938","HISEQ13:138:C6FWNANXX:2:1212:18186:62767_1:42263405",4.1e-23
"2939","HISEQ13:138:C6FWNANXX:2:2113:9358:18412_1:92358672",4.1e-23
"2940","HISEQ13:138:C6FWNANXX:2:2207:8853:40857_1:107619581",4.1e-23
"2941","HISEQ13:138:C6FWNANXX:2:1214:17062:62235_1:45526498",4.2e-23
"2942","HISEQ13:138:C6FWNANXX:2:2302:7402:56578_1:124770632",4.2e-23
"2943","HISEQ13:138:C6FWNANXX:2:2311:15069:71655_1:138179459",4.2e-23
"2944","HISEQ13:138:C6FWNANXX:2:2205:8778:66412_1:105098979",4.2e-23
"2945","HISEQ13:138:C6FWNANXX:2:2216:16910:61216_1:121934067",4.2e-23
"2946","HISEQ13:138:C6FWNANXX:2:2216:2393:24123_1:121305690",4.2e-23
"2947","HISEQ13:138:C6FWNANXX:2:2311:18346:39554_1:137676879",4.2e-23
"2948","HISEQ13:138:C6FWNANXX:2:1114:20850:32541_1:20278816",4.2e-23
"2949","HISEQ13:138:C6FWNANXX:2:2210:19473:37227_1:112029445",4.2e-23
"2950","HISEQ13:138:C6FWNANXX:2:2316:20493:14759_1:145276946",4.2e-23
"2951","HISEQ13:138:C6FWNANXX:2:1309:20767:10352_1:61603545",4.2e-23
"2952","HISEQ13:138:C6FWNANXX:2:1309:19135:35838_1:62004456",4.3e-23
"2953","HISEQ13:138:C6FWNANXX:2:1316:4902:22230_1:73188184",4.3e-23
"2954","HISEQ13:138:C6FWNANXX:2:1205:19864:77678_1:31752018",4.3e-23
"2955","HISEQ13:138:C6FWNANXX:2:1305:3107:71494_1:56455312",4.3e-23
"2956","HISEQ13:138:C6FWNANXX:2:2205:19256:94090_1:105502837",4.3e-23
"2957","HISEQ13:138:C6FWNANXX:2:2212:6542:76806_1:115720628",4.3e-23
"2958","HISEQ13:138:C6FWNANXX:2:2309:15299:80748_1:135262963",4.3e-23
"2959","HISEQ13:138:C6FWNANXX:2:2309:8593:39207_1:134626772",4.3e-23
"2960","HISEQ13:138:C6FWNANXX:2:2116:15103:52134_1:97724338",4.3e-23
"2961","HISEQ13:138:C6FWNANXX:2:2310:3673:38199_1:136125694",4.3e-23
"2962","HISEQ13:138:C6FWNANXX:2:1108:7313:13760_1:10556947",4.3e-23
"2963","HISEQ13:138:C6FWNANXX:2:1204:10625:37822_1:29682493",4.3e-23
"2964","HISEQ13:138:C6FWNANXX:2:2201:14701:3277_1:98545594",4.3e-23
"2965","HISEQ13:138:C6FWNANXX:2:2208:5486:5209_1:108554531",4.3e-23
"2966","HISEQ13:138:C6FWNANXX:2:1215:15630:74278_1:47403997",4.3e-23
"2967","HISEQ13:138:C6FWNANXX:2:1303:8734:61220_1:53350742",4.3e-23
"2968","HISEQ13:138:C6FWNANXX:2:2115:10109:11145_1:95429748",4.4e-23
"2969","HISEQ13:138:C6FWNANXX:2:2115:3718:7894_1:95375259",4.4e-23
"2970","HISEQ13:138:C6FWNANXX:2:2115:7441:70281_1:96393284",4.4e-23
"2971","HISEQ13:138:C6FWNANXX:2:2211:19703:57166_1:113862689",4.4e-23
"2972","HISEQ13:138:C6FWNANXX:2:2215:11234:35369_1:119855551",4.4e-23
"2973","HISEQ13:138:C6FWNANXX:2:1102:20131:42901_1:2066353",4.4e-23
"2974","HISEQ13:138:C6FWNANXX:2:1202:10226:50434_1:26969578",4.4e-23
"2975","HISEQ13:138:C6FWNANXX:2:1308:3279:2681_1:59937509",4.4e-23
"2976","HISEQ13:138:C6FWNANXX:2:2113:17116:3335_1:92121437",4.4e-23
"2977","HISEQ13:138:C6FWNANXX:2:2313:7777:37911_1:140784200",4.4e-23
"2978","HISEQ13:138:C6FWNANXX:2:1311:18949:82496_1:65897714",4.4e-23
"2979","HISEQ13:138:C6FWNANXX:2:1206:1518:16338_1:32312295",4.4e-23
"2980","HISEQ13:138:C6FWNANXX:2:2214:19411:28602_1:118127019",4.4e-23
"2981","HISEQ13:138:C6FWNANXX:2:1104:10559:4736_1:4427061",4.5e-23
"2982","HISEQ13:138:C6FWNANXX:2:1105:14368:32301_1:6320396",4.5e-23
"2983","HISEQ13:138:C6FWNANXX:2:1307:5112:67136_1:59410236",4.5e-23
"2984","HISEQ13:138:C6FWNANXX:2:2107:5333:19995_1:83360953",4.5e-23
"2985","HISEQ13:138:C6FWNANXX:2:2111:16214:67262_1:90096404",4.5e-23
"2986","HISEQ13:138:C6FWNANXX:2:2113:1671:95805_1:93595878",4.5e-23
"2987","HISEQ13:138:C6FWNANXX:2:2315:10568:16209_1:143657855",4.5e-23
"2988","HISEQ13:138:C6FWNANXX:2:2313:4603:60339_1:141147880",4.5e-23
"2989","HISEQ13:138:C6FWNANXX:2:2215:10338:35859_1:119863747",4.5e-23
"2990","HISEQ13:138:C6FWNANXX:2:1309:15832:92937_1:62906536",4.5e-23
"2991","HISEQ13:138:C6FWNANXX:2:1107:13341:20348_1:9140558",4.5e-23
"2992","HISEQ13:138:C6FWNANXX:2:2202:2704:82941_1:101082835",4.5e-23
"2993","HISEQ13:138:C6FWNANXX:2:1202:3928:57543_1:27074326",4.5e-23
"2994","HISEQ13:138:C6FWNANXX:2:1105:7898:60002_1:6735271",4.5e-23
"2995","HISEQ13:138:C6FWNANXX:2:1114:19258:45756_1:20500762",4.6e-23
"2996","HISEQ13:138:C6FWNANXX:2:1214:12491:52038_1:45357724",4.6e-23
"2997","HISEQ13:138:C6FWNANXX:2:2112:11301:28703_1:90960766",4.6e-23
"2998","HISEQ13:138:C6FWNANXX:2:1201:21171:71474_1:25827802",4.6e-23
"2999","HISEQ13:138:C6FWNANXX:2:2304:13307:91916_1:128090325",4.6e-23
"3000","HISEQ13:138:C6FWNANXX:2:2311:17673:34862_1:137602510",4.6e-23
"3001","HISEQ13:138:C6FWNANXX:2:2110:10052:5589_1:87615096",4.6e-23
"3002","HISEQ13:138:C6FWNANXX:2:1315:2188:78626_1:72450398",4.6e-23
"3003","HISEQ13:138:C6FWNANXX:2:1108:17385:11544_1:10524566",4.6e-23
"3004","HISEQ13:138:C6FWNANXX:2:1304:3450:38139_1:54474189",4.6e-23
"3005","HISEQ13:138:C6FWNANXX:2:1307:6148:77922_1:59576361",4.6e-23
"3006","HISEQ13:138:C6FWNANXX:2:2312:13219:14452_1:138836449",4.6e-23
"3007","HISEQ13:138:C6FWNANXX:2:2106:18924:56768_1:82449885",4.6e-23
"3008","HISEQ13:138:C6FWNANXX:2:1215:11820:57125_1:47111695",4.7e-23
"3009","HISEQ13:138:C6FWNANXX:2:2102:7651:92636_1:77258390",4.7e-23
"3010","HISEQ13:138:C6FWNANXX:2:1213:13203:41724_1:43536568",4.7e-23
"3011","HISEQ13:138:C6FWNANXX:2:2202:3661:26241_1:100276346",4.7e-23
"3012","HISEQ13:138:C6FWNANXX:2:1303:19273:73029_1:53529186",4.7e-23
"3013","HISEQ13:138:C6FWNANXX:2:2112:11233:76468_1:91710776",4.7e-23
"3014","HISEQ13:138:C6FWNANXX:2:2210:7134:12858_1:111657105",4.7e-23
"3015","HISEQ13:138:C6FWNANXX:2:2309:12902:49750_1:134786607",4.7e-23
"3016","HISEQ13:138:C6FWNANXX:2:1116:20716:42516_1:23804719",4.7e-23
"3017","HISEQ13:138:C6FWNANXX:2:1310:14748:33753_1:63535301",4.7e-23
"3018","HISEQ13:138:C6FWNANXX:2:2108:19186:93893_1:85953655",4.7e-23
"3019","HISEQ13:138:C6FWNANXX:2:2116:17225:69213_1:98003462",4.7e-23
"3020","HISEQ13:138:C6FWNANXX:2:2208:13519:22681_1:108817110",4.7e-23
"3021","HISEQ13:138:C6FWNANXX:2:1107:9670:50940_1:9606561",4.7e-23
"3022","HISEQ13:138:C6FWNANXX:2:2207:19476:4150_1:107081942",4.7e-23
"3023","HISEQ13:138:C6FWNANXX:2:1101:11602:67682_1:972302",4.7e-23
"3024","HISEQ13:138:C6FWNANXX:2:2212:11282:58657_1:115431703",4.7e-23
"3025","HISEQ13:138:C6FWNANXX:2:1207:4739:20025_1:33866332",4.7e-23
"3026","HISEQ13:138:C6FWNANXX:2:1305:5540:74088_1:56496982",4.7e-23
"3027","HISEQ13:138:C6FWNANXX:2:2314:15949:84020_1:143152184",4.7e-23
"3028","HISEQ13:138:C6FWNANXX:2:1211:7237:74225_1:40873128",4.7e-23
"3029","HISEQ13:138:C6FWNANXX:2:1305:9132:9018_1:55522352",4.7e-23
"3030","HISEQ13:138:C6FWNANXX:2:2105:18150:65107_1:81122766",4.7e-23
"3031","HISEQ13:138:C6FWNANXX:2:2210:20408:13995_1:111675062",4.7e-23
"3032","HISEQ13:138:C6FWNANXX:2:2211:20277:89790_1:114375576",4.7e-23
"3033","HISEQ13:138:C6FWNANXX:2:2212:5840:38689_1:115115423",4.7e-23
"3034","HISEQ13:138:C6FWNANXX:2:2309:10720:2656_1:134072616",4.7e-23
"3035","HISEQ13:138:C6FWNANXX:2:1303:3590:7242_1:52550687",4.8e-23
"3036","HISEQ13:138:C6FWNANXX:2:2211:2157:78588_1:114194903",4.8e-23
"3037","HISEQ13:138:C6FWNANXX:2:2101:17859:69744_1:75527009",4.8e-23
"3038","HISEQ13:138:C6FWNANXX:2:2314:8958:80560_1:143093835",4.8e-23
"3039","HISEQ13:138:C6FWNANXX:2:2112:7032:93466_1:91978948",4.8e-23
"3040","HISEQ13:138:C6FWNANXX:2:1207:19666:22448_1:33903024",4.8e-23
"3041","HISEQ13:138:C6FWNANXX:2:2309:15588:17528_1:134301716",4.8e-23
"3042","HISEQ13:138:C6FWNANXX:2:2102:5480:60337_1:76796802",4.8e-23
"3043","HISEQ13:138:C6FWNANXX:2:2213:8635:26190_1:116488583",4.8e-23
"3044","HISEQ13:138:C6FWNANXX:2:1110:18521:37452_1:14034094",4.9e-23
"3045","HISEQ13:138:C6FWNANXX:2:2204:17189:21692_1:103032667",4.9e-23
"3046","HISEQ13:138:C6FWNANXX:2:2214:2325:50160_1:118473841",4.9e-23
"3047","HISEQ13:138:C6FWNANXX:2:2307:2278:53637_1:131869436",4.9e-23
"3048","HISEQ13:138:C6FWNANXX:2:2113:18697:12812_1:92273139",4.9e-23
"3049","HISEQ13:138:C6FWNANXX:2:1311:6394:48996_1:65348681",4.9e-23
"3050","HISEQ13:138:C6FWNANXX:2:2310:5166:63181_1:136510678",4.9e-23
"3051","HISEQ13:138:C6FWNANXX:2:2103:6471:9705_1:77483742",4.9e-23
"3052","HISEQ13:138:C6FWNANXX:2:2211:17631:81802_1:114249020",4.9e-23
"3053","HISEQ13:138:C6FWNANXX:2:2301:18488:58070_1:123398903",4.9e-23
"3054","HISEQ13:138:C6FWNANXX:2:1307:2971:20501_1:58694397",4.9e-23
"3055","HISEQ13:138:C6FWNANXX:2:2103:11273:59600_1:78195490",4.9e-23
"3056","HISEQ13:138:C6FWNANXX:2:2206:17515:34451_1:106073850",4.9e-23
"3057","HISEQ13:138:C6FWNANXX:2:2211:8123:5347_1:113052073",4.9e-23
"3058","HISEQ13:138:C6FWNANXX:2:2212:1471:22489_1:114857086",4.9e-23
"3059","HISEQ13:138:C6FWNANXX:2:1207:14951:62621_1:34511566",4.9e-23
"3060","HISEQ13:138:C6FWNANXX:2:1208:8729:69070_1:36128068",4.9e-23
"3061","HISEQ13:138:C6FWNANXX:2:1304:11681:100454_1:55408881",4.9e-23
"3062","HISEQ13:138:C6FWNANXX:2:2204:11145:13124_1:102908536",4.9e-23
"3063","HISEQ13:138:C6FWNANXX:2:1202:1709:15433_1:26454125",5e-23
"3064","HISEQ13:138:C6FWNANXX:2:1208:4480:76220_1:36235192",5e-23
"3065","HISEQ13:138:C6FWNANXX:2:1112:12700:73034_1:17671927",5e-23
"3066","HISEQ13:138:C6FWNANXX:2:1215:16547:25647_1:46578658",5e-23
"3067","HISEQ13:138:C6FWNANXX:2:2314:5871:74880_1:142999008",5e-23
"3068","HISEQ13:138:C6FWNANXX:2:1304:1744:32891_1:54395985",5e-23
"3069","HISEQ13:138:C6FWNANXX:2:1202:13366:32989_1:26713551",5e-23
"3070","HISEQ13:138:C6FWNANXX:2:2108:18312:43987_1:85197665",5e-23
"3071","HISEQ13:138:C6FWNANXX:2:1115:4998:45508_1:22161568",5e-23
"3072","HISEQ13:138:C6FWNANXX:2:1311:13802:91427_1:66044071",5e-23
"3073","HISEQ13:138:C6FWNANXX:2:2201:5711:93793_1:99833178",5e-23
"3074","HISEQ13:138:C6FWNANXX:2:2203:15708:43259_1:101934275",5e-23
"3075","HISEQ13:138:C6FWNANXX:2:1301:6980:29336_1:49971338",5.1e-23
"3076","HISEQ13:138:C6FWNANXX:2:2206:2399:88684_1:106867465",5.1e-23
"3077","HISEQ13:138:C6FWNANXX:2:2102:12468:4216_1:75999762",5.1e-23
"3078","HISEQ13:138:C6FWNANXX:2:2306:10582:51279_1:130378685",5.1e-23
"3079","HISEQ13:138:C6FWNANXX:2:1314:14072:62871_1:70496594",5.1e-23
"3080","HISEQ13:138:C6FWNANXX:2:2109:11567:85735_1:87329284",5.1e-23
"3081","HISEQ13:138:C6FWNANXX:2:1306:7889:76360_1:58037292",5.1e-23
"3082","HISEQ13:138:C6FWNANXX:2:2303:4145:67353_1:126325247",5.1e-23
"3083","HISEQ13:138:C6FWNANXX:2:1208:7241:78811_1:36278441",5.2e-23
"3084","HISEQ13:138:C6FWNANXX:2:1213:15371:14101_1:43084591",5.2e-23
"3085","HISEQ13:138:C6FWNANXX:2:1314:17954:68417_1:70591077",5.2e-23
"3086","HISEQ13:138:C6FWNANXX:2:1114:8630:5836_1:19828285",5.2e-23
"3087","HISEQ13:138:C6FWNANXX:2:1301:18405:11559_1:49712184",5.2e-23
"3088","HISEQ13:138:C6FWNANXX:2:1203:21284:71047_1:28729022",5.2e-23
"3089","HISEQ13:138:C6FWNANXX:2:1203:12856:84041_1:28919397",5.2e-23
"3090","HISEQ13:138:C6FWNANXX:2:2111:15461:98190_1:90625541",5.2e-23
"3091","HISEQ13:138:C6FWNANXX:2:1106:11046:5235_1:7398586",5.2e-23
"3092","HISEQ13:138:C6FWNANXX:2:1313:3627:38070_1:68414305",5.2e-23
"3093","HISEQ13:138:C6FWNANXX:2:1116:20104:43698_1:23821876",5.2e-23
"3094","HISEQ13:138:C6FWNANXX:2:2113:8618:75182_1:93263960",5.2e-23
"3095","HISEQ13:138:C6FWNANXX:2:1215:7822:40018_1:46822963",5.2e-23
"3096","HISEQ13:138:C6FWNANXX:2:2104:17976:33450_1:79235650",5.2e-23
"3097","HISEQ13:138:C6FWNANXX:2:2105:14692:89181_1:81470555",5.2e-23
"3098","HISEQ13:138:C6FWNANXX:2:2105:4636:45266_1:80834380",5.2e-23
"3099","HISEQ13:138:C6FWNANXX:2:2301:17311:60659_1:123433885",5.2e-23
"3100","HISEQ13:138:C6FWNANXX:2:2313:12426:56731_1:141089203",5.2e-23
"3101","HISEQ13:138:C6FWNANXX:2:2314:1322:19258_1:142084066",5.2e-23
"3102","HISEQ13:138:C6FWNANXX:2:1108:15687:38639_1:10941461",5.3e-23
"3103","HISEQ13:138:C6FWNANXX:2:1308:20096:75806_1:61079387",5.3e-23
"3104","HISEQ13:138:C6FWNANXX:2:2302:12055:63909_1:124873636",5.3e-23
"3105","HISEQ13:138:C6FWNANXX:2:2316:13266:3256_1:145080969",5.4e-23
"3106","HISEQ13:138:C6FWNANXX:2:1101:4223:25262_1:345646",5.4e-23
"3107","HISEQ13:138:C6FWNANXX:2:1103:17547:18723_1:3170316",5.4e-23
"3108","HISEQ13:138:C6FWNANXX:2:1114:12836:56327_1:20675856",5.4e-23
"3109","HISEQ13:138:C6FWNANXX:2:1116:6777:91998_1:24648350",5.4e-23
"3110","HISEQ13:138:C6FWNANXX:2:2301:3263:88882_1:123830124",5.4e-23
"3111","HISEQ13:138:C6FWNANXX:2:2315:8218:91070_1:144894817",5.4e-23
"3112","HISEQ13:138:C6FWNANXX:2:1210:20982:25560_1:38537542",5.4e-23
"3113","HISEQ13:138:C6FWNANXX:2:1210:4948:12749_1:38328782",5.4e-23
"3114","HISEQ13:138:C6FWNANXX:2:1216:9140:6036_1:47926766",5.4e-23
"3115","HISEQ13:138:C6FWNANXX:2:2216:4319:37063_1:121524761",5.4e-23
"3116","HISEQ13:138:C6FWNANXX:2:2302:7013:29483_1:124387724",5.4e-23
"3117","HISEQ13:138:C6FWNANXX:2:2307:13438:43535_1:131723376",5.4e-23
"3118","HISEQ13:138:C6FWNANXX:2:1305:7516:6989_1:55488191",5.4e-23
"3119","HISEQ13:138:C6FWNANXX:2:2104:12626:17793_1:79011824",5.4e-23
"3120","HISEQ13:138:C6FWNANXX:2:2212:13219:58197_1:115424158",5.4e-23
"3121","HISEQ13:138:C6FWNANXX:2:2302:20651:99142_1:125376259",5.4e-23
"3122","HISEQ13:138:C6FWNANXX:2:2301:17818:46237_1:123230144",5.5e-23
"3123","HISEQ13:138:C6FWNANXX:2:2313:5075:87886_1:141594027",5.5e-23
"3124","HISEQ13:138:C6FWNANXX:2:2202:6835:23369_1:100238187",5.5e-23
"3125","HISEQ13:138:C6FWNANXX:2:1111:12854:67313_1:16090670",5.5e-23
"3126","HISEQ13:138:C6FWNANXX:2:1211:4338:78838_1:40948239",5.5e-23
"3127","HISEQ13:138:C6FWNANXX:2:2306:9501:4248_1:129683694",5.5e-23
"3128","HISEQ13:138:C6FWNANXX:2:1309:12125:6790_1:61546661",5.5e-23
"3129","HISEQ13:138:C6FWNANXX:2:2211:8156:3222_1:113017237",5.6e-23
"3130","HISEQ13:138:C6FWNANXX:2:1315:13351:32849_1:71666646",5.6e-23
"3131","HISEQ13:138:C6FWNANXX:2:1315:12512:7534_1:71237979",5.6e-23
"3132","HISEQ13:138:C6FWNANXX:2:2206:19126:76422_1:106692498",5.6e-23
"3133","HISEQ13:138:C6FWNANXX:2:2207:5382:46610_1:107703893",5.6e-23
"3134","HISEQ13:138:C6FWNANXX:2:2313:4502:6980_1:140284884",5.6e-23
"3135","HISEQ13:138:C6FWNANXX:2:1208:9887:92153_1:36484545",5.6e-23
"3136","HISEQ13:138:C6FWNANXX:2:1303:14908:98694_1:53907028",5.6e-23
"3137","HISEQ13:138:C6FWNANXX:2:1309:13391:60388_1:62390528",5.6e-23
"3138","HISEQ13:138:C6FWNANXX:2:2216:16431:56149_1:121849020",5.6e-23
"3139","HISEQ13:138:C6FWNANXX:2:1215:11820:57125_1:47111694",5.6e-23
"3140","HISEQ13:138:C6FWNANXX:2:2203:15708:43259_1:101934276",5.7e-23
"3141","HISEQ13:138:C6FWNANXX:2:2207:17643:60479_1:107909127",5.7e-23
"3142","HISEQ13:138:C6FWNANXX:2:1305:3909:38797_1:55966222",5.7e-23
"3143","HISEQ13:138:C6FWNANXX:2:1216:20531:47559_1:48646505",5.7e-23
"3144","HISEQ13:138:C6FWNANXX:2:2216:1631:41782_1:121604786",5.7e-23
"3145","HISEQ13:138:C6FWNANXX:2:1103:19630:8529_1:3022283",5.7e-23
"3146","HISEQ13:138:C6FWNANXX:2:1112:20510:72465_1:17661303",5.7e-23
"3147","HISEQ13:138:C6FWNANXX:2:1213:11088:31319_1:43365803",5.7e-23
"3148","HISEQ13:138:C6FWNANXX:2:1311:13090:71944_1:65723816",5.7e-23
"3149","HISEQ13:138:C6FWNANXX:2:2302:5769:37087_1:124495799",5.7e-23
"3150","HISEQ13:138:C6FWNANXX:2:2104:12189:37271_1:79292545",5.7e-23
"3151","HISEQ13:138:C6FWNANXX:2:1211:4050:6380_1:39782290",5.7e-23
"3152","HISEQ13:138:C6FWNANXX:2:2107:9861:91983_1:84432844",5.7e-23
"3153","HISEQ13:138:C6FWNANXX:2:2301:18488:58070_1:123398904",5.7e-23
"3154","HISEQ13:138:C6FWNANXX:2:1114:6773:71720_1:20931371",5.7e-23
"3155","HISEQ13:138:C6FWNANXX:2:1214:18221:19289_1:44808599",5.7e-23
"3156","HISEQ13:138:C6FWNANXX:2:2107:13400:65764_1:84045437",5.7e-23
"3157","HISEQ13:138:C6FWNANXX:2:1107:3666:48086_1:9562708",5.7e-23
"3158","HISEQ13:138:C6FWNANXX:2:1308:13423:44921_1:60593814",5.7e-23
"3159","HISEQ13:138:C6FWNANXX:2:2108:13195:73413_1:85642559",5.7e-23
"3160","HISEQ13:138:C6FWNANXX:2:2306:2191:46539_1:130306965",5.7e-23
"3161","HISEQ13:138:C6FWNANXX:2:1114:3862:68879_1:20885005",5.7e-23
"3162","HISEQ13:138:C6FWNANXX:2:1201:9058:72103_1:25836651",5.7e-23
"3163","HISEQ13:138:C6FWNANXX:2:2105:19574:13678_1:80376311",5.7e-23
"3164","HISEQ13:138:C6FWNANXX:2:1202:20491:100044_1:27701469",5.7e-23
"3165","HISEQ13:138:C6FWNANXX:2:2208:12653:72974_1:109570767",5.7e-23
"3166","HISEQ13:138:C6FWNANXX:2:2112:18108:15778_1:90786657",5.8e-23
"3167","HISEQ13:138:C6FWNANXX:2:1103:3913:8805_1:3023044",5.8e-23
"3168","HISEQ13:138:C6FWNANXX:2:1202:6169:93815_1:27606444",5.8e-23
"3169","HISEQ13:138:C6FWNANXX:2:2216:14398:50584_1:121755617",5.8e-23
"3170","HISEQ13:138:C6FWNANXX:2:1201:19282:6306_1:24870578",5.8e-23
"3171","HISEQ13:138:C6FWNANXX:2:1211:1876:64715_1:40719287",5.8e-23
"3172","HISEQ13:138:C6FWNANXX:2:1113:15013:83072_1:19467918",5.8e-23
"3173","HISEQ13:138:C6FWNANXX:2:1303:16395:82605_1:53669156",5.8e-23
"3174","HISEQ13:138:C6FWNANXX:2:1306:8643:59890_1:57784805",5.8e-23
"3175","HISEQ13:138:C6FWNANXX:2:1305:20176:21101_1:55704127",5.9e-23
"3176","HISEQ13:138:C6FWNANXX:2:2101:10450:17996_1:74787894",5.9e-23
"3177","HISEQ13:138:C6FWNANXX:2:2214:16441:36098_1:118248204",5.9e-23
"3178","HISEQ13:138:C6FWNANXX:2:2312:20199:86452_1:139979859",5.9e-23
"3179","HISEQ13:138:C6FWNANXX:2:1116:14730:78342_1:24417078",5.9e-23
"3180","HISEQ13:138:C6FWNANXX:2:1203:13238:96701_1:29104612",5.9e-23
"3181","HISEQ13:138:C6FWNANXX:2:2206:16366:93806_1:106946534",5.9e-23
"3182","HISEQ13:138:C6FWNANXX:2:2313:19407:88740_1:141609265",5.9e-23
"3183","HISEQ13:138:C6FWNANXX:2:1116:8055:12242_1:23277716",5.9e-23
"3184","HISEQ13:138:C6FWNANXX:2:1316:17482:3521_1:72868466",5.9e-23
"3185","HISEQ13:138:C6FWNANXX:2:1312:9958:47599_1:66941493",5.9e-23
"3186","HISEQ13:138:C6FWNANXX:2:1316:15752:35149_1:73415668",5.9e-23
"3187","HISEQ13:138:C6FWNANXX:2:2209:7532:37146_1:110523423",5.9e-23
"3188","HISEQ13:138:C6FWNANXX:2:1314:1340:99684_1:71119621",5.9e-23
"3189","HISEQ13:138:C6FWNANXX:2:1115:16577:98785_1:23070478",5.9e-23
"3190","HISEQ13:138:C6FWNANXX:2:2304:18414:57906_1:127603820",5.9e-23
"3191","HISEQ13:138:C6FWNANXX:2:2308:5023:36890_1:133096389",5.9e-23
"3192","HISEQ13:138:C6FWNANXX:2:2309:12495:13651_1:134240207",6e-23
"3193","HISEQ13:138:C6FWNANXX:2:1116:12725:74105_1:24342980",6e-23
"3194","HISEQ13:138:C6FWNANXX:2:1310:3773:4652_1:63068714",6e-23
"3195","HISEQ13:138:C6FWNANXX:2:2110:20318:42551_1:88182881",6e-23
"3196","HISEQ13:138:C6FWNANXX:2:1116:1489:34627_1:23662917",6e-23
"3197","HISEQ13:138:C6FWNANXX:2:1312:10449:44527_1:66892785",6e-23
"3198","HISEQ13:138:C6FWNANXX:2:2109:8934:91250_1:87412393",6e-23
"3199","HISEQ13:138:C6FWNANXX:2:2111:5399:46584_1:89759712",6e-23
"3200","HISEQ13:138:C6FWNANXX:2:2202:5080:57057_1:100715286",6e-23
"3201","HISEQ13:138:C6FWNANXX:2:1314:15466:86973_1:70905659",6.1e-23
"3202","HISEQ13:138:C6FWNANXX:2:2215:11449:64477_1:120334005",6.1e-23
"3203","HISEQ13:138:C6FWNANXX:2:1209:9601:36078_1:37150208",6.1e-23
"3204","HISEQ13:138:C6FWNANXX:2:1305:4991:62570_1:56323493",6.1e-23
"3205","HISEQ13:138:C6FWNANXX:2:2114:14734:83400_1:94997766",6.1e-23
"3206","HISEQ13:138:C6FWNANXX:2:1202:6869:4556_1:26297195",6.1e-23
"3207","HISEQ13:138:C6FWNANXX:2:1206:20708:36428_1:32618265",6.1e-23
"3208","HISEQ13:138:C6FWNANXX:2:2216:4940:41139_1:121592739",6.1e-23
"3209","HISEQ13:138:C6FWNANXX:2:1313:17756:100048_1:69453347",6.2e-23
"3210","HISEQ13:138:C6FWNANXX:2:1306:5500:50652_1:57642800",6.2e-23
"3211","HISEQ13:138:C6FWNANXX:2:1312:5284:20200_1:66492620",6.2e-23
"3212","HISEQ13:138:C6FWNANXX:2:2206:1278:67703_1:106560078",6.2e-23
"3213","HISEQ13:138:C6FWNANXX:2:1304:16810:93248_1:55300611",6.3e-23
"3214","HISEQ13:138:C6FWNANXX:2:1302:4850:38206_1:51551550",6.3e-23
"3215","HISEQ13:138:C6FWNANXX:2:2111:12802:71887_1:90170916",6.3e-23
"3216","HISEQ13:138:C6FWNANXX:2:2103:5306:17747_1:77597452",6.3e-23
"3217","HISEQ13:138:C6FWNANXX:2:2306:13371:65982_1:130592752",6.3e-23
"3218","HISEQ13:138:C6FWNANXX:2:2308:8577:88140_1:133870108",6.3e-23
"3219","HISEQ13:138:C6FWNANXX:2:1305:10312:5399_1:55465730",6.3e-23
"3220","HISEQ13:138:C6FWNANXX:2:1308:15178:40699_1:60527939",6.3e-23
"3221","HISEQ13:138:C6FWNANXX:2:2205:13870:67743_1:105117515",6.3e-23
"3222","HISEQ13:138:C6FWNANXX:2:2209:5313:53291_1:110769576",6.3e-23
"3223","HISEQ13:138:C6FWNANXX:2:2308:18647:82389_1:133785659",6.3e-23
"3224","HISEQ13:138:C6FWNANXX:2:1105:18684:97118_1:7294986",6.3e-23
"3225","HISEQ13:138:C6FWNANXX:2:2103:6646:65138_1:78272948",6.3e-23
"3226","HISEQ13:138:C6FWNANXX:2:2303:14713:7576_1:125479042",6.3e-23
"3227","HISEQ13:138:C6FWNANXX:2:2213:14903:17833_1:116358725",6.4e-23
"3228","HISEQ13:138:C6FWNANXX:2:1107:16872:23648_1:9190754",6.4e-23
"3229","HISEQ13:138:C6FWNANXX:2:1215:9165:7907_1:46276775",6.4e-23
"3230","HISEQ13:138:C6FWNANXX:2:1306:16610:14386_1:57092095",6.4e-23
"3231","HISEQ13:138:C6FWNANXX:2:1310:17751:42639_1:63675306",6.4e-23
"3232","HISEQ13:138:C6FWNANXX:2:2202:12184:11502_1:100071359",6.4e-23
"3233","HISEQ13:138:C6FWNANXX:2:2207:14608:80467_1:108205804",6.4e-23
"3234","HISEQ13:138:C6FWNANXX:2:2316:19939:23525_1:145424541",6.4e-23
"3235","HISEQ13:138:C6FWNANXX:2:2106:6381:79577_1:82782127",6.4e-23
"3236","HISEQ13:138:C6FWNANXX:2:2307:19036:62149_1:131998764",6.4e-23
"3237","HISEQ13:138:C6FWNANXX:2:2310:7314:20694_1:135855906",6.4e-23
"3238","HISEQ13:138:C6FWNANXX:2:1214:2331:42423_1:45191748",6.4e-23
"3239","HISEQ13:138:C6FWNANXX:2:1304:20679:92405_1:55289916",6.4e-23
"3240","HISEQ13:138:C6FWNANXX:2:1306:10663:59700_1:57781425",6.5e-23
"3241","HISEQ13:138:C6FWNANXX:2:2111:14558:33532_1:89558506",6.5e-23
"3242","HISEQ13:138:C6FWNANXX:2:2212:16063:19206_1:114807491",6.5e-23
"3243","HISEQ13:138:C6FWNANXX:2:1105:14797:88728_1:7165024",6.5e-23
"3244","HISEQ13:138:C6FWNANXX:2:2311:1381:47106_1:137790488",6.5e-23
"3245","HISEQ13:138:C6FWNANXX:2:2312:3591:36292_1:139182252",6.5e-23
"3246","HISEQ13:138:C6FWNANXX:2:1202:18484:41260_1:26838585",6.5e-23
"3247","HISEQ13:138:C6FWNANXX:2:1214:11377:80145_1:45828357",6.5e-23
"3248","HISEQ13:138:C6FWNANXX:2:1201:14228:81231_1:25969732",6.5e-23
"3249","HISEQ13:138:C6FWNANXX:2:1210:17989:67473_1:39189370",6.5e-23
"3250","HISEQ13:138:C6FWNANXX:2:2106:12038:38715_1:82178885",6.5e-23
"3251","HISEQ13:138:C6FWNANXX:2:2216:9162:6804_1:121018898",6.5e-23
"3252","HISEQ13:138:C6FWNANXX:2:1201:5447:76492_1:25898385",6.6e-23
"3253","HISEQ13:138:C6FWNANXX:2:1104:2620:50921_1:5113731",6.6e-23
"3254","HISEQ13:138:C6FWNANXX:2:1204:4471:55263_1:29942453",6.6e-23
"3255","HISEQ13:138:C6FWNANXX:2:1207:17021:17494_1:33826948",6.6e-23
"3256","HISEQ13:138:C6FWNANXX:2:1315:11219:52385_1:72000948",6.6e-23
"3257","HISEQ13:138:C6FWNANXX:2:2212:1406:97785_1:116055137",6.6e-23
"3258","HISEQ13:138:C6FWNANXX:2:2310:6766:54161_1:136373373",6.6e-23
"3259","HISEQ13:138:C6FWNANXX:2:1315:12535:84777_1:72561044",6.6e-23
"3260","HISEQ13:138:C6FWNANXX:2:2101:19105:53195_1:75292340",6.6e-23
"3261","HISEQ13:138:C6FWNANXX:2:2206:4309:15381_1:105794047",6.6e-23
"3262","HISEQ13:138:C6FWNANXX:2:1108:17379:47764_1:11085845",6.6e-23
"3263","HISEQ13:138:C6FWNANXX:2:1111:17997:81160_1:16335179",6.6e-23
"3264","HISEQ13:138:C6FWNANXX:2:2205:3762:24624_1:104494708",6.6e-23
"3265","HISEQ13:138:C6FWNANXX:2:2209:21010:35842_1:110507233",6.6e-23
"3266","HISEQ13:138:C6FWNANXX:2:2309:7173:72357_1:135135516",6.6e-23
"3267","HISEQ13:138:C6FWNANXX:2:1305:17727:6968_1:55490170",6.6e-23
"3268","HISEQ13:138:C6FWNANXX:2:1312:18854:55988_1:67078986",6.6e-23
"3269","HISEQ13:138:C6FWNANXX:2:1105:14616:8339_1:5959133",6.6e-23
"3270","HISEQ13:138:C6FWNANXX:2:1206:12698:99194_1:33565760",6.6e-23
"3271","HISEQ13:138:C6FWNANXX:2:2313:12709:88898_1:141611936",6.6e-23
"3272","HISEQ13:138:C6FWNANXX:2:2315:4806:66689_1:144491597",6.6e-23
"3273","HISEQ13:138:C6FWNANXX:2:2206:17204:49461_1:106293792",6.7e-23
"3274","HISEQ13:138:C6FWNANXX:2:2107:16207:82865_1:84298996",6.7e-23
"3275","HISEQ13:138:C6FWNANXX:2:2202:16637:21143_1:100208097",6.7e-23
"3276","HISEQ13:138:C6FWNANXX:2:1108:7778:56759_1:11224468",6.7e-23
"3277","HISEQ13:138:C6FWNANXX:2:2104:14597:15197_1:78972595",6.8e-23
"3278","HISEQ13:138:C6FWNANXX:2:2110:18772:95455_1:88985975",6.8e-23
"3279","HISEQ13:138:C6FWNANXX:2:2212:9078:17375_1:114778287",6.8e-23
"3280","HISEQ13:138:C6FWNANXX:2:1314:9755:27273_1:69893137",6.8e-23
"3281","HISEQ13:138:C6FWNANXX:2:1103:8174:54573_1:3701347",6.8e-23
"3282","HISEQ13:138:C6FWNANXX:2:1104:9497:51821_1:5129835",6.8e-23
"3283","HISEQ13:138:C6FWNANXX:2:1214:8088:11990_1:44681084",6.8e-23
"3284","HISEQ13:138:C6FWNANXX:2:2211:2425:12841_1:113167137",6.8e-23
"3285","HISEQ13:138:C6FWNANXX:2:2109:4417:54692_1:86855904",6.8e-23
"3286","HISEQ13:138:C6FWNANXX:2:2109:6495:59600_1:86932733",6.8e-23
"3287","HISEQ13:138:C6FWNANXX:2:2208:2859:57377_1:109335025",6.8e-23
"3288","HISEQ13:138:C6FWNANXX:2:1108:1717:63219_1:11320308",6.8e-23
"3289","HISEQ13:138:C6FWNANXX:2:1113:5994:78988_1:19395102",6.8e-23
"3290","HISEQ13:138:C6FWNANXX:2:2214:18670:34831_1:118228306",6.8e-23
"3291","HISEQ13:138:C6FWNANXX:2:2214:20492:94546_1:119206720",6.8e-23
"3292","HISEQ13:138:C6FWNANXX:2:2201:5335:26363_1:98872065",6.8e-23
"3293","HISEQ13:138:C6FWNANXX:2:2311:12959:48899_1:137820214",6.8e-23
"3294","HISEQ13:138:C6FWNANXX:2:2213:12381:44908_1:116789929",6.9e-23
"3295","HISEQ13:138:C6FWNANXX:2:1116:12436:66217_1:24204369",6.9e-23
"3296","HISEQ13:138:C6FWNANXX:2:1202:11378:44943_1:26888838",6.9e-23
"3297","HISEQ13:138:C6FWNANXX:2:1304:15400:65167_1:54881763",6.9e-23
"3298","HISEQ13:138:C6FWNANXX:2:1109:4854:21768_1:12224361",6.9e-23
"3299","HISEQ13:138:C6FWNANXX:2:1205:18946:80100_1:31789405",6.9e-23
"3300","HISEQ13:138:C6FWNANXX:2:1207:16746:91145_1:34947769",6.9e-23
"3301","HISEQ13:138:C6FWNANXX:2:2203:18552:62687_1:102208734",6.9e-23
"3302","HISEQ13:138:C6FWNANXX:2:2315:3725:80692_1:144719794",6.9e-23
"3303","HISEQ13:138:C6FWNANXX:2:1316:19715:41356_1:73525192",6.9e-23
"3304","HISEQ13:138:C6FWNANXX:2:2107:20640:43880_1:83719216",6.9e-23
"3305","HISEQ13:138:C6FWNANXX:2:1208:15498:78800_1:36280128",6.9e-23
"3306","HISEQ13:138:C6FWNANXX:2:2209:18324:11436_1:110135656",6.9e-23
"3307","HISEQ13:138:C6FWNANXX:2:2213:10437:22943_1:116437124",6.9e-23
"3308","HISEQ13:138:C6FWNANXX:2:1202:17040:97900_1:27667662",7e-23
"3309","HISEQ13:138:C6FWNANXX:2:1305:6055:78031_1:56557956",7e-23
"3310","HISEQ13:138:C6FWNANXX:2:1314:17385:94527_1:71037130",7e-23
"3311","HISEQ13:138:C6FWNANXX:2:2108:7502:15529_1:84771446",7e-23
"3312","HISEQ13:138:C6FWNANXX:2:1111:12602:43429_1:15692932",7e-23
"3313","HISEQ13:138:C6FWNANXX:2:1204:7353:54428_1:29928071",7e-23
"3314","HISEQ13:138:C6FWNANXX:2:1213:7602:91820_1:44366147",7e-23
"3315","HISEQ13:138:C6FWNANXX:2:1106:13745:42509_1:7969179",7e-23
"3316","HISEQ13:138:C6FWNANXX:2:1205:20652:72363_1:31672591",7e-23
"3317","HISEQ13:138:C6FWNANXX:2:1302:19562:2410_1:51028630",7e-23
"3318","HISEQ13:138:C6FWNANXX:2:2110:5467:39321_1:88130508",7e-23
"3319","HISEQ13:138:C6FWNANXX:2:2112:14654:26410_1:90926471",7e-23
"3320","HISEQ13:138:C6FWNANXX:2:1312:1857:61152_1:67161980",7e-23
"3321","HISEQ13:138:C6FWNANXX:2:2202:13517:54767_1:100684468",7e-23
"3322","HISEQ13:138:C6FWNANXX:2:2302:10779:60041_1:124820939",7e-23
"3323","HISEQ13:138:C6FWNANXX:2:1211:17610:45927_1:40419281",7.1e-23
"3324","HISEQ13:138:C6FWNANXX:2:1314:20370:81409_1:70813167",7.1e-23
"3325","HISEQ13:138:C6FWNANXX:2:1315:9701:38438_1:71760361",7.1e-23
"3326","HISEQ13:138:C6FWNANXX:2:2307:6252:10865_1:131236815",7.1e-23
"3327","HISEQ13:138:C6FWNANXX:2:1116:6229:64579_1:24177553",7.1e-23
"3328","HISEQ13:138:C6FWNANXX:2:2101:6519:100580_1:75965148",7.1e-23
"3329","HISEQ13:138:C6FWNANXX:2:2312:3591:36292_1:139182251",7.2e-23
"3330","HISEQ13:138:C6FWNANXX:2:1112:20419:42534_1:17177378",7.2e-23
"3331","HISEQ13:138:C6FWNANXX:2:1113:8646:49942_1:18914217",7.2e-23
"3332","HISEQ13:138:C6FWNANXX:2:1304:5324:69391_1:54943615",7.2e-23
"3333","HISEQ13:138:C6FWNANXX:2:1309:20985:95392_1:62946387",7.2e-23
"3334","HISEQ13:138:C6FWNANXX:2:1313:19323:96252_1:69390758",7.2e-23
"3335","HISEQ13:138:C6FWNANXX:2:2203:5363:90298_1:102602756",7.2e-23
"3336","HISEQ13:138:C6FWNANXX:2:2206:6731:76799_1:106697543",7.2e-23
"3337","HISEQ13:138:C6FWNANXX:2:2208:20880:86605_1:109780036",7.2e-23
"3338","HISEQ13:138:C6FWNANXX:2:2212:15707:23778_1:114883284",7.2e-23
"3339","HISEQ13:138:C6FWNANXX:2:2214:21271:75613_1:118896648",7.2e-23
"3340","HISEQ13:138:C6FWNANXX:2:1102:19265:16452_1:1677120",7.2e-23
"3341","HISEQ13:138:C6FWNANXX:2:1305:9542:82110_1:56619089",7.2e-23
"3342","HISEQ13:138:C6FWNANXX:2:2310:16983:31788_1:136031766",7.2e-23
"3343","HISEQ13:138:C6FWNANXX:2:2216:9443:11293_1:121094542",7.2e-23
"3344","HISEQ13:138:C6FWNANXX:2:2303:14713:7576_1:125479041",7.2e-23
"3345","HISEQ13:138:C6FWNANXX:2:2314:18261:54710_1:142666930",7.2e-23
"3346","HISEQ13:138:C6FWNANXX:2:2316:6696:21149_1:145379303",7.2e-23
"3347","HISEQ13:138:C6FWNANXX:2:2303:16847:98414_1:126766411",7.3e-23
"3348","HISEQ13:138:C6FWNANXX:2:1203:10322:57304_1:28524135",7.3e-23
"3349","HISEQ13:138:C6FWNANXX:2:1107:16409:64055_1:9810369",7.3e-23
"3350","HISEQ13:138:C6FWNANXX:2:2205:5350:97299_1:105547441",7.3e-23
"3351","HISEQ13:138:C6FWNANXX:2:2311:11460:20571_1:137377948",7.4e-23
"3352","HISEQ13:138:C6FWNANXX:2:1213:16648:98870_1:44484302",7.4e-23
"3353","HISEQ13:138:C6FWNANXX:2:2115:17086:30276_1:95744414",7.4e-23
"3354","HISEQ13:138:C6FWNANXX:2:2209:20118:78471_1:111152440",7.4e-23
"3355","HISEQ13:138:C6FWNANXX:2:1108:11460:22840_1:10696316",7.4e-23
"3356","HISEQ13:138:C6FWNANXX:2:1201:4533:79955_1:25949409",7.4e-23
"3357","HISEQ13:138:C6FWNANXX:2:1112:16375:52250_1:17330910",7.4e-23
"3358","HISEQ13:138:C6FWNANXX:2:1308:20201:59209_1:60817356",7.4e-23
"3359","HISEQ13:138:C6FWNANXX:2:2214:1885:51769_1:118502023",7.4e-23
"3360","HISEQ13:138:C6FWNANXX:2:1107:6434:31068_1:9302762",7.4e-23
"3361","HISEQ13:138:C6FWNANXX:2:2212:17693:87213_1:115886816",7.4e-23
"3362","HISEQ13:138:C6FWNANXX:2:2105:8122:51709_1:80926079",7.5e-23
"3363","HISEQ13:138:C6FWNANXX:2:1112:19711:38640_1:17113103",7.5e-23
"3364","HISEQ13:138:C6FWNANXX:2:1210:20744:66596_1:39178515",7.5e-23
"3365","HISEQ13:138:C6FWNANXX:2:1311:13669:30791_1:65059067",7.5e-23
"3366","HISEQ13:138:C6FWNANXX:2:1102:8562:71130_1:2481161",7.5e-23
"3367","HISEQ13:138:C6FWNANXX:2:1114:11201:44979_1:20482227",7.5e-23
"3368","HISEQ13:138:C6FWNANXX:2:1115:3797:77314_1:22698998",7.5e-23
"3369","HISEQ13:138:C6FWNANXX:2:2308:13218:94527_1:133970068",7.5e-23
"3370","HISEQ13:138:C6FWNANXX:2:1307:4617:60300_1:59306003",7.5e-23
"3371","HISEQ13:138:C6FWNANXX:2:2205:2812:72101_1:105180346",7.5e-23
"3372","HISEQ13:138:C6FWNANXX:2:2310:20932:64723_1:136536939",7.5e-23
"3373","HISEQ13:138:C6FWNANXX:2:1207:10555:93366_1:34980871",7.5e-23
"3374","HISEQ13:138:C6FWNANXX:2:1303:4112:67859_1:53449566",7.5e-23
"3375","HISEQ13:138:C6FWNANXX:2:2215:14733:23204_1:119654004",7.5e-23
"3376","HISEQ13:138:C6FWNANXX:2:1308:7523:22633_1:60247520",7.6e-23
"3377","HISEQ13:138:C6FWNANXX:2:1309:13787:80151_1:62703942",7.6e-23
"3378","HISEQ13:138:C6FWNANXX:2:1305:3793:75778_1:56522892",7.7e-23
"3379","HISEQ13:138:C6FWNANXX:2:2114:4091:77130_1:94895018",7.7e-23
"3380","HISEQ13:138:C6FWNANXX:2:1202:1346:6221_1:26318251",7.8e-23
"3381","HISEQ13:138:C6FWNANXX:2:1312:19067:87171_1:67593596",7.8e-23
"3382","HISEQ13:138:C6FWNANXX:2:2110:18232:19139_1:87823242",7.8e-23
"3383","HISEQ13:138:C6FWNANXX:2:2110:19932:21316_1:87858403",7.8e-23
"3384","HISEQ13:138:C6FWNANXX:2:1216:14056:14574_1:48075057",7.8e-23
"3385","HISEQ13:138:C6FWNANXX:2:1307:2088:42070_1:59024355",7.8e-23
"3386","HISEQ13:138:C6FWNANXX:2:1111:9433:41247_1:15656280",7.8e-23
"3387","HISEQ13:138:C6FWNANXX:2:1103:13057:65561_1:3866099",7.9e-23
"3388","HISEQ13:138:C6FWNANXX:2:1312:18482:79948_1:67473389",7.9e-23
"3389","HISEQ13:138:C6FWNANXX:2:2311:11192:100055_1:138628838",7.9e-23
"3390","HISEQ13:138:C6FWNANXX:2:1107:4799:61886_1:9774040",8e-23
"3391","HISEQ13:138:C6FWNANXX:2:2214:1215:25518_1:118074598",8e-23
"3392","HISEQ13:138:C6FWNANXX:2:1105:6706:22285_1:6168542",8e-23
"3393","HISEQ13:138:C6FWNANXX:2:1108:17443:94734_1:11817300",8e-23
"3394","HISEQ13:138:C6FWNANXX:2:1109:17082:14415_1:12109289",8e-23
"3395","HISEQ13:138:C6FWNANXX:2:1110:1761:71273_1:14568216",8e-23
"3396","HISEQ13:138:C6FWNANXX:2:1214:15926:71786_1:45690557",8e-23
"3397","HISEQ13:138:C6FWNANXX:2:1308:7446:42270_1:60553322",8e-23
"3398","HISEQ13:138:C6FWNANXX:2:1305:12788:14499_1:55601847",8e-23
"3399","HISEQ13:138:C6FWNANXX:2:2114:4643:23572_1:94025739",8e-23
"3400","HISEQ13:138:C6FWNANXX:2:2302:14836:96284_1:125336128",8e-23
"3401","HISEQ13:138:C6FWNANXX:2:1113:4967:97328_1:19703200",8e-23
"3402","HISEQ13:138:C6FWNANXX:2:1306:16356:98272_1:58373923",8e-23
"3403","HISEQ13:138:C6FWNANXX:2:2105:20584:26514_1:80564923",8e-23
"3404","HISEQ13:138:C6FWNANXX:2:2212:6562:32830_1:115024156",8e-23
"3405","HISEQ13:138:C6FWNANXX:2:1104:3411:12186_1:4536558",8.1e-23
"3406","HISEQ13:138:C6FWNANXX:2:1116:13368:18834_1:23394660",8.1e-23
"3407","HISEQ13:138:C6FWNANXX:2:2208:12483:45781_1:109164357",8.1e-23
"3408","HISEQ13:138:C6FWNANXX:2:1202:16614:97782_1:27667549",8.1e-23
"3409","HISEQ13:138:C6FWNANXX:2:1115:13286:15890_1:21661279",8.2e-23
"3410","HISEQ13:138:C6FWNANXX:2:2207:17875:91372_1:108370023",8.2e-23
"3411","HISEQ13:138:C6FWNANXX:2:1207:12743:20566_1:33875252",8.2e-23
"3412","HISEQ13:138:C6FWNANXX:2:1208:14243:42017_1:35710761",8.2e-23
"3413","HISEQ13:138:C6FWNANXX:2:2106:12065:33093_1:82098066",8.2e-23
"3414","HISEQ13:138:C6FWNANXX:2:2207:20940:62668_1:107943335",8.2e-23
"3415","HISEQ13:138:C6FWNANXX:2:2209:3606:79745_1:111168294",8.2e-23
"3416","HISEQ13:138:C6FWNANXX:2:2210:17040:56357_1:112323652",8.2e-23
"3417","HISEQ13:138:C6FWNANXX:2:2108:2953:43897_1:85194602",8.3e-23
"3418","HISEQ13:138:C6FWNANXX:2:1116:19252:93616_1:24679815",8.3e-23
"3419","HISEQ13:138:C6FWNANXX:2:1215:9696:51478_1:47013273",8.3e-23
"3420","HISEQ13:138:C6FWNANXX:2:1312:16512:92141_1:67675782",8.3e-23
"3421","HISEQ13:138:C6FWNANXX:2:2112:7573:49811_1:91291529",8.3e-23
"3422","HISEQ13:138:C6FWNANXX:2:2214:16892:41847_1:118341909",8.3e-23
"3423","HISEQ13:138:C6FWNANXX:2:2301:13187:16123_1:122805978",8.3e-23
"3424","HISEQ13:138:C6FWNANXX:2:1208:9887:92153_1:36484544",8.3e-23
"3425","HISEQ13:138:C6FWNANXX:2:1107:5679:92817_1:10249780",8.4e-23
"3426","HISEQ13:138:C6FWNANXX:2:1110:6298:29996_1:13913438",8.4e-23
"3427","HISEQ13:138:C6FWNANXX:2:1112:15767:32647_1:17014966",8.4e-23
"3428","HISEQ13:138:C6FWNANXX:2:1116:14810:58936_1:24081269",8.4e-23
"3429","HISEQ13:138:C6FWNANXX:2:1306:8927:34151_1:57392234",8.4e-23
"3430","HISEQ13:138:C6FWNANXX:2:1312:1395:58197_1:67112474",8.4e-23
"3431","HISEQ13:138:C6FWNANXX:2:2110:13895:82192_1:88784159",8.4e-23
"3432","HISEQ13:138:C6FWNANXX:2:2209:5134:49298_1:110708490",8.4e-23
"3433","HISEQ13:138:C6FWNANXX:2:1208:6650:30561_1:35533148",8.5e-23
"3434","HISEQ13:138:C6FWNANXX:2:2101:8435:68196_1:75503904",8.5e-23
"3435","HISEQ13:138:C6FWNANXX:2:1214:4863:86914_1:45940429",8.5e-23
"3436","HISEQ13:138:C6FWNANXX:2:2306:6581:17279_1:129877896",8.5e-23
"3437","HISEQ13:138:C6FWNANXX:2:1305:19423:53811_1:56195571",8.5e-23
"3438","HISEQ13:138:C6FWNANXX:2:2312:5996:76594_1:139820978",8.5e-23
"3439","HISEQ13:138:C6FWNANXX:2:1314:17769:97682_1:71088764",8.5e-23
"3440","HISEQ13:138:C6FWNANXX:2:1314:20226:90835_1:70974900",8.5e-23
"3441","HISEQ13:138:C6FWNANXX:2:2111:9179:11855_1:89219851",8.5e-23
"3442","HISEQ13:138:C6FWNANXX:2:2213:16469:70272_1:117201540",8.6e-23
"3443","HISEQ13:138:C6FWNANXX:2:2112:4083:45766_1:91228483",8.6e-23
"3444","HISEQ13:138:C6FWNANXX:2:2115:11849:7201_1:95364854",8.6e-23
"3445","HISEQ13:138:C6FWNANXX:2:2215:19907:83415_1:120649662",8.6e-23
"3446","HISEQ13:138:C6FWNANXX:2:2310:2297:91089_1:136938118",8.6e-23
"3447","HISEQ13:138:C6FWNANXX:2:1110:4549:58763_1:14371737",8.6e-23
"3448","HISEQ13:138:C6FWNANXX:2:1216:14078:16103_1:48101017",8.6e-23
"3449","HISEQ13:138:C6FWNANXX:2:2303:20519:36921_1:125895273",8.6e-23
"3450","HISEQ13:138:C6FWNANXX:2:2102:13448:97077_1:77323768",8.7e-23
"3451","HISEQ13:138:C6FWNANXX:2:2108:12939:41314_1:85159263",8.7e-23
"3452","HISEQ13:138:C6FWNANXX:2:2113:2894:19096_1:92369106",8.7e-23
"3453","HISEQ13:138:C6FWNANXX:2:2206:5881:9458_1:105706594",8.7e-23
"3454","HISEQ13:138:C6FWNANXX:2:2301:14728:76714_1:123659339",8.7e-23
"3455","HISEQ13:138:C6FWNANXX:2:2302:17659:89421_1:125237442",8.7e-23
"3456","HISEQ13:138:C6FWNANXX:2:2313:18389:3422_1:140231270",8.7e-23
"3457","HISEQ13:138:C6FWNANXX:2:2111:17973:63713_1:90035028",8.7e-23
"3458","HISEQ13:138:C6FWNANXX:2:2304:5229:84891_1:127988078",8.7e-23
"3459","HISEQ13:138:C6FWNANXX:2:1116:10877:98853_1:24768817",8.7e-23
"3460","HISEQ13:138:C6FWNANXX:2:1308:7526:8933_1:60035616",8.7e-23
"3461","HISEQ13:138:C6FWNANXX:2:1312:1395:58197_1:67112475",8.7e-23
"3462","HISEQ13:138:C6FWNANXX:2:2108:20224:39316_1:85130124",8.7e-23
"3463","HISEQ13:138:C6FWNANXX:2:2108:9804:67368_1:85551043",8.7e-23
"3464","HISEQ13:138:C6FWNANXX:2:2114:7079:80822_1:94955957",8.7e-23
"3465","HISEQ13:138:C6FWNANXX:2:2303:1577:37380_1:125898886",8.7e-23
"3466","HISEQ13:138:C6FWNANXX:2:2306:16757:65067_1:130582473",8.7e-23
"3467","HISEQ13:138:C6FWNANXX:2:1203:21176:55163_1:28493048",8.7e-23
"3468","HISEQ13:138:C6FWNANXX:2:1203:20249:57084_1:28522300",8.7e-23
"3469","HISEQ13:138:C6FWNANXX:2:2111:20860:91237_1:90502106",8.7e-23
"3470","HISEQ13:138:C6FWNANXX:2:2208:2542:78121_1:109648339",8.7e-23
"3471","HISEQ13:138:C6FWNANXX:2:2208:7997:23182_1:108823490",8.7e-23
"3472","HISEQ13:138:C6FWNANXX:2:2213:8750:34366_1:116621017",8.7e-23
"3473","HISEQ13:138:C6FWNANXX:2:2316:11455:36524_1:145643278",8.7e-23
"3474","HISEQ13:138:C6FWNANXX:2:1108:9585:27347_1:10766133",8.7e-23
"3475","HISEQ13:138:C6FWNANXX:2:1314:7357:90617_1:70968021",8.7e-23
"3476","HISEQ13:138:C6FWNANXX:2:2302:3133:64305_1:124879139",8.7e-23
"3477","HISEQ13:138:C6FWNANXX:2:2306:8776:54995_1:130430064",8.7e-23
"3478","HISEQ13:138:C6FWNANXX:2:2212:3479:21399_1:114841412",8.8e-23
"3479","HISEQ13:138:C6FWNANXX:2:2213:6297:45623_1:116800579",8.8e-23
"3480","HISEQ13:138:C6FWNANXX:2:2307:6321:33379_1:131570205",8.8e-23
"3481","HISEQ13:138:C6FWNANXX:2:1112:13006:58569_1:17435424",8.8e-23
"3482","HISEQ13:138:C6FWNANXX:2:1214:14394:62232_1:45525914",8.8e-23
"3483","HISEQ13:138:C6FWNANXX:2:1216:7966:65736_1:48955963",8.8e-23
"3484","HISEQ13:138:C6FWNANXX:2:1312:14454:64319_1:67217577",8.8e-23
"3485","HISEQ13:138:C6FWNANXX:2:2112:20914:2164_1:90683673",8.8e-23
"3486","HISEQ13:138:C6FWNANXX:2:2311:7611:90128_1:138470744",8.8e-23
"3487","HISEQ13:138:C6FWNANXX:2:1116:4358:32586_1:23629515",8.9e-23
"3488","HISEQ13:138:C6FWNANXX:2:2105:16015:93824_1:81539905",8.9e-23
"3489","HISEQ13:138:C6FWNANXX:2:1104:16714:6873_1:4462057",8.9e-23
"3490","HISEQ13:138:C6FWNANXX:2:1105:16136:28048_1:6256793",8.9e-23
"3491","HISEQ13:138:C6FWNANXX:2:1306:14490:11888_1:57053325",8.9e-23
"3492","HISEQ13:138:C6FWNANXX:2:2115:18519:64904_1:96305411",8.9e-23
"3493","HISEQ13:138:C6FWNANXX:2:2206:9433:11142_1:105732441",8.9e-23
"3494","HISEQ13:138:C6FWNANXX:2:1201:21171:71474_1:25827803",9e-23
"3495","HISEQ13:138:C6FWNANXX:2:2205:14009:9773_1:104282727",9e-23
"3496","HISEQ13:138:C6FWNANXX:2:2210:3526:91847_1:112861841",9e-23
"3497","HISEQ13:138:C6FWNANXX:2:1115:21062:20990_1:21747354",9e-23
"3498","HISEQ13:138:C6FWNANXX:2:2308:15475:49023_1:133282889",9e-23
"3499","HISEQ13:138:C6FWNANXX:2:1106:7638:46488_1:8025319",9.1e-23
"3500","HISEQ13:138:C6FWNANXX:2:1313:10813:96412_1:69389074",9.1e-23
"3501","HISEQ13:138:C6FWNANXX:2:2106:5812:44191_1:82258642",9.1e-23
"3502","HISEQ13:138:C6FWNANXX:2:2112:16746:38836_1:91121563",9.1e-23
"3503","HISEQ13:138:C6FWNANXX:2:2205:19597:47964_1:104833545",9.1e-23
"3504","HISEQ13:138:C6FWNANXX:2:2309:15588:17528_1:134301717",9.1e-23
"3505","HISEQ13:138:C6FWNANXX:2:2210:4386:16487_1:111709994",9.1e-23
"3506","HISEQ13:138:C6FWNANXX:2:1313:17648:33574_1:68342540",9.1e-23
"3507","HISEQ13:138:C6FWNANXX:2:2202:10717:67887_1:100869713",9.2e-23
"3508","HISEQ13:138:C6FWNANXX:2:1108:17257:27159_1:10763740",9.2e-23
"3509","HISEQ13:138:C6FWNANXX:2:1314:9193:93557_1:71018461",9.3e-23
"3510","HISEQ13:138:C6FWNANXX:2:1211:11147:70503_1:40817744",9.3e-23
"3511","HISEQ13:138:C6FWNANXX:2:1107:4085:5663_1:8911606",9.3e-23
"3512","HISEQ13:138:C6FWNANXX:2:2101:12654:43663_1:75156274",9.3e-23
"3513","HISEQ13:138:C6FWNANXX:2:2214:14322:50611_1:118484303",9.3e-23
"3514","HISEQ13:138:C6FWNANXX:2:2205:5718:99363_1:105576980",9.3e-23
"3515","HISEQ13:138:C6FWNANXX:2:1206:8008:26235_1:32459765",9.3e-23
"3516","HISEQ13:138:C6FWNANXX:2:1216:16403:4116_1:47893380",9.3e-23
"3517","HISEQ13:138:C6FWNANXX:2:2310:16233:14373_1:135761192",9.3e-23
"3518","HISEQ13:138:C6FWNANXX:2:2311:5406:9386_1:137201163",9.3e-23
"3519","HISEQ13:138:C6FWNANXX:2:2101:16752:26951_1:74917987",9.4e-23
"3520","HISEQ13:138:C6FWNANXX:2:2214:20492:94546_1:119206721",9.4e-23
"3521","HISEQ13:138:C6FWNANXX:2:1116:10705:20391_1:23419756",9.4e-23
"3522","HISEQ13:138:C6FWNANXX:2:1208:7795:18263_1:35345287",9.4e-23
"3523","HISEQ13:138:C6FWNANXX:2:1215:17746:98259_1:47814372",9.4e-23
"3524","HISEQ13:138:C6FWNANXX:2:1312:7074:88911_1:67620298",9.4e-23
"3525","HISEQ13:138:C6FWNANXX:2:1108:16939:47994_1:11085790",9.5e-23
"3526","HISEQ13:138:C6FWNANXX:2:1312:1652:94802_1:67718139",9.5e-23
"3527","HISEQ13:138:C6FWNANXX:2:1313:18415:12267_1:67991319",9.5e-23
"3528","HISEQ13:138:C6FWNANXX:2:1314:6088:83111_1:70839825",9.5e-23
"3529","HISEQ13:138:C6FWNANXX:2:1302:21184:8144_1:51113418",9.5e-23
"3530","HISEQ13:138:C6FWNANXX:2:1310:19270:6723_1:63104327",9.5e-23
"3531","HISEQ13:138:C6FWNANXX:2:2305:8553:16944_1:128433286",9.5e-23
"3532","HISEQ13:138:C6FWNANXX:2:2316:9542:95011_1:146628921",9.5e-23
"3533","HISEQ13:138:C6FWNANXX:2:2107:15651:50967_1:83822833",9.5e-23
"3534","HISEQ13:138:C6FWNANXX:2:2115:13797:98803_1:96861976",9.5e-23
"3535","HISEQ13:138:C6FWNANXX:2:2202:17580:58564_1:100738786",9.5e-23
"3536","HISEQ13:138:C6FWNANXX:2:2314:7029:8672_1:141910194",9.5e-23
"3537","HISEQ13:138:C6FWNANXX:2:1115:21320:72392_1:22617978",9.5e-23
"3538","HISEQ13:138:C6FWNANXX:2:1311:15735:80315_1:65864018",9.5e-23
"3539","HISEQ13:138:C6FWNANXX:2:2215:15746:32771_1:119815180",9.5e-23
"3540","HISEQ13:138:C6FWNANXX:2:2206:19026:31134_1:106026126",9.5e-23
"3541","HISEQ13:138:C6FWNANXX:2:2206:6544:46226_1:106244275",9.5e-23
"3542","HISEQ13:138:C6FWNANXX:2:1208:9230:6661_1:35165403",9.6e-23
"3543","HISEQ13:138:C6FWNANXX:2:1104:18971:47411_1:5065034",9.6e-23
"3544","HISEQ13:138:C6FWNANXX:2:1305:11771:34015_1:55896274",9.6e-23
"3545","HISEQ13:138:C6FWNANXX:2:2211:16882:94013_1:114441429",9.6e-23
"3546","HISEQ13:138:C6FWNANXX:2:2112:14904:45108_1:91218869",9.7e-23
"3547","HISEQ13:138:C6FWNANXX:2:2310:16707:35504_1:136089498",9.7e-23
"3548","HISEQ13:138:C6FWNANXX:2:1106:7308:51417_1:8101285",9.7e-23
"3549","HISEQ13:138:C6FWNANXX:2:1211:9874:91985_1:41159894",9.7e-23
"3550","HISEQ13:138:C6FWNANXX:2:1303:10135:46310_1:53133412",9.7e-23
"3551","HISEQ13:138:C6FWNANXX:2:1313:7202:76121_1:69049639",9.7e-23
"3552","HISEQ13:138:C6FWNANXX:2:2206:7145:29903_1:106005741",9.7e-23
"3553","HISEQ13:138:C6FWNANXX:2:1204:20306:19986_1:29417133",9.7e-23
"3554","HISEQ13:138:C6FWNANXX:2:1306:4596:31663_1:57353551",9.7e-23
"3555","HISEQ13:138:C6FWNANXX:2:2212:18277:74042_1:115678837",9.7e-23
"3556","HISEQ13:138:C6FWNANXX:2:1110:5659:81167_1:14721568",9.8e-23
"3557","HISEQ13:138:C6FWNANXX:2:1101:14923:33839_1:473219",9.8e-23
"3558","HISEQ13:138:C6FWNANXX:2:2209:19434:30448_1:110423772",9.8e-23
"3559","HISEQ13:138:C6FWNANXX:2:2304:5645:13712_1:126966351",9.8e-23
"3560","HISEQ13:138:C6FWNANXX:2:1211:3684:68152_1:40776028",9.8e-23
"3561","HISEQ13:138:C6FWNANXX:2:2106:9254:49612_1:82341093",9.8e-23
"3562","HISEQ13:138:C6FWNANXX:2:1111:18994:40122_1:15642191",9.8e-23
"3563","HISEQ13:138:C6FWNANXX:2:1206:2315:63774_1:33031972",9.8e-23
"3564","HISEQ13:138:C6FWNANXX:2:1303:13943:27690_1:52856140",9.8e-23
"3565","HISEQ13:138:C6FWNANXX:2:2314:13517:74251_1:142992384",9.8e-23
"3566","HISEQ13:138:C6FWNANXX:2:1315:15611:79282_1:72466538",9.8e-23
"3567","HISEQ13:138:C6FWNANXX:2:2106:8749:30211_1:82053576",9.8e-23
"3568","HISEQ13:138:C6FWNANXX:2:2116:10906:88883_1:98327173",9.8e-23
"3569","HISEQ13:138:C6FWNANXX:2:2310:10519:46483_1:136253823",9.8e-23
"3570","HISEQ13:138:C6FWNANXX:2:1116:14746:4726_1:23149815",9.9e-23
"3571","HISEQ13:138:C6FWNANXX:2:1311:13779:55650_1:65460239",9.9e-23
"3572","HISEQ13:138:C6FWNANXX:2:2315:15420:81417_1:144734633",9.9e-23
"3573","HISEQ13:138:C6FWNANXX:2:2116:11594:23046_1:97243797",9.9e-23
"3574","HISEQ13:138:C6FWNANXX:2:2203:18124:30123_1:101744663",9.9e-23
"3575","HISEQ13:138:C6FWNANXX:2:2205:5718:99363_1:105576979",9.9e-23
"3576","HISEQ13:138:C6FWNANXX:2:2305:17383:61360_1:129081137",9.9e-23
"3577","HISEQ13:138:C6FWNANXX:2:1113:19724:12451_1:18300052",9.9e-23
"3578","HISEQ13:138:C6FWNANXX:2:1311:11545:32198_1:65078700",9.9e-23
"3579","HISEQ13:138:C6FWNANXX:2:2313:12766:83078_1:141518791",9.9e-23
"3580","HISEQ13:138:C6FWNANXX:2:2107:13079:4580_1:83135025",1e-22
"3581","HISEQ13:138:C6FWNANXX:2:1213:13958:3931_1:42915923",1e-22
"3582","HISEQ13:138:C6FWNANXX:2:2102:17052:100141_1:77366984",1e-22
"3583","HISEQ13:138:C6FWNANXX:2:2308:12570:5123_1:132619427",1e-22
"3584","HISEQ13:138:C6FWNANXX:2:2313:4113:88615_1:141606203",1e-22
"3585","HISEQ13:138:C6FWNANXX:2:1111:8217:72267_1:16176191",1e-22
"3586","HISEQ13:138:C6FWNANXX:2:1202:11378:44943_1:26888837",1e-22
"3587","HISEQ13:138:C6FWNANXX:2:1313:10801:69670_1:68941617",1e-22
"3588","HISEQ13:138:C6FWNANXX:2:2109:13212:2203_1:86060054",1e-22
"3589","HISEQ13:138:C6FWNANXX:2:1109:9432:18623_1:12174591",1e-22
"3590","HISEQ13:138:C6FWNANXX:2:2106:20408:86910_1:82890137",1e-22
"3591","HISEQ13:138:C6FWNANXX:2:1304:14395:60065_1:54806632",1e-22
"3592","HISEQ13:138:C6FWNANXX:2:1314:6663:10541_1:69608337",1e-22
"3593","HISEQ13:138:C6FWNANXX:2:2115:3925:52059_1:96094436",1e-22
"3594","HISEQ13:138:C6FWNANXX:2:2110:16834:75738_1:88685278",1e-22
"3595","HISEQ13:138:C6FWNANXX:2:2315:20781:42524_1:144099610",1e-22
"3596","HISEQ13:138:C6FWNANXX:2:1116:17093:5433_1:23163268",1e-22
"3597","HISEQ13:138:C6FWNANXX:2:2113:17034:95256_1:93590860",1e-22
"3598","HISEQ13:138:C6FWNANXX:2:1307:5058:21352_1:58706297",1e-22
"3599","HISEQ13:138:C6FWNANXX:2:1309:20767:10352_1:61603546",1e-22
"3600","HISEQ13:138:C6FWNANXX:2:1313:5889:12474_1:67988791",1e-22
"3601","HISEQ13:138:C6FWNANXX:2:2113:3469:39744_1:92694768",1e-22
"3602","HISEQ13:138:C6FWNANXX:2:2115:4424:87502_1:96674217",1e-22
"3603","HISEQ13:138:C6FWNANXX:2:1107:1750:88060_1:10176154",1e-22
"3604","HISEQ13:138:C6FWNANXX:2:2107:20139:43160_1:83707840",1e-22
"3605","HISEQ13:138:C6FWNANXX:2:1201:9511:98926_1:26229734",1e-22
"3606","HISEQ13:138:C6FWNANXX:2:1312:3340:37382_1:66773535",1e-22
"3607","HISEQ13:138:C6FWNANXX:2:2316:13280:84290_1:146449169",1e-22
"3608","HISEQ13:138:C6FWNANXX:2:1201:5680:77589_1:25916490",1.1e-22
"3609","HISEQ13:138:C6FWNANXX:2:2202:7194:53117_1:100658886",1.1e-22
"3610","HISEQ13:138:C6FWNANXX:2:1216:16130:51088_1:48705911",1.1e-22
"3611","HISEQ13:138:C6FWNANXX:2:1309:2974:47651_1:62186079",1.1e-22
"3612","HISEQ13:138:C6FWNANXX:2:1209:1526:8819_1:36725826",1.1e-22
"3613","HISEQ13:138:C6FWNANXX:2:1306:6869:28766_1:57311492",1.1e-22
"3614","HISEQ13:138:C6FWNANXX:2:1308:5477:36430_1:60460379",1.1e-22
"3615","HISEQ13:138:C6FWNANXX:2:2205:11592:40901_1:104730217",1.1e-22
"3616","HISEQ13:138:C6FWNANXX:2:2215:10338:35859_1:119863748",1.1e-22
"3617","HISEQ13:138:C6FWNANXX:2:2314:6379:54947_1:142668549",1.1e-22
"3618","HISEQ13:138:C6FWNANXX:2:1201:11513:85215_1:26027901",1.1e-22
"3619","HISEQ13:138:C6FWNANXX:2:2104:7811:100028_1:80193979",1.1e-22
"3620","HISEQ13:138:C6FWNANXX:2:2110:16141:50034_1:88297875",1.1e-22
"3621","HISEQ13:138:C6FWNANXX:2:2214:18670:34831_1:118228307",1.1e-22
"3622","HISEQ13:138:C6FWNANXX:2:2312:18376:29071_1:139071019",1.1e-22
"3623","HISEQ13:138:C6FWNANXX:2:2114:6310:14081_1:93872245",1.1e-22
"3624","HISEQ13:138:C6FWNANXX:2:1212:17825:16261_1:41512315",1.1e-22
"3625","HISEQ13:138:C6FWNANXX:2:1305:2210:96786_1:56840423",1.1e-22
"3626","HISEQ13:138:C6FWNANXX:2:2302:16062:78743_1:125084421",1.1e-22
"3627","HISEQ13:138:C6FWNANXX:2:1307:20524:15820_1:58624520",1.1e-22
"3628","HISEQ13:138:C6FWNANXX:2:2211:10309:44610_1:113665204",1.1e-22
"3629","HISEQ13:138:C6FWNANXX:2:1210:18516:12119_1:38323609",1.1e-22
"3630","HISEQ13:138:C6FWNANXX:2:1315:13752:8010_1:71246540",1.1e-22
"3631","HISEQ13:138:C6FWNANXX:2:2311:16352:69326_1:138143945",1.1e-22
"3632","HISEQ13:138:C6FWNANXX:2:1214:7800:13751_1:44714463",1.1e-22
"3633","HISEQ13:138:C6FWNANXX:2:2109:20720:53314_1:86839620",1.1e-22
"3634","HISEQ13:138:C6FWNANXX:2:1209:17487:51773_1:37397387",1.1e-22
"3635","HISEQ13:138:C6FWNANXX:2:1214:5704:66295_1:45595756",1.1e-22
"3636","HISEQ13:138:C6FWNANXX:2:2109:20720:53314_1:86839619",1.1e-22
"3637","HISEQ13:138:C6FWNANXX:2:2208:12653:72974_1:109570766",1.1e-22
"3638","HISEQ13:138:C6FWNANXX:2:2209:10409:91276_1:111348826",1.1e-22
"3639","HISEQ13:138:C6FWNANXX:2:1108:8125:19068_1:10638425",1.1e-22
"3640","HISEQ13:138:C6FWNANXX:2:2115:12825:18611_1:95552701",1.1e-22
"3641","HISEQ13:138:C6FWNANXX:2:2303:14478:27730_1:125762819",1.1e-22
"3642","HISEQ13:138:C6FWNANXX:2:1202:14652:49503_1:26959064",1.1e-22
"3643","HISEQ13:138:C6FWNANXX:2:2315:5018:54802_1:144298157",1.1e-22
"3644","HISEQ13:138:C6FWNANXX:2:1101:17954:94013_1:1364460",1.1e-22
"3645","HISEQ13:138:C6FWNANXX:2:1207:10015:52845_1:34362907",1.1e-22
"3646","HISEQ13:138:C6FWNANXX:2:2302:5712:26322_1:124345019",1.1e-22
"3647","HISEQ13:138:C6FWNANXX:2:1113:11729:29269_1:18577853",1.1e-22
"3648","HISEQ13:138:C6FWNANXX:2:1114:13555:63309_1:20794072",1.1e-22
"3649","HISEQ13:138:C6FWNANXX:2:1214:15007:75224_1:45744866",1.1e-22
"3650","HISEQ13:138:C6FWNANXX:2:1305:2781:3274_1:55434328",1.1e-22
"3651","HISEQ13:138:C6FWNANXX:2:2103:16603:41828_1:77945266",1.1e-22
"3652","HISEQ13:138:C6FWNANXX:2:2105:14097:79131_1:81324196",1.1e-22
"3653","HISEQ13:138:C6FWNANXX:2:2212:10887:19304_1:114810488",1.1e-22
"3654","HISEQ13:138:C6FWNANXX:2:2304:19608:16857_1:127015757",1.1e-22
"3655","HISEQ13:138:C6FWNANXX:2:1111:4695:62839_1:16011716",1.1e-22
"3656","HISEQ13:138:C6FWNANXX:2:1112:19713:83553_1:17845587",1.1e-22
"3657","HISEQ13:138:C6FWNANXX:2:2111:19080:5319_1:89120767",1.1e-22
"3658","HISEQ13:138:C6FWNANXX:2:2206:13885:66249_1:106539938",1.1e-22
"3659","HISEQ13:138:C6FWNANXX:2:1115:18401:52952_1:22287709",1.1e-22
"3660","HISEQ13:138:C6FWNANXX:2:2115:18793:56284_1:96166841",1.1e-22
"3661","HISEQ13:138:C6FWNANXX:2:1306:3737:31732_1:57353397",1.1e-22
"3662","HISEQ13:138:C6FWNANXX:2:1101:15462:54166_1:772468",1.1e-22
"3663","HISEQ13:138:C6FWNANXX:2:1206:19696:71529_1:33152378",1.1e-22
"3664","HISEQ13:138:C6FWNANXX:2:2111:12140:46904_1:89765131",1.1e-22
"3665","HISEQ13:138:C6FWNANXX:2:2214:19775:16230_1:117922830",1.1e-22
"3666","HISEQ13:138:C6FWNANXX:2:1203:4507:5967_1:27766200",1.2e-22
"3667","HISEQ13:138:C6FWNANXX:2:2307:20525:4965_1:131150879",1.2e-22
"3668","HISEQ13:138:C6FWNANXX:2:1216:14330:66380_1:48970494",1.2e-22
"3669","HISEQ13:138:C6FWNANXX:2:2315:7589:64580_1:144459030",1.2e-22
"3670","HISEQ13:138:C6FWNANXX:2:1101:16743:33651_1:469892",1.2e-22
"3671","HISEQ13:138:C6FWNANXX:2:1105:7236:67324_1:6842990",1.2e-22
"3672","HISEQ13:138:C6FWNANXX:2:1113:4877:70320_1:19253099",1.2e-22
"3673","HISEQ13:138:C6FWNANXX:2:1113:5030:66242_1:19182346",1.2e-22
"3674","HISEQ13:138:C6FWNANXX:2:2205:18254:79050_1:105284710",1.2e-22
"3675","HISEQ13:138:C6FWNANXX:2:2313:11623:77861_1:141433043",1.2e-22
"3676","HISEQ13:138:C6FWNANXX:2:1303:11216:16942_1:52696149",1.2e-22
"3677","HISEQ13:138:C6FWNANXX:2:1304:12505:76273_1:55049176",1.2e-22
"3678","HISEQ13:138:C6FWNANXX:2:2101:21265:47067_1:75207407",1.2e-22
"3679","HISEQ13:138:C6FWNANXX:2:2215:15746:32771_1:119815181",1.2e-22
"3680","HISEQ13:138:C6FWNANXX:2:1115:2863:58889_1:22385856",1.2e-22
"3681","HISEQ13:138:C6FWNANXX:2:2104:12189:37271_1:79292546",1.2e-22
"3682","HISEQ13:138:C6FWNANXX:2:1104:8134:99801_1:5847222",1.2e-22
"3683","HISEQ13:138:C6FWNANXX:2:1308:12526:83828_1:61204445",1.2e-22
"3684","HISEQ13:138:C6FWNANXX:2:1316:17482:3521_1:72868465",1.2e-22
"3685","HISEQ13:138:C6FWNANXX:2:2107:4863:64771_1:84029013",1.2e-22
"3686","HISEQ13:138:C6FWNANXX:2:2206:11024:15133_1:105791746",1.2e-22
"3687","HISEQ13:138:C6FWNANXX:2:1111:6460:10265_1:15165511",1.2e-22
"3688","HISEQ13:138:C6FWNANXX:2:1216:12508:7090_1:47944998",1.2e-22
"3689","HISEQ13:138:C6FWNANXX:2:2209:19349:45500_1:110650536",1.2e-22
"3690","HISEQ13:138:C6FWNANXX:2:1115:7418:35297_1:21989349",1.2e-22
"3691","HISEQ13:138:C6FWNANXX:2:2301:6409:35896_1:123084102",1.2e-22
"3692","HISEQ13:138:C6FWNANXX:2:2314:14559:3180_1:141823052",1.2e-22
"3693","HISEQ13:138:C6FWNANXX:2:1303:9292:86880_1:53730906",1.2e-22
"3694","HISEQ13:138:C6FWNANXX:2:1309:10257:58810_1:62365804",1.2e-22
"3695","HISEQ13:138:C6FWNANXX:2:2102:18383:31710_1:76390995",1.2e-22
"3696","HISEQ13:138:C6FWNANXX:2:2207:14571:46801_1:107709002",1.2e-22
"3697","HISEQ13:138:C6FWNANXX:2:2214:10880:90715_1:119139716",1.2e-22
"3698","HISEQ13:138:C6FWNANXX:2:1107:4660:49513_1:9586252",1.2e-22
"3699","HISEQ13:138:C6FWNANXX:2:1206:13520:46263_1:32768475",1.2e-22
"3700","HISEQ13:138:C6FWNANXX:2:1302:2071:2256_1:51025433",1.2e-22
"3701","HISEQ13:138:C6FWNANXX:2:2106:5812:44191_1:82258641",1.2e-22
"3702","HISEQ13:138:C6FWNANXX:2:2107:15622:45941_1:83748177",1.2e-22
"3703","HISEQ13:138:C6FWNANXX:2:1108:1992:85025_1:11665582",1.2e-22
"3704","HISEQ13:138:C6FWNANXX:2:1116:15230:93426_1:24674499",1.2e-22
"3705","HISEQ13:138:C6FWNANXX:2:2205:6684:57807_1:104976617",1.2e-22
"3706","HISEQ13:138:C6FWNANXX:2:1215:6723:55307_1:47080720",1.2e-22
"3707","HISEQ13:138:C6FWNANXX:2:2102:1836:11438_1:76101152",1.2e-22
"3708","HISEQ13:138:C6FWNANXX:2:2309:2313:59127_1:134929790",1.2e-22
"3709","HISEQ13:138:C6FWNANXX:2:2213:8193:16411_1:116333416",1.2e-22
"3710","HISEQ13:138:C6FWNANXX:2:1211:7769:53180_1:40535203",1.2e-22
"3711","HISEQ13:138:C6FWNANXX:2:1109:7224:52805_1:12713213",1.2e-22
"3712","HISEQ13:138:C6FWNANXX:2:2314:4772:41113_1:142441053",1.2e-22
"3713","HISEQ13:138:C6FWNANXX:2:1203:21284:71047_1:28729021",1.2e-22
"3714","HISEQ13:138:C6FWNANXX:2:1304:14395:60065_1:54806631",1.2e-22
"3715","HISEQ13:138:C6FWNANXX:2:1307:4158:69796_1:59452529",1.2e-22
"3716","HISEQ13:138:C6FWNANXX:2:2313:16203:6689_1:140283202",1.2e-22
"3717","HISEQ13:138:C6FWNANXX:2:1214:7655:57121_1:45440417",1.2e-22
"3718","HISEQ13:138:C6FWNANXX:2:1215:11278:2236_1:46179504",1.2e-22
"3719","HISEQ13:138:C6FWNANXX:2:1314:9818:6259_1:69537010",1.2e-22
"3720","HISEQ13:138:C6FWNANXX:2:2104:18606:88463_1:80027958",1.2e-22
"3721","HISEQ13:138:C6FWNANXX:2:2107:19798:89683_1:84401258",1.2e-22
"3722","HISEQ13:138:C6FWNANXX:2:2212:2165:98980_1:116071207",1.2e-22
"3723","HISEQ13:138:C6FWNANXX:2:1302:8938:61518_1:51897878",1.2e-22
"3724","HISEQ13:138:C6FWNANXX:2:2115:4609:3298_1:95302139",1.2e-22
"3725","HISEQ13:138:C6FWNANXX:2:1211:12980:38591_1:40302244",1.2e-22
"3726","HISEQ13:138:C6FWNANXX:2:1211:4946:31648_1:40187947",1.2e-22
"3727","HISEQ13:138:C6FWNANXX:2:1304:9175:8636_1:54037305",1.2e-22
"3728","HISEQ13:138:C6FWNANXX:2:1316:8129:70792_1:74040152",1.2e-22
"3729","HISEQ13:138:C6FWNANXX:2:2101:16162:40312_1:75110470",1.2e-22
"3730","HISEQ13:138:C6FWNANXX:2:2303:4265:9205_1:125498519",1.2e-22
"3731","HISEQ13:138:C6FWNANXX:2:2310:4896:38077_1:136125885",1.2e-22
"3732","HISEQ13:138:C6FWNANXX:2:1315:9701:38438_1:71760362",1.2e-22
"3733","HISEQ13:138:C6FWNANXX:2:2212:17693:87213_1:115886815",1.2e-22
"3734","HISEQ13:138:C6FWNANXX:2:2105:18178:30274_1:80619135",1.2e-22
"3735","HISEQ13:138:C6FWNANXX:2:2306:9142:9179_1:129756895",1.2e-22
"3736","HISEQ13:138:C6FWNANXX:2:1103:11279:14646_1:3109676",1.2e-22
"3737","HISEQ13:138:C6FWNANXX:2:1203:7264:7359_1:27788851",1.2e-22
"3738","HISEQ13:138:C6FWNANXX:2:1315:13752:8010_1:71246541",1.2e-22
"3739","HISEQ13:138:C6FWNANXX:2:2201:15594:35765_1:99010070",1.2e-22
"3740","HISEQ13:138:C6FWNANXX:2:2202:16195:44177_1:100533488",1.2e-22
"3741","HISEQ13:138:C6FWNANXX:2:1113:11614:23437_1:18479096",1.2e-22
"3742","HISEQ13:138:C6FWNANXX:2:1214:8397:56898_1:45436457",1.2e-22
"3743","HISEQ13:138:C6FWNANXX:2:1308:1946:15849_1:60142372",1.2e-22
"3744","HISEQ13:138:C6FWNANXX:2:2114:20196:91336_1:95129105",1.2e-22
"3745","HISEQ13:138:C6FWNANXX:2:2202:2132:70135_1:100900397",1.2e-22
"3746","HISEQ13:138:C6FWNANXX:2:2216:6415:63832_1:121978771",1.3e-22
"3747","HISEQ13:138:C6FWNANXX:2:2112:16173:66041_1:91548613",1.3e-22
"3748","HISEQ13:138:C6FWNANXX:2:2204:21290:33266_1:103201319",1.3e-22
"3749","HISEQ13:138:C6FWNANXX:2:2213:14351:63868_1:117096296",1.3e-22
"3750","HISEQ13:138:C6FWNANXX:2:2312:15101:79523_1:139870816",1.3e-22
"3751","HISEQ13:138:C6FWNANXX:2:2315:1494:84628_1:144785204",1.3e-22
"3752","HISEQ13:138:C6FWNANXX:2:1205:12161:37098_1:31142896",1.3e-22
"3753","HISEQ13:138:C6FWNANXX:2:1212:15286:42005_1:41924059",1.3e-22
"3754","HISEQ13:138:C6FWNANXX:2:2310:7835:17039_1:135801543",1.3e-22
"3755","HISEQ13:138:C6FWNANXX:2:1302:15020:55657_1:51811231",1.3e-22
"3756","HISEQ13:138:C6FWNANXX:2:1112:8317:57001_1:17410011",1.3e-22
"3757","HISEQ13:138:C6FWNANXX:2:2309:12495:13651_1:134240206",1.3e-22
"3758","HISEQ13:138:C6FWNANXX:2:1307:11510:94689_1:59834279",1.3e-22
"3759","HISEQ13:138:C6FWNANXX:2:1310:17681:30706_1:63484345",1.3e-22
"3760","HISEQ13:138:C6FWNANXX:2:2109:13413:69171_1:87079233",1.3e-22
"3761","HISEQ13:138:C6FWNANXX:2:2315:8054:15713_1:143649022",1.3e-22
"3762","HISEQ13:138:C6FWNANXX:2:2106:9165:97995_1:83051048",1.3e-22
"3763","HISEQ13:138:C6FWNANXX:2:2108:8414:62323_1:85475191",1.3e-22
"3764","HISEQ13:138:C6FWNANXX:2:2115:21112:71155_1:96408329",1.3e-22
"3765","HISEQ13:138:C6FWNANXX:2:2203:8656:70411_1:102317948",1.3e-22
"3766","HISEQ13:138:C6FWNANXX:2:2110:8977:76786_1:88702991",1.3e-22
"3767","HISEQ13:138:C6FWNANXX:2:2116:8587:89872_1:98343584",1.3e-22
"3768","HISEQ13:138:C6FWNANXX:2:1112:20113:29467_1:16963178",1.3e-22
"3769","HISEQ13:138:C6FWNANXX:2:1202:1709:15433_1:26454126",1.3e-22
"3770","HISEQ13:138:C6FWNANXX:2:1206:5422:71466_1:33146004",1.3e-22
"3771","HISEQ13:138:C6FWNANXX:2:1309:19344:44063_1:62134162",1.3e-22
"3772","HISEQ13:138:C6FWNANXX:2:1312:4456:75988_1:67404334",1.3e-22
"3773","HISEQ13:138:C6FWNANXX:2:2101:14215:98092_1:75931014",1.3e-22
"3774","HISEQ13:138:C6FWNANXX:2:1108:5211:28730_1:10784549",1.3e-22
"3775","HISEQ13:138:C6FWNANXX:2:1201:8031:71801_1:25832763",1.3e-22
"3776","HISEQ13:138:C6FWNANXX:2:1205:18034:6594_1:30689214",1.3e-22
"3777","HISEQ13:138:C6FWNANXX:2:1303:6555:4293_1:52510417",1.3e-22
"3778","HISEQ13:138:C6FWNANXX:2:2211:18633:95559_1:114465453",1.3e-22
"3779","HISEQ13:138:C6FWNANXX:2:1105:18610:54959_1:6659318",1.3e-22
"3780","HISEQ13:138:C6FWNANXX:2:1208:8984:87385_1:36410677",1.3e-22
"3781","HISEQ13:138:C6FWNANXX:2:1307:17251:5255_1:58462742",1.3e-22
"3782","HISEQ13:138:C6FWNANXX:2:2114:11755:35160_1:94213094",1.3e-22
"3783","HISEQ13:138:C6FWNANXX:2:2207:13711:84136_1:108261875",1.3e-22
"3784","HISEQ13:138:C6FWNANXX:2:2301:13406:16797_1:122816672",1.3e-22
"3785","HISEQ13:138:C6FWNANXX:2:2305:2608:33359_1:128670627",1.3e-22
"3786","HISEQ13:138:C6FWNANXX:2:2307:6753:43906_1:131725877",1.3e-22
"3787","HISEQ13:138:C6FWNANXX:2:1306:18068:13324_1:57077075",1.3e-22
"3788","HISEQ13:138:C6FWNANXX:2:1315:14782:45570_1:71885792",1.3e-22
"3789","HISEQ13:138:C6FWNANXX:2:2212:1406:97785_1:116055136",1.3e-22
"3790","HISEQ13:138:C6FWNANXX:2:2305:14226:86527_1:129446987",1.3e-22
"3791","HISEQ13:138:C6FWNANXX:2:2305:3397:46214_1:128856600",1.3e-22
"3792","HISEQ13:138:C6FWNANXX:2:2315:5638:13029_1:143607371",1.3e-22
"3793","HISEQ13:138:C6FWNANXX:2:2110:16141:50034_1:88297876",1.3e-22
"3794","HISEQ13:138:C6FWNANXX:2:2115:6220:65587_1:96315118",1.3e-22
"3795","HISEQ13:138:C6FWNANXX:2:1201:14067:76899_1:25907134",1.3e-22
"3796","HISEQ13:138:C6FWNANXX:2:1314:2423:84252_1:70860292",1.3e-22
"3797","HISEQ13:138:C6FWNANXX:2:1315:17689:44518_1:71869371",1.3e-22
"3798","HISEQ13:138:C6FWNANXX:2:2115:4763:26634_1:95681424",1.3e-22
"3799","HISEQ13:138:C6FWNANXX:2:2204:9456:62767_1:103623376",1.3e-22
"3800","HISEQ13:138:C6FWNANXX:2:1108:9334:91578_1:11768961",1.3e-22
"3801","HISEQ13:138:C6FWNANXX:2:1206:2668:99500_1:33571321",1.3e-22
"3802","HISEQ13:138:C6FWNANXX:2:1304:18518:85757_1:55191988",1.3e-22
"3803","HISEQ13:138:C6FWNANXX:2:1306:2740:30126_1:57330229",1.3e-22
"3804","HISEQ13:138:C6FWNANXX:2:1311:17173:5251_1:64650442",1.3e-22
"3805","HISEQ13:138:C6FWNANXX:2:2216:17784:3859_1:120970578",1.3e-22
"3806","HISEQ13:138:C6FWNANXX:2:2215:12465:53784_1:120159604",1.3e-22
"3807","HISEQ13:138:C6FWNANXX:2:1112:13720:56137_1:17395084",1.3e-22
"3808","HISEQ13:138:C6FWNANXX:2:1115:4768:70962_1:22589431",1.3e-22
"3809","HISEQ13:138:C6FWNANXX:2:1204:5373:19896_1:29414420",1.3e-22
"3810","HISEQ13:138:C6FWNANXX:2:1304:6902:49050_1:54640148",1.3e-22
"3811","HISEQ13:138:C6FWNANXX:2:1316:16936:90015_1:74378496",1.3e-22
"3812","HISEQ13:138:C6FWNANXX:2:2304:3688:48316_1:127463511",1.3e-22
"3813","HISEQ13:138:C6FWNANXX:2:1301:3519:28583_1:49959787",1.4e-22
"3814","HISEQ13:138:C6FWNANXX:2:1315:9804:73056_1:72357456",1.4e-22
"3815","HISEQ13:138:C6FWNANXX:2:2306:7402:14087_1:129829943",1.4e-22
"3816","HISEQ13:138:C6FWNANXX:2:1108:9492:82231_1:11620054",1.4e-22
"3817","HISEQ13:138:C6FWNANXX:2:1210:18516:12119_1:38323608",1.4e-22
"3818","HISEQ13:138:C6FWNANXX:2:1314:18129:43040_1:70162270",1.4e-22
"3819","HISEQ13:138:C6FWNANXX:2:2306:15276:32457_1:130099387",1.4e-22
"3820","HISEQ13:138:C6FWNANXX:2:1208:7120:66557_1:36088695",1.4e-22
"3821","HISEQ13:138:C6FWNANXX:2:1301:15544:29731_1:49976662",1.4e-22
"3822","HISEQ13:138:C6FWNANXX:2:1304:14811:98570_1:55383127",1.4e-22
"3823","HISEQ13:138:C6FWNANXX:2:1306:20991:69027_1:57928757",1.4e-22
"3824","HISEQ13:138:C6FWNANXX:2:2204:16964:92268_1:104048096",1.4e-22
"3825","HISEQ13:138:C6FWNANXX:2:1202:1594:22695_1:26561101",1.4e-22
"3826","HISEQ13:138:C6FWNANXX:2:1211:4432:95342_1:41215751",1.4e-22
"3827","HISEQ13:138:C6FWNANXX:2:1306:14865:5583_1:56957868",1.4e-22
"3828","HISEQ13:138:C6FWNANXX:2:2104:6367:61526_1:79640026",1.4e-22
"3829","HISEQ13:138:C6FWNANXX:2:2312:1356:37565_1:139201792",1.4e-22
"3830","HISEQ13:138:C6FWNANXX:2:2108:3070:40354_1:85142071",1.4e-22
"3831","HISEQ13:138:C6FWNANXX:2:1301:13487:43443_1:50178531",1.4e-22
"3832","HISEQ13:138:C6FWNANXX:2:2105:12207:94819_1:81553654",1.4e-22
"3833","HISEQ13:138:C6FWNANXX:2:1206:1518:16338_1:32312294",1.4e-22
"3834","HISEQ13:138:C6FWNANXX:2:2315:7222:9075_1:143542166",1.4e-22
"3835","HISEQ13:138:C6FWNANXX:2:1305:4998:14719_1:55604031",1.4e-22
"3836","HISEQ13:138:C6FWNANXX:2:2109:13500:99126_1:87534600",1.4e-22
"3837","HISEQ13:138:C6FWNANXX:2:1202:21282:4905_1:26303741",1.4e-22
"3838","HISEQ13:138:C6FWNANXX:2:1216:7086:83570_1:49270411",1.4e-22
"3839","HISEQ13:138:C6FWNANXX:2:2104:7342:37463_1:79291767",1.4e-22
"3840","HISEQ13:138:C6FWNANXX:2:1205:8290:86296_1:31880365",1.4e-22
"3841","HISEQ13:138:C6FWNANXX:2:1201:20897:89387_1:26091898",1.4e-22
"3842","HISEQ13:138:C6FWNANXX:2:1305:12102:72255_1:56472091",1.4e-22
"3843","HISEQ13:138:C6FWNANXX:2:1307:9864:87447_1:59722932",1.4e-22
"3844","HISEQ13:138:C6FWNANXX:2:1313:15371:63066_1:68832829",1.4e-22
"3845","HISEQ13:138:C6FWNANXX:2:1313:3854:78944_1:69095322",1.4e-22
"3846","HISEQ13:138:C6FWNANXX:2:1108:12675:66289_1:11373051",1.4e-22
"3847","HISEQ13:138:C6FWNANXX:2:2215:9261:99751_1:120921648",1.4e-22
"3848","HISEQ13:138:C6FWNANXX:2:1107:14203:77515_1:10016991",1.4e-22
"3849","HISEQ13:138:C6FWNANXX:2:1111:2587:85995_1:16417640",1.4e-22
"3850","HISEQ13:138:C6FWNANXX:2:2106:12038:38715_1:82178886",1.4e-22
"3851","HISEQ13:138:C6FWNANXX:2:2114:5371:75866_1:94874989",1.4e-22
"3852","HISEQ13:138:C6FWNANXX:2:1308:16459:85908_1:61236470",1.4e-22
"3853","HISEQ13:138:C6FWNANXX:2:1315:10389:76627_1:72417708",1.4e-22
"3854","HISEQ13:138:C6FWNANXX:2:2108:11026:37496_1:85098187",1.4e-22
"3855","HISEQ13:138:C6FWNANXX:2:1109:11440:29677_1:12347992",1.4e-22
"3856","HISEQ13:138:C6FWNANXX:2:1316:10323:26617_1:73267199",1.4e-22
"3857","HISEQ13:138:C6FWNANXX:2:2102:12499:72458_1:76968753",1.4e-22
"3858","HISEQ13:138:C6FWNANXX:2:2302:13647:70093_1:124962801",1.4e-22
"3859","HISEQ13:138:C6FWNANXX:2:1314:17769:97682_1:71088763",1.4e-22
"3860","HISEQ13:138:C6FWNANXX:2:1314:20226:90835_1:70974901",1.4e-22
"3861","HISEQ13:138:C6FWNANXX:2:2109:9795:78548_1:87222507",1.4e-22
"3862","HISEQ13:138:C6FWNANXX:2:1105:12107:16060_1:6075990",1.4e-22
"3863","HISEQ13:138:C6FWNANXX:2:1213:7602:91820_1:44366148",1.4e-22
"3864","HISEQ13:138:C6FWNANXX:2:1315:14612:50601_1:71971410",1.4e-22
"3865","HISEQ13:138:C6FWNANXX:2:2103:11273:59600_1:78195489",1.4e-22
"3866","HISEQ13:138:C6FWNANXX:2:2113:14159:32072_1:92577161",1.4e-22
"3867","HISEQ13:138:C6FWNANXX:2:2204:14829:30369_1:103157403",1.4e-22
"3868","HISEQ13:138:C6FWNANXX:2:1106:11968:22369_1:7660865",1.4e-22
"3869","HISEQ13:138:C6FWNANXX:2:1305:14167:8633_1:55515811",1.4e-22
"3870","HISEQ13:138:C6FWNANXX:2:1212:8752:70256_1:42383959",1.4e-22
"3871","HISEQ13:138:C6FWNANXX:2:1303:20990:26029_1:52835317",1.4e-22
"3872","HISEQ13:138:C6FWNANXX:2:2205:17478:19861_1:104429008",1.4e-22
"3873","HISEQ13:138:C6FWNANXX:2:2302:14836:96284_1:125336129",1.4e-22
"3874","HISEQ13:138:C6FWNANXX:2:2103:19684:64575_1:78268191",1.4e-22
"3875","HISEQ13:138:C6FWNANXX:2:2116:15490:54376_1:97760897",1.4e-22
"3876","HISEQ13:138:C6FWNANXX:2:1203:5230:31171_1:28138856",1.4e-22
"3877","HISEQ13:138:C6FWNANXX:2:1215:14393:81211_1:47518242",1.4e-22
"3878","HISEQ13:138:C6FWNANXX:2:1306:5806:25415_1:57257765",1.4e-22
"3879","HISEQ13:138:C6FWNANXX:2:2207:9884:58246_1:107874787",1.4e-22
"3880","HISEQ13:138:C6FWNANXX:2:2110:3396:66278_1:88542664",1.4e-22
"3881","HISEQ13:138:C6FWNANXX:2:2316:12308:20785_1:145376269",1.4e-22
"3882","HISEQ13:138:C6FWNANXX:2:1115:9148:46224_1:22170893",1.4e-22
"3883","HISEQ13:138:C6FWNANXX:2:1216:16907:33222_1:48394724",1.4e-22
"3884","HISEQ13:138:C6FWNANXX:2:2116:11020:83949_1:98245485",1.4e-22
"3885","HISEQ13:138:C6FWNANXX:2:2209:4759:78360_1:111149523",1.4e-22
"3886","HISEQ13:138:C6FWNANXX:2:1114:16456:35490_1:20324500",1.4e-22
"3887","HISEQ13:138:C6FWNANXX:2:1307:6148:77922_1:59576360",1.4e-22
"3888","HISEQ13:138:C6FWNANXX:2:1315:6397:49880_1:71956860",1.4e-22
"3889","HISEQ13:138:C6FWNANXX:2:2111:14888:67612_1:90100320",1.4e-22
"3890","HISEQ13:138:C6FWNANXX:2:1306:3133:40972_1:57493708",1.5e-22
"3891","HISEQ13:138:C6FWNANXX:2:2116:7760:33169_1:97409727",1.5e-22
"3892","HISEQ13:138:C6FWNANXX:2:2306:8650:50741_1:130367311",1.5e-22
"3893","HISEQ13:138:C6FWNANXX:2:2307:3299:33875_1:131576824",1.5e-22
"3894","HISEQ13:138:C6FWNANXX:2:1210:19831:13498_1:38343928",1.5e-22
"3895","HISEQ13:138:C6FWNANXX:2:1115:14530:40610_1:22079620",1.5e-22
"3896","HISEQ13:138:C6FWNANXX:2:1216:15076:62230_1:48896673",1.5e-22
"3897","HISEQ13:138:C6FWNANXX:2:2113:10517:58605_1:93000058",1.5e-22
"3898","HISEQ13:138:C6FWNANXX:2:2301:16428:39837_1:123142513",1.5e-22
"3899","HISEQ13:138:C6FWNANXX:2:1303:3034:76205_1:53570668",1.5e-22
"3900","HISEQ13:138:C6FWNANXX:2:1106:7833:87204_1:8647009",1.5e-22
"3901","HISEQ13:138:C6FWNANXX:2:2204:9935:57329_1:103544517",1.5e-22
"3902","HISEQ13:138:C6FWNANXX:2:1314:15466:86973_1:70905660",1.5e-22
"3903","HISEQ13:138:C6FWNANXX:2:2107:15724:47572_1:83773912",1.5e-22
"3904","HISEQ13:138:C6FWNANXX:2:2111:14558:33532_1:89558505",1.5e-22
"3905","HISEQ13:138:C6FWNANXX:2:2205:7890:84636_1:105363091",1.5e-22
"3906","HISEQ13:138:C6FWNANXX:2:2209:3522:37918_1:110534044",1.5e-22
"3907","HISEQ13:138:C6FWNANXX:2:2212:13662:28012_1:114950242",1.5e-22
"3908","HISEQ13:138:C6FWNANXX:2:2214:15194:37605_1:118272100",1.5e-22
"3909","HISEQ13:138:C6FWNANXX:2:2301:17818:46237_1:123230143",1.5e-22
"3910","HISEQ13:138:C6FWNANXX:2:2304:16245:56172_1:127577785",1.5e-22
"3911","HISEQ13:138:C6FWNANXX:2:2310:4615:33689_1:136056347",1.5e-22
"3912","HISEQ13:138:C6FWNANXX:2:1106:20397:63001_1:8283958",1.5e-22
"3913","HISEQ13:138:C6FWNANXX:2:1304:16208:51920_1:54683445",1.5e-22
"3914","HISEQ13:138:C6FWNANXX:2:2314:4737:6849_1:141881383",1.5e-22
"3915","HISEQ13:138:C6FWNANXX:2:1102:10559:16038_1:1671837",1.5e-22
"3916","HISEQ13:138:C6FWNANXX:2:1206:10821:70390_1:33131940",1.5e-22
"3917","HISEQ13:138:C6FWNANXX:2:1209:19687:98452_1:38125950",1.5e-22
"3918","HISEQ13:138:C6FWNANXX:2:1316:4962:90608_1:74384386",1.5e-22
"3919","HISEQ13:138:C6FWNANXX:2:2210:5390:94696_1:112903727",1.5e-22
"3920","HISEQ13:138:C6FWNANXX:2:2308:1345:49043_1:133280230",1.5e-22
"3921","HISEQ13:138:C6FWNANXX:2:2305:18885:83319_1:129400970",1.5e-22
"3922","HISEQ13:138:C6FWNANXX:2:1112:15841:71532_1:17647786",1.5e-22
"3923","HISEQ13:138:C6FWNANXX:2:2214:14454:96647_1:119238042",1.5e-22
"3924","HISEQ13:138:C6FWNANXX:2:2305:13919:11629_1:128358232",1.5e-22
"3925","HISEQ13:138:C6FWNANXX:2:1109:3722:39257_1:12499632",1.5e-22
"3926","HISEQ13:138:C6FWNANXX:2:1205:8211:68190_1:31606337",1.5e-22
"3927","HISEQ13:138:C6FWNANXX:2:1308:11764:6361_1:59997461",1.5e-22
"3928","HISEQ13:138:C6FWNANXX:2:2112:5492:62153_1:91483453",1.5e-22
"3929","HISEQ13:138:C6FWNANXX:2:2312:17497:49054_1:139386062",1.5e-22
"3930","HISEQ13:138:C6FWNANXX:2:1303:18577:95968_1:53866679",1.5e-22
"3931","HISEQ13:138:C6FWNANXX:2:2303:14048:99092_1:126776721",1.5e-22
"3932","HISEQ13:138:C6FWNANXX:2:2306:1990:9024_1:129755518",1.5e-22
"3933","HISEQ13:138:C6FWNANXX:2:1211:3517:21285_1:40022787",1.5e-22
"3934","HISEQ13:138:C6FWNANXX:2:2202:6895:7961_1:100016729",1.5e-22
"3935","HISEQ13:138:C6FWNANXX:2:2208:5976:28282_1:108901305",1.5e-22
"3936","HISEQ13:138:C6FWNANXX:2:1315:18257:71439_1:72329727",1.5e-22
"3937","HISEQ13:138:C6FWNANXX:2:1310:7869:84979_1:64342452",1.5e-22
"3938","HISEQ13:138:C6FWNANXX:2:2109:3687:10235_1:86179509",1.5e-22
"3939","HISEQ13:138:C6FWNANXX:2:2314:13143:19020_1:142082431",1.5e-22
"3940","HISEQ13:138:C6FWNANXX:2:2203:8335:77430_1:102417433",1.5e-22
"3941","HISEQ13:138:C6FWNANXX:2:1106:14147:69529_1:8382416",1.5e-22
"3942","HISEQ13:138:C6FWNANXX:2:2109:9377:18601_1:86309793",1.5e-22
"3943","HISEQ13:138:C6FWNANXX:2:2303:1710:17867_1:125622044",1.5e-22
"3944","HISEQ13:138:C6FWNANXX:2:2309:15729:50256_1:134798399",1.5e-22
"3945","HISEQ13:138:C6FWNANXX:2:1111:14326:37955_1:15605424",1.5e-22
"3946","HISEQ13:138:C6FWNANXX:2:1209:14208:18718_1:36879837",1.5e-22
"3947","HISEQ13:138:C6FWNANXX:2:1111:18994:40122_1:15642192",1.5e-22
"3948","HISEQ13:138:C6FWNANXX:2:1204:7335:30845_1:29578302",1.5e-22
"3949","HISEQ13:138:C6FWNANXX:2:2112:13806:66717_1:91555891",1.5e-22
"3950","HISEQ13:138:C6FWNANXX:2:2305:16800:70475_1:129211764",1.5e-22
"3951","HISEQ13:138:C6FWNANXX:2:1312:13616:81807_1:67505814",1.5e-22
"3952","HISEQ13:138:C6FWNANXX:2:1313:3618:45094_1:68530807",1.5e-22
"3953","HISEQ13:138:C6FWNANXX:2:1211:1351:48494_1:40456432",1.5e-22
"3954","HISEQ13:138:C6FWNANXX:2:2102:12585:66637_1:76886831",1.5e-22
"3955","HISEQ13:138:C6FWNANXX:2:2112:11301:28703_1:90960767",1.5e-22
"3956","HISEQ13:138:C6FWNANXX:2:2311:8808:100012_1:138628414",1.5e-22
"3957","HISEQ13:138:C6FWNANXX:2:2314:1322:19258_1:142084067",1.6e-22
"3958","HISEQ13:138:C6FWNANXX:2:1101:17379:39021_1:551512",1.6e-22
"3959","HISEQ13:138:C6FWNANXX:2:1202:5384:74426_1:27320484",1.6e-22
"3960","HISEQ13:138:C6FWNANXX:2:1304:6453:91741_1:55275893",1.6e-22
"3961","HISEQ13:138:C6FWNANXX:2:2107:12980:64629_1:84026761",1.6e-22
"3962","HISEQ13:138:C6FWNANXX:2:2210:1702:95383_1:112914754",1.6e-22
"3963","HISEQ13:138:C6FWNANXX:2:2104:18965:95664_1:80131589",1.6e-22
"3964","HISEQ13:138:C6FWNANXX:2:2107:18063:35620_1:83596322",1.6e-22
"3965","HISEQ13:138:C6FWNANXX:2:2315:1345:90785_1:144889458",1.6e-22
"3966","HISEQ13:138:C6FWNANXX:2:2303:6435:16479_1:125601564",1.6e-22
"3967","HISEQ13:138:C6FWNANXX:2:1208:9860:74264_1:36209039",1.6e-22
"3968","HISEQ13:138:C6FWNANXX:2:1310:17681:30706_1:63484344",1.6e-22
"3969","HISEQ13:138:C6FWNANXX:2:2212:3500:70056_1:115611889",1.6e-22
"3970","HISEQ13:138:C6FWNANXX:2:2102:7698:31537_1:76388980",1.6e-22
"3971","HISEQ13:138:C6FWNANXX:2:1315:9194:9964_1:71275222",1.6e-22
"3972","HISEQ13:138:C6FWNANXX:2:2206:1853:49233_1:106287353",1.6e-22
"3973","HISEQ13:138:C6FWNANXX:2:2103:15408:18805_1:77616921",1.6e-22
"3974","HISEQ13:138:C6FWNANXX:2:2107:6307:28485_1:83487050",1.6e-22
"3975","HISEQ13:138:C6FWNANXX:2:1310:4351:80620_1:64274609",1.6e-22
"3976","HISEQ13:138:C6FWNANXX:2:1105:20720:85764_1:7124529",1.6e-22
"3977","HISEQ13:138:C6FWNANXX:2:1305:4216:42125_1:56015505",1.6e-22
"3978","HISEQ13:138:C6FWNANXX:2:1310:4508:21582_1:63338580",1.6e-22
"3979","HISEQ13:138:C6FWNANXX:2:1108:13525:92554_1:11785338",1.6e-22
"3980","HISEQ13:138:C6FWNANXX:2:2106:17403:9914_1:81758385",1.6e-22
"3981","HISEQ13:138:C6FWNANXX:2:2315:13002:69192_1:144533745",1.6e-22
"3982","HISEQ13:138:C6FWNANXX:2:1208:9391:67483_1:36100953",1.6e-22
"3983","HISEQ13:138:C6FWNANXX:2:2210:4173:74948_1:112602298",1.6e-22
"3984","HISEQ13:138:C6FWNANXX:2:1303:10197:97924_1:53894996",1.6e-22
"3985","HISEQ13:138:C6FWNANXX:2:2110:14749:13519_1:87738515",1.6e-22
"3986","HISEQ13:138:C6FWNANXX:2:2204:9317:70251_1:103730815",1.6e-22
"3987","HISEQ13:138:C6FWNANXX:2:1101:8036:19189_1:254302",1.6e-22
"3988","HISEQ13:138:C6FWNANXX:2:1111:5874:93777_1:16567232",1.6e-22
"3989","HISEQ13:138:C6FWNANXX:2:1201:20689:85892_1:26040464",1.6e-22
"3990","HISEQ13:138:C6FWNANXX:2:1204:6396:74635_1:30228367",1.6e-22
"3991","HISEQ13:138:C6FWNANXX:2:1209:16364:60548_1:37534481",1.6e-22
"3992","HISEQ13:138:C6FWNANXX:2:2107:6336:84817_1:84327741",1.6e-22
"3993","HISEQ13:138:C6FWNANXX:2:2213:2080:33868_1:116611561",1.6e-22
"3994","HISEQ13:138:C6FWNANXX:2:1106:20103:78755_1:8524148",1.6e-22
"3995","HISEQ13:138:C6FWNANXX:2:1202:2004:47712_1:26927501",1.6e-22
"3996","HISEQ13:138:C6FWNANXX:2:1209:9433:30986_1:37068702",1.6e-22
"3997","HISEQ13:138:C6FWNANXX:2:1306:7892:39599_1:57475781",1.6e-22
"3998","HISEQ13:138:C6FWNANXX:2:2209:21183:88065_1:111301536",1.6e-22
"3999","HISEQ13:138:C6FWNANXX:2:2303:12042:63157_1:126266385",1.6e-22
"4000","HISEQ13:138:C6FWNANXX:2:2308:18730:88291_1:133876061",1.6e-22
"4001","HISEQ13:138:C6FWNANXX:2:2311:14431:61349_1:138016320",1.6e-22
"4002","HISEQ13:138:C6FWNANXX:2:1307:7369:29193_1:58825936",1.6e-22
"4003","HISEQ13:138:C6FWNANXX:2:1115:16577:98785_1:23070477",1.6e-22
"4004","HISEQ13:138:C6FWNANXX:2:2105:17133:25703_1:80549757",1.6e-22
"4005","HISEQ13:138:C6FWNANXX:2:1106:8156:57099_1:8189108",1.6e-22
"4006","HISEQ13:138:C6FWNANXX:2:1214:5230:80798_1:45839846",1.6e-22
"4007","HISEQ13:138:C6FWNANXX:2:1314:2489:80119_1:70788059",1.6e-22
"4008","HISEQ13:138:C6FWNANXX:2:2105:8122:51709_1:80926080",1.6e-22
"4009","HISEQ13:138:C6FWNANXX:2:2108:17640:74909_1:85666160",1.6e-22
"4010","HISEQ13:138:C6FWNANXX:2:2210:8174:30228_1:111920248",1.6e-22
"4011","HISEQ13:138:C6FWNANXX:2:2312:10465:84913_1:139953778",1.6e-22
"4012","HISEQ13:138:C6FWNANXX:2:1104:17049:6782_1:4462122",1.6e-22
"4013","HISEQ13:138:C6FWNANXX:2:1308:16694:73898_1:61047102",1.6e-22
"4014","HISEQ13:138:C6FWNANXX:2:2204:13389:15830_1:102948639",1.6e-22
"4015","HISEQ13:138:C6FWNANXX:2:1105:17978:49324_1:6576457",1.7e-22
"4016","HISEQ13:138:C6FWNANXX:2:1204:13467:22087_1:29448906",1.7e-22
"4017","HISEQ13:138:C6FWNANXX:2:2106:3121:24252_1:81968213",1.7e-22
"4018","HISEQ13:138:C6FWNANXX:2:1111:4775:84163_1:16386737",1.7e-22
"4019","HISEQ13:138:C6FWNANXX:2:1304:16865:14492_1:54124568",1.7e-22
"4020","HISEQ13:138:C6FWNANXX:2:1304:19017:15198_1:54136265",1.7e-22
"4021","HISEQ13:138:C6FWNANXX:2:1201:3335:94501_1:26166353",1.7e-22
"4022","HISEQ13:138:C6FWNANXX:2:2312:18524:93506_1:140095084",1.7e-22
"4023","HISEQ13:138:C6FWNANXX:2:1314:20370:81409_1:70813166",1.7e-22
"4024","HISEQ13:138:C6FWNANXX:2:2210:8912:5098_1:111539450",1.7e-22
"4025","HISEQ13:138:C6FWNANXX:2:2315:7063:8269_1:143529840",1.7e-22
"4026","HISEQ13:138:C6FWNANXX:2:2101:8624:7420_1:74637545",1.7e-22
"4027","HISEQ13:138:C6FWNANXX:2:1201:16236:6555_1:24873659",1.7e-22
"4028","HISEQ13:138:C6FWNANXX:2:1205:13636:11256_1:30759448",1.7e-22
"4029","HISEQ13:138:C6FWNANXX:2:1303:17842:84070_1:53691831",1.7e-22
"4030","HISEQ13:138:C6FWNANXX:2:1214:17288:53461_1:45379514",1.7e-22
"4031","HISEQ13:138:C6FWNANXX:2:1310:4105:28989_1:63453634",1.7e-22
"4032","HISEQ13:138:C6FWNANXX:2:1107:13257:20225_1:9136720",1.7e-22
"4033","HISEQ13:138:C6FWNANXX:2:1110:14652:89665_1:14856813",1.7e-22
"4034","HISEQ13:138:C6FWNANXX:2:1308:18062:31217_1:60381029",1.7e-22
"4035","HISEQ13:138:C6FWNANXX:2:1213:10800:79148_1:44156645",1.7e-22
"4036","HISEQ13:138:C6FWNANXX:2:2109:11812:73698_1:87147165",1.7e-22
"4037","HISEQ13:138:C6FWNANXX:2:2207:9745:95647_1:108431362",1.7e-22
"4038","HISEQ13:138:C6FWNANXX:2:2208:17012:39486_1:109067323",1.7e-22
"4039","HISEQ13:138:C6FWNANXX:2:1204:6703:22981_1:29458928",1.7e-22
"4040","HISEQ13:138:C6FWNANXX:2:2213:2937:98382_1:117648906",1.7e-22
"4041","HISEQ13:138:C6FWNANXX:2:2103:21029:7870_1:77461514",1.7e-22
"4042","HISEQ13:138:C6FWNANXX:2:2105:16068:36498_1:80705410",1.7e-22
"4043","HISEQ13:138:C6FWNANXX:2:1201:4116:94746_1:26166515",1.7e-22
"4044","HISEQ13:138:C6FWNANXX:2:2205:17478:19861_1:104429007",1.7e-22
"4045","HISEQ13:138:C6FWNANXX:2:2103:15743:98059_1:78744542",1.7e-22
"4046","HISEQ13:138:C6FWNANXX:2:2302:11234:57756_1:124788770",1.7e-22
"4047","HISEQ13:138:C6FWNANXX:2:1105:18684:97118_1:7294987",1.7e-22
"4048","HISEQ13:138:C6FWNANXX:2:1308:13643:35692_1:60450203",1.7e-22
"4049","HISEQ13:138:C6FWNANXX:2:1309:1407:43018_1:62115006",1.7e-22
"4050","HISEQ13:138:C6FWNANXX:2:2301:3783:74134_1:123621742",1.7e-22
"4051","HISEQ13:138:C6FWNANXX:2:2315:14417:98458_1:145018067",1.7e-22
"4052","HISEQ13:138:C6FWNANXX:2:1316:2344:26345_1:73261151",1.7e-22
"4053","HISEQ13:138:C6FWNANXX:2:2211:21106:98776_1:114517461",1.7e-22
"4054","HISEQ13:138:C6FWNANXX:2:2103:3232:65006_1:78272228",1.8e-22
"4055","HISEQ13:138:C6FWNANXX:2:1102:19900:56262_1:2265626",1.8e-22
"4056","HISEQ13:138:C6FWNANXX:2:1112:17366:64580_1:17533479",1.8e-22
"4057","HISEQ13:138:C6FWNANXX:2:1211:11110:71466_1:40829831",1.8e-22
"4058","HISEQ13:138:C6FWNANXX:2:2209:19140:63366_1:110924422",1.8e-22
"4059","HISEQ13:138:C6FWNANXX:2:2307:6962:67445_1:132074978",1.8e-22
"4060","HISEQ13:138:C6FWNANXX:2:2312:6472:35980_1:139174854",1.8e-22
"4061","HISEQ13:138:C6FWNANXX:2:1203:15497:70040_1:28713155",1.8e-22
"4062","HISEQ13:138:C6FWNANXX:2:2313:4113:88615_1:141606204",1.8e-22
"4063","HISEQ13:138:C6FWNANXX:2:2316:6000:92404_1:146581646",1.8e-22
"4064","HISEQ13:138:C6FWNANXX:2:2101:17703:68084_1:75505573",1.8e-22
"4065","HISEQ13:138:C6FWNANXX:2:1210:20049:4795_1:38210005",1.8e-22
"4066","HISEQ13:138:C6FWNANXX:2:1315:3038:72030_1:72339238",1.8e-22
"4067","HISEQ13:138:C6FWNANXX:2:2116:9705:37400_1:97480164",1.8e-22
"4068","HISEQ13:138:C6FWNANXX:2:1101:9119:87812_1:1270221",1.8e-22
"4069","HISEQ13:138:C6FWNANXX:2:1106:17664:57421_1:8194815",1.8e-22
"4070","HISEQ13:138:C6FWNANXX:2:1205:2919:77416_1:31745132",1.8e-22
"4071","HISEQ13:138:C6FWNANXX:2:1207:9854:10658_1:33723384",1.8e-22
"4072","HISEQ13:138:C6FWNANXX:2:1213:3046:52567_1:43715861",1.8e-22
"4073","HISEQ13:138:C6FWNANXX:2:1304:19429:34042_1:54417908",1.8e-22
"4074","HISEQ13:138:C6FWNANXX:2:2106:15728:97910_1:83052285",1.8e-22
"4075","HISEQ13:138:C6FWNANXX:2:2304:16946:39034_1:127333144",1.8e-22
"4076","HISEQ13:138:C6FWNANXX:2:1204:19820:38704_1:29695409",1.8e-22
"4077","HISEQ13:138:C6FWNANXX:2:2214:18530:5664_1:117750745",1.8e-22
"4078","HISEQ13:138:C6FWNANXX:2:1209:21280:55960_1:37460320",1.8e-22
"4079","HISEQ13:138:C6FWNANXX:2:2105:1949:56711_1:80997226",1.8e-22
"4080","HISEQ13:138:C6FWNANXX:2:1116:6644:68904_1:24251396",1.8e-22
"4081","HISEQ13:138:C6FWNANXX:2:1210:17368:62481_1:39111891",1.8e-22
"4082","HISEQ13:138:C6FWNANXX:2:2107:11203:68522_1:84086004",1.8e-22
"4083","HISEQ13:138:C6FWNANXX:2:1203:20492:81374_1:28879949",1.8e-22
"4084","HISEQ13:138:C6FWNANXX:2:1208:14315:11860_1:35246480",1.8e-22
"4085","HISEQ13:138:C6FWNANXX:2:1312:6859:18280_1:66464421",1.8e-22
"4086","HISEQ13:138:C6FWNANXX:2:1115:2498:21254_1:21751679",1.8e-22
"4087","HISEQ13:138:C6FWNANXX:2:1201:9511:98926_1:26229735",1.8e-22
"4088","HISEQ13:138:C6FWNANXX:2:2303:19732:51194_1:126097704",1.8e-22
"4089","HISEQ13:138:C6FWNANXX:2:1210:16589:15085_1:38370635",1.8e-22
"4090","HISEQ13:138:C6FWNANXX:2:1214:21295:2480_1:44525636",1.8e-22
"4091","HISEQ13:138:C6FWNANXX:2:1307:15771:38265_1:58969350",1.8e-22
"4092","HISEQ13:138:C6FWNANXX:2:2116:9304:14500_1:97102627",1.8e-22
"4093","HISEQ13:138:C6FWNANXX:2:2205:5724:8171_1:104255523",1.8e-22
"4094","HISEQ13:138:C6FWNANXX:2:2315:1263:51239_1:144235551",1.8e-22
"4095","HISEQ13:138:C6FWNANXX:2:2208:11121:70764_1:109540240",1.8e-22
"4096","HISEQ13:138:C6FWNANXX:2:2216:9443:11293_1:121094541",1.8e-22
"4097","HISEQ13:138:C6FWNANXX:2:2312:4536:58040_1:139526780",1.8e-22
"4098","HISEQ13:138:C6FWNANXX:2:1101:6456:13980_1:175675",1.8e-22
"4099","HISEQ13:138:C6FWNANXX:2:2308:6177:32213_1:133024464",1.8e-22
"4100","HISEQ13:138:C6FWNANXX:2:2114:7371:84956_1:95020625",1.8e-22
"4101","HISEQ13:138:C6FWNANXX:2:2203:6467:87085_1:102556447",1.8e-22
"4102","HISEQ13:138:C6FWNANXX:2:2309:9108:66806_1:135050852",1.8e-22
"4103","HISEQ13:138:C6FWNANXX:2:2105:20029:89954_1:81482772",1.8e-22
"4104","HISEQ13:138:C6FWNANXX:2:1108:9334:91578_1:11768960",1.8e-22
"4105","HISEQ13:138:C6FWNANXX:2:2203:7492:63244_1:102213959",1.8e-22
"4106","HISEQ13:138:C6FWNANXX:2:2204:14043:61578_1:103606241",1.8e-22
"4107","HISEQ13:138:C6FWNANXX:2:2313:12620:45636_1:140910648",1.8e-22
"4108","HISEQ13:138:C6FWNANXX:2:1210:9298:73882_1:39289806",1.8e-22
"4109","HISEQ13:138:C6FWNANXX:2:1302:6311:19715_1:51280343",1.8e-22
"4110","HISEQ13:138:C6FWNANXX:2:2212:10269:32908_1:115024983",1.8e-22
"4111","HISEQ13:138:C6FWNANXX:2:1111:3401:54521_1:15873453",1.8e-22
"4112","HISEQ13:138:C6FWNANXX:2:1116:11733:94695_1:24695549",1.8e-22
"4113","HISEQ13:138:C6FWNANXX:2:1216:14015:71401_1:49057399",1.8e-22
"4114","HISEQ13:138:C6FWNANXX:2:2115:17267:57028_1:96178851",1.8e-22
"4115","HISEQ13:138:C6FWNANXX:2:2208:20765:50953_1:109240513",1.8e-22
"4116","HISEQ13:138:C6FWNANXX:2:2104:15692:65962_1:79703090",1.8e-22
"4117","HISEQ13:138:C6FWNANXX:2:1103:17393:2014_1:2925301",1.8e-22
"4118","HISEQ13:138:C6FWNANXX:2:1312:16512:92141_1:67675783",1.8e-22
"4119","HISEQ13:138:C6FWNANXX:2:2315:4865:41988_1:144083458",1.8e-22
"4120","HISEQ13:138:C6FWNANXX:2:1108:8376:37706_1:10924634",1.9e-22
"4121","HISEQ13:138:C6FWNANXX:2:1111:3324:24317_1:15388122",1.9e-22
"4122","HISEQ13:138:C6FWNANXX:2:1202:12374:54385_1:27027937",1.9e-22
"4123","HISEQ13:138:C6FWNANXX:2:1216:14442:42624_1:48558941",1.9e-22
"4124","HISEQ13:138:C6FWNANXX:2:2213:9511:24521_1:116464796",1.9e-22
"4125","HISEQ13:138:C6FWNANXX:2:1215:8879:30018_1:46654139",1.9e-22
"4126","HISEQ13:138:C6FWNANXX:2:1301:2271:95039_1:50936366",1.9e-22
"4127","HISEQ13:138:C6FWNANXX:2:2313:2735:13732_1:140392732",1.9e-22
"4128","HISEQ13:138:C6FWNANXX:2:1305:2623:56020_1:56226193",1.9e-22
"4129","HISEQ13:138:C6FWNANXX:2:1108:20117:70530_1:11441723",1.9e-22
"4130","HISEQ13:138:C6FWNANXX:2:1116:16936:82481_1:24487504",1.9e-22
"4131","HISEQ13:138:C6FWNANXX:2:1215:4404:22179_1:46516538",1.9e-22
"4132","HISEQ13:138:C6FWNANXX:2:1215:7369:53541_1:47051098",1.9e-22
"4133","HISEQ13:138:C6FWNANXX:2:1315:14612:50601_1:71971409",1.9e-22
"4134","HISEQ13:138:C6FWNANXX:2:2113:14159:32072_1:92577162",1.9e-22
"4135","HISEQ13:138:C6FWNANXX:2:2310:10850:28155_1:135972916",1.9e-22
"4136","HISEQ13:138:C6FWNANXX:2:2311:11969:51510_1:137862984",1.9e-22
"4137","HISEQ13:138:C6FWNANXX:2:1305:8169:66885_1:56387871",1.9e-22
"4138","HISEQ13:138:C6FWNANXX:2:1310:14493:83553_1:64324062",1.9e-22
"4139","HISEQ13:138:C6FWNANXX:2:2103:19152:53522_1:78112249",1.9e-22
"4140","HISEQ13:138:C6FWNANXX:2:2112:17344:56173_1:91391120",1.9e-22
"4141","HISEQ13:138:C6FWNANXX:2:2201:20534:38028_1:99042579",1.9e-22
"4142","HISEQ13:138:C6FWNANXX:2:2314:14097:55399_1:142678603",1.9e-22
"4143","HISEQ13:138:C6FWNANXX:2:1214:8794:50252_1:45327748",1.9e-22
"4144","HISEQ13:138:C6FWNANXX:2:1311:9250:51132_1:65386047",1.9e-22
"4145","HISEQ13:138:C6FWNANXX:2:1113:18105:86410_1:19522378",1.9e-22
"4146","HISEQ13:138:C6FWNANXX:2:1216:17448:17844_1:48131624",1.9e-22
"4147","HISEQ13:138:C6FWNANXX:2:2107:19028:16586_1:83315324",1.9e-22
"4148","HISEQ13:138:C6FWNANXX:2:2206:14701:32854_1:106050879",1.9e-22
"4149","HISEQ13:138:C6FWNANXX:2:2312:15667:14186_1:138832998",1.9e-22
"4150","HISEQ13:138:C6FWNANXX:2:1107:3394:50837_1:9605282",1.9e-22
"4151","HISEQ13:138:C6FWNANXX:2:1310:2943:5432_1:63080727",1.9e-22
"4152","HISEQ13:138:C6FWNANXX:2:2310:5380:98127_1:137045716",1.9e-22
"4153","HISEQ13:138:C6FWNANXX:2:1212:19751:85134_1:42628400",1.9e-22
"4154","HISEQ13:138:C6FWNANXX:2:1312:8345:69504_1:67302457",1.9e-22
"4155","HISEQ13:138:C6FWNANXX:2:2112:1885:62789_1:91494422",1.9e-22
"4156","HISEQ13:138:C6FWNANXX:2:2109:7955:30948_1:86495220",1.9e-22
"4157","HISEQ13:138:C6FWNANXX:2:1306:4345:20553_1:57184983",1.9e-22
"4158","HISEQ13:138:C6FWNANXX:2:2102:18357:6372_1:76033181",1.9e-22
"4159","HISEQ13:138:C6FWNANXX:2:1105:12424:34548_1:6353308",1.9e-22
"4160","HISEQ13:138:C6FWNANXX:2:1114:5804:74840_1:20985997",1.9e-22
"4161","HISEQ13:138:C6FWNANXX:2:1305:19868:30107_1:55838190",1.9e-22
"4162","HISEQ13:138:C6FWNANXX:2:2105:20980:10986_1:80336628",1.9e-22
"4163","HISEQ13:138:C6FWNANXX:2:2111:7640:58297_1:89947026",1.9e-22
"4164","HISEQ13:138:C6FWNANXX:2:2115:18198:84052_1:96619636",1.9e-22
"4165","HISEQ13:138:C6FWNANXX:2:2311:12277:79760_1:138309402",1.9e-22
"4166","HISEQ13:138:C6FWNANXX:2:2101:17993:31097_1:74979178",1.9e-22
"4167","HISEQ13:138:C6FWNANXX:2:2316:6921:54745_1:145945378",1.9e-22
"4168","HISEQ13:138:C6FWNANXX:2:1110:11936:25074_1:13839521",1.9e-22
"4169","HISEQ13:138:C6FWNANXX:2:1115:19438:52003_1:22275071",1.9e-22
"4170","HISEQ13:138:C6FWNANXX:2:1208:12998:22392_1:35407538",1.9e-22
"4171","HISEQ13:138:C6FWNANXX:2:1208:6939:47080_1:35786371",1.9e-22
"4172","HISEQ13:138:C6FWNANXX:2:2103:12539:100278_1:78775754",1.9e-22
"4173","HISEQ13:138:C6FWNANXX:2:2110:16495:43972_1:88201412",1.9e-22
"4174","HISEQ13:138:C6FWNANXX:2:2202:17796:46280_1:100565321",1.9e-22
"4175","HISEQ13:138:C6FWNANXX:2:2208:9877:11081_1:108644138",1.9e-22
"4176","HISEQ13:138:C6FWNANXX:2:2210:4763:14966_1:111687140",1.9e-22
"4177","HISEQ13:138:C6FWNANXX:2:2306:11706:53241_1:130404761",1.9e-22
"4178","HISEQ13:138:C6FWNANXX:2:1108:15783:53753_1:11178177",1.9e-22
"4179","HISEQ13:138:C6FWNANXX:2:2108:11562:56178_1:85380896",1.9e-22
"4180","HISEQ13:138:C6FWNANXX:2:1304:19184:22971_1:54250928",1.9e-22
"4181","HISEQ13:138:C6FWNANXX:2:2202:5808:89833_1:101183819",1.9e-22
"4182","HISEQ13:138:C6FWNANXX:2:1310:5786:8688_1:63133209",1.9e-22
"4183","HISEQ13:138:C6FWNANXX:2:2310:11912:67806_1:136584166",1.9e-22
"4184","HISEQ13:138:C6FWNANXX:2:1213:5913:20489_1:43184462",1.9e-22
"4185","HISEQ13:138:C6FWNANXX:2:1310:3267:13647_1:63211531",1.9e-22
"4186","HISEQ13:138:C6FWNANXX:2:1311:11611:88819_1:66002424",1.9e-22
"4187","HISEQ13:138:C6FWNANXX:2:1312:3800:10239_1:66328358",1.9e-22
"4188","HISEQ13:138:C6FWNANXX:2:2106:8326:37524_1:82163509",1.9e-22
"4189","HISEQ13:138:C6FWNANXX:2:1312:9812:55739_1:67073034",1.9e-22
"4190","HISEQ13:138:C6FWNANXX:2:2204:17189:21692_1:103032666",1.9e-22
"4191","HISEQ13:138:C6FWNANXX:2:2309:9433:38650_1:134619222",1.9e-22
"4192","HISEQ13:138:C6FWNANXX:2:1211:2933:39582_1:40316115",1.9e-22
"4193","HISEQ13:138:C6FWNANXX:2:1202:20513:49861_1:26964028",1.9e-22
"4194","HISEQ13:138:C6FWNANXX:2:1210:10239:71837_1:39258765",1.9e-22
"4195","HISEQ13:138:C6FWNANXX:2:2103:11049:63642_1:78252436",1.9e-22
"4196","HISEQ13:138:C6FWNANXX:2:2109:10188:2428_1:86063307",1.9e-22
"4197","HISEQ13:138:C6FWNANXX:2:2111:5761:61803_1:90003808",1.9e-22
"4198","HISEQ13:138:C6FWNANXX:2:2211:2393:47020_1:113702717",1.9e-22
"4199","HISEQ13:138:C6FWNANXX:2:2213:7795:83351_1:117409046",1.9e-22
"4200","HISEQ13:138:C6FWNANXX:2:2310:14379:71339_1:136638358",1.9e-22
"4201","HISEQ13:138:C6FWNANXX:2:1102:8613:90730_1:2770224",1.9e-22
"4202","HISEQ13:138:C6FWNANXX:2:1105:6144:44052_1:6494896",1.9e-22
"4203","HISEQ13:138:C6FWNANXX:2:1109:16188:10064_1:12042177",1.9e-22
"4204","HISEQ13:138:C6FWNANXX:2:1116:9200:31246_1:23604906",1.9e-22
"4205","HISEQ13:138:C6FWNANXX:2:1310:6729:20542_1:63323010",1.9e-22
"4206","HISEQ13:138:C6FWNANXX:2:2101:16012:94402_1:75877874",1.9e-22
"4207","HISEQ13:138:C6FWNANXX:2:2101:16012:94402_1:75877875",1.9e-22
"4208","HISEQ13:138:C6FWNANXX:2:2113:13854:9469_1:92216485",1.9e-22
"4209","HISEQ13:138:C6FWNANXX:2:2114:7323:14167_1:93872488",1.9e-22
"4210","HISEQ13:138:C6FWNANXX:2:1107:17290:33491_1:9339258",1.9e-22
"4211","HISEQ13:138:C6FWNANXX:2:2107:14619:3299_1:83116836",1.9e-22
"4212","HISEQ13:138:C6FWNANXX:2:1113:9647:87924_1:19545655",1.9e-22
"4213","HISEQ13:138:C6FWNANXX:2:1101:6502:96355_1:1395782",1.9e-22
"4214","HISEQ13:138:C6FWNANXX:2:1308:15767:3445_1:59951522",1.9e-22
"4215","HISEQ13:138:C6FWNANXX:2:2211:20042:20222_1:113282943",1.9e-22
"4216","HISEQ13:138:C6FWNANXX:2:2305:18252:30022_1:128626300",1.9e-22
"4217","HISEQ13:138:C6FWNANXX:2:2105:16590:74438_1:81255755",2e-22
"4218","HISEQ13:138:C6FWNANXX:2:1314:2740:49931_1:70273896",2e-22
"4219","HISEQ13:138:C6FWNANXX:2:2206:1278:67703_1:106560079",2e-22
"4220","HISEQ13:138:C6FWNANXX:2:2314:6379:54947_1:142668550",2e-22
"4221","HISEQ13:138:C6FWNANXX:2:1205:9509:64091_1:31547378",2e-22
"4222","HISEQ13:138:C6FWNANXX:2:1207:18829:50574_1:34330511",2e-22
"4223","HISEQ13:138:C6FWNANXX:2:1208:9167:60935_1:36000199",2e-22
"4224","HISEQ13:138:C6FWNANXX:2:1214:8088:11990_1:44681083",2e-22
"4225","HISEQ13:138:C6FWNANXX:2:2213:12419:57969_1:116999814",2e-22
"4226","HISEQ13:138:C6FWNANXX:2:2302:5008:16070_1:124200269",2e-22
"4227","HISEQ13:138:C6FWNANXX:2:2305:13318:17202_1:128437817",2e-22
"4228","HISEQ13:138:C6FWNANXX:2:2316:3716:14395_1:145264997",2e-22
"4229","HISEQ13:138:C6FWNANXX:2:1201:18559:59729_1:25654138",2e-22
"4230","HISEQ13:138:C6FWNANXX:2:1210:11684:75818_1:39321317",2e-22
"4231","HISEQ13:138:C6FWNANXX:2:1211:8036:59566_1:40639752",2e-22
"4232","HISEQ13:138:C6FWNANXX:2:1212:4070:13436_1:41467895",2e-22
"4233","HISEQ13:138:C6FWNANXX:2:1116:11078:72666_1:24316116",2e-22
"4234","HISEQ13:138:C6FWNANXX:2:2311:18121:78061_1:138282967",2e-22
"4235","HISEQ13:138:C6FWNANXX:2:1116:11356:31458_1:23609721",2e-22
"4236","HISEQ13:138:C6FWNANXX:2:1207:9617:40320_1:34172484",2e-22
"4237","HISEQ13:138:C6FWNANXX:2:1216:20284:100336_1:49561839",2e-22
"4238","HISEQ13:138:C6FWNANXX:2:1305:19201:20503_1:55696542",2e-22
"4239","HISEQ13:138:C6FWNANXX:2:1306:3974:35257_1:57409597",2e-22
"4240","HISEQ13:138:C6FWNANXX:2:2111:16317:67359_1:90096478",2e-22
"4241","HISEQ13:138:C6FWNANXX:2:2205:10442:89612_1:105435772",2e-22
"4242","HISEQ13:138:C6FWNANXX:2:2212:21205:83107_1:115823443",2e-22
"4243","HISEQ13:138:C6FWNANXX:2:2214:13176:30950_1:118162130",2e-22
"4244","HISEQ13:138:C6FWNANXX:2:2216:7896:90551_1:122433414",2e-22
"4245","HISEQ13:138:C6FWNANXX:2:2310:13822:48483_1:136285477",2e-22
"4246","HISEQ13:138:C6FWNANXX:2:1102:2577:59153_1:2302704",2e-22
"4247","HISEQ13:138:C6FWNANXX:2:1202:16614:97782_1:27667548",2e-22
"4248","HISEQ13:138:C6FWNANXX:2:2101:16752:26951_1:74917986",2e-22
"4249","HISEQ13:138:C6FWNANXX:2:1316:4940:50834_1:73689083",2e-22
"4250","HISEQ13:138:C6FWNANXX:2:2211:18896:54305_1:113819869",2e-22
"4251","HISEQ13:138:C6FWNANXX:2:1101:4223:25262_1:345645",2e-22
"4252","HISEQ13:138:C6FWNANXX:2:1209:6408:72931_1:37723859",2e-22
"4253","HISEQ13:138:C6FWNANXX:2:1108:12953:7340_1:10457681",2e-22
"4254","HISEQ13:138:C6FWNANXX:2:1208:14750:19884_1:35369628",2e-22
"4255","HISEQ13:138:C6FWNANXX:2:1209:7882:39910_1:37207933",2e-22
"4256","HISEQ13:138:C6FWNANXX:2:1212:5191:64254_1:42284896",2e-22
"4257","HISEQ13:138:C6FWNANXX:2:1216:9234:14633_1:48073942",2e-22
"4258","HISEQ13:138:C6FWNANXX:2:1303:2957:31110_1:52905929",2e-22
"4259","HISEQ13:138:C6FWNANXX:2:1311:6584:98775_1:66164704",2e-22
"4260","HISEQ13:138:C6FWNANXX:2:2213:3980:19183_1:116376313",2e-22
"4261","HISEQ13:138:C6FWNANXX:2:1306:10817:14586_1:57094762",2e-22
"4262","HISEQ13:138:C6FWNANXX:2:1315:12784:52049_1:71996965",2e-22
"4263","HISEQ13:138:C6FWNANXX:2:2205:20335:60429_1:105014181",2e-22
"4264","HISEQ13:138:C6FWNANXX:2:1107:17840:14202_1:9045022",2e-22
"4265","HISEQ13:138:C6FWNANXX:2:1107:3454:5070_1:8903580",2e-22
"4266","HISEQ13:138:C6FWNANXX:2:1107:3827:17563_1:9096492",2e-22
"4267","HISEQ13:138:C6FWNANXX:2:1112:20513:77863_1:17751523",2e-22
"4268","HISEQ13:138:C6FWNANXX:2:1306:12202:53502_1:57689638",2e-22
"4269","HISEQ13:138:C6FWNANXX:2:2201:14844:67467_1:99458582",2e-22
"4270","HISEQ13:138:C6FWNANXX:2:2214:14322:50611_1:118484304",2e-22
"4271","HISEQ13:138:C6FWNANXX:2:1205:8211:68190_1:31606338",2e-22
"4272","HISEQ13:138:C6FWNANXX:2:1216:16329:72582_1:49079835",2e-22
"4273","HISEQ13:138:C6FWNANXX:2:1115:19634:19459_1:21721482",2e-22
"4274","HISEQ13:138:C6FWNANXX:2:2108:6490:34844_1:85059307",2e-22
"4275","HISEQ13:138:C6FWNANXX:2:2109:12954:50868_1:86799607",2e-22
"4276","HISEQ13:138:C6FWNANXX:2:2109:9631:16225_1:86272210",2e-22
"4277","HISEQ13:138:C6FWNANXX:2:2105:4572:66554_1:81141618",2e-22
"4278","HISEQ13:138:C6FWNANXX:2:1110:7175:25683_1:13846327",2.1e-22
"4279","HISEQ13:138:C6FWNANXX:2:1201:16866:22588_1:25109464",2.1e-22
"4280","HISEQ13:138:C6FWNANXX:2:1208:7110:86776_1:36402504",2.1e-22
"4281","HISEQ13:138:C6FWNANXX:2:2316:4376:68733_1:146181763",2.1e-22
"4282","HISEQ13:138:C6FWNANXX:2:2212:2165:98980_1:116071208",2.1e-22
"4283","HISEQ13:138:C6FWNANXX:2:1312:3242:69067_1:67293142",2.1e-22
"4284","HISEQ13:138:C6FWNANXX:2:2107:5436:45337_1:83738936",2.1e-22
"4285","HISEQ13:138:C6FWNANXX:2:2114:5945:14463_1:93876221",2.1e-22
"4286","HISEQ13:138:C6FWNANXX:2:2202:5537:49385_1:100605386",2.1e-22
"4287","HISEQ13:138:C6FWNANXX:2:1309:7319:99839_1:63013805",2.1e-22
"4288","HISEQ13:138:C6FWNANXX:2:1108:17990:3373_1:10396476",2.1e-22
"4289","HISEQ13:138:C6FWNANXX:2:2205:7890:84636_1:105363090",2.1e-22
"4290","HISEQ13:138:C6FWNANXX:2:2313:12620:45636_1:140910649",2.1e-22
"4291","HISEQ13:138:C6FWNANXX:2:1110:9648:65557_1:14479082",2.1e-22
"4292","HISEQ13:138:C6FWNANXX:2:1212:10104:37586_1:41850195",2.1e-22
"4293","HISEQ13:138:C6FWNANXX:2:1212:13814:50391_1:42058620",2.1e-22
"4294","HISEQ13:138:C6FWNANXX:2:1215:10625:85180_1:47585270",2.1e-22
"4295","HISEQ13:138:C6FWNANXX:2:1308:6327:63113_1:60877138",2.1e-22
"4296","HISEQ13:138:C6FWNANXX:2:1311:19337:16931_1:64836940",2.1e-22
"4297","HISEQ13:138:C6FWNANXX:2:2213:12975:24374_1:116461438",2.1e-22
"4298","HISEQ13:138:C6FWNANXX:2:1310:19310:2210_1:63032545",2.1e-22
"4299","HISEQ13:138:C6FWNANXX:2:2101:18580:19547_1:74814276",2.1e-22
"4300","HISEQ13:138:C6FWNANXX:2:2314:5391:43302_1:142478113",2.1e-22
"4301","HISEQ13:138:C6FWNANXX:2:2216:9615:96963_1:122538522",2.1e-22
"4302","HISEQ13:138:C6FWNANXX:2:1214:12232:18375_1:44790599",2.1e-22
"4303","HISEQ13:138:C6FWNANXX:2:1105:14617:89742_1:7180152",2.1e-22
"4304","HISEQ13:138:C6FWNANXX:2:1207:21219:12155_1:33748426",2.1e-22
"4305","HISEQ13:138:C6FWNANXX:2:1316:11087:37232_1:73449358",2.1e-22
"4306","HISEQ13:138:C6FWNANXX:2:2110:6855:24653_1:87904857",2.1e-22
"4307","HISEQ13:138:C6FWNANXX:2:2116:8112:57097_1:97804878",2.1e-22
"4308","HISEQ13:138:C6FWNANXX:2:2210:11276:47673_1:112187916",2.1e-22
"4309","HISEQ13:138:C6FWNANXX:2:1108:7313:13760_1:10556946",2.2e-22
"4310","HISEQ13:138:C6FWNANXX:2:1310:4351:80620_1:64274610",2.2e-22
"4311","HISEQ13:138:C6FWNANXX:2:1216:4856:17960_1:48129058",2.2e-22
"4312","HISEQ13:138:C6FWNANXX:2:1308:7798:79993_1:61139956",2.2e-22
"4313","HISEQ13:138:C6FWNANXX:2:1309:9452:4389_1:61506745",2.2e-22
"4314","HISEQ13:138:C6FWNANXX:2:1112:20707:66613_1:17566580",2.2e-22
"4315","HISEQ13:138:C6FWNANXX:2:2103:11631:34072_1:77834283",2.2e-22
"4316","HISEQ13:138:C6FWNANXX:2:1109:7415:25165_1:12275983",2.2e-22
"4317","HISEQ13:138:C6FWNANXX:2:1211:17971:90036_1:41133261",2.2e-22
"4318","HISEQ13:138:C6FWNANXX:2:2301:14407:11120_1:122735198",2.2e-22
"4319","HISEQ13:138:C6FWNANXX:2:2312:3309:71336_1:139736810",2.2e-22
"4320","HISEQ13:138:C6FWNANXX:2:1202:4544:12901_1:26417927",2.2e-22
"4321","HISEQ13:138:C6FWNANXX:2:1315:16067:96220_1:72758631",2.2e-22
"4322","HISEQ13:138:C6FWNANXX:2:2304:4926:86441_1:128009710",2.2e-22
"4323","HISEQ13:138:C6FWNANXX:2:1106:13745:42509_1:7969178",2.2e-22
"4324","HISEQ13:138:C6FWNANXX:2:1107:13883:67162_1:9856175",2.2e-22
"4325","HISEQ13:138:C6FWNANXX:2:1110:10504:15398_1:13684971",2.2e-22
"4326","HISEQ13:138:C6FWNANXX:2:2204:19089:92841_1:104055657",2.2e-22
"4327","HISEQ13:138:C6FWNANXX:2:2313:12766:83078_1:141518790",2.2e-22
"4328","HISEQ13:138:C6FWNANXX:2:2307:6683:86248_1:132353593",2.2e-22
"4329","HISEQ13:138:C6FWNANXX:2:1301:19368:26949_1:49937257",2.2e-22
"4330","HISEQ13:138:C6FWNANXX:2:1102:17625:23466_1:1780009",2.2e-22
"4331","HISEQ13:138:C6FWNANXX:2:1105:15273:38178_1:6406792",2.2e-22
"4332","HISEQ13:138:C6FWNANXX:2:2104:11788:67677_1:79727803",2.2e-22
"4333","HISEQ13:138:C6FWNANXX:2:2107:5767:32590_1:83549811",2.2e-22
"4334","HISEQ13:138:C6FWNANXX:2:2313:5080:11226_1:140353314",2.2e-22
"4335","HISEQ13:138:C6FWNANXX:2:2315:15912:48120_1:144189177",2.2e-22
"4336","HISEQ13:138:C6FWNANXX:2:1207:21298:30171_1:34020296",2.2e-22
"4337","HISEQ13:138:C6FWNANXX:2:2102:18836:69502_1:76930462",2.2e-22
"4338","HISEQ13:138:C6FWNANXX:2:2314:2984:28406_1:142230885",2.2e-22
"4339","HISEQ13:138:C6FWNANXX:2:1305:15396:22928_1:55729560",2.2e-22
"4340","HISEQ13:138:C6FWNANXX:2:2215:9851:3088_1:119324199",2.2e-22
"4341","HISEQ13:138:C6FWNANXX:2:2304:14194:73189_1:127821167",2.2e-22
"4342","HISEQ13:138:C6FWNANXX:2:1107:3827:17563_1:9096491",2.2e-22
"4343","HISEQ13:138:C6FWNANXX:2:2211:20525:43434_1:113647496",2.2e-22
"4344","HISEQ13:138:C6FWNANXX:2:1302:6311:19715_1:51280342",2.2e-22
"4345","HISEQ13:138:C6FWNANXX:2:2103:6254:70035_1:78343252",2.2e-22
"4346","HISEQ13:138:C6FWNANXX:2:2207:5382:46610_1:107703894",2.2e-22
"4347","HISEQ13:138:C6FWNANXX:2:2313:10248:43038_1:140869975",2.2e-22
"4348","HISEQ13:138:C6FWNANXX:2:2115:16085:74156_1:96455486",2.2e-22
"4349","HISEQ13:138:C6FWNANXX:2:1310:3761:70291_1:64112824",2.2e-22
"4350","HISEQ13:138:C6FWNANXX:2:1313:10069:90442_1:69288861",2.2e-22
"4351","HISEQ13:138:C6FWNANXX:2:2305:19268:81271_1:129372079",2.2e-22
"4352","HISEQ13:138:C6FWNANXX:2:1213:5726:78523_1:44147253",2.3e-22
"4353","HISEQ13:138:C6FWNANXX:2:2205:17063:54720_1:104931380",2.3e-22
"4354","HISEQ13:138:C6FWNANXX:2:2108:6842:10786_1:84699954",2.3e-22
"4355","HISEQ13:138:C6FWNANXX:2:2209:17193:12180_1:110146673",2.3e-22
"4356","HISEQ13:138:C6FWNANXX:2:2207:4532:76886_1:108151774",2.3e-22
"4357","HISEQ13:138:C6FWNANXX:2:2315:16269:46390_1:144160000",2.3e-22
"4358","HISEQ13:138:C6FWNANXX:2:1212:2121:44909_1:41966480",2.3e-22
"4359","HISEQ13:138:C6FWNANXX:2:1109:5229:32871_1:12397076",2.3e-22
"4360","HISEQ13:138:C6FWNANXX:2:2113:9125:44399_1:92771388",2.3e-22
"4361","HISEQ13:138:C6FWNANXX:2:1115:3519:59513_1:22398626",2.3e-22
"4362","HISEQ13:138:C6FWNANXX:2:1207:4911:81452_1:34796878",2.3e-22
"4363","HISEQ13:138:C6FWNANXX:2:2101:16378:85855_1:75757507",2.3e-22
"4364","HISEQ13:138:C6FWNANXX:2:2206:4254:48232_1:106273211",2.3e-22
"4365","HISEQ13:138:C6FWNANXX:2:1114:18912:31763_1:20265749",2.3e-22
"4366","HISEQ13:138:C6FWNANXX:2:1301:19368:26949_1:49937256",2.3e-22
"4367","HISEQ13:138:C6FWNANXX:2:2301:18392:31631_1:123025918",2.3e-22
"4368","HISEQ13:138:C6FWNANXX:2:2214:13142:5155_1:117741674",2.3e-22
"4369","HISEQ13:138:C6FWNANXX:2:1106:15865:14982_1:7547581",2.3e-22
"4370","HISEQ13:138:C6FWNANXX:2:1305:19009:81658_1:56613403",2.3e-22
"4371","HISEQ13:138:C6FWNANXX:2:1207:17046:35463_1:34098939",2.3e-22
"4372","HISEQ13:138:C6FWNANXX:2:1107:5415:14780_1:9054103",2.3e-22
"4373","HISEQ13:138:C6FWNANXX:2:1202:21348:99899_1:27697960",2.3e-22
"4374","HISEQ13:138:C6FWNANXX:2:2113:9489:93181_1:93552667",2.3e-22
"4375","HISEQ13:138:C6FWNANXX:2:1303:16079:96274_1:53873719",2.3e-22
"4376","HISEQ13:138:C6FWNANXX:2:1312:17028:3517_1:66224946",2.3e-22
"4377","HISEQ13:138:C6FWNANXX:2:2204:4735:58048_1:103554195",2.3e-22
"4378","HISEQ13:138:C6FWNANXX:2:2207:7410:69084_1:108037555",2.3e-22
"4379","HISEQ13:138:C6FWNANXX:2:2303:4145:67353_1:126325246",2.3e-22
"4380","HISEQ13:138:C6FWNANXX:2:2203:20100:50158_1:102030936",2.3e-22
"4381","HISEQ13:138:C6FWNANXX:2:1116:4333:81751_1:24475826",2.3e-22
"4382","HISEQ13:138:C6FWNANXX:2:2112:11233:76468_1:91710775",2.3e-22
"4383","HISEQ13:138:C6FWNANXX:2:2114:18424:40937_1:94307374",2.3e-22
"4384","HISEQ13:138:C6FWNANXX:2:2205:12965:77653_1:105262018",2.3e-22
"4385","HISEQ13:138:C6FWNANXX:2:2310:13357:65121_1:136543081",2.3e-22
"4386","HISEQ13:138:C6FWNANXX:2:1106:16357:51081_1:8099217",2.3e-22
"4387","HISEQ13:138:C6FWNANXX:2:1115:11460:11381_1:21584538",2.3e-22
"4388","HISEQ13:138:C6FWNANXX:2:2203:19841:39381_1:101877281",2.3e-22
"4389","HISEQ13:138:C6FWNANXX:2:1106:10738:67588_1:8350830",2.3e-22
"4390","HISEQ13:138:C6FWNANXX:2:1104:17049:6782_1:4462123",2.3e-22
"4391","HISEQ13:138:C6FWNANXX:2:2113:4930:84906_1:93420017",2.3e-22
"4392","HISEQ13:138:C6FWNANXX:2:2302:15534:92723_1:125282846",2.3e-22
"4393","HISEQ13:138:C6FWNANXX:2:2306:7970:100541_1:131103121",2.3e-22
"4394","HISEQ13:138:C6FWNANXX:2:1107:3029:93177_1:10253152",2.3e-22
"4395","HISEQ13:138:C6FWNANXX:2:1204:4181:2978_1:29178967",2.3e-22
"4396","HISEQ13:138:C6FWNANXX:2:2212:9602:74349_1:115681103",2.3e-22
"4397","HISEQ13:138:C6FWNANXX:2:1201:19936:87126_1:26058694",2.3e-22
"4398","HISEQ13:138:C6FWNANXX:2:1310:4508:21582_1:63338581",2.3e-22
"4399","HISEQ13:138:C6FWNANXX:2:2116:7740:65502_1:97943551",2.3e-22
"4400","HISEQ13:138:C6FWNANXX:2:1105:7977:50743_1:6593416",2.4e-22
"4401","HISEQ13:138:C6FWNANXX:2:1302:5682:33947_1:51488574",2.4e-22
"4402","HISEQ13:138:C6FWNANXX:2:1105:3358:48018_1:6554846",2.4e-22
"4403","HISEQ13:138:C6FWNANXX:2:2308:18496:85715_1:133834138",2.4e-22
"4404","HISEQ13:138:C6FWNANXX:2:2110:4871:50337_1:88299420",2.4e-22
"4405","HISEQ13:138:C6FWNANXX:2:2115:4609:3298_1:95302140",2.4e-22
"4406","HISEQ13:138:C6FWNANXX:2:1307:11369:18596_1:58665041",2.4e-22
"4407","HISEQ13:138:C6FWNANXX:2:1302:8576:57019_1:51831718",2.4e-22
"4408","HISEQ13:138:C6FWNANXX:2:1209:1452:36299_1:37152577",2.4e-22
"4409","HISEQ13:138:C6FWNANXX:2:1216:12152:28318_1:48311735",2.4e-22
"4410","HISEQ13:138:C6FWNANXX:2:2110:14598:24579_1:87906460",2.4e-22
"4411","HISEQ13:138:C6FWNANXX:2:1203:9006:95525_1:29089034",2.4e-22
"4412","HISEQ13:138:C6FWNANXX:2:2213:3444:37699_1:116671917",2.4e-22
"4413","HISEQ13:138:C6FWNANXX:2:2216:18087:80888_1:122270034",2.4e-22
"4414","HISEQ13:138:C6FWNANXX:2:2313:14461:89821_1:141628314",2.4e-22
"4415","HISEQ13:138:C6FWNANXX:2:1309:13209:88113_1:62830643",2.4e-22
"4416","HISEQ13:138:C6FWNANXX:2:2103:8221:68000_1:78311702",2.4e-22
"4417","HISEQ13:138:C6FWNANXX:2:2112:8994:71012_1:91626283",2.4e-22
"4418","HISEQ13:138:C6FWNANXX:2:1208:6192:74048_1:36204427",2.4e-22
"4419","HISEQ13:138:C6FWNANXX:2:1216:16130:51088_1:48705910",2.5e-22
"4420","HISEQ13:138:C6FWNANXX:2:2205:20909:95062_1:105517719",2.5e-22
"4421","HISEQ13:138:C6FWNANXX:2:2216:17784:3859_1:120970577",2.5e-22
"4422","HISEQ13:138:C6FWNANXX:2:1304:19613:59537_1:54800263",2.5e-22
"4423","HISEQ13:138:C6FWNANXX:2:1101:12518:49976_1:709402",2.5e-22
"4424","HISEQ13:138:C6FWNANXX:2:2103:9070:25422_1:77708588",2.5e-22
"4425","HISEQ13:138:C6FWNANXX:2:1215:19616:96093_1:47776432",2.5e-22
"4426","HISEQ13:138:C6FWNANXX:2:2109:9377:18601_1:86309794",2.5e-22
"4427","HISEQ13:138:C6FWNANXX:2:2113:15163:62241_1:93056940",2.5e-22
"4428","HISEQ13:138:C6FWNANXX:2:1202:19921:25639_1:26608273",2.5e-22
"4429","HISEQ13:138:C6FWNANXX:2:1210:9352:76309_1:39328873",2.5e-22
"4430","HISEQ13:138:C6FWNANXX:2:1214:17062:62235_1:45526499",2.5e-22
"4431","HISEQ13:138:C6FWNANXX:2:2109:12954:50868_1:86799608",2.5e-22
"4432","HISEQ13:138:C6FWNANXX:2:2307:2066:86789_1:132364094",2.5e-22
"4433","HISEQ13:138:C6FWNANXX:2:2202:7824:70079_1:100901366",2.5e-22
"4434","HISEQ13:138:C6FWNANXX:2:2305:20591:75205_1:129280940",2.5e-22
"4435","HISEQ13:138:C6FWNANXX:2:1214:14956:23642_1:44879719",2.5e-22
"4436","HISEQ13:138:C6FWNANXX:2:1316:17721:8600_1:72955625",2.5e-22
"4437","HISEQ13:138:C6FWNANXX:2:2201:2056:37788_1:99035851",2.5e-22
"4438","HISEQ13:138:C6FWNANXX:2:2214:2846:71229_1:118818968",2.5e-22
"4439","HISEQ13:138:C6FWNANXX:2:2302:17230:72917_1:125002370",2.5e-22
"4440","HISEQ13:138:C6FWNANXX:2:1209:16360:97857_1:38117435",2.5e-22
"4441","HISEQ13:138:C6FWNANXX:2:1216:5065:48533_1:48660447",2.5e-22
"4442","HISEQ13:138:C6FWNANXX:2:2303:20627:50762_1:126094243",2.5e-22
"4443","HISEQ13:138:C6FWNANXX:2:1203:11977:24213_1:28036320",2.5e-22
"4444","HISEQ13:138:C6FWNANXX:2:1212:12589:25955_1:41659745",2.5e-22
"4445","HISEQ13:138:C6FWNANXX:2:2201:1474:70544_1:99502735",2.5e-22
"4446","HISEQ13:138:C6FWNANXX:2:1112:6773:54967_1:17373438",2.5e-22
"4447","HISEQ13:138:C6FWNANXX:2:2212:16852:56007_1:115392951",2.5e-22
"4448","HISEQ13:138:C6FWNANXX:2:2304:20464:2608_1:126810300",2.5e-22
"4449","HISEQ13:138:C6FWNANXX:2:2105:19574:13678_1:80376310",2.5e-22
"4450","HISEQ13:138:C6FWNANXX:2:2207:1609:18779_1:107295851",2.5e-22
"4451","HISEQ13:138:C6FWNANXX:2:2210:15909:9638_1:111609156",2.5e-22
"4452","HISEQ13:138:C6FWNANXX:2:1110:5526:74229_1:14612330",2.5e-22
"4453","HISEQ13:138:C6FWNANXX:2:1111:7239:70733_1:16145504",2.5e-22
"4454","HISEQ13:138:C6FWNANXX:2:1113:2311:77412_1:19369494",2.5e-22
"4455","HISEQ13:138:C6FWNANXX:2:2316:18466:62521_1:146083256",2.5e-22
"4456","HISEQ13:138:C6FWNANXX:2:1206:20058:87850_1:33396927",2.5e-22
"4457","HISEQ13:138:C6FWNANXX:2:1214:14956:23642_1:44879718",2.5e-22
"4458","HISEQ13:138:C6FWNANXX:2:1303:13706:36677_1:52989441",2.5e-22
"4459","HISEQ13:138:C6FWNANXX:2:1103:19139:49073_1:3622202",2.5e-22
"4460","HISEQ13:138:C6FWNANXX:2:1309:9193:16558_1:61699259",2.5e-22
"4461","HISEQ13:138:C6FWNANXX:2:1310:14493:83553_1:64324063",2.5e-22
"4462","HISEQ13:138:C6FWNANXX:2:1313:3627:38070_1:68414306",2.5e-22
"4463","HISEQ13:138:C6FWNANXX:2:2116:14836:31640_1:97386590",2.5e-22
"4464","HISEQ13:138:C6FWNANXX:2:2101:4711:68890_1:75513881",2.5e-22
"4465","HISEQ13:138:C6FWNANXX:2:2305:3453:43421_1:128816501",2.5e-22
"4466","HISEQ13:138:C6FWNANXX:2:2313:19407:88740_1:141609264",2.5e-22
"4467","HISEQ13:138:C6FWNANXX:2:2111:16800:2883_1:89082149",2.5e-22
"4468","HISEQ13:138:C6FWNANXX:2:1316:17231:77206_1:74151546",2.5e-22
"4469","HISEQ13:138:C6FWNANXX:2:1210:3019:54690_1:38988668",2.6e-22
"4470","HISEQ13:138:C6FWNANXX:2:1305:7516:6989_1:55488190",2.6e-22
"4471","HISEQ13:138:C6FWNANXX:2:2216:19054:4710_1:120983492",2.6e-22
"4472","HISEQ13:138:C6FWNANXX:2:1311:13127:25355_1:64970917",2.6e-22
"4473","HISEQ13:138:C6FWNANXX:2:2101:3174:69413_1:75520701",2.6e-22
"4474","HISEQ13:138:C6FWNANXX:2:2111:10657:47931_1:89780639",2.6e-22
"4475","HISEQ13:138:C6FWNANXX:2:2203:7527:30612_1:101749964",2.6e-22
"4476","HISEQ13:138:C6FWNANXX:2:1210:2036:82868_1:39429888",2.6e-22
"4477","HISEQ13:138:C6FWNANXX:2:2216:3069:86490_1:122359953",2.6e-22
"4478","HISEQ13:138:C6FWNANXX:2:2104:3266:75369_1:79838238",2.6e-22
"4479","HISEQ13:138:C6FWNANXX:2:1106:9652:57194_1:8189451",2.6e-22
"4480","HISEQ13:138:C6FWNANXX:2:1308:9926:56361_1:60771690",2.6e-22
"4481","HISEQ13:138:C6FWNANXX:2:2110:18772:95455_1:88985974",2.6e-22
"4482","HISEQ13:138:C6FWNANXX:2:2215:9948:83914_1:120656006",2.6e-22
"4483","HISEQ13:138:C6FWNANXX:2:2315:2994:78709_1:144686715",2.6e-22
"4484","HISEQ13:138:C6FWNANXX:2:2305:18885:83319_1:129400969",2.6e-22
"4485","HISEQ13:138:C6FWNANXX:2:1115:15841:74264_1:22650685",2.6e-22
"4486","HISEQ13:138:C6FWNANXX:2:2303:9587:88067_1:126619476",2.6e-22
"4487","HISEQ13:138:C6FWNANXX:2:2215:20571:5157_1:119359183",2.6e-22
"4488","HISEQ13:138:C6FWNANXX:2:1203:15507:46888_1:28371863",2.6e-22
"4489","HISEQ13:138:C6FWNANXX:2:2105:15379:59717_1:81042698",2.6e-22
"4490","HISEQ13:138:C6FWNANXX:2:2111:14106:19655_1:89341138",2.6e-22
"4491","HISEQ13:138:C6FWNANXX:2:1303:13108:41223_1:53056305",2.6e-22
"4492","HISEQ13:138:C6FWNANXX:2:2204:7198:38464_1:103270363",2.7e-22
"4493","HISEQ13:138:C6FWNANXX:2:2213:17375:70077_1:117197737",2.7e-22
"4494","HISEQ13:138:C6FWNANXX:2:2309:7221:85531_1:135337692",2.7e-22
"4495","HISEQ13:138:C6FWNANXX:2:2107:19966:70023_1:84109889",2.7e-22
"4496","HISEQ13:138:C6FWNANXX:2:1116:3686:9580_1:23233741",2.7e-22
"4497","HISEQ13:138:C6FWNANXX:2:2211:7555:16958_1:113230356",2.7e-22
"4498","HISEQ13:138:C6FWNANXX:2:2212:3500:70056_1:115611888",2.7e-22
"4499","HISEQ13:138:C6FWNANXX:2:2304:19608:16857_1:127015756",2.7e-22
"4500","HISEQ13:138:C6FWNANXX:2:1107:3312:74414_1:9965236",2.7e-22
"4501","HISEQ13:138:C6FWNANXX:2:1103:4034:83304_1:4127733",2.7e-22
"4502","HISEQ13:138:C6FWNANXX:2:2201:3766:21091_1:98796759",2.7e-22
"4503","HISEQ13:138:C6FWNANXX:2:2203:6853:17710_1:101564501",2.7e-22
"4504","HISEQ13:138:C6FWNANXX:2:2207:14489:47627_1:107719985",2.7e-22
"4505","HISEQ13:138:C6FWNANXX:2:2313:17475:80980_1:141482984",2.7e-22
"4506","HISEQ13:138:C6FWNANXX:2:1208:19947:88248_1:36424295",2.7e-22
"4507","HISEQ13:138:C6FWNANXX:2:2101:5391:94985_1:75882983",2.7e-22
"4508","HISEQ13:138:C6FWNANXX:2:1111:19296:79241_1:16299445",2.7e-22
"4509","HISEQ13:138:C6FWNANXX:2:1207:8186:76230_1:34717287",2.7e-22
"4510","HISEQ13:138:C6FWNANXX:2:1311:19600:72801_1:65741549",2.7e-22
"4511","HISEQ13:138:C6FWNANXX:2:1314:1435:39486_1:70095158",2.7e-22
"4512","HISEQ13:138:C6FWNANXX:2:1316:3479:47351_1:73627304",2.7e-22
"4513","HISEQ13:138:C6FWNANXX:2:2309:18598:12433_1:134222140",2.7e-22
"4514","HISEQ13:138:C6FWNANXX:2:1209:1590:74361_1:37746706",2.7e-22
"4515","HISEQ13:138:C6FWNANXX:2:2310:8251:60043_1:136465750",2.7e-22
"4516","HISEQ13:138:C6FWNANXX:2:1115:10996:61255_1:22430109",2.7e-22
"4517","HISEQ13:138:C6FWNANXX:2:1307:21211:76908_1:59563924",2.7e-22
"4518","HISEQ13:138:C6FWNANXX:2:1310:18807:59291_1:63942741",2.7e-22
"4519","HISEQ13:138:C6FWNANXX:2:2112:6097:71761_1:91637766",2.7e-22
"4520","HISEQ13:138:C6FWNANXX:2:2204:17460:45107_1:103369052",2.7e-22
"4521","HISEQ13:138:C6FWNANXX:2:2213:16506:7617_1:116195562",2.7e-22
"4522","HISEQ13:138:C6FWNANXX:2:2303:14280:13108_1:125557216",2.7e-22
"4523","HISEQ13:138:C6FWNANXX:2:1208:7120:66557_1:36088696",2.7e-22
"4524","HISEQ13:138:C6FWNANXX:2:2113:1559:25895_1:92474839",2.7e-22
"4525","HISEQ13:138:C6FWNANXX:2:2205:10591:65485_1:105085003",2.7e-22
"4526","HISEQ13:138:C6FWNANXX:2:2301:5873:53560_1:123333155",2.7e-22
"4527","HISEQ13:138:C6FWNANXX:2:1209:20855:46661_1:37315501",2.7e-22
"4528","HISEQ13:138:C6FWNANXX:2:1302:7637:97349_1:52425343",2.7e-22
"4529","HISEQ13:138:C6FWNANXX:2:1310:16723:46806_1:63742827",2.7e-22
"4530","HISEQ13:138:C6FWNANXX:2:2112:7829:67349_1:91566558",2.7e-22
"4531","HISEQ13:138:C6FWNANXX:2:2310:20679:55090_1:136391623",2.7e-22
"4532","HISEQ13:138:C6FWNANXX:2:1206:1977:75950_1:33213479",2.7e-22
"4533","HISEQ13:138:C6FWNANXX:2:1309:6549:62623_1:62425197",2.7e-22
"4534","HISEQ13:138:C6FWNANXX:2:1315:3105:96240_1:72755778",2.7e-22
"4535","HISEQ13:138:C6FWNANXX:2:1316:10525:86856_1:74320199",2.7e-22
"4536","HISEQ13:138:C6FWNANXX:2:2205:21190:98907_1:105572605",2.7e-22
"4537","HISEQ13:138:C6FWNANXX:2:2302:16062:78743_1:125084422",2.7e-22
"4538","HISEQ13:138:C6FWNANXX:2:2308:14195:84560_1:133818405",2.7e-22
"4539","HISEQ13:138:C6FWNANXX:2:2309:4633:14129_1:134246313",2.7e-22
"4540","HISEQ13:138:C6FWNANXX:2:2216:11771:67399_1:122039337",2.7e-22
"4541","HISEQ13:138:C6FWNANXX:2:1204:14367:66927_1:30114436",2.8e-22
"4542","HISEQ13:138:C6FWNANXX:2:1304:13519:96273_1:55348772",2.8e-22
"4543","HISEQ13:138:C6FWNANXX:2:2105:14326:51002_1:80919924",2.8e-22
"4544","HISEQ13:138:C6FWNANXX:2:2203:19487:95891_1:102684186",2.8e-22
"4545","HISEQ13:138:C6FWNANXX:2:2212:1358:40807_1:115149189",2.8e-22
"4546","HISEQ13:138:C6FWNANXX:2:1215:12029:62238_1:47196933",2.8e-22
"4547","HISEQ13:138:C6FWNANXX:2:1308:20550:5530_1:59987568",2.8e-22
"4548","HISEQ13:138:C6FWNANXX:2:1209:18815:58068_1:37495101",2.8e-22
"4549","HISEQ13:138:C6FWNANXX:2:2214:7403:74080_1:118869155",2.8e-22
"4550","HISEQ13:138:C6FWNANXX:2:1305:1561:66111_1:56375716",2.8e-22
"4551","HISEQ13:138:C6FWNANXX:2:2115:4424:87502_1:96674218",2.8e-22
"4552","HISEQ13:138:C6FWNANXX:2:2203:17079:99487_1:102733436",2.8e-22
"4553","HISEQ13:138:C6FWNANXX:2:1213:1698:21830_1:43208053",2.8e-22
"4554","HISEQ13:138:C6FWNANXX:2:1215:10757:40892_1:46836351",2.8e-22
"4555","HISEQ13:138:C6FWNANXX:2:2216:14071:33570_1:121468027",2.8e-22
"4556","HISEQ13:138:C6FWNANXX:2:2303:8269:10480_1:125517129",2.8e-22
"4557","HISEQ13:138:C6FWNANXX:2:2316:5498:57812_1:146000214",2.8e-22
"4558","HISEQ13:138:C6FWNANXX:2:2103:3303:81255_1:78503138",2.8e-22
"4559","HISEQ13:138:C6FWNANXX:2:1108:9492:82231_1:11620055",2.8e-22
"4560","HISEQ13:138:C6FWNANXX:2:2116:15663:96298_1:98451723",2.8e-22
"4561","HISEQ13:138:C6FWNANXX:2:2107:4863:64771_1:84029014",2.8e-22
"4562","HISEQ13:138:C6FWNANXX:2:2304:14194:73189_1:127821168",2.8e-22
"4563","HISEQ13:138:C6FWNANXX:2:2213:2989:48080_1:116839557",2.8e-22
"4564","HISEQ13:138:C6FWNANXX:2:1201:10077:36597_1:25314340",2.8e-22
"4565","HISEQ13:138:C6FWNANXX:2:2216:5951:51463_1:121766637",2.8e-22
"4566","HISEQ13:138:C6FWNANXX:2:1305:17727:6968_1:55490171",2.8e-22
"4567","HISEQ13:138:C6FWNANXX:2:1312:18854:55988_1:67078985",2.8e-22
"4568","HISEQ13:138:C6FWNANXX:2:1312:5423:94200_1:67706578",2.8e-22
"4569","HISEQ13:138:C6FWNANXX:2:2210:6918:4155_1:111523782",2.8e-22
"4570","HISEQ13:138:C6FWNANXX:2:2316:4565:99135_1:146696000",2.8e-22
"4571","HISEQ13:138:C6FWNANXX:2:1313:5889:12474_1:67988792",2.8e-22
"4572","HISEQ13:138:C6FWNANXX:2:2208:19846:66354_1:109473832",2.8e-22
"4573","HISEQ13:138:C6FWNANXX:2:2310:4390:15280_1:135774093",2.8e-22
"4574","HISEQ13:138:C6FWNANXX:2:1316:4940:50834_1:73689082",2.8e-22
"4575","HISEQ13:138:C6FWNANXX:2:1308:20201:59209_1:60817357",2.8e-22
"4576","HISEQ13:138:C6FWNANXX:2:2101:3005:92278_1:75846928",2.8e-22
"4577","HISEQ13:138:C6FWNANXX:2:2203:17558:34957_1:101812253",2.8e-22
"4578","HISEQ13:138:C6FWNANXX:2:2302:4646:74429_1:125021757",2.8e-22
"4579","HISEQ13:138:C6FWNANXX:2:2306:8721:69580_1:130647652",2.8e-22
"4580","HISEQ13:138:C6FWNANXX:2:2202:19304:51140_1:100632882",2.8e-22
"4581","HISEQ13:138:C6FWNANXX:2:2315:13646:62681_1:144427476",2.8e-22
"4582","HISEQ13:138:C6FWNANXX:2:1206:17671:8998_1:32202295",2.8e-22
"4583","HISEQ13:138:C6FWNANXX:2:1114:10925:36467_1:20339951",2.8e-22
"4584","HISEQ13:138:C6FWNANXX:2:1213:16478:62072_1:43876098",2.8e-22
"4585","HISEQ13:138:C6FWNANXX:2:1313:19178:19552_1:68110319",2.8e-22
"4586","HISEQ13:138:C6FWNANXX:2:2109:12648:70087_1:87094194",2.8e-22
"4587","HISEQ13:138:C6FWNANXX:2:2202:15904:22988_1:100232633",2.8e-22
"4588","HISEQ13:138:C6FWNANXX:2:2311:5406:9386_1:137201162",2.8e-22
"4589","HISEQ13:138:C6FWNANXX:2:1210:3818:49915_1:38914277",2.9e-22
"4590","HISEQ13:138:C6FWNANXX:2:1215:19523:19277_1:46473263",2.9e-22
"4591","HISEQ13:138:C6FWNANXX:2:2209:6841:49731_1:110712574",2.9e-22
"4592","HISEQ13:138:C6FWNANXX:2:2303:9587:88067_1:126619475",2.9e-22
"4593","HISEQ13:138:C6FWNANXX:2:2213:15413:14135_1:116299308",2.9e-22
"4594","HISEQ13:138:C6FWNANXX:2:2207:1609:18779_1:107295852",2.9e-22
"4595","HISEQ13:138:C6FWNANXX:2:1309:14058:89504_1:62854708",2.9e-22
"4596","HISEQ13:138:C6FWNANXX:2:1204:17817:49843_1:29862671",2.9e-22
"4597","HISEQ13:138:C6FWNANXX:2:1308:20096:75806_1:61079386",2.9e-22
"4598","HISEQ13:138:C6FWNANXX:2:2310:9183:84801_1:136842414",2.9e-22
"4599","HISEQ13:138:C6FWNANXX:2:1312:5200:20893_1:66504824",2.9e-22
"4600","HISEQ13:138:C6FWNANXX:2:1312:3153:12938_1:66373480",2.9e-22
"4601","HISEQ13:138:C6FWNANXX:2:2302:14715:14713_1:124180508",2.9e-22
"4602","HISEQ13:138:C6FWNANXX:2:1216:7048:83758_1:49274749",2.9e-22
"4603","HISEQ13:138:C6FWNANXX:2:1114:16906:20928_1:20081723",2.9e-22
"4604","HISEQ13:138:C6FWNANXX:2:2108:2953:43897_1:85194603",2.9e-22
"4605","HISEQ13:138:C6FWNANXX:2:2214:7403:74080_1:118869156",2.9e-22
"4606","HISEQ13:138:C6FWNANXX:2:2302:5712:26322_1:124345020",2.9e-22
"4607","HISEQ13:138:C6FWNANXX:2:1312:18915:46808_1:66931135",2.9e-22
"4608","HISEQ13:138:C6FWNANXX:2:1303:13577:84514_1:53698443",2.9e-22
"4609","HISEQ13:138:C6FWNANXX:2:1314:17058:95480_1:71049962",2.9e-22
"4610","HISEQ13:138:C6FWNANXX:2:2311:16316:85921_1:138405018",2.9e-22
"4611","HISEQ13:138:C6FWNANXX:2:1313:15371:63066_1:68832830",2.9e-22
"4612","HISEQ13:138:C6FWNANXX:2:1211:2343:41321_1:40344403",2.9e-22
"4613","HISEQ13:138:C6FWNANXX:2:2202:20699:67111_1:100860742",2.9e-22
"4614","HISEQ13:138:C6FWNANXX:2:1113:11614:23437_1:18479095",2.9e-22
"4615","HISEQ13:138:C6FWNANXX:2:1205:18034:6594_1:30689213",2.9e-22
"4616","HISEQ13:138:C6FWNANXX:2:1306:2740:30126_1:57330230",2.9e-22
"4617","HISEQ13:138:C6FWNANXX:2:2101:9804:31607_1:74984864",2.9e-22
"4618","HISEQ13:138:C6FWNANXX:2:1312:9216:12862_1:66374714",2.9e-22
"4619","HISEQ13:138:C6FWNANXX:2:2106:6507:75603_1:82724283",2.9e-22
"4620","HISEQ13:138:C6FWNANXX:2:2115:20240:13737_1:95472686",2.9e-22
"4621","HISEQ13:138:C6FWNANXX:2:2202:21086:91490_1:101208023",2.9e-22
"4622","HISEQ13:138:C6FWNANXX:2:2207:4568:45939_1:107693007",2.9e-22
"4623","HISEQ13:138:C6FWNANXX:2:2104:14508:68297_1:79739054",2.9e-22
"4624","HISEQ13:138:C6FWNANXX:2:2110:13066:37385_1:88101497",2.9e-22
"4625","HISEQ13:138:C6FWNANXX:2:2310:10519:46483_1:136253822",3e-22
"4626","HISEQ13:138:C6FWNANXX:2:1205:3792:18852_1:30870758",3e-22
"4627","HISEQ13:138:C6FWNANXX:2:1305:4998:14719_1:55604032",3e-22
"4628","HISEQ13:138:C6FWNANXX:2:1307:15661:12234_1:58566496",3e-22
"4629","HISEQ13:138:C6FWNANXX:2:2115:8377:48152_1:96030512",3e-22
"4630","HISEQ13:138:C6FWNANXX:2:2208:20102:94639_1:109900645",3e-22
"4631","HISEQ13:138:C6FWNANXX:2:1103:12451:33402_1:3388686",3e-22
"4632","HISEQ13:138:C6FWNANXX:2:1212:18148:16355_1:41512382",3e-22
"4633","HISEQ13:138:C6FWNANXX:2:1112:19719:39621_1:17128864",3e-22
"4634","HISEQ13:138:C6FWNANXX:2:1310:2052:90290_1:64428947",3e-22
"4635","HISEQ13:138:C6FWNANXX:2:2107:20816:13028_1:83263568",3e-22
"4636","HISEQ13:138:C6FWNANXX:2:2116:9293:25234_1:97277004",3e-22
"4637","HISEQ13:138:C6FWNANXX:2:1105:15462:9327_1:5974357",3e-22
"4638","HISEQ13:138:C6FWNANXX:2:1310:10114:5287_1:63082227",3e-22
"4639","HISEQ13:138:C6FWNANXX:2:2114:14444:34343_1:94201680",3e-22
"4640","HISEQ13:138:C6FWNANXX:2:2202:9397:23863_1:100245725",3e-22
"4641","HISEQ13:138:C6FWNANXX:2:1103:18924:42265_1:3522421",3e-22
"4642","HISEQ13:138:C6FWNANXX:2:1303:2957:31110_1:52905928",3e-22
"4643","HISEQ13:138:C6FWNANXX:2:1316:10526:23810_1:73219650",3e-22
"4644","HISEQ13:138:C6FWNANXX:2:2103:15377:51835_1:78087015",3e-22
"4645","HISEQ13:138:C6FWNANXX:2:2210:17040:56357_1:112323651",3e-22
"4646","HISEQ13:138:C6FWNANXX:2:2312:4536:58040_1:139526781",3e-22
"4647","HISEQ13:138:C6FWNANXX:2:1216:1527:4430_1:47894570",3e-22
"4648","HISEQ13:138:C6FWNANXX:2:2106:3685:3892_1:81667060",3e-22
"4649","HISEQ13:138:C6FWNANXX:2:1207:14212:95127_1:35007825",3e-22
"4650","HISEQ13:138:C6FWNANXX:2:2209:10814:63279_1:110922803",3e-22
"4651","HISEQ13:138:C6FWNANXX:2:2209:11906:51477_1:110740268",3e-22
"4652","HISEQ13:138:C6FWNANXX:2:2309:1593:37426_1:134598871",3e-22
"4653","HISEQ13:138:C6FWNANXX:2:1216:5587:71320_1:49055506",3e-22
"4654","HISEQ13:138:C6FWNANXX:2:1308:16694:73898_1:61047103",3e-22
"4655","HISEQ13:138:C6FWNANXX:2:2113:15163:62241_1:93056939",3e-22
"4656","HISEQ13:138:C6FWNANXX:2:1114:3696:15016_1:19982215",3e-22
"4657","HISEQ13:138:C6FWNANXX:2:1115:17110:15641_1:21657949",3e-22
"4658","HISEQ13:138:C6FWNANXX:2:1106:11439:72447_1:8423705",3e-22
"4659","HISEQ13:138:C6FWNANXX:2:1116:3969:63881_1:24164509",3e-22
"4660","HISEQ13:138:C6FWNANXX:2:2216:3274:87470_1:122377204",3e-22
"4661","HISEQ13:138:C6FWNANXX:2:1308:18934:23044_1:60257373",3e-22
"4662","HISEQ13:138:C6FWNANXX:2:1312:15122:31559_1:66682401",3e-22
"4663","HISEQ13:138:C6FWNANXX:2:2101:8413:40334_1:75109053",3e-22
"4664","HISEQ13:138:C6FWNANXX:2:2206:11091:83320_1:106792947",3e-22
"4665","HISEQ13:138:C6FWNANXX:2:1311:7185:36731_1:65150496",3e-22
"4666","HISEQ13:138:C6FWNANXX:2:1316:7728:23061_1:73205910",3e-22
"4667","HISEQ13:138:C6FWNANXX:2:2103:3457:55103_1:78130701",3e-22
"4668","HISEQ13:138:C6FWNANXX:2:2115:17267:57028_1:96178850",3e-22
"4669","HISEQ13:138:C6FWNANXX:2:1202:6671:58076_1:27082033",3e-22
"4670","HISEQ13:138:C6FWNANXX:2:1316:3876:25437_1:73244175",3e-22
"4671","HISEQ13:138:C6FWNANXX:2:2214:10880:90715_1:119139717",3e-22
"4672","HISEQ13:138:C6FWNANXX:2:1307:8452:85249_1:59688276",3e-22
"4673","HISEQ13:138:C6FWNANXX:2:2201:17785:48045_1:99184166",3e-22
"4674","HISEQ13:138:C6FWNANXX:2:1204:9070:24114_1:29478037",3e-22
"4675","HISEQ13:138:C6FWNANXX:2:1105:2044:57515_1:6696953",3e-22
"4676","HISEQ13:138:C6FWNANXX:2:2206:21152:95790_1:106977425",3e-22
"4677","HISEQ13:138:C6FWNANXX:2:2207:16494:5876_1:107107043",3e-22
"4678","HISEQ13:138:C6FWNANXX:2:1214:15621:6377_1:44591347",3.1e-22
"4679","HISEQ13:138:C6FWNANXX:2:2204:5491:42075_1:103323599",3.1e-22
"4680","HISEQ13:138:C6FWNANXX:2:2301:5948:72697_1:123600901",3.1e-22
"4681","HISEQ13:138:C6FWNANXX:2:2103:17294:63608_1:78253644",3.1e-22
"4682","HISEQ13:138:C6FWNANXX:2:1309:10238:8114_1:61566072",3.1e-22
"4683","HISEQ13:138:C6FWNANXX:2:1316:2344:26345_1:73261152",3.1e-22
"4684","HISEQ13:138:C6FWNANXX:2:1315:8188:84651_1:72555673",3.1e-22
"4685","HISEQ13:138:C6FWNANXX:2:2106:6824:30341_1:82056891",3.1e-22
"4686","HISEQ13:138:C6FWNANXX:2:2204:10877:60486_1:103587454",3.1e-22
"4687","HISEQ13:138:C6FWNANXX:2:2209:15835:93369_1:111379751",3.1e-22
"4688","HISEQ13:138:C6FWNANXX:2:2311:19780:58810_1:137978408",3.1e-22
"4689","HISEQ13:138:C6FWNANXX:2:2115:10660:42371_1:95938247",3.1e-22
"4690","HISEQ13:138:C6FWNANXX:2:1114:11150:83959_1:21137965",3.1e-22
"4691","HISEQ13:138:C6FWNANXX:2:1205:3786:13460_1:30787648",3.1e-22
"4692","HISEQ13:138:C6FWNANXX:2:2106:18275:93155_1:82982208",3.1e-22
"4693","HISEQ13:138:C6FWNANXX:2:2116:10225:40460_1:97530288",3.1e-22
"4694","HISEQ13:138:C6FWNANXX:2:1110:11866:71771_1:14578239",3.1e-22
"4695","HISEQ13:138:C6FWNANXX:2:2105:20976:100574_1:81638619",3.1e-22
"4696","HISEQ13:138:C6FWNANXX:2:2307:11784:19905_1:131371013",3.1e-22
"4697","HISEQ13:138:C6FWNANXX:2:1102:14673:63444_1:2367839",3.1e-22
"4698","HISEQ13:138:C6FWNANXX:2:1109:3883:80176_1:13144829",3.1e-22
"4699","HISEQ13:138:C6FWNANXX:2:1214:5704:66295_1:45595755",3.1e-22
"4700","HISEQ13:138:C6FWNANXX:2:1309:8196:90238_1:62861314",3.1e-22
"4701","HISEQ13:138:C6FWNANXX:2:1106:8760:14354_1:7538538",3.1e-22
"4702","HISEQ13:138:C6FWNANXX:2:1203:20249:57084_1:28522299",3.1e-22
"4703","HISEQ13:138:C6FWNANXX:2:2208:7997:23182_1:108823491",3.1e-22
"4704","HISEQ13:138:C6FWNANXX:2:1202:1536:26181_1:26612121",3.1e-22
"4705","HISEQ13:138:C6FWNANXX:2:1207:5028:32239_1:34047754",3.1e-22
"4706","HISEQ13:138:C6FWNANXX:2:1211:5264:69168_1:40792576",3.1e-22
"4707","HISEQ13:138:C6FWNANXX:2:1303:18190:21613_1:52767533",3.1e-22
"4708","HISEQ13:138:C6FWNANXX:2:1313:7129:4470_1:67856223",3.1e-22
"4709","HISEQ13:138:C6FWNANXX:2:2106:3108:93103_1:82979385",3.1e-22
"4710","HISEQ13:138:C6FWNANXX:2:2110:12278:90431_1:88909937",3.1e-22
"4711","HISEQ13:138:C6FWNANXX:2:2315:14114:55773_1:144316600",3.1e-22
"4712","HISEQ13:138:C6FWNANXX:2:1210:15683:99643_1:39695711",3.1e-22
"4713","HISEQ13:138:C6FWNANXX:2:1205:14446:21258_1:30909968",3.1e-22
"4714","HISEQ13:138:C6FWNANXX:2:1216:4790:37397_1:48466139",3.1e-22
"4715","HISEQ13:138:C6FWNANXX:2:2305:2434:54745_1:128980950",3.1e-22
"4716","HISEQ13:138:C6FWNANXX:2:2216:1508:26317_1:121343463",3.1e-22
"4717","HISEQ13:138:C6FWNANXX:2:2113:13776:7089_1:92180666",3.2e-22
"4718","HISEQ13:138:C6FWNANXX:2:1101:8298:83728_1:1207367",3.2e-22
"4719","HISEQ13:138:C6FWNANXX:2:1105:18610:54959_1:6659317",3.2e-22
"4720","HISEQ13:138:C6FWNANXX:2:1112:19748:22346_1:16850296",3.2e-22
"4721","HISEQ13:138:C6FWNANXX:2:2101:20090:12857_1:74718411",3.2e-22
"4722","HISEQ13:138:C6FWNANXX:2:2314:9858:25888_1:142191948",3.2e-22
"4723","HISEQ13:138:C6FWNANXX:2:1215:12184:19922_1:46480125",3.2e-22
"4724","HISEQ13:138:C6FWNANXX:2:2213:9650:31878_1:116580804",3.2e-22
"4725","HISEQ13:138:C6FWNANXX:2:2110:9195:88204_1:88874518",3.2e-22
"4726","HISEQ13:138:C6FWNANXX:2:2214:11755:7784_1:117786636",3.2e-22
"4727","HISEQ13:138:C6FWNANXX:2:2216:8401:46951_1:121690578",3.2e-22
"4728","HISEQ13:138:C6FWNANXX:2:1104:10554:90665_1:5709403",3.2e-22
"4729","HISEQ13:138:C6FWNANXX:2:1109:19971:91666_1:13329238",3.2e-22
"4730","HISEQ13:138:C6FWNANXX:2:2105:2400:5597_1:80256739",3.2e-22
"4731","HISEQ13:138:C6FWNANXX:2:2113:16589:15089_1:92308254",3.2e-22
"4732","HISEQ13:138:C6FWNANXX:2:2215:9948:83914_1:120656007",3.2e-22
"4733","HISEQ13:138:C6FWNANXX:2:2109:11423:42437_1:86670771",3.2e-22
"4734","HISEQ13:138:C6FWNANXX:2:1106:4004:36580_1:7875876",3.2e-22
"4735","HISEQ13:138:C6FWNANXX:2:1103:18380:51856_1:3662560",3.2e-22
"4736","HISEQ13:138:C6FWNANXX:2:2301:20541:56642_1:123377911",3.3e-22
"4737","HISEQ13:138:C6FWNANXX:2:2310:17791:54461_1:136379490",3.3e-22
"4738","HISEQ13:138:C6FWNANXX:2:2202:12798:39753_1:100472536",3.3e-22
"4739","HISEQ13:138:C6FWNANXX:2:2209:21010:35842_1:110507234",3.3e-22
"4740","HISEQ13:138:C6FWNANXX:2:2304:4079:58090_1:127604813",3.3e-22
"4741","HISEQ13:138:C6FWNANXX:2:1202:8994:100257_1:27702886",3.3e-22
"4742","HISEQ13:138:C6FWNANXX:2:2109:21176:82102_1:87278136",3.3e-22
"4743","HISEQ13:138:C6FWNANXX:2:2206:11024:15133_1:105791747",3.3e-22
"4744","HISEQ13:138:C6FWNANXX:2:2301:13102:62385_1:123458007",3.3e-22
"4745","HISEQ13:138:C6FWNANXX:2:2314:8561:69569_1:142913051",3.3e-22
"4746","HISEQ13:138:C6FWNANXX:2:1315:11781:4360_1:71182538",3.3e-22
"4747","HISEQ13:138:C6FWNANXX:2:2114:8806:37753_1:94256459",3.3e-22
"4748","HISEQ13:138:C6FWNANXX:2:2314:5915:97513_1:143371852",3.3e-22
"4749","HISEQ13:138:C6FWNANXX:2:1303:18917:60814_1:53348883",3.3e-22
"4750","HISEQ13:138:C6FWNANXX:2:1212:6418:6610_1:41377185",3.3e-22
"4751","HISEQ13:138:C6FWNANXX:2:2106:9254:49612_1:82341092",3.3e-22
"4752","HISEQ13:138:C6FWNANXX:2:2214:2256:9578_1:117813161",3.3e-22
"4753","HISEQ13:138:C6FWNANXX:2:1112:7147:59021_1:17442304",3.3e-22
"4754","HISEQ13:138:C6FWNANXX:2:2116:15103:52134_1:97724337",3.3e-22
"4755","HISEQ13:138:C6FWNANXX:2:1211:8526:47885_1:40449971",3.3e-22
"4756","HISEQ13:138:C6FWNANXX:2:1108:7588:16037_1:10591871",3.4e-22
"4757","HISEQ13:138:C6FWNANXX:2:1315:8188:84651_1:72555674",3.4e-22
"4758","HISEQ13:138:C6FWNANXX:2:1210:9572:18488_1:38420937",3.4e-22
"4759","HISEQ13:138:C6FWNANXX:2:1209:3473:43699_1:37265483",3.4e-22
"4760","HISEQ13:138:C6FWNANXX:2:1316:6798:29094_1:73309981",3.4e-22
"4761","HISEQ13:138:C6FWNANXX:2:2311:16474:8812_1:137195559",3.4e-22
"4762","HISEQ13:138:C6FWNANXX:2:2203:4215:14823_1:101524482",3.4e-22
"4763","HISEQ13:138:C6FWNANXX:2:1206:15617:38593_1:32651523",3.4e-22
"4764","HISEQ13:138:C6FWNANXX:2:1207:16197:52484_1:34356442",3.4e-22
"4765","HISEQ13:138:C6FWNANXX:2:1215:10937:31463_1:46675720",3.4e-22
"4766","HISEQ13:138:C6FWNANXX:2:1302:17724:68500_1:51998530",3.4e-22
"4767","HISEQ13:138:C6FWNANXX:2:2309:14789:75663_1:135186773",3.4e-22
"4768","HISEQ13:138:C6FWNANXX:2:1110:17926:7897_1:13568143",3.4e-22
"4769","HISEQ13:138:C6FWNANXX:2:1306:13058:12728_1:57064613",3.4e-22
"4770","HISEQ13:138:C6FWNANXX:2:1211:11110:71466_1:40829830",3.4e-22
"4771","HISEQ13:138:C6FWNANXX:2:2303:17081:40405_1:125944534",3.5e-22
"4772","HISEQ13:138:C6FWNANXX:2:1315:8793:72713_1:72348804",3.5e-22
"4773","HISEQ13:138:C6FWNANXX:2:1304:14861:23833_1:54264992",3.5e-22
"4774","HISEQ13:138:C6FWNANXX:2:2307:9627:85256_1:132342785",3.5e-22
"4775","HISEQ13:138:C6FWNANXX:2:1107:13819:62534_1:9787055",3.5e-22
"4776","HISEQ13:138:C6FWNANXX:2:2315:8064:90117_1:144878248",3.5e-22
"4777","HISEQ13:138:C6FWNANXX:2:2312:2036:52330_1:139434919",3.5e-22
"4778","HISEQ13:138:C6FWNANXX:2:2307:20525:4965_1:131150880",3.5e-22
"4779","HISEQ13:138:C6FWNANXX:2:1312:16522:82289_1:67514748",3.5e-22
"4780","HISEQ13:138:C6FWNANXX:2:1101:6239:25385_1:346054",3.5e-22
"4781","HISEQ13:138:C6FWNANXX:2:1202:19921:25639_1:26608272",3.5e-22
"4782","HISEQ13:138:C6FWNANXX:2:1310:17484:20369_1:63321250",3.5e-22
"4783","HISEQ13:138:C6FWNANXX:2:2305:15946:65134_1:129135302",3.5e-22
"4784","HISEQ13:138:C6FWNANXX:2:1101:18667:60720_1:869790",3.5e-22
"4785","HISEQ13:138:C6FWNANXX:2:1302:3192:75095_1:52095302",3.5e-22
"4786","HISEQ13:138:C6FWNANXX:2:2302:15534:92723_1:125282845",3.5e-22
"4787","HISEQ13:138:C6FWNANXX:2:2307:10861:54580_1:131885694",3.5e-22
"4788","HISEQ13:138:C6FWNANXX:2:1204:10625:37822_1:29682494",3.5e-22
"4789","HISEQ13:138:C6FWNANXX:2:2316:5609:22119_1:145395944",3.5e-22
"4790","HISEQ13:138:C6FWNANXX:2:2207:20194:43829_1:107666146",3.5e-22
"4791","HISEQ13:138:C6FWNANXX:2:1112:11650:36303_1:17075134",3.6e-22
"4792","HISEQ13:138:C6FWNANXX:2:2108:21076:91327_1:85916009",3.6e-22
"4793","HISEQ13:138:C6FWNANXX:2:2203:12375:39327_1:101875900",3.6e-22
"4794","HISEQ13:138:C6FWNANXX:2:2209:10138:10032_1:110114892",3.6e-22
"4795","HISEQ13:138:C6FWNANXX:2:2301:20541:56642_1:123377910",3.6e-22
"4796","HISEQ13:138:C6FWNANXX:2:1207:10097:91449_1:34950310",3.6e-22
"4797","HISEQ13:138:C6FWNANXX:2:1211:17256:39363_1:40315080",3.6e-22
"4798","HISEQ13:138:C6FWNANXX:2:1301:11331:46921_1:50228833",3.6e-22
"4799","HISEQ13:138:C6FWNANXX:2:1303:10576:17907_1:52711005",3.6e-22
"4800","HISEQ13:138:C6FWNANXX:2:1312:14097:91771_1:67671098",3.6e-22
"4801","HISEQ13:138:C6FWNANXX:2:2212:12382:90515_1:115941556",3.6e-22
"4802","HISEQ13:138:C6FWNANXX:2:2216:8399:11841_1:121102551",3.6e-22
"4803","HISEQ13:138:C6FWNANXX:2:1204:14658:99665_1:30601240",3.6e-22
"4804","HISEQ13:138:C6FWNANXX:2:1205:13071:70748_1:31644938",3.6e-22
"4805","HISEQ13:138:C6FWNANXX:2:1301:19682:91537_1:50888216",3.6e-22
"4806","HISEQ13:138:C6FWNANXX:2:1301:4949:42333_1:50162174",3.6e-22
"4807","HISEQ13:138:C6FWNANXX:2:2110:3396:66278_1:88542665",3.6e-22
"4808","HISEQ13:138:C6FWNANXX:2:1103:17205:37153_1:3444721",3.6e-22
"4809","HISEQ13:138:C6FWNANXX:2:1208:1602:54306_1:35897867",3.6e-22
"4810","HISEQ13:138:C6FWNANXX:2:2208:16294:72040_1:109560105",3.6e-22
"4811","HISEQ13:138:C6FWNANXX:2:2208:17056:76505_1:109628544",3.6e-22
"4812","HISEQ13:138:C6FWNANXX:2:2105:9408:23104_1:80511981",3.6e-22
"4813","HISEQ13:138:C6FWNANXX:2:1212:10419:85324_1:42630652",3.6e-22
"4814","HISEQ13:138:C6FWNANXX:2:2216:19855:74487_1:122160258",3.6e-22
"4815","HISEQ13:138:C6FWNANXX:2:1105:20648:52810_1:6629612",3.6e-22
"4816","HISEQ13:138:C6FWNANXX:2:1108:7588:16037_1:10591872",3.6e-22
"4817","HISEQ13:138:C6FWNANXX:2:2305:3145:77104_1:129307245",3.6e-22
"4818","HISEQ13:138:C6FWNANXX:2:1101:4986:94881_1:1373200",3.6e-22
"4819","HISEQ13:138:C6FWNANXX:2:1101:6260:92077_1:1332717",3.6e-22
"4820","HISEQ13:138:C6FWNANXX:2:1212:15083:49306_1:42042631",3.6e-22
"4821","HISEQ13:138:C6FWNANXX:2:1107:19013:25666_1:9221292",3.6e-22
"4822","HISEQ13:138:C6FWNANXX:2:1112:19600:33098_1:17023916",3.6e-22
"4823","HISEQ13:138:C6FWNANXX:2:1115:10404:35952_1:21998313",3.6e-22
"4824","HISEQ13:138:C6FWNANXX:2:1205:4742:26075_1:30978013",3.6e-22
"4825","HISEQ13:138:C6FWNANXX:2:1207:14951:62621_1:34511565",3.6e-22
"4826","HISEQ13:138:C6FWNANXX:2:2201:13734:61683_1:99376324",3.7e-22
"4827","HISEQ13:138:C6FWNANXX:2:2101:20769:8908_1:74661305",3.7e-22
"4828","HISEQ13:138:C6FWNANXX:2:2111:16189:33637_1:89558823",3.7e-22
"4829","HISEQ13:138:C6FWNANXX:2:2214:3580:36085_1:118245576",3.7e-22
"4830","HISEQ13:138:C6FWNANXX:2:1114:5187:16851_1:20011800",3.7e-22
"4831","HISEQ13:138:C6FWNANXX:2:1209:12876:16490_1:36844939",3.7e-22
"4832","HISEQ13:138:C6FWNANXX:2:1215:7621:16071_1:46415856",3.7e-22
"4833","HISEQ13:138:C6FWNANXX:2:1309:5686:70854_1:62555984",3.7e-22
"4834","HISEQ13:138:C6FWNANXX:2:2115:15499:11205_1:95430906",3.7e-22
"4835","HISEQ13:138:C6FWNANXX:2:1214:17617:45356_1:45245433",3.7e-22
"4836","HISEQ13:138:C6FWNANXX:2:1208:2747:94734_1:36522017",3.7e-22
"4837","HISEQ13:138:C6FWNANXX:2:1309:16117:28455_1:61885577",3.7e-22
"4838","HISEQ13:138:C6FWNANXX:2:1308:1591:55202_1:60750815",3.7e-22
"4839","HISEQ13:138:C6FWNANXX:2:2311:2767:33530_1:137580027",3.7e-22
"4840","HISEQ13:138:C6FWNANXX:2:1110:9648:65557_1:14479081",3.7e-22
"4841","HISEQ13:138:C6FWNANXX:2:2204:14043:61578_1:103606242",3.7e-22
"4842","HISEQ13:138:C6FWNANXX:2:1106:9610:55401_1:8162701",3.7e-22
"4843","HISEQ13:138:C6FWNANXX:2:2109:8719:22520_1:86371032",3.7e-22
"4844","HISEQ13:138:C6FWNANXX:2:1210:16589:15085_1:38370636",3.7e-22
"4845","HISEQ13:138:C6FWNANXX:2:2302:5596:14290_1:124175255",3.7e-22
"4846","HISEQ13:138:C6FWNANXX:2:1103:12451:33402_1:3388685",3.7e-22
"4847","HISEQ13:138:C6FWNANXX:2:1202:6169:93815_1:27606445",3.7e-22
"4848","HISEQ13:138:C6FWNANXX:2:1214:13608:67283_1:45614341",3.7e-22
"4849","HISEQ13:138:C6FWNANXX:2:2310:2171:95675_1:137006017",3.7e-22
"4850","HISEQ13:138:C6FWNANXX:2:1210:15683:99643_1:39695710",3.7e-22
"4851","HISEQ13:138:C6FWNANXX:2:1112:17366:64580_1:17533480",3.7e-22
"4852","HISEQ13:138:C6FWNANXX:2:1113:13665:3327_1:18150226",3.8e-22
"4853","HISEQ13:138:C6FWNANXX:2:2110:6571:65042_1:88524357",3.8e-22
"4854","HISEQ13:138:C6FWNANXX:2:2204:7297:40360_1:103299147",3.8e-22
"4855","HISEQ13:138:C6FWNANXX:2:2206:16743:56410_1:106396700",3.8e-22
"4856","HISEQ13:138:C6FWNANXX:2:1108:17678:30756_1:10821705",3.8e-22
"4857","HISEQ13:138:C6FWNANXX:2:1108:14013:63358_1:11326581",3.8e-22
"4858","HISEQ13:138:C6FWNANXX:2:1112:19719:39621_1:17128863",3.8e-22
"4859","HISEQ13:138:C6FWNANXX:2:2307:3650:21730_1:131395475",3.8e-22
"4860","HISEQ13:138:C6FWNANXX:2:1107:20135:11773_1:9010938",3.8e-22
"4861","HISEQ13:138:C6FWNANXX:2:2310:3231:59572_1:136456950",3.8e-22
"4862","HISEQ13:138:C6FWNANXX:2:1208:8760:35491_1:35606438",3.8e-22
"4863","HISEQ13:138:C6FWNANXX:2:1302:20127:57228_1:51833840",3.8e-22
"4864","HISEQ13:138:C6FWNANXX:2:2109:2031:51113_1:86801380",3.8e-22
"4865","HISEQ13:138:C6FWNANXX:2:1204:14868:6241_1:29228242",3.8e-22
"4866","HISEQ13:138:C6FWNANXX:2:2212:15443:5324_1:114604182",3.8e-22
"4867","HISEQ13:138:C6FWNANXX:2:2201:18707:80974_1:99651420",3.8e-22
"4868","HISEQ13:138:C6FWNANXX:2:1103:3801:15364_1:3119251",3.9e-22
"4869","HISEQ13:138:C6FWNANXX:2:1216:16535:45999_1:48615280",3.9e-22
"4870","HISEQ13:138:C6FWNANXX:2:1309:7961:39555_1:62061513",3.9e-22
"4871","HISEQ13:138:C6FWNANXX:2:1311:17173:5251_1:64650443",3.9e-22
"4872","HISEQ13:138:C6FWNANXX:2:2212:8393:59282_1:115442892",3.9e-22
"4873","HISEQ13:138:C6FWNANXX:2:1110:15869:59226_1:14378056",3.9e-22
"4874","HISEQ13:138:C6FWNANXX:2:2210:3939:47555_1:112186508",3.9e-22
"4875","HISEQ13:138:C6FWNANXX:2:2306:8228:10067_1:129771310",3.9e-22
"4876","HISEQ13:138:C6FWNANXX:2:1210:2517:28865_1:38584869",3.9e-22
"4877","HISEQ13:138:C6FWNANXX:2:2303:10501:78978_1:126488636",3.9e-22
"4878","HISEQ13:138:C6FWNANXX:2:2307:2205:58357_1:131939511",3.9e-22
"4879","HISEQ13:138:C6FWNANXX:2:2307:6953:63032_1:132011262",3.9e-22
"4880","HISEQ13:138:C6FWNANXX:2:2105:2295:89502_1:81475676",3.9e-22
"4881","HISEQ13:138:C6FWNANXX:2:2102:7593:36495_1:76456522",3.9e-22
"4882","HISEQ13:138:C6FWNANXX:2:2107:10453:6337_1:83160387",3.9e-22
"4883","HISEQ13:138:C6FWNANXX:2:2304:17035:56377_1:127581622",3.9e-22
"4884","HISEQ13:138:C6FWNANXX:2:2306:2300:72239_1:130683327",3.9e-22
"4885","HISEQ13:138:C6FWNANXX:2:2308:2345:29073_1:132978336",3.9e-22
"4886","HISEQ13:138:C6FWNANXX:2:1104:6880:82670_1:5588609",3.9e-22
"4887","HISEQ13:138:C6FWNANXX:2:1106:6637:84042_1:8601268",3.9e-22
"4888","HISEQ13:138:C6FWNANXX:2:1108:17990:3373_1:10396477",3.9e-22
"4889","HISEQ13:138:C6FWNANXX:2:2212:11282:58657_1:115431704",3.9e-22
"4890","HISEQ13:138:C6FWNANXX:2:2110:20730:21337_1:87858552",3.9e-22
"4891","HISEQ13:138:C6FWNANXX:2:1111:16520:56183_1:15901172",3.9e-22
"4892","HISEQ13:138:C6FWNANXX:2:1115:2544:27491_1:21852825",3.9e-22
"4893","HISEQ13:138:C6FWNANXX:2:1309:20321:21459_1:61776437",3.9e-22
"4894","HISEQ13:138:C6FWNANXX:2:2308:16153:82207_1:133781401",3.9e-22
"4895","HISEQ13:138:C6FWNANXX:2:1116:8794:82357_1:24485613",4e-22
"4896","HISEQ13:138:C6FWNANXX:2:2205:4169:20772_1:104441119",4e-22
"4897","HISEQ13:138:C6FWNANXX:2:2211:20823:26645_1:113385312",4e-22
"4898","HISEQ13:138:C6FWNANXX:2:2202:5080:57057_1:100715287",4e-22
"4899","HISEQ13:138:C6FWNANXX:2:2303:15105:65679_1:126302268",4e-22
"4900","HISEQ13:138:C6FWNANXX:2:1202:20513:49861_1:26964027",4e-22
"4901","HISEQ13:138:C6FWNANXX:2:1304:11011:62688_1:54843612",4e-22
"4902","HISEQ13:138:C6FWNANXX:2:1105:10825:67804_1:6851140",4e-22
"4903","HISEQ13:138:C6FWNANXX:2:1207:2834:57015_1:34426179",4e-22
"4904","HISEQ13:138:C6FWNANXX:2:2106:15759:49757_1:82345988",4e-22
"4905","HISEQ13:138:C6FWNANXX:2:2209:20702:7458_1:110075342",4e-22
"4906","HISEQ13:138:C6FWNANXX:2:2316:5742:75415_1:146295430",4e-22
"4907","HISEQ13:138:C6FWNANXX:2:1102:7999:76832_1:2566337",4e-22
"4908","HISEQ13:138:C6FWNANXX:2:2106:12649:48065_1:82319648",4e-22
"4909","HISEQ13:138:C6FWNANXX:2:2207:17643:60479_1:107909126",4e-22
"4910","HISEQ13:138:C6FWNANXX:2:2304:13862:91016_1:128079438",4e-22
"4911","HISEQ13:138:C6FWNANXX:2:1211:16786:67261_1:40766632",4e-22
"4912","HISEQ13:138:C6FWNANXX:2:1213:2163:80904_1:44183605",4e-22
"4913","HISEQ13:138:C6FWNANXX:2:1103:1891:49118_1:3618999",4e-22
"4914","HISEQ13:138:C6FWNANXX:2:1106:9913:38708_1:7907443",4e-22
"4915","HISEQ13:138:C6FWNANXX:2:1113:8846:53846_1:18980174",4e-22
"4916","HISEQ13:138:C6FWNANXX:2:1202:11962:5427_1:26309300",4e-22
"4917","HISEQ13:138:C6FWNANXX:2:1311:20067:62059_1:65566575",4e-22
"4918","HISEQ13:138:C6FWNANXX:2:2205:19104:52909_1:104906561",4e-22
"4919","HISEQ13:138:C6FWNANXX:2:2313:7777:37911_1:140784199",4e-22
"4920","HISEQ13:138:C6FWNANXX:2:2212:2307:53804_1:115354576",4e-22
"4921","HISEQ13:138:C6FWNANXX:2:1111:13762:94265_1:16578589",4e-22
"4922","HISEQ13:138:C6FWNANXX:2:1214:13302:14038_1:44719981",4e-22
"4923","HISEQ13:138:C6FWNANXX:2:1215:8571:62776_1:47208858",4e-22
"4924","HISEQ13:138:C6FWNANXX:2:1307:2609:7932_1:58498441",4e-22
"4925","HISEQ13:138:C6FWNANXX:2:2212:6780:68667_1:115588484",4e-22
"4926","HISEQ13:138:C6FWNANXX:2:1208:6373:8386_1:35191532",4e-22
"4927","HISEQ13:138:C6FWNANXX:2:1201:21415:51648_1:25536556",4e-22
"4928","HISEQ13:138:C6FWNANXX:2:1212:19803:62674_1:42259669",4e-22
"4929","HISEQ13:138:C6FWNANXX:2:1313:4032:28305_1:68252968",4e-22
"4930","HISEQ13:138:C6FWNANXX:2:1315:16608:75795_1:72406059",4e-22
"4931","HISEQ13:138:C6FWNANXX:2:2101:21067:100065_1:75960649",4e-22
"4932","HISEQ13:138:C6FWNANXX:2:2105:9251:8643_1:80302009",4e-22
"4933","HISEQ13:138:C6FWNANXX:2:2211:15660:95936_1:114468983",4e-22
"4934","HISEQ13:138:C6FWNANXX:2:2212:5163:29516_1:114972057",4e-22
"4935","HISEQ13:138:C6FWNANXX:2:2216:7896:90551_1:122433415",4e-22
"4936","HISEQ13:138:C6FWNANXX:2:2105:9408:23104_1:80511980",4e-22
"4937","HISEQ13:138:C6FWNANXX:2:1309:10002:91388_1:62881599",4e-22
"4938","HISEQ13:138:C6FWNANXX:2:1109:9961:15459_1:12123568",4e-22
"4939","HISEQ13:138:C6FWNANXX:2:1312:9820:91525_1:67666303",4e-22
"4940","HISEQ13:138:C6FWNANXX:2:2201:15769:32804_1:98967255",4e-22
"4941","HISEQ13:138:C6FWNANXX:2:2209:13169:71387_1:111044627",4e-22
"4942","HISEQ13:138:C6FWNANXX:2:1204:5254:66959_1:30112696",4.1e-22
"4943","HISEQ13:138:C6FWNANXX:2:1303:15470:84407_1:53695081",4.1e-22
"4944","HISEQ13:138:C6FWNANXX:2:1111:13666:95376_1:16597634",4.1e-22
"4945","HISEQ13:138:C6FWNANXX:2:1116:5981:18357_1:23384362",4.1e-22
"4946","HISEQ13:138:C6FWNANXX:2:1304:14811:98570_1:55383126",4.1e-22
"4947","HISEQ13:138:C6FWNANXX:2:2305:16671:81807_1:129378718",4.1e-22
"4948","HISEQ13:138:C6FWNANXX:2:1315:11818:15311_1:71369240",4.1e-22
"4949","HISEQ13:138:C6FWNANXX:2:1103:12362:9057_1:3028503",4.1e-22
"4950","HISEQ13:138:C6FWNANXX:2:1115:10672:21890_1:21761884",4.1e-22
"4951","HISEQ13:138:C6FWNANXX:2:1309:18199:30376_1:61917116",4.1e-22
"4952","HISEQ13:138:C6FWNANXX:2:2301:2462:70247_1:123565208",4.1e-22
"4953","HISEQ13:138:C6FWNANXX:2:2309:17636:31350_1:134510783",4.1e-22
"4954","HISEQ13:138:C6FWNANXX:2:1203:17355:35493_1:28203181",4.1e-22
"4955","HISEQ13:138:C6FWNANXX:2:2307:1626:85920_1:132348892",4.1e-22
"4956","HISEQ13:138:C6FWNANXX:2:1216:7048:83758_1:49274750",4.1e-22
"4957","HISEQ13:138:C6FWNANXX:2:1210:3239:12962_1:38332432",4.1e-22
"4958","HISEQ13:138:C6FWNANXX:2:1213:18075:18411_1:43154571",4.1e-22
"4959","HISEQ13:138:C6FWNANXX:2:2111:19211:98543_1:90636172",4.1e-22
"4960","HISEQ13:138:C6FWNANXX:2:1216:20940:57600_1:48819718",4.1e-22
"4961","HISEQ13:138:C6FWNANXX:2:1313:12877:36002_1:68382821",4.1e-22
"4962","HISEQ13:138:C6FWNANXX:2:2208:16294:72040_1:109560104",4.1e-22
"4963","HISEQ13:138:C6FWNANXX:2:2208:17357:49465_1:109217632",4.1e-22
"4964","HISEQ13:138:C6FWNANXX:2:2107:12980:64629_1:84026760",4.2e-22
"4965","HISEQ13:138:C6FWNANXX:2:2102:10167:57467_1:76755015",4.2e-22
"4966","HISEQ13:138:C6FWNANXX:2:2112:14654:26410_1:90926470",4.2e-22
"4967","HISEQ13:138:C6FWNANXX:2:2112:17344:56173_1:91391121",4.2e-22
"4968","HISEQ13:138:C6FWNANXX:2:2201:8740:73995_1:99550468",4.2e-22
"4969","HISEQ13:138:C6FWNANXX:2:2216:19506:30156_1:121410487",4.2e-22
"4970","HISEQ13:138:C6FWNANXX:2:2312:4969:97386_1:140151899",4.2e-22
"4971","HISEQ13:138:C6FWNANXX:2:1108:3242:40296_1:10966169",4.2e-22
"4972","HISEQ13:138:C6FWNANXX:2:1305:8632:71935_1:56463939",4.2e-22
"4973","HISEQ13:138:C6FWNANXX:2:1304:6087:59648_1:54797836",4.2e-22
"4974","HISEQ13:138:C6FWNANXX:2:2313:20285:48628_1:140960545",4.2e-22
"4975","HISEQ13:138:C6FWNANXX:2:1214:11879:91300_1:46017499",4.2e-22
"4976","HISEQ13:138:C6FWNANXX:2:1112:19998:92050_1:17984664",4.2e-22
"4977","HISEQ13:138:C6FWNANXX:2:1315:10693:71660_1:72332360",4.2e-22
"4978","HISEQ13:138:C6FWNANXX:2:2104:15311:93106_1:80095681",4.2e-22
"4979","HISEQ13:138:C6FWNANXX:2:1101:16270:71205_1:1024488",4.2e-22
"4980","HISEQ13:138:C6FWNANXX:2:1113:8167:31456_1:18609874",4.2e-22
"4981","HISEQ13:138:C6FWNANXX:2:1201:18778:8260_1:24899662",4.2e-22
"4982","HISEQ13:138:C6FWNANXX:2:1212:13152:67892_1:42343784",4.2e-22
"4983","HISEQ13:138:C6FWNANXX:2:1301:13742:42836_1:50171115",4.2e-22
"4984","HISEQ13:138:C6FWNANXX:2:2303:15405:89313_1:126638051",4.2e-22
"4985","HISEQ13:138:C6FWNANXX:2:1203:21040:13792_1:27886973",4.2e-22
"4986","HISEQ13:138:C6FWNANXX:2:1204:21343:84368_1:30376228",4.2e-22
"4987","HISEQ13:138:C6FWNANXX:2:1312:20340:4542_1:66242026",4.2e-22
"4988","HISEQ13:138:C6FWNANXX:2:1314:18399:18735_1:69745873",4.2e-22
"4989","HISEQ13:138:C6FWNANXX:2:1115:6686:22563_1:21773665",4.2e-22
"4990","HISEQ13:138:C6FWNANXX:2:1309:12837:88820_1:62842437",4.2e-22
"4991","HISEQ13:138:C6FWNANXX:2:2108:18429:26062_1:84929931",4.2e-22
"4992","HISEQ13:138:C6FWNANXX:2:2210:11388:4771_1:111536151",4.3e-22
"4993","HISEQ13:138:C6FWNANXX:2:2302:13777:84492_1:125165804",4.3e-22
"4994","HISEQ13:138:C6FWNANXX:2:2313:13214:86111_1:141567270",4.3e-22
"4995","HISEQ13:138:C6FWNANXX:2:1114:9795:25773_1:20163783",4.3e-22
"4996","HISEQ13:138:C6FWNANXX:2:1307:10805:26955_1:58791834",4.3e-22
"4997","HISEQ13:138:C6FWNANXX:2:2104:19252:39624_1:79325882",4.3e-22
"4998","HISEQ13:138:C6FWNANXX:2:2302:3775:24989_1:124323495",4.3e-22
"4999","HISEQ13:138:C6FWNANXX:2:1202:14790:64692_1:27178729",4.3e-22
"5000","HISEQ13:138:C6FWNANXX:2:1312:20260:84900_1:67556608",4.3e-22
"5001","HISEQ13:138:C6FWNANXX:2:2207:16845:37482_1:107569834",4.3e-22
"5002","HISEQ13:138:C6FWNANXX:2:1113:9205:10845_1:18273206",4.3e-22
"5003","HISEQ13:138:C6FWNANXX:2:2215:6616:64111_1:120328850",4.3e-22
"5004","HISEQ13:138:C6FWNANXX:2:1102:16833:5307_1:1513950",4.3e-22
"5005","HISEQ13:138:C6FWNANXX:2:1306:7449:52596_1:57673326",4.3e-22
"5006","HISEQ13:138:C6FWNANXX:2:1313:4341:99520_1:69442000",4.3e-22
"5007","HISEQ13:138:C6FWNANXX:2:2313:11740:81541_1:141494047",4.3e-22
"5008","HISEQ13:138:C6FWNANXX:2:1203:4445:32677_1:28160472",4.3e-22
"5009","HISEQ13:138:C6FWNANXX:2:2108:3664:32284_1:85021111",4.3e-22
"5010","HISEQ13:138:C6FWNANXX:2:1116:11733:94695_1:24695548",4.3e-22
"5011","HISEQ13:138:C6FWNANXX:2:1316:16431:42402_1:73542204",4.3e-22
"5012","HISEQ13:138:C6FWNANXX:2:2210:11775:64999_1:112452875",4.3e-22
"5013","HISEQ13:138:C6FWNANXX:2:1201:18758:3791_1:24833438",4.3e-22
"5014","HISEQ13:138:C6FWNANXX:2:1211:8853:55932_1:40579266",4.3e-22
"5015","HISEQ13:138:C6FWNANXX:2:1302:21363:40834_1:51594394",4.3e-22
"5016","HISEQ13:138:C6FWNANXX:2:1303:6076:93808_1:53834270",4.3e-22
"5017","HISEQ13:138:C6FWNANXX:2:2101:6761:58248_1:75361031",4.3e-22
"5018","HISEQ13:138:C6FWNANXX:2:2312:14236:70953_1:139731013",4.3e-22
"5019","HISEQ13:138:C6FWNANXX:2:2312:6925:65860_1:139649409",4.3e-22
"5020","HISEQ13:138:C6FWNANXX:2:1101:7505:38766_1:546013",4.3e-22
"5021","HISEQ13:138:C6FWNANXX:2:1202:9866:83997_1:27460812",4.3e-22
"5022","HISEQ13:138:C6FWNANXX:2:2305:16874:32109_1:128654869",4.3e-22
"5023","HISEQ13:138:C6FWNANXX:2:1307:14782:33903_1:58900108",4.4e-22
"5024","HISEQ13:138:C6FWNANXX:2:1109:14403:69228_1:12972960",4.4e-22
"5025","HISEQ13:138:C6FWNANXX:2:1313:16572:57756_1:68745696",4.4e-22
"5026","HISEQ13:138:C6FWNANXX:2:2106:7876:83867_1:82844680",4.4e-22
"5027","HISEQ13:138:C6FWNANXX:2:2108:18572:71796_1:85620952",4.4e-22
"5028","HISEQ13:138:C6FWNANXX:2:2116:6101:17275_1:97148146",4.4e-22
"5029","HISEQ13:138:C6FWNANXX:2:1308:16955:53029_1:60722741",4.4e-22
"5030","HISEQ13:138:C6FWNANXX:2:1314:13587:65905_1:70547602",4.4e-22
"5031","HISEQ13:138:C6FWNANXX:2:2209:6841:49731_1:110712573",4.4e-22
"5032","HISEQ13:138:C6FWNANXX:2:2214:19006:2853_1:117706256",4.4e-22
"5033","HISEQ13:138:C6FWNANXX:2:1304:16208:51920_1:54683444",4.4e-22
"5034","HISEQ13:138:C6FWNANXX:2:2210:9874:3597_1:111516826",4.4e-22
"5035","HISEQ13:138:C6FWNANXX:2:1112:12434:46254_1:17237123",4.4e-22
"5036","HISEQ13:138:C6FWNANXX:2:1115:2983:5755_1:21488957",4.4e-22
"5037","HISEQ13:138:C6FWNANXX:2:1208:15976:93997_1:36512807",4.4e-22
"5038","HISEQ13:138:C6FWNANXX:2:2111:16189:33637_1:89558824",4.4e-22
"5039","HISEQ13:138:C6FWNANXX:2:2204:16481:34806_1:103221803",4.4e-22
"5040","HISEQ13:138:C6FWNANXX:2:1311:9250:51132_1:65386046",4.4e-22
"5041","HISEQ13:138:C6FWNANXX:2:2309:15098:31256_1:134510266",4.4e-22
"5042","HISEQ13:138:C6FWNANXX:2:1105:2143:78598_1:7011643",4.4e-22
"5043","HISEQ13:138:C6FWNANXX:2:1313:13202:67891_1:68912272",4.4e-22
"5044","HISEQ13:138:C6FWNANXX:2:1113:18243:46811_1:18866134",4.4e-22
"5045","HISEQ13:138:C6FWNANXX:2:1113:19163:3365_1:18151404",4.4e-22
"5046","HISEQ13:138:C6FWNANXX:2:1305:20924:54643_1:56207168",4.4e-22
"5047","HISEQ13:138:C6FWNANXX:2:2111:4419:79140_1:90291236",4.4e-22
"5048","HISEQ13:138:C6FWNANXX:2:2309:11924:49008_1:134778710",4.5e-22
"5049","HISEQ13:138:C6FWNANXX:2:1213:9987:36263_1:43448382",4.5e-22
"5050","HISEQ13:138:C6FWNANXX:2:1109:12781:50074_1:12670870",4.5e-22
"5051","HISEQ13:138:C6FWNANXX:2:2201:16618:65532_1:99433945",4.5e-22
"5052","HISEQ13:138:C6FWNANXX:2:2213:5562:75712_1:117283716",4.5e-22
"5053","HISEQ13:138:C6FWNANXX:2:1101:15797:14103_1:181332",4.5e-22
"5054","HISEQ13:138:C6FWNANXX:2:1108:20117:70530_1:11441722",4.5e-22
"5055","HISEQ13:138:C6FWNANXX:2:1109:12963:6647_1:11986613",4.5e-22
"5056","HISEQ13:138:C6FWNANXX:2:1203:11602:63109_1:28609418",4.5e-22
"5057","HISEQ13:138:C6FWNANXX:2:2110:12037:70108_1:88600462",4.5e-22
"5058","HISEQ13:138:C6FWNANXX:2:2201:8046:38418_1:99043919",4.5e-22
"5059","HISEQ13:138:C6FWNANXX:2:2109:21121:36658_1:86584915",4.5e-22
"5060","HISEQ13:138:C6FWNANXX:2:2110:13895:82192_1:88784158",4.5e-22
"5061","HISEQ13:138:C6FWNANXX:2:2209:13051:69909_1:111022199",4.5e-22
"5062","HISEQ13:138:C6FWNANXX:2:1304:13025:22862_1:54249808",4.5e-22
"5063","HISEQ13:138:C6FWNANXX:2:2308:5397:70375_1:133602182",4.5e-22
"5064","HISEQ13:138:C6FWNANXX:2:1107:10037:72967_1:9943462",4.6e-22
"5065","HISEQ13:138:C6FWNANXX:2:1116:1428:92170_1:24651282",4.6e-22
"5066","HISEQ13:138:C6FWNANXX:2:1203:5626:20335_1:27979952",4.6e-22
"5067","HISEQ13:138:C6FWNANXX:2:1216:20248:73357_1:49093839",4.6e-22
"5068","HISEQ13:138:C6FWNANXX:2:1312:11325:28778_1:66636822",4.6e-22
"5069","HISEQ13:138:C6FWNANXX:2:1101:16270:71205_1:1024489",4.6e-22
"5070","HISEQ13:138:C6FWNANXX:2:1301:20042:42266_1:50164941",4.6e-22
"5071","HISEQ13:138:C6FWNANXX:2:1316:6346:14999_1:73062394",4.6e-22
"5072","HISEQ13:138:C6FWNANXX:2:2108:1564:76199_1:85682045",4.6e-22
"5073","HISEQ13:138:C6FWNANXX:2:2211:9257:96749_1:114479559",4.6e-22
"5074","HISEQ13:138:C6FWNANXX:2:2310:5845:15996_1:135782067",4.6e-22
"5075","HISEQ13:138:C6FWNANXX:2:1111:13142:26854_1:15429780",4.6e-22
"5076","HISEQ13:138:C6FWNANXX:2:1213:16871:60471_1:43847080",4.6e-22
"5077","HISEQ13:138:C6FWNANXX:2:2115:8207:78577_1:96527385",4.6e-22
"5078","HISEQ13:138:C6FWNANXX:2:2204:18674:75904_1:103811169",4.6e-22
"5079","HISEQ13:138:C6FWNANXX:2:2314:8266:10278_1:141938860",4.6e-22
"5080","HISEQ13:138:C6FWNANXX:2:1315:2649:43106_1:71840462",4.6e-22
"5081","HISEQ13:138:C6FWNANXX:2:2114:2776:23940_1:94029492",4.6e-22
"5082","HISEQ13:138:C6FWNANXX:2:1312:2060:42571_1:66858631",4.6e-22
"5083","HISEQ13:138:C6FWNANXX:2:1314:19811:14819_1:69682587",4.6e-22
"5084","HISEQ13:138:C6FWNANXX:2:1314:8208:86304_1:70895526",4.6e-22
"5085","HISEQ13:138:C6FWNANXX:2:2206:9017:87272_1:106850246",4.6e-22
"5086","HISEQ13:138:C6FWNANXX:2:2302:18359:23628_1:124308732",4.6e-22
"5087","HISEQ13:138:C6FWNANXX:2:2315:14417:98458_1:145018068",4.6e-22
"5088","HISEQ13:138:C6FWNANXX:2:1109:13891:50623_1:12679199",4.6e-22
"5089","HISEQ13:138:C6FWNANXX:2:1114:15458:92774_1:21291007",4.6e-22
"5090","HISEQ13:138:C6FWNANXX:2:2108:20022:68741_1:85571973",4.6e-22
"5091","HISEQ13:138:C6FWNANXX:2:2308:10644:85814_1:133836368",4.6e-22
"5092","HISEQ13:138:C6FWNANXX:2:2316:1450:10401_1:145196900",4.7e-22
"5093","HISEQ13:138:C6FWNANXX:2:1316:6798:29094_1:73309980",4.7e-22
"5094","HISEQ13:138:C6FWNANXX:2:1204:13428:94637_1:30526680",4.7e-22
"5095","HISEQ13:138:C6FWNANXX:2:1303:18190:21613_1:52767534",4.7e-22
"5096","HISEQ13:138:C6FWNANXX:2:2107:18908:42738_1:83700303",4.7e-22
"5097","HISEQ13:138:C6FWNANXX:2:2314:14228:50566_1:142599956",4.7e-22
"5098","HISEQ13:138:C6FWNANXX:2:1106:5905:98244_1:8814145",4.7e-22
"5099","HISEQ13:138:C6FWNANXX:2:1109:7223:82222_1:13176933",4.7e-22
"5100","HISEQ13:138:C6FWNANXX:2:2305:18170:44498_1:128833729",4.7e-22
"5101","HISEQ13:138:C6FWNANXX:2:2116:7740:65502_1:97943552",4.7e-22
"5102","HISEQ13:138:C6FWNANXX:2:2308:2407:49494_1:133284208",4.7e-22
"5103","HISEQ13:138:C6FWNANXX:2:2201:19942:24319_1:98846246",4.7e-22
"5104","HISEQ13:138:C6FWNANXX:2:1201:6350:83083_1:25997751",4.7e-22
"5105","HISEQ13:138:C6FWNANXX:2:1108:21183:57468_1:11234960",4.7e-22
"5106","HISEQ13:138:C6FWNANXX:2:1113:2077:54407_1:18987028",4.7e-22
"5107","HISEQ13:138:C6FWNANXX:2:1202:6869:4556_1:26297194",4.7e-22
"5108","HISEQ13:138:C6FWNANXX:2:1206:20708:36428_1:32618264",4.7e-22
"5109","HISEQ13:138:C6FWNANXX:2:1206:9532:20722_1:32377126",4.7e-22
"5110","HISEQ13:138:C6FWNANXX:2:1214:2331:42423_1:45191749",4.7e-22
"5111","HISEQ13:138:C6FWNANXX:2:2106:6507:75603_1:82724282",4.7e-22
"5112","HISEQ13:138:C6FWNANXX:2:2111:2504:47334_1:89771112",4.7e-22
"5113","HISEQ13:138:C6FWNANXX:2:2207:4568:45939_1:107693008",4.7e-22
"5114","HISEQ13:138:C6FWNANXX:2:1108:5134:28518_1:10784492",4.7e-22
"5115","HISEQ13:138:C6FWNANXX:2:1102:15491:75554_1:2548876",4.7e-22
"5116","HISEQ13:138:C6FWNANXX:2:1205:16367:86066_1:31878074",4.7e-22
"5117","HISEQ13:138:C6FWNANXX:2:1312:13822:94469_1:67712459",4.7e-22
"5118","HISEQ13:138:C6FWNANXX:2:2312:15319:78380_1:139850765",4.7e-22
"5119","HISEQ13:138:C6FWNANXX:2:2304:17035:56377_1:127581621",4.8e-22
"5120","HISEQ13:138:C6FWNANXX:2:1113:20687:75011_1:19335503",4.8e-22
"5121","HISEQ13:138:C6FWNANXX:2:2108:2460:62621_1:85477800",4.8e-22
"5122","HISEQ13:138:C6FWNANXX:2:1116:1860:38195_1:23723067",4.8e-22
"5123","HISEQ13:138:C6FWNANXX:2:1212:13716:64045_1:42282659",4.8e-22
"5124","HISEQ13:138:C6FWNANXX:2:2113:7393:84163_1:93408660",4.8e-22
"5125","HISEQ13:138:C6FWNANXX:2:2207:11452:21418_1:107334419",4.8e-22
"5126","HISEQ13:138:C6FWNANXX:2:2316:7956:25823_1:145459904",4.8e-22
"5127","HISEQ13:138:C6FWNANXX:2:2106:3576:78597_1:82767125",4.8e-22
"5128","HISEQ13:138:C6FWNANXX:2:2106:8730:44044_1:82259114",4.8e-22
"5129","HISEQ13:138:C6FWNANXX:2:2112:7688:44101_1:91201622",4.8e-22
"5130","HISEQ13:138:C6FWNANXX:2:2113:20967:22362_1:92423117",4.8e-22
"5131","HISEQ13:138:C6FWNANXX:2:2213:2316:61466_1:117053652",4.8e-22
"5132","HISEQ13:138:C6FWNANXX:2:1102:16672:17332_1:1691271",4.9e-22
"5133","HISEQ13:138:C6FWNANXX:2:1113:3792:44800_1:18830586",4.9e-22
"5134","HISEQ13:138:C6FWNANXX:2:2209:15796:31457_1:110438119",4.9e-22
"5135","HISEQ13:138:C6FWNANXX:2:1205:17840:9899_1:30737802",4.9e-22
"5136","HISEQ13:138:C6FWNANXX:2:2103:7368:39782_1:77915069",4.9e-22
"5137","HISEQ13:138:C6FWNANXX:2:2306:10062:32181_1:130094640",4.9e-22
"5138","HISEQ13:138:C6FWNANXX:2:1210:19741:70257_1:39236903",4.9e-22
"5139","HISEQ13:138:C6FWNANXX:2:2115:6399:56558_1:96168319",4.9e-22
"5140","HISEQ13:138:C6FWNANXX:2:1215:13557:50033_1:46993236",4.9e-22
"5141","HISEQ13:138:C6FWNANXX:2:1303:7525:12017_1:52625598",4.9e-22
"5142","HISEQ13:138:C6FWNANXX:2:2208:20312:53888_1:109285742",4.9e-22
"5143","HISEQ13:138:C6FWNANXX:2:2202:3661:26241_1:100276347",4.9e-22
"5144","HISEQ13:138:C6FWNANXX:2:2203:4536:74748_1:102377487",4.9e-22
"5145","HISEQ13:138:C6FWNANXX:2:2203:7492:63244_1:102213958",4.9e-22
"5146","HISEQ13:138:C6FWNANXX:2:2208:1781:88313_1:109802790",4.9e-22
"5147","HISEQ13:138:C6FWNANXX:2:2315:4970:6826_1:143504669",4.9e-22
"5148","HISEQ13:138:C6FWNANXX:2:1206:17671:8998_1:32202294",4.9e-22
"5149","HISEQ13:138:C6FWNANXX:2:2115:7219:57022_1:96176754",4.9e-22
"5150","HISEQ13:138:C6FWNANXX:2:1106:8156:57099_1:8189107",5e-22
"5151","HISEQ13:138:C6FWNANXX:2:2112:17199:79212_1:91755606",5e-22
"5152","HISEQ13:138:C6FWNANXX:2:1115:21056:43442_1:22127849",5e-22
"5153","HISEQ13:138:C6FWNANXX:2:2111:3526:44616_1:89727972",5e-22
"5154","HISEQ13:138:C6FWNANXX:2:2310:4850:26370_1:135944811",5e-22
"5155","HISEQ13:138:C6FWNANXX:2:2309:4843:26347_1:134432856",5e-22
"5156","HISEQ13:138:C6FWNANXX:2:1212:19751:85134_1:42628401",5e-22
"5157","HISEQ13:138:C6FWNANXX:2:1312:3340:37382_1:66773536",5e-22
"5158","HISEQ13:138:C6FWNANXX:2:2316:5498:57812_1:146000215",5e-22
"5159","HISEQ13:138:C6FWNANXX:2:1104:6650:57722_1:5214769",5e-22
"5160","HISEQ13:138:C6FWNANXX:2:2115:13392:85975_1:96647514",5e-22
"5161","HISEQ13:138:C6FWNANXX:2:2201:12804:3801_1:98552296",5e-22
"5162","HISEQ13:138:C6FWNANXX:2:2201:5326:52983_1:99249642",5e-22
"5163","HISEQ13:138:C6FWNANXX:2:2205:12465:36617_1:104668575",5e-22
"5164","HISEQ13:138:C6FWNANXX:2:1205:2911:60555_1:31493295",5e-22
"5165","HISEQ13:138:C6FWNANXX:2:2212:4537:51912_1:115323229",5e-22
"5166","HISEQ13:138:C6FWNANXX:2:1111:11006:88007_1:16460695",5.1e-22
"5167","HISEQ13:138:C6FWNANXX:2:1113:19033:37454_1:18710421",5.1e-22
"5168","HISEQ13:138:C6FWNANXX:2:2303:18247:62925_1:126263770",5.1e-22
"5169","HISEQ13:138:C6FWNANXX:2:2315:14403:51650_1:144246628",5.1e-22
"5170","HISEQ13:138:C6FWNANXX:2:2315:16603:7255_1:143515223",5.1e-22
"5171","HISEQ13:138:C6FWNANXX:2:2106:13869:99557_1:83077506",5.1e-22
"5172","HISEQ13:138:C6FWNANXX:2:2107:3922:21675_1:83386414",5.1e-22
"5173","HISEQ13:138:C6FWNANXX:2:2306:8650:50741_1:130367312",5.1e-22
"5174","HISEQ13:138:C6FWNANXX:2:1109:10639:76943_1:13094818",5.1e-22
"5175","HISEQ13:138:C6FWNANXX:2:1207:19563:25552_1:33951939",5.1e-22
"5176","HISEQ13:138:C6FWNANXX:2:2207:13090:29123_1:107448603",5.1e-22
"5177","HISEQ13:138:C6FWNANXX:2:2211:1427:5045_1:113046831",5.1e-22
"5178","HISEQ13:138:C6FWNANXX:2:1113:19884:43672_1:18813642",5.1e-22
"5179","HISEQ13:138:C6FWNANXX:2:1205:19017:3975_1:30648479",5.1e-22
"5180","HISEQ13:138:C6FWNANXX:2:2203:20574:67109_1:102273769",5.1e-22
"5181","HISEQ13:138:C6FWNANXX:2:1311:9212:19052_1:64870943",5.1e-22
"5182","HISEQ13:138:C6FWNANXX:2:2216:2708:52406_1:121782540",5.1e-22
"5183","HISEQ13:138:C6FWNANXX:2:2314:19636:99441_1:143403702",5.2e-22
"5184","HISEQ13:138:C6FWNANXX:2:1311:6394:48996_1:65348682",5.2e-22
"5185","HISEQ13:138:C6FWNANXX:2:1110:20073:40192_1:14077723",5.2e-22
"5186","HISEQ13:138:C6FWNANXX:2:1213:3862:71114_1:44023087",5.2e-22
"5187","HISEQ13:138:C6FWNANXX:2:1302:12150:75036_1:52097012",5.2e-22
"5188","HISEQ13:138:C6FWNANXX:2:2215:5874:24211_1:119668763",5.2e-22
"5189","HISEQ13:138:C6FWNANXX:2:1206:19696:71529_1:33152379",5.2e-22
"5190","HISEQ13:138:C6FWNANXX:2:2103:12539:100278_1:78775755",5.2e-22
"5191","HISEQ13:138:C6FWNANXX:2:1216:14015:71401_1:49057398",5.2e-22
"5192","HISEQ13:138:C6FWNANXX:2:1303:11401:54836_1:53258648",5.2e-22
"5193","HISEQ13:138:C6FWNANXX:2:2311:15910:46325_1:137781301",5.2e-22
"5194","HISEQ13:138:C6FWNANXX:2:1214:18851:56221_1:45426217",5.2e-22
"5195","HISEQ13:138:C6FWNANXX:2:1308:6657:44404_1:60584712",5.2e-22
"5196","HISEQ13:138:C6FWNANXX:2:1313:16366:15903_1:68047779",5.2e-22
"5197","HISEQ13:138:C6FWNANXX:2:2315:6281:58840_1:144364202",5.3e-22
"5198","HISEQ13:138:C6FWNANXX:2:1311:6591:84636_1:65932093",5.3e-22
"5199","HISEQ13:138:C6FWNANXX:2:2304:16245:56172_1:127577786",5.3e-22
"5200","HISEQ13:138:C6FWNANXX:2:1115:11637:17428_1:21686009",5.3e-22
"5201","HISEQ13:138:C6FWNANXX:2:1308:15679:75900_1:61078535",5.3e-22
"5202","HISEQ13:138:C6FWNANXX:2:1208:11461:11576_1:35242027",5.3e-22
"5203","HISEQ13:138:C6FWNANXX:2:2111:21036:6068_1:89132760",5.3e-22
"5204","HISEQ13:138:C6FWNANXX:2:1306:3994:41180_1:57497585",5.3e-22
"5205","HISEQ13:138:C6FWNANXX:2:1106:11968:22369_1:7660866",5.3e-22
"5206","HISEQ13:138:C6FWNANXX:2:1108:14142:50747_1:11127933",5.4e-22
"5207","HISEQ13:138:C6FWNANXX:2:1211:4338:78838_1:40948238",5.4e-22
"5208","HISEQ13:138:C6FWNANXX:2:2112:10812:77624_1:91730376",5.4e-22
"5209","HISEQ13:138:C6FWNANXX:2:1116:8341:47946_1:23892013",5.4e-22
"5210","HISEQ13:138:C6FWNANXX:2:2113:14087:31258_1:92565154",5.4e-22
"5211","HISEQ13:138:C6FWNANXX:2:2309:9108:66806_1:135050851",5.4e-22
"5212","HISEQ13:138:C6FWNANXX:2:1301:8661:99155_1:50996410",5.4e-22
"5213","HISEQ13:138:C6FWNANXX:2:2115:17275:11458_1:95435365",5.4e-22
"5214","HISEQ13:138:C6FWNANXX:2:2306:17630:23039_1:129964066",5.4e-22
"5215","HISEQ13:138:C6FWNANXX:2:2212:3479:21399_1:114841413",5.4e-22
"5216","HISEQ13:138:C6FWNANXX:2:2112:3687:58613_1:91427820",5.4e-22
"5217","HISEQ13:138:C6FWNANXX:2:1109:16136:37402_1:12470720",5.4e-22
"5218","HISEQ13:138:C6FWNANXX:2:1301:11331:46921_1:50228834",5.4e-22
"5219","HISEQ13:138:C6FWNANXX:2:2101:12993:72318_1:75565270",5.4e-22
"5220","HISEQ13:138:C6FWNANXX:2:2212:12382:90515_1:115941557",5.4e-22
"5221","HISEQ13:138:C6FWNANXX:2:2307:16704:9606_1:131220424",5.4e-22
"5222","HISEQ13:138:C6FWNANXX:2:2316:1869:59922_1:146033297",5.4e-22
"5223","HISEQ13:138:C6FWNANXX:2:1109:18461:25946_1:12290148",5.5e-22
"5224","HISEQ13:138:C6FWNANXX:2:1211:2835:84722_1:41041742",5.5e-22
"5225","HISEQ13:138:C6FWNANXX:2:1213:12576:31310_1:43366116",5.5e-22
"5226","HISEQ13:138:C6FWNANXX:2:1301:15376:61710_1:50446861",5.5e-22
"5227","HISEQ13:138:C6FWNANXX:2:1309:9838:51844_1:62254905",5.5e-22
"5228","HISEQ13:138:C6FWNANXX:2:2202:13040:20919_1:100203951",5.5e-22
"5229","HISEQ13:138:C6FWNANXX:2:2115:3493:43305_1:95952648",5.5e-22
"5230","HISEQ13:138:C6FWNANXX:2:1207:5655:44397_1:34232879",5.5e-22
"5231","HISEQ13:138:C6FWNANXX:2:2212:6562:32830_1:115024157",5.5e-22
"5232","HISEQ13:138:C6FWNANXX:2:1101:19788:91590_1:1327795",5.5e-22
"5233","HISEQ13:138:C6FWNANXX:2:1203:4445:32677_1:28160471",5.5e-22
"5234","HISEQ13:138:C6FWNANXX:2:1208:19667:70162_1:36145638",5.5e-22
"5235","HISEQ13:138:C6FWNANXX:2:2205:4377:5194_1:104212178",5.5e-22
"5236","HISEQ13:138:C6FWNANXX:2:2311:9545:99403_1:138616772",5.5e-22
"5237","HISEQ13:138:C6FWNANXX:2:1109:19600:7372_1:11999926",5.5e-22
"5238","HISEQ13:138:C6FWNANXX:2:1110:17530:37385_1:14033879",5.5e-22
"5239","HISEQ13:138:C6FWNANXX:2:1205:2911:60555_1:31493296",5.5e-22
"5240","HISEQ13:138:C6FWNANXX:2:2101:8934:27037_1:74920135",5.5e-22
"5241","HISEQ13:138:C6FWNANXX:2:2116:6101:17275_1:97148147",5.5e-22
"5242","HISEQ13:138:C6FWNANXX:2:1309:8283:93489_1:62912810",5.5e-22
"5243","HISEQ13:138:C6FWNANXX:2:2102:10693:25848_1:76308393",5.5e-22
"5244","HISEQ13:138:C6FWNANXX:2:2302:3470:28229_1:124369428",5.5e-22
"5245","HISEQ13:138:C6FWNANXX:2:2314:16878:86561_1:143193059",5.5e-22
"5246","HISEQ13:138:C6FWNANXX:2:1210:12720:26978_1:38555588",5.5e-22
"5247","HISEQ13:138:C6FWNANXX:2:2203:18828:56736_1:102122975",5.5e-22
"5248","HISEQ13:138:C6FWNANXX:2:1312:20345:43717_1:66878535",5.6e-22
"5249","HISEQ13:138:C6FWNANXX:2:2106:2714:48419_1:82321408",5.6e-22
"5250","HISEQ13:138:C6FWNANXX:2:2202:10908:98981_1:101314152",5.6e-22
"5251","HISEQ13:138:C6FWNANXX:2:2315:11349:43189_1:144106011",5.6e-22
"5252","HISEQ13:138:C6FWNANXX:2:2315:4927:47095_1:144170028",5.6e-22
"5253","HISEQ13:138:C6FWNANXX:2:1315:17728:54021_1:72032364",5.6e-22
"5254","HISEQ13:138:C6FWNANXX:2:1111:20845:27235_1:15435247",5.6e-22
"5255","HISEQ13:138:C6FWNANXX:2:1202:1696:62649_1:27147171",5.6e-22
"5256","HISEQ13:138:C6FWNANXX:2:2104:7811:100028_1:80193980",5.6e-22
"5257","HISEQ13:138:C6FWNANXX:2:2313:18389:3422_1:140231271",5.6e-22
"5258","HISEQ13:138:C6FWNANXX:2:2215:4837:67338_1:120382115",5.6e-22
"5259","HISEQ13:138:C6FWNANXX:2:2307:10475:89439_1:132402801",5.7e-22
"5260","HISEQ13:138:C6FWNANXX:2:1115:10401:50101_1:22238965",5.7e-22
"5261","HISEQ13:138:C6FWNANXX:2:1304:10349:99378_1:55393510",5.7e-22
"5262","HISEQ13:138:C6FWNANXX:2:2211:15721:20049_1:113281990",5.7e-22
"5263","HISEQ13:138:C6FWNANXX:2:1111:17374:18173_1:15291559",5.7e-22
"5264","HISEQ13:138:C6FWNANXX:2:1316:7728:23061_1:73205909",5.7e-22
"5265","HISEQ13:138:C6FWNANXX:2:2216:1631:41782_1:121604785",5.7e-22
"5266","HISEQ13:138:C6FWNANXX:2:1210:20323:63188_1:39124271",5.7e-22
"5267","HISEQ13:138:C6FWNANXX:2:2202:9156:93068_1:101230818",5.7e-22
"5268","HISEQ13:138:C6FWNANXX:2:1203:19128:7540_1:27794602",5.7e-22
"5269","HISEQ13:138:C6FWNANXX:2:1107:2875:12645_1:9019029",5.8e-22
"5270","HISEQ13:138:C6FWNANXX:2:2116:11226:38677_1:97501087",5.8e-22
"5271","HISEQ13:138:C6FWNANXX:2:2103:13585:43192_1:77962480",5.8e-22
"5272","HISEQ13:138:C6FWNANXX:2:1208:8744:80043_1:36298188",5.8e-22
"5273","HISEQ13:138:C6FWNANXX:2:1308:18129:10071_1:60057174",5.8e-22
"5274","HISEQ13:138:C6FWNANXX:2:1310:5524:30480_1:63478031",5.8e-22
"5275","HISEQ13:138:C6FWNANXX:2:2207:15186:52138_1:107786688",5.8e-22
"5276","HISEQ13:138:C6FWNANXX:2:1113:11729:29269_1:18577852",5.8e-22
"5277","HISEQ13:138:C6FWNANXX:2:1314:12342:59167_1:70432649",5.8e-22
"5278","HISEQ13:138:C6FWNANXX:2:2315:11725:47801_1:144183971",5.8e-22
"5279","HISEQ13:138:C6FWNANXX:2:2202:4866:23635_1:100241304",5.9e-22
"5280","HISEQ13:138:C6FWNANXX:2:1102:16672:17332_1:1691272",5.9e-22
"5281","HISEQ13:138:C6FWNANXX:2:1306:15641:90124_1:58248084",5.9e-22
"5282","HISEQ13:138:C6FWNANXX:2:2206:3379:8213_1:105688043",5.9e-22
"5283","HISEQ13:138:C6FWNANXX:2:1309:19344:44063_1:62134161",5.9e-22
"5284","HISEQ13:138:C6FWNANXX:2:2112:15435:83372_1:91823360",5.9e-22
"5285","HISEQ13:138:C6FWNANXX:2:2212:12280:28214_1:114950030",5.9e-22
"5286","HISEQ13:138:C6FWNANXX:2:1216:9140:6036_1:47926767",5.9e-22
"5287","HISEQ13:138:C6FWNANXX:2:2103:21029:7870_1:77461515",5.9e-22
"5288","HISEQ13:138:C6FWNANXX:2:2105:4246:40128_1:80757695",5.9e-22
"5289","HISEQ13:138:C6FWNANXX:2:2316:7402:69671_1:146199160",5.9e-22
"5290","HISEQ13:138:C6FWNANXX:2:1308:5477:36430_1:60460378",5.9e-22
"5291","HISEQ13:138:C6FWNANXX:2:2203:8209:81984_1:102481657",5.9e-22
"5292","HISEQ13:138:C6FWNANXX:2:2309:12937:33517_1:134544268",5.9e-22
"5293","HISEQ13:138:C6FWNANXX:2:2101:10511:56202_1:75333589",5.9e-22
"5294","HISEQ13:138:C6FWNANXX:2:1215:10775:18973_1:46462893",6e-22
"5295","HISEQ13:138:C6FWNANXX:2:1213:14589:40315_1:43515938",6e-22
"5296","HISEQ13:138:C6FWNANXX:2:2211:1858:34436_1:113503215",6e-22
"5297","HISEQ13:138:C6FWNANXX:2:2311:20550:48660_1:137817879",6e-22
"5298","HISEQ13:138:C6FWNANXX:2:1116:10609:15413_1:23334138",6e-22
"5299","HISEQ13:138:C6FWNANXX:2:1210:12923:51118_1:38935681",6e-22
"5300","HISEQ13:138:C6FWNANXX:2:1301:7757:40432_1:50133202",6e-22
"5301","HISEQ13:138:C6FWNANXX:2:2114:6413:35355_1:94215995",6e-22
"5302","HISEQ13:138:C6FWNANXX:2:1114:17407:49950_1:20567324",6e-22
"5303","HISEQ13:138:C6FWNANXX:2:1213:5891:19523_1:43172450",6e-22
"5304","HISEQ13:138:C6FWNANXX:2:2202:2132:70135_1:100900398",6e-22
"5305","HISEQ13:138:C6FWNANXX:2:1202:11525:67010_1:27215420",6e-22
"5306","HISEQ13:138:C6FWNANXX:2:1308:17612:11295_1:60076392",6e-22
"5307","HISEQ13:138:C6FWNANXX:2:1312:5061:62319_1:67183132",6e-22
"5308","HISEQ13:138:C6FWNANXX:2:1105:16544:47547_1:6549904",6e-22
"5309","HISEQ13:138:C6FWNANXX:2:1112:16375:52250_1:17330909",6.1e-22
"5310","HISEQ13:138:C6FWNANXX:2:2302:9953:7755_1:124083809",6.1e-22
"5311","HISEQ13:138:C6FWNANXX:2:1205:12795:79589_1:31780769",6.1e-22
"5312","HISEQ13:138:C6FWNANXX:2:1315:14685:17017_1:71399451",6.1e-22
"5313","HISEQ13:138:C6FWNANXX:2:1101:20233:46823_1:666324",6.1e-22
"5314","HISEQ13:138:C6FWNANXX:2:1102:20546:77925_1:2583628",6.1e-22
"5315","HISEQ13:138:C6FWNANXX:2:1106:11317:72992_1:8431295",6.1e-22
"5316","HISEQ13:138:C6FWNANXX:2:1202:13585:70401_1:27263348",6.1e-22
"5317","HISEQ13:138:C6FWNANXX:2:1208:13879:22573_1:35411536",6.1e-22
"5318","HISEQ13:138:C6FWNANXX:2:2207:13635:53358_1:107804808",6.1e-22
"5319","HISEQ13:138:C6FWNANXX:2:2211:2393:47020_1:113702718",6.1e-22
"5320","HISEQ13:138:C6FWNANXX:2:1214:21295:2480_1:44525637",6.1e-22
"5321","HISEQ13:138:C6FWNANXX:2:1316:4422:83590_1:74262846",6.1e-22
"5322","HISEQ13:138:C6FWNANXX:2:1208:11398:35199_1:35603072",6.1e-22
"5323","HISEQ13:138:C6FWNANXX:2:1302:10921:41962_1:51607239",6.1e-22
"5324","HISEQ13:138:C6FWNANXX:2:1215:15822:3155_1:46197331",6.1e-22
"5325","HISEQ13:138:C6FWNANXX:2:1311:5612:42101_1:65239395",6.1e-22
"5326","HISEQ13:138:C6FWNANXX:2:1104:18971:47411_1:5065035",6.2e-22
"5327","HISEQ13:138:C6FWNANXX:2:2309:10897:97764_1:135526323",6.2e-22
"5328","HISEQ13:138:C6FWNANXX:2:1307:21211:76908_1:59563925",6.2e-22
"5329","HISEQ13:138:C6FWNANXX:2:2115:6399:56558_1:96168320",6.2e-22
"5330","HISEQ13:138:C6FWNANXX:2:1101:13932:13875_1:177089",6.2e-22
"5331","HISEQ13:138:C6FWNANXX:2:1202:9831:68951_1:27240685",6.2e-22
"5332","HISEQ13:138:C6FWNANXX:2:1211:6084:50353_1:40489903",6.2e-22
"5333","HISEQ13:138:C6FWNANXX:2:2313:7359:52017_1:141014677",6.2e-22
"5334","HISEQ13:138:C6FWNANXX:2:1202:13434:16108_1:26467368",6.2e-22
"5335","HISEQ13:138:C6FWNANXX:2:1301:2241:50145_1:50274649",6.3e-22
"5336","HISEQ13:138:C6FWNANXX:2:1314:1340:99684_1:71119622",6.3e-22
"5337","HISEQ13:138:C6FWNANXX:2:2102:15308:83893_1:77134686",6.3e-22
"5338","HISEQ13:138:C6FWNANXX:2:2206:9376:43932_1:106211590",6.3e-22
"5339","HISEQ13:138:C6FWNANXX:2:2209:9969:27807_1:110384215",6.3e-22
"5340","HISEQ13:138:C6FWNANXX:2:2205:8778:66412_1:105098980",6.3e-22
"5341","HISEQ13:138:C6FWNANXX:2:2212:13219:58197_1:115424157",6.3e-22
"5342","HISEQ13:138:C6FWNANXX:2:1204:14188:57548_1:29977915",6.3e-22
"5343","HISEQ13:138:C6FWNANXX:2:1306:5810:81036_1:58108893",6.3e-22
"5344","HISEQ13:138:C6FWNANXX:2:2209:15944:64905_1:110946594",6.3e-22
"5345","HISEQ13:138:C6FWNANXX:2:1101:11308:54966_1:783008",6.3e-22
"5346","HISEQ13:138:C6FWNANXX:2:1106:10738:67588_1:8350831",6.3e-22
"5347","HISEQ13:138:C6FWNANXX:2:1206:15617:38593_1:32651522",6.3e-22
"5348","HISEQ13:138:C6FWNANXX:2:1107:3029:93177_1:10253151",6.4e-22
"5349","HISEQ13:138:C6FWNANXX:2:1301:17676:91896_1:50891510",6.4e-22
"5350","HISEQ13:138:C6FWNANXX:2:2110:8447:27334_1:87947234",6.4e-22
"5351","HISEQ13:138:C6FWNANXX:2:2313:15973:90401_1:141636447",6.4e-22
"5352","HISEQ13:138:C6FWNANXX:2:2102:12585:66637_1:76886832",6.4e-22
"5353","HISEQ13:138:C6FWNANXX:2:2207:9884:58246_1:107874786",6.4e-22
"5354","HISEQ13:138:C6FWNANXX:2:2113:19303:85749_1:93434993",6.4e-22
"5355","HISEQ13:138:C6FWNANXX:2:2216:14265:55646_1:121840205",6.4e-22
"5356","HISEQ13:138:C6FWNANXX:2:2310:11963:89501_1:136917012",6.4e-22
"5357","HISEQ13:138:C6FWNANXX:2:2208:6677:20581_1:108785909",6.4e-22
"5358","HISEQ13:138:C6FWNANXX:2:2107:15724:47572_1:83773911",6.4e-22
"5359","HISEQ13:138:C6FWNANXX:2:2208:17056:76505_1:109628543",6.4e-22
"5360","HISEQ13:138:C6FWNANXX:2:1113:3620:64365_1:19153227",6.5e-22
"5361","HISEQ13:138:C6FWNANXX:2:2101:19756:32991_1:75004174",6.5e-22
"5362","HISEQ13:138:C6FWNANXX:2:2109:10555:43589_1:86689598",6.5e-22
"5363","HISEQ13:138:C6FWNANXX:2:2308:14756:55400_1:133377097",6.5e-22
"5364","HISEQ13:138:C6FWNANXX:2:1309:8283:93489_1:62912811",6.5e-22
"5365","HISEQ13:138:C6FWNANXX:2:2216:9295:90752_1:122437798",6.5e-22
"5366","HISEQ13:138:C6FWNANXX:2:1106:6088:42064_1:7959956",6.5e-22
"5367","HISEQ13:138:C6FWNANXX:2:1111:1428:88137_1:16458740",6.5e-22
"5368","HISEQ13:138:C6FWNANXX:2:2108:13195:73413_1:85642560",6.5e-22
"5369","HISEQ13:138:C6FWNANXX:2:2115:9010:6737_1:95355730",6.5e-22
"5370","HISEQ13:138:C6FWNANXX:2:1113:4975:39878_1:18748809",6.5e-22
"5371","HISEQ13:138:C6FWNANXX:2:1201:21107:97084_1:26206431",6.5e-22
"5372","HISEQ13:138:C6FWNANXX:2:1207:4739:20025_1:33866333",6.5e-22
"5373","HISEQ13:138:C6FWNANXX:2:1210:14717:36586_1:38709478",6.5e-22
"5374","HISEQ13:138:C6FWNANXX:2:1308:11092:23224_1:60255867",6.5e-22
"5375","HISEQ13:138:C6FWNANXX:2:1312:1691:38573_1:66793581",6.5e-22
"5376","HISEQ13:138:C6FWNANXX:2:2209:11100:16777_1:110217218",6.5e-22
"5377","HISEQ13:138:C6FWNANXX:2:2210:13731:56543_1:112326770",6.5e-22
"5378","HISEQ13:138:C6FWNANXX:2:1312:12294:80806_1:67488856",6.5e-22
"5379","HISEQ13:138:C6FWNANXX:2:1112:13778:83008_1:17836174",6.5e-22
"5380","HISEQ13:138:C6FWNANXX:2:2201:19755:41628_1:99091902",6.5e-22
"5381","HISEQ13:138:C6FWNANXX:2:1312:4621:40714_1:66826614",6.5e-22
"5382","HISEQ13:138:C6FWNANXX:2:1202:6547:92461_1:27584599",6.5e-22
"5383","HISEQ13:138:C6FWNANXX:2:2202:3384:11097_1:100062659",6.5e-22
"5384","HISEQ13:138:C6FWNANXX:2:2304:15910:57813_1:127603285",6.5e-22
"5385","HISEQ13:138:C6FWNANXX:2:2213:20865:47115_1:116827036",6.5e-22
"5386","HISEQ13:138:C6FWNANXX:2:1305:15647:20394_1:55692119",6.6e-22
"5387","HISEQ13:138:C6FWNANXX:2:2107:10375:34664_1:83579981",6.6e-22
"5388","HISEQ13:138:C6FWNANXX:2:2111:12046:11099_1:89208734",6.6e-22
"5389","HISEQ13:138:C6FWNANXX:2:1114:15768:6763_1:19846674",6.6e-22
"5390","HISEQ13:138:C6FWNANXX:2:1105:20988:85658_1:7120839",6.6e-22
"5391","HISEQ13:138:C6FWNANXX:2:1108:16894:20669_1:10663149",6.6e-22
"5392","HISEQ13:138:C6FWNANXX:2:1110:5073:19332_1:13747471",6.6e-22
"5393","HISEQ13:138:C6FWNANXX:2:1111:14760:61824_1:15996917",6.6e-22
"5394","HISEQ13:138:C6FWNANXX:2:1205:6871:88181_1:31906310",6.6e-22
"5395","HISEQ13:138:C6FWNANXX:2:1312:13485:43457_1:66873089",6.6e-22
"5396","HISEQ13:138:C6FWNANXX:2:2213:20865:47115_1:116827035",6.6e-22
"5397","HISEQ13:138:C6FWNANXX:2:2207:14571:46801_1:107709001",6.6e-22
"5398","HISEQ13:138:C6FWNANXX:2:1103:20419:93794_1:4286608",6.6e-22
"5399","HISEQ13:138:C6FWNANXX:2:1212:19803:62674_1:42259670",6.6e-22
"5400","HISEQ13:138:C6FWNANXX:2:1103:17571:95328_1:4308197",6.7e-22
"5401","HISEQ13:138:C6FWNANXX:2:1207:15612:11538_1:33739858",6.7e-22
"5402","HISEQ13:138:C6FWNANXX:2:1309:5968:98100_1:62986256",6.7e-22
"5403","HISEQ13:138:C6FWNANXX:2:2302:1293:57074_1:124776581",6.7e-22
"5404","HISEQ13:138:C6FWNANXX:2:2316:6921:54745_1:145945379",6.7e-22
"5405","HISEQ13:138:C6FWNANXX:2:2203:14104:11369_1:101476028",6.7e-22
"5406","HISEQ13:138:C6FWNANXX:2:1311:14960:85012_1:65941924",6.7e-22
"5407","HISEQ13:138:C6FWNANXX:2:1313:18058:55051_1:68699952",6.7e-22
"5408","HISEQ13:138:C6FWNANXX:2:2106:6381:79577_1:82782126",6.7e-22
"5409","HISEQ13:138:C6FWNANXX:2:2108:8039:2719_1:84576798",6.8e-22
"5410","HISEQ13:138:C6FWNANXX:2:2211:9584:16633_1:113226758",6.8e-22
"5411","HISEQ13:138:C6FWNANXX:2:2104:2772:78029_1:79878290",6.8e-22
"5412","HISEQ13:138:C6FWNANXX:2:2305:20638:39044_1:128757809",6.8e-22
"5413","HISEQ13:138:C6FWNANXX:2:1102:4096:56160_1:2258827",6.8e-22
"5414","HISEQ13:138:C6FWNANXX:2:1115:13286:15890_1:21661278",6.8e-22
"5415","HISEQ13:138:C6FWNANXX:2:1209:1683:61477_1:37543271",6.8e-22
"5416","HISEQ13:138:C6FWNANXX:2:1210:14317:96342_1:39645002",6.8e-22
"5417","HISEQ13:138:C6FWNANXX:2:1112:6182:72386_1:17658233",6.9e-22
"5418","HISEQ13:138:C6FWNANXX:2:1315:10389:76627_1:72417707",6.9e-22
"5419","HISEQ13:138:C6FWNANXX:2:2109:3557:41478_1:86653959",6.9e-22
"5420","HISEQ13:138:C6FWNANXX:2:2208:14655:58804_1:109359763",6.9e-22
"5421","HISEQ13:138:C6FWNANXX:2:2303:18598:98808_1:126773952",6.9e-22
"5422","HISEQ13:138:C6FWNANXX:2:1105:14368:32301_1:6320395",6.9e-22
"5423","HISEQ13:138:C6FWNANXX:2:1210:13676:37548_1:38724954",6.9e-22
"5424","HISEQ13:138:C6FWNANXX:2:2111:6651:12922_1:89234798",6.9e-22
"5425","HISEQ13:138:C6FWNANXX:2:1309:9538:30853_1:61923221",6.9e-22
"5426","HISEQ13:138:C6FWNANXX:2:2203:6530:33830_1:101796094",6.9e-22
"5427","HISEQ13:138:C6FWNANXX:2:1206:8467:31144_1:32535753",6.9e-22
"5428","HISEQ13:138:C6FWNANXX:2:1210:7426:41148_1:38778302",6.9e-22
"5429","HISEQ13:138:C6FWNANXX:2:1216:20940:57600_1:48819717",6.9e-22
"5430","HISEQ13:138:C6FWNANXX:2:1312:20666:79071_1:67461444",6.9e-22
"5431","HISEQ13:138:C6FWNANXX:2:2205:16963:8756_1:104268530",6.9e-22
"5432","HISEQ13:138:C6FWNANXX:2:1301:1628:19459_1:49823046",6.9e-22
"5433","HISEQ13:138:C6FWNANXX:2:1310:17484:20369_1:63321251",6.9e-22
"5434","HISEQ13:138:C6FWNANXX:2:1311:18995:86378_1:65963003",6.9e-22
"5435","HISEQ13:138:C6FWNANXX:2:2215:19907:83415_1:120649663",6.9e-22
"5436","HISEQ13:138:C6FWNANXX:2:1302:6673:27654_1:51397236",6.9e-22
"5437","HISEQ13:138:C6FWNANXX:2:2308:16696:7806_1:132661738",6.9e-22
"5438","HISEQ13:138:C6FWNANXX:2:1110:21203:21393_1:13782178",6.9e-22
"5439","HISEQ13:138:C6FWNANXX:2:1111:7562:14988_1:15237965",6.9e-22
"5440","HISEQ13:138:C6FWNANXX:2:1211:1618:27159_1:40114873",6.9e-22
"5441","HISEQ13:138:C6FWNANXX:2:1110:11936:25074_1:13839522",6.9e-22
"5442","HISEQ13:138:C6FWNANXX:2:1308:5489:49447_1:60662122",6.9e-22
"5443","HISEQ13:138:C6FWNANXX:2:2115:17671:39301_1:95890777",6.9e-22
"5444","HISEQ13:138:C6FWNANXX:2:1306:19685:83765_1:58153393",7e-22
"5445","HISEQ13:138:C6FWNANXX:2:2103:11049:63642_1:78252435",7e-22
"5446","HISEQ13:138:C6FWNANXX:2:2108:7501:35142_1:85063267",7e-22
"5447","HISEQ13:138:C6FWNANXX:2:2110:9361:63649_1:88501811",7e-22
"5448","HISEQ13:138:C6FWNANXX:2:2206:17515:34451_1:106073851",7e-22
"5449","HISEQ13:138:C6FWNANXX:2:2211:20461:94472_1:114446062",7e-22
"5450","HISEQ13:138:C6FWNANXX:2:2314:14544:82905_1:143131717",7e-22
"5451","HISEQ13:138:C6FWNANXX:2:2302:4378:42729_1:124572490",7.1e-22
"5452","HISEQ13:138:C6FWNANXX:2:2309:9847:32085_1:134520766",7.1e-22
"5453","HISEQ13:138:C6FWNANXX:2:2102:2258:98826_1:77346434",7.1e-22
"5454","HISEQ13:138:C6FWNANXX:2:2202:1624:63799_1:100811143",7.1e-22
"5455","HISEQ13:138:C6FWNANXX:2:1102:11512:80786_1:2626003",7.1e-22
"5456","HISEQ13:138:C6FWNANXX:2:1213:20301:58890_1:43822931",7.1e-22
"5457","HISEQ13:138:C6FWNANXX:2:2101:6519:100580_1:75965149",7.1e-22
"5458","HISEQ13:138:C6FWNANXX:2:2310:4910:91439_1:136942318",7.1e-22
"5459","HISEQ13:138:C6FWNANXX:2:1110:15379:37301_1:14033439",7.1e-22
"5460","HISEQ13:138:C6FWNANXX:2:1103:16085:90281_1:4233793",7.1e-22
"5461","HISEQ13:138:C6FWNANXX:2:1107:9779:32908_1:9330191",7.1e-22
"5462","HISEQ13:138:C6FWNANXX:2:1108:15413:13806_1:10558509",7.1e-22
"5463","HISEQ13:138:C6FWNANXX:2:1203:11860:94895_1:29078314",7.1e-22
"5464","HISEQ13:138:C6FWNANXX:2:2203:15157:65082_1:102244209",7.1e-22
"5465","HISEQ13:138:C6FWNANXX:2:2203:8670:56853_1:102124662",7.1e-22
"5466","HISEQ13:138:C6FWNANXX:2:2301:10153:65962_1:123506539",7.1e-22
"5467","HISEQ13:138:C6FWNANXX:2:1309:18585:34752_1:61988391",7.1e-22
"5468","HISEQ13:138:C6FWNANXX:2:1110:20122:34764_1:13994488",7.2e-22
"5469","HISEQ13:138:C6FWNANXX:2:1210:13426:31233_1:38622125",7.2e-22
"5470","HISEQ13:138:C6FWNANXX:2:1115:19077:13550_1:21624667",7.2e-22
"5471","HISEQ13:138:C6FWNANXX:2:1103:20453:17375_1:3152273",7.2e-22
"5472","HISEQ13:138:C6FWNANXX:2:1110:1834:4881_1:13517495",7.2e-22
"5473","HISEQ13:138:C6FWNANXX:2:1108:6090:45438_1:11044478",7.2e-22
"5474","HISEQ13:138:C6FWNANXX:2:1202:16145:44343_1:26882336",7.2e-22
"5475","HISEQ13:138:C6FWNANXX:2:1211:5827:11721_1:39866772",7.2e-22
"5476","HISEQ13:138:C6FWNANXX:2:1312:9086:26894_1:66603713",7.2e-22
"5477","HISEQ13:138:C6FWNANXX:2:2211:5427:71203_1:114078093",7.2e-22
"5478","HISEQ13:138:C6FWNANXX:2:2304:20780:81706_1:127943905",7.2e-22
"5479","HISEQ13:138:C6FWNANXX:2:2211:20034:31494_1:113459551",7.2e-22
"5480","HISEQ13:138:C6FWNANXX:2:1308:14374:10442_1:60060372",7.2e-22
"5481","HISEQ13:138:C6FWNANXX:2:1308:8496:15475_1:60136100",7.2e-22
"5482","HISEQ13:138:C6FWNANXX:2:2208:18730:83098_1:109726775",7.2e-22
"5483","HISEQ13:138:C6FWNANXX:2:1114:9478:70414_1:20911058",7.2e-22
"5484","HISEQ13:138:C6FWNANXX:2:1316:7790:51292_1:73698519",7.2e-22
"5485","HISEQ13:138:C6FWNANXX:2:2116:3465:29105_1:97342150",7.2e-22
"5486","HISEQ13:138:C6FWNANXX:2:2215:5789:76554_1:120535467",7.2e-22
"5487","HISEQ13:138:C6FWNANXX:2:2112:4076:38158_1:91107620",7.2e-22
"5488","HISEQ13:138:C6FWNANXX:2:2208:19873:94439_1:109896728",7.2e-22
"5489","HISEQ13:138:C6FWNANXX:2:2108:9804:67368_1:85551044",7.2e-22
"5490","HISEQ13:138:C6FWNANXX:2:2114:1463:19569_1:93959649",7.2e-22
"5491","HISEQ13:138:C6FWNANXX:2:1301:14002:81600_1:50740638",7.3e-22
"5492","HISEQ13:138:C6FWNANXX:2:2102:1889:71457_1:76952568",7.3e-22
"5493","HISEQ13:138:C6FWNANXX:2:1212:13152:67892_1:42343783",7.3e-22
"5494","HISEQ13:138:C6FWNANXX:2:2315:20289:6194_1:143495488",7.3e-22
"5495","HISEQ13:138:C6FWNANXX:2:1215:16856:20590_1:46493970",7.3e-22
"5496","HISEQ13:138:C6FWNANXX:2:1303:20422:89985_1:53777754",7.3e-22
"5497","HISEQ13:138:C6FWNANXX:2:2206:8836:12097_1:105747145",7.3e-22
"5498","HISEQ13:138:C6FWNANXX:2:1207:15225:75625_1:34711149",7.3e-22
"5499","HISEQ13:138:C6FWNANXX:2:1304:20211:23202_1:54254889",7.3e-22
"5500","HISEQ13:138:C6FWNANXX:2:2212:3172:39895_1:115134202",7.3e-22
"5501","HISEQ13:138:C6FWNANXX:2:1214:15756:2177_1:44520166",7.3e-22
"5502","HISEQ13:138:C6FWNANXX:2:2110:12934:83157_1:88799254",7.3e-22
"5503","HISEQ13:138:C6FWNANXX:2:2116:11889:9778_1:97024620",7.3e-22
"5504","HISEQ13:138:C6FWNANXX:2:1115:17708:43447_1:22127142",7.3e-22
"5505","HISEQ13:138:C6FWNANXX:2:1216:12570:12715_1:48039871",7.3e-22
"5506","HISEQ13:138:C6FWNANXX:2:2115:9459:71614_1:96414041",7.3e-22
"5507","HISEQ13:138:C6FWNANXX:2:2206:2995:48543_1:106280261",7.3e-22
"5508","HISEQ13:138:C6FWNANXX:2:1306:1896:46826_1:57584491",7.3e-22
"5509","HISEQ13:138:C6FWNANXX:2:2216:5951:51463_1:121766636",7.3e-22
"5510","HISEQ13:138:C6FWNANXX:2:2302:4274:77496_1:125064464",7.3e-22
"5511","HISEQ13:138:C6FWNANXX:2:1111:16520:56183_1:15901171",7.4e-22
"5512","HISEQ13:138:C6FWNANXX:2:1313:1947:79372_1:69103250",7.4e-22
"5513","HISEQ13:138:C6FWNANXX:2:1313:9963:5644_1:67877526",7.4e-22
"5514","HISEQ13:138:C6FWNANXX:2:1102:2462:44742_1:2088848",7.4e-22
"5515","HISEQ13:138:C6FWNANXX:2:1216:7775:29013_1:48323686",7.4e-22
"5516","HISEQ13:138:C6FWNANXX:2:2115:8301:31723_1:95762819",7.4e-22
"5517","HISEQ13:138:C6FWNANXX:2:1315:1373:16271_1:71384052",7.4e-22
"5518","HISEQ13:138:C6FWNANXX:2:1204:8882:45139_1:29790119",7.4e-22
"5519","HISEQ13:138:C6FWNANXX:2:2310:14403:50233_1:136312557",7.4e-22
"5520","HISEQ13:138:C6FWNANXX:2:1209:3585:39507_1:37203192",7.4e-22
"5521","HISEQ13:138:C6FWNANXX:2:2314:10894:10449_1:141939384",7.4e-22
"5522","HISEQ13:138:C6FWNANXX:2:1213:18212:94417_1:44409750",7.5e-22
"5523","HISEQ13:138:C6FWNANXX:2:1312:5200:20893_1:66504823",7.5e-22
"5524","HISEQ13:138:C6FWNANXX:2:1205:12029:12474_1:30774325",7.5e-22
"5525","HISEQ13:138:C6FWNANXX:2:1215:16856:20590_1:46493971",7.5e-22
"5526","HISEQ13:138:C6FWNANXX:2:1109:3883:80176_1:13144830",7.5e-22
"5527","HISEQ13:138:C6FWNANXX:2:1104:5369:57889_1:5218328",7.5e-22
"5528","HISEQ13:138:C6FWNANXX:2:1209:9135:23236_1:36948697",7.5e-22
"5529","HISEQ13:138:C6FWNANXX:2:1312:5284:20200_1:66492621",7.5e-22
"5530","HISEQ13:138:C6FWNANXX:2:2201:14252:98831_1:99905503",7.5e-22
"5531","HISEQ13:138:C6FWNANXX:2:2204:19695:48902_1:103423360",7.5e-22
"5532","HISEQ13:138:C6FWNANXX:2:2314:7029:8672_1:141910195",7.5e-22
"5533","HISEQ13:138:C6FWNANXX:2:1108:11644:32025_1:10839677",7.5e-22
"5534","HISEQ13:138:C6FWNANXX:2:1102:6598:62953_1:2358942",7.5e-22
"5535","HISEQ13:138:C6FWNANXX:2:1211:4432:95342_1:41215750",7.5e-22
"5536","HISEQ13:138:C6FWNANXX:2:1214:3428:80760_1:45839486",7.5e-22
"5537","HISEQ13:138:C6FWNANXX:2:1307:2971:20501_1:58694398",7.5e-22
"5538","HISEQ13:138:C6FWNANXX:2:1307:5112:67136_1:59410235",7.5e-22
"5539","HISEQ13:138:C6FWNANXX:2:1308:5489:49447_1:60662121",7.5e-22
"5540","HISEQ13:138:C6FWNANXX:2:2306:15138:38495_1:130187477",7.5e-22
"5541","HISEQ13:138:C6FWNANXX:2:1309:4351:33139_1:61957771",7.5e-22
"5542","HISEQ13:138:C6FWNANXX:2:2115:15499:11205_1:95430905",7.5e-22
"5543","HISEQ13:138:C6FWNANXX:2:1215:20866:44196_1:46893433",7.5e-22
"5544","HISEQ13:138:C6FWNANXX:2:2302:10779:60041_1:124820940",7.5e-22
"5545","HISEQ13:138:C6FWNANXX:2:1216:12152:28318_1:48311736",7.5e-22
"5546","HISEQ13:138:C6FWNANXX:2:2213:4438:77323_1:117311429",7.5e-22
"5547","HISEQ13:138:C6FWNANXX:2:1211:21054:32270_1:40203380",7.5e-22
"5548","HISEQ13:138:C6FWNANXX:2:1305:20746:36942_1:55939292",7.5e-22
"5549","HISEQ13:138:C6FWNANXX:2:1315:12954:75696_1:72400882",7.6e-22
"5550","HISEQ13:138:C6FWNANXX:2:2305:13045:40738_1:128778149",7.6e-22
"5551","HISEQ13:138:C6FWNANXX:2:2309:11902:49916_1:134790065",7.6e-22
"5552","HISEQ13:138:C6FWNANXX:2:1202:5537:44683_1:26884097",7.6e-22
"5553","HISEQ13:138:C6FWNANXX:2:1203:5626:20335_1:27979951",7.6e-22
"5554","HISEQ13:138:C6FWNANXX:2:1314:17284:20602_1:69779837",7.6e-22
"5555","HISEQ13:138:C6FWNANXX:2:2306:10693:61468_1:130525779",7.6e-22
"5556","HISEQ13:138:C6FWNANXX:2:2313:11740:81541_1:141494048",7.6e-22
"5557","HISEQ13:138:C6FWNANXX:2:1106:2993:18559_1:7601880",7.6e-22
"5558","HISEQ13:138:C6FWNANXX:2:1112:17316:78229_1:17755059",7.6e-22
"5559","HISEQ13:138:C6FWNANXX:2:2308:5077:97049_1:134006739",7.6e-22
"5560","HISEQ13:138:C6FWNANXX:2:2115:7219:57022_1:96176753",7.6e-22
"5561","HISEQ13:138:C6FWNANXX:2:1202:1696:62649_1:27147170",7.6e-22
"5562","HISEQ13:138:C6FWNANXX:2:1204:16343:21772_1:29445837",7.6e-22
"5563","HISEQ13:138:C6FWNANXX:2:2302:13513:6640_1:124067058",7.6e-22
"5564","HISEQ13:138:C6FWNANXX:2:2205:17263:80585_1:105306457",7.6e-22
"5565","HISEQ13:138:C6FWNANXX:2:1115:6834:2566_1:21434761",7.7e-22
"5566","HISEQ13:138:C6FWNANXX:2:1202:5344:12975_1:26418085",7.7e-22
"5567","HISEQ13:138:C6FWNANXX:2:2113:7596:12456_1:92263111",7.7e-22
"5568","HISEQ13:138:C6FWNANXX:2:2112:11521:54571_1:91366464",7.7e-22
"5569","HISEQ13:138:C6FWNANXX:2:2113:13029:90952_1:93517766",7.7e-22
"5570","HISEQ13:138:C6FWNANXX:2:2210:10369:14156_1:111676956",7.7e-22
"5571","HISEQ13:138:C6FWNANXX:2:2315:1925:98134_1:145011134",7.7e-22
"5572","HISEQ13:138:C6FWNANXX:2:1304:19867:52920_1:54699332",7.8e-22
"5573","HISEQ13:138:C6FWNANXX:2:2215:19680:76396_1:120534163",7.8e-22
"5574","HISEQ13:138:C6FWNANXX:2:2102:17346:15804_1:76167527",7.8e-22
"5575","HISEQ13:138:C6FWNANXX:2:2107:15597:16643_1:83314661",7.8e-22
"5576","HISEQ13:138:C6FWNANXX:2:2109:21121:36658_1:86584914",7.8e-22
"5577","HISEQ13:138:C6FWNANXX:2:1201:18559:59729_1:25654139",7.8e-22
"5578","HISEQ13:138:C6FWNANXX:2:1210:11684:75818_1:39321316",7.8e-22
"5579","HISEQ13:138:C6FWNANXX:2:1214:17177:65628_1:45585656",7.8e-22
"5580","HISEQ13:138:C6FWNANXX:2:2302:11686:59497_1:124810267",7.8e-22
"5581","HISEQ13:138:C6FWNANXX:2:1312:6859:18280_1:66464422",7.8e-22
"5582","HISEQ13:138:C6FWNANXX:2:2116:6660:85623_1:98273172",7.8e-22
"5583","HISEQ13:138:C6FWNANXX:2:1102:17200:23029_1:1776185",7.9e-22
"5584","HISEQ13:138:C6FWNANXX:2:1214:14258:83718_1:45888249",7.9e-22
"5585","HISEQ13:138:C6FWNANXX:2:2102:5558:5649_1:76020016",7.9e-22
"5586","HISEQ13:138:C6FWNANXX:2:2303:13667:80356_1:126510394",7.9e-22
"5587","HISEQ13:138:C6FWNANXX:2:1111:13142:26854_1:15429779",7.9e-22
"5588","HISEQ13:138:C6FWNANXX:2:2113:17053:31224_1:92561869",7.9e-22
"5589","HISEQ13:138:C6FWNANXX:2:2303:12504:68396_1:126341137",7.9e-22
"5590","HISEQ13:138:C6FWNANXX:2:1104:16683:36208_1:4896977",7.9e-22
"5591","HISEQ13:138:C6FWNANXX:2:1211:10988:64743_1:40721175",7.9e-22
"5592","HISEQ13:138:C6FWNANXX:2:2108:16819:77446_1:85703595",7.9e-22
"5593","HISEQ13:138:C6FWNANXX:2:2112:14234:93887_1:91988320",7.9e-22
"5594","HISEQ13:138:C6FWNANXX:2:1109:19049:44497_1:12581237",7.9e-22
"5595","HISEQ13:138:C6FWNANXX:2:1113:4877:70320_1:19253100",7.9e-22
"5596","HISEQ13:138:C6FWNANXX:2:1113:5030:66242_1:19182345",7.9e-22
"5597","HISEQ13:138:C6FWNANXX:2:1115:21269:23245_1:21785237",7.9e-22
"5598","HISEQ13:138:C6FWNANXX:2:2305:3811:15158_1:128407212",7.9e-22
"5599","HISEQ13:138:C6FWNANXX:2:2102:15308:83893_1:77134685",7.9e-22
"5600","HISEQ13:138:C6FWNANXX:2:1104:4355:97307_1:5809112",7.9e-22
"5601","HISEQ13:138:C6FWNANXX:2:1206:4268:34626_1:32588210",7.9e-22
"5602","HISEQ13:138:C6FWNANXX:2:1104:8574:22537_1:4693877",8e-22
"5603","HISEQ13:138:C6FWNANXX:2:1204:17648:54432_1:29930018",8e-22
"5604","HISEQ13:138:C6FWNANXX:2:2214:15657:98117_1:119262776",8e-22
"5605","HISEQ13:138:C6FWNANXX:2:1114:5584:12975_1:19944696",8e-22
"5606","HISEQ13:138:C6FWNANXX:2:1305:19868:30107_1:55838189",8e-22
"5607","HISEQ13:138:C6FWNANXX:2:2102:12386:4192_1:75999759",8e-22
"5608","HISEQ13:138:C6FWNANXX:2:2204:13678:25899_1:103092586",8e-22
"5609","HISEQ13:138:C6FWNANXX:2:2103:21272:48374_1:78038530",8e-22
"5610","HISEQ13:138:C6FWNANXX:2:2206:12868:90960_1:106902227",8e-22
"5611","HISEQ13:138:C6FWNANXX:2:1111:18116:9097_1:15148182",8e-22
"5612","HISEQ13:138:C6FWNANXX:2:2109:17603:48521_1:86766672",8e-22
"5613","HISEQ13:138:C6FWNANXX:2:2113:6230:84155_1:93408364",8e-22
"5614","HISEQ13:138:C6FWNANXX:2:2212:7642:59741_1:115446781",8e-22
"5615","HISEQ13:138:C6FWNANXX:2:2103:9850:62945_1:78241624",8e-22
"5616","HISEQ13:138:C6FWNANXX:2:2107:14688:17983_1:83332972",8e-22
"5617","HISEQ13:138:C6FWNANXX:2:2111:17158:75406_1:90230660",8e-22
"5618","HISEQ13:138:C6FWNANXX:2:2310:5380:98127_1:137045717",8e-22
"5619","HISEQ13:138:C6FWNANXX:2:1312:12571:2861_1:66211737",8e-22
"5620","HISEQ13:138:C6FWNANXX:2:2106:9394:26111_1:81994860",8e-22
"5621","HISEQ13:138:C6FWNANXX:2:2204:15472:41225_1:103311290",8e-22
"5622","HISEQ13:138:C6FWNANXX:2:1113:19724:12451_1:18300051",8e-22
"5623","HISEQ13:138:C6FWNANXX:2:1113:4007:38758_1:18732055",8e-22
"5624","HISEQ13:138:C6FWNANXX:2:1115:10672:21890_1:21761883",8e-22
"5625","HISEQ13:138:C6FWNANXX:2:1203:1772:93350_1:29054284",8e-22
"5626","HISEQ13:138:C6FWNANXX:2:1316:4422:83590_1:74262847",8e-22
"5627","HISEQ13:138:C6FWNANXX:2:2301:2462:70247_1:123565209",8e-22
"5628","HISEQ13:138:C6FWNANXX:2:1208:18347:13182_1:35266529",8.1e-22
"5629","HISEQ13:138:C6FWNANXX:2:1216:5561:96735_1:49493304",8.1e-22
"5630","HISEQ13:138:C6FWNANXX:2:2110:14749:13519_1:87738516",8.1e-22
"5631","HISEQ13:138:C6FWNANXX:2:1207:14731:62127_1:34503744",8.1e-22
"5632","HISEQ13:138:C6FWNANXX:2:2215:20727:93182_1:120811986",8.1e-22
"5633","HISEQ13:138:C6FWNANXX:2:2110:6855:24653_1:87904856",8.1e-22
"5634","HISEQ13:138:C6FWNANXX:2:2112:15898:99390_1:92075534",8.1e-22
"5635","HISEQ13:138:C6FWNANXX:2:1201:17875:20292_1:25076728",8.1e-22
"5636","HISEQ13:138:C6FWNANXX:2:1214:15499:78238_1:45795623",8.1e-22
"5637","HISEQ13:138:C6FWNANXX:2:1312:5203:31020_1:66672219",8.1e-22
"5638","HISEQ13:138:C6FWNANXX:2:2106:12065:67595_1:82607162",8.1e-22
"5639","HISEQ13:138:C6FWNANXX:2:2113:8977:31532_1:92568006",8.1e-22
"5640","HISEQ13:138:C6FWNANXX:2:2301:13116:56116_1:123369728",8.2e-22
"5641","HISEQ13:138:C6FWNANXX:2:1314:19929:40496_1:70116129",8.2e-22
"5642","HISEQ13:138:C6FWNANXX:2:1311:6405:47739_1:65328319",8.2e-22
"5643","HISEQ13:138:C6FWNANXX:2:2107:11203:68522_1:84086003",8.3e-22
"5644","HISEQ13:138:C6FWNANXX:2:2107:5436:45337_1:83738935",8.3e-22
"5645","HISEQ13:138:C6FWNANXX:2:2116:16651:57960_1:97819126",8.3e-22
"5646","HISEQ13:138:C6FWNANXX:2:2214:7042:21074_1:118002451",8.3e-22
"5647","HISEQ13:138:C6FWNANXX:2:2105:18150:62227_1:81079191",8.3e-22
"5648","HISEQ13:138:C6FWNANXX:2:2113:13691:37252_1:92660890",8.3e-22
"5649","HISEQ13:138:C6FWNANXX:2:1101:20350:76763_1:1109585",8.3e-22
"5650","HISEQ13:138:C6FWNANXX:2:1109:19600:7372_1:11999927",8.3e-22
"5651","HISEQ13:138:C6FWNANXX:2:1113:18315:74302_1:19322471",8.3e-22
"5652","HISEQ13:138:C6FWNANXX:2:1310:5750:53975_1:63852838",8.3e-22
"5653","HISEQ13:138:C6FWNANXX:2:2101:8934:27037_1:74920134",8.3e-22
"5654","HISEQ13:138:C6FWNANXX:2:2306:15120:53337_1:130408976",8.3e-22
"5655","HISEQ13:138:C6FWNANXX:2:1112:4576:75353_1:17707153",8.3e-22
"5656","HISEQ13:138:C6FWNANXX:2:1210:9298:73882_1:39289805",8.3e-22
"5657","HISEQ13:138:C6FWNANXX:2:2205:6684:57807_1:104976618",8.3e-22
"5658","HISEQ13:138:C6FWNANXX:2:2313:4502:6980_1:140284883",8.3e-22
"5659","HISEQ13:138:C6FWNANXX:2:2305:21001:26227_1:128568825",8.3e-22
"5660","HISEQ13:138:C6FWNANXX:2:1102:9537:65157_1:2392658",8.4e-22
"5661","HISEQ13:138:C6FWNANXX:2:1207:6851:19186_1:33851517",8.4e-22
"5662","HISEQ13:138:C6FWNANXX:2:1311:13347:54542_1:65443966",8.4e-22
"5663","HISEQ13:138:C6FWNANXX:2:1110:1761:71273_1:14568215",8.4e-22
"5664","HISEQ13:138:C6FWNANXX:2:1308:7446:42270_1:60553323",8.4e-22
"5665","HISEQ13:138:C6FWNANXX:2:1305:7318:73593_1:56489611",8.4e-22
"5666","HISEQ13:138:C6FWNANXX:2:2105:2575:34205_1:80670309",8.4e-22
"5667","HISEQ13:138:C6FWNANXX:2:2114:21199:57685_1:94580457",8.4e-22
"5668","HISEQ13:138:C6FWNANXX:2:1312:13939:52330_1:67020241",8.4e-22
"5669","HISEQ13:138:C6FWNANXX:2:1108:10552:1968_1:10373624",8.5e-22
"5670","HISEQ13:138:C6FWNANXX:2:1308:14402:74267_1:61054520",8.5e-22
"5671","HISEQ13:138:C6FWNANXX:2:1310:19310:2210_1:63032546",8.5e-22
"5672","HISEQ13:138:C6FWNANXX:2:2112:11582:90361_1:91932926",8.5e-22
"5673","HISEQ13:138:C6FWNANXX:2:2113:17120:71708_1:93209515",8.5e-22
"5674","HISEQ13:138:C6FWNANXX:2:2303:4459:69412_1:126353965",8.5e-22
"5675","HISEQ13:138:C6FWNANXX:2:2313:19243:72391_1:141345698",8.5e-22
"5676","HISEQ13:138:C6FWNANXX:2:1212:16311:94153_1:42775575",8.5e-22
"5677","HISEQ13:138:C6FWNANXX:2:1303:10197:97924_1:53894997",8.5e-22
"5678","HISEQ13:138:C6FWNANXX:2:2313:18428:15721_1:140427400",8.5e-22
"5679","HISEQ13:138:C6FWNANXX:2:1216:12570:12715_1:48039872",8.5e-22
"5680","HISEQ13:138:C6FWNANXX:2:2101:16162:40312_1:75110469",8.5e-22
"5681","HISEQ13:138:C6FWNANXX:2:2303:4265:9205_1:125498520",8.5e-22
"5682","HISEQ13:138:C6FWNANXX:2:2316:8236:9337_1:145181089",8.5e-22
"5683","HISEQ13:138:C6FWNANXX:2:2208:1781:88313_1:109802789",8.5e-22
"5684","HISEQ13:138:C6FWNANXX:2:1104:3025:49342_1:5091706",8.5e-22
"5685","HISEQ13:138:C6FWNANXX:2:1312:11453:63450_1:67200872",8.5e-22
"5686","HISEQ13:138:C6FWNANXX:2:2115:12825:18611_1:95552700",8.5e-22
"5687","HISEQ13:138:C6FWNANXX:2:1104:17502:32945_1:4848571",8.5e-22
"5688","HISEQ13:138:C6FWNANXX:2:1215:14608:21559_1:46510264",8.5e-22
"5689","HISEQ13:138:C6FWNANXX:2:1216:19213:62641_1:48906353",8.5e-22
"5690","HISEQ13:138:C6FWNANXX:2:1312:15529:25137_1:66576582",8.5e-22
"5691","HISEQ13:138:C6FWNANXX:2:2208:6813:47321_1:109185511",8.5e-22
"5692","HISEQ13:138:C6FWNANXX:2:2211:2300:78476_1:114191047",8.5e-22
"5693","HISEQ13:138:C6FWNANXX:2:2212:17480:64748_1:115527183",8.5e-22
"5694","HISEQ13:138:C6FWNANXX:2:2305:2434:54745_1:128980951",8.5e-22
"5695","HISEQ13:138:C6FWNANXX:2:1111:9114:28948_1:15460488",8.5e-22
"5696","HISEQ13:138:C6FWNANXX:2:2204:14614:34278_1:103214326",8.5e-22
"5697","HISEQ13:138:C6FWNANXX:2:2210:18975:19516_1:111762765",8.5e-22
"5698","HISEQ13:138:C6FWNANXX:2:1111:9114:28948_1:15460487",8.5e-22
"5699","HISEQ13:138:C6FWNANXX:2:1116:19497:6452_1:23181161",8.5e-22
"5700","HISEQ13:138:C6FWNANXX:2:1207:16792:37381_1:34128514",8.5e-22
"5701","HISEQ13:138:C6FWNANXX:2:1310:1380:21856_1:63341924",8.5e-22
"5702","HISEQ13:138:C6FWNANXX:2:2212:21253:34436_1:115050925",8.5e-22
"5703","HISEQ13:138:C6FWNANXX:2:2314:19631:52811_1:142638254",8.5e-22
"5704","HISEQ13:138:C6FWNANXX:2:1101:6456:13980_1:175674",8.6e-22
"5705","HISEQ13:138:C6FWNANXX:2:1108:8376:37706_1:10924633",8.6e-22
"5706","HISEQ13:138:C6FWNANXX:2:1216:16535:45999_1:48615279",8.6e-22
"5707","HISEQ13:138:C6FWNANXX:2:1314:4340:96304_1:71064447",8.6e-22
"5708","HISEQ13:138:C6FWNANXX:2:2313:10961:65319_1:141230684",8.6e-22
"5709","HISEQ13:138:C6FWNANXX:2:2208:5976:28282_1:108901306",8.7e-22
"5710","HISEQ13:138:C6FWNANXX:2:2101:16809:85684_1:75754134",8.7e-22
"5711","HISEQ13:138:C6FWNANXX:2:2111:12724:68194_1:90108150",8.7e-22
"5712","HISEQ13:138:C6FWNANXX:2:1115:16082:94283_1:22992753",8.7e-22
"5713","HISEQ13:138:C6FWNANXX:2:1205:18946:80100_1:31789406",8.8e-22
"5714","HISEQ13:138:C6FWNANXX:2:1212:11283:36167_1:41826227",8.8e-22
"5715","HISEQ13:138:C6FWNANXX:2:2105:2097:74148_1:81249344",8.8e-22
"5716","HISEQ13:138:C6FWNANXX:2:2112:8007:26969_1:90932965",8.8e-22
"5717","HISEQ13:138:C6FWNANXX:2:2115:6367:37580_1:95860111",8.8e-22
"5718","HISEQ13:138:C6FWNANXX:2:2213:5562:75712_1:117283717",8.8e-22
"5719","HISEQ13:138:C6FWNANXX:2:1212:14853:28261_1:41701225",8.8e-22
"5720","HISEQ13:138:C6FWNANXX:2:1316:2847:58525_1:73824388",8.8e-22
"5721","HISEQ13:138:C6FWNANXX:2:2110:19090:26666_1:87937902",8.8e-22
"5722","HISEQ13:138:C6FWNANXX:2:1104:17105:80528_1:5560308",8.8e-22
"5723","HISEQ13:138:C6FWNANXX:2:1212:7274:66084_1:42314082",8.8e-22
"5724","HISEQ13:138:C6FWNANXX:2:1308:15679:75900_1:61078536",8.8e-22
"5725","HISEQ13:138:C6FWNANXX:2:1302:4467:80322_1:52173582",8.9e-22
"5726","HISEQ13:138:C6FWNANXX:2:2101:10502:51465_1:75265681",8.9e-22
"5727","HISEQ13:138:C6FWNANXX:2:2109:16348:56083_1:86881014",8.9e-22
"5728","HISEQ13:138:C6FWNANXX:2:1206:12711:29488_1:32509987",8.9e-22
"5729","HISEQ13:138:C6FWNANXX:2:1115:17525:33132_1:21953361",8.9e-22
"5730","HISEQ13:138:C6FWNANXX:2:1205:2302:14798_1:30810146",8.9e-22
"5731","HISEQ13:138:C6FWNANXX:2:1208:16290:82591_1:36338552",8.9e-22
"5732","HISEQ13:138:C6FWNANXX:2:1311:11611:88819_1:66002425",8.9e-22
"5733","HISEQ13:138:C6FWNANXX:2:1312:13939:52330_1:67020242",8.9e-22
"5734","HISEQ13:138:C6FWNANXX:2:2215:5874:24211_1:119668764",8.9e-22
"5735","HISEQ13:138:C6FWNANXX:2:1108:11460:22840_1:10696315",8.9e-22
"5736","HISEQ13:138:C6FWNANXX:2:1210:19636:58723_1:39054522",8.9e-22
"5737","HISEQ13:138:C6FWNANXX:2:1302:14230:80371_1:52175410",8.9e-22
"5738","HISEQ13:138:C6FWNANXX:2:2214:6977:64972_1:118716888",8.9e-22
"5739","HISEQ13:138:C6FWNANXX:2:2315:4865:41988_1:144083457",8.9e-22
"5740","HISEQ13:138:C6FWNANXX:2:1311:19600:72801_1:65741548",8.9e-22
"5741","HISEQ13:138:C6FWNANXX:2:2202:10419:74023_1:100959257",8.9e-22
"5742","HISEQ13:138:C6FWNANXX:2:2209:19349:45500_1:110650537",8.9e-22
"5743","HISEQ13:138:C6FWNANXX:2:2315:13314:59959_1:144382139",8.9e-22
"5744","HISEQ13:138:C6FWNANXX:2:1201:20931:49006_1:25499637",9e-22
"5745","HISEQ13:138:C6FWNANXX:2:2103:8909:5655_1:77427131",9e-22
"5746","HISEQ13:138:C6FWNANXX:2:2214:5090:31342_1:118168485",9e-22
"5747","HISEQ13:138:C6FWNANXX:2:1103:1891:49118_1:3618998",9e-22
"5748","HISEQ13:138:C6FWNANXX:2:1213:20301:58890_1:43822932",9e-22
"5749","HISEQ13:138:C6FWNANXX:2:1304:19111:72184_1:54987060",9e-22
"5750","HISEQ13:138:C6FWNANXX:2:2204:13072:80743_1:103877748",9e-22
"5751","HISEQ13:138:C6FWNANXX:2:2307:9447:98972_1:132543551",9e-22
"5752","HISEQ13:138:C6FWNANXX:2:1307:4074:3568_1:58433421",9e-22
"5753","HISEQ13:138:C6FWNANXX:2:2108:18102:3222_1:84586264",9e-22
"5754","HISEQ13:138:C6FWNANXX:2:2206:12749:27153_1:105967100",9e-22
"5755","HISEQ13:138:C6FWNANXX:2:2207:11452:21418_1:107334418",9e-22
"5756","HISEQ13:138:C6FWNANXX:2:2215:19680:76396_1:120534162",9e-22
"5757","HISEQ13:138:C6FWNANXX:2:2102:18383:31710_1:76390994",9e-22
"5758","HISEQ13:138:C6FWNANXX:2:2312:4954:39112_1:139226011",9.1e-22
"5759","HISEQ13:138:C6FWNANXX:2:2212:16338:68512_1:115590400",9.1e-22
"5760","HISEQ13:138:C6FWNANXX:2:2301:10444:56218_1:123369242",9.1e-22
"5761","HISEQ13:138:C6FWNANXX:2:2304:2334:18681_1:127037899",9.1e-22
"5762","HISEQ13:138:C6FWNANXX:2:1108:14142:50747_1:11127932",9.1e-22
"5763","HISEQ13:138:C6FWNANXX:2:2212:3172:39895_1:115134201",9.1e-22
"5764","HISEQ13:138:C6FWNANXX:2:1216:13975:49196_1:48671179",9.2e-22
"5765","HISEQ13:138:C6FWNANXX:2:2201:14844:67467_1:99458581",9.2e-22
"5766","HISEQ13:138:C6FWNANXX:2:2210:4173:74948_1:112602299",9.2e-22
"5767","HISEQ13:138:C6FWNANXX:2:2310:5845:15996_1:135782068",9.2e-22
"5768","HISEQ13:138:C6FWNANXX:2:1216:10084:13279_1:48052301",9.2e-22
"5769","HISEQ13:138:C6FWNANXX:2:1110:19387:23539_1:13817258",9.2e-22
"5770","HISEQ13:138:C6FWNANXX:2:2101:5391:94985_1:75882984",9.2e-22
"5771","HISEQ13:138:C6FWNANXX:2:2214:15194:37605_1:118272099",9.2e-22
"5772","HISEQ13:138:C6FWNANXX:2:2316:13616:4892_1:145105990",9.2e-22
"5773","HISEQ13:138:C6FWNANXX:2:1111:13949:5063_1:15083202",9.2e-22
"5774","HISEQ13:138:C6FWNANXX:2:1113:5948:82331_1:19453451",9.2e-22
"5775","HISEQ13:138:C6FWNANXX:2:1308:11092:23224_1:60255868",9.2e-22
"5776","HISEQ13:138:C6FWNANXX:2:1312:1691:38573_1:66793580",9.2e-22
"5777","HISEQ13:138:C6FWNANXX:2:2109:18286:37285_1:86595709",9.2e-22
"5778","HISEQ13:138:C6FWNANXX:2:2314:12011:19398_1:142086291",9.2e-22
"5779","HISEQ13:138:C6FWNANXX:2:2303:15405:89313_1:126638052",9.2e-22
"5780","HISEQ13:138:C6FWNANXX:2:1113:2865:24715_1:18497956",9.2e-22
"5781","HISEQ13:138:C6FWNANXX:2:1115:7128:95448_1:23008038",9.2e-22
"5782","HISEQ13:138:C6FWNANXX:2:1316:6346:14999_1:73062395",9.2e-22
"5783","HISEQ13:138:C6FWNANXX:2:1202:17040:97900_1:27667661",9.3e-22
"5784","HISEQ13:138:C6FWNANXX:2:1315:3938:59304_1:72119541",9.3e-22
"5785","HISEQ13:138:C6FWNANXX:2:2110:10677:88167_1:88874856",9.3e-22
"5786","HISEQ13:138:C6FWNANXX:2:2114:18141:5171_1:93729472",9.3e-22
"5787","HISEQ13:138:C6FWNANXX:2:2116:14711:89754_1:98344804",9.3e-22
"5788","HISEQ13:138:C6FWNANXX:2:2215:18170:60625_1:120273553",9.3e-22
"5789","HISEQ13:138:C6FWNANXX:2:2301:3263:88882_1:123830123",9.3e-22
"5790","HISEQ13:138:C6FWNANXX:2:2303:10333:65108_1:126294309",9.3e-22
"5791","HISEQ13:138:C6FWNANXX:2:2315:8218:91070_1:144894818",9.3e-22
"5792","HISEQ13:138:C6FWNANXX:2:2311:4920:72776_1:138197247",9.3e-22
"5793","HISEQ13:138:C6FWNANXX:2:1301:4949:42333_1:50162173",9.3e-22
"5794","HISEQ13:138:C6FWNANXX:2:1308:11616:89039_1:61286864",9.3e-22
"5795","HISEQ13:138:C6FWNANXX:2:2107:8527:9270_1:83205376",9.3e-22
"5796","HISEQ13:138:C6FWNANXX:2:1112:2656:62993_1:17502147",9.3e-22
"5797","HISEQ13:138:C6FWNANXX:2:2207:16523:85462_1:108281378",9.3e-22
"5798","HISEQ13:138:C6FWNANXX:2:1208:9391:67483_1:36100952",9.3e-22
"5799","HISEQ13:138:C6FWNANXX:2:2307:6199:19953_1:131369965",9.4e-22
"5800","HISEQ13:138:C6FWNANXX:2:2107:9207:73194_1:84152226",9.4e-22
"5801","HISEQ13:138:C6FWNANXX:2:2115:6220:65587_1:96315119",9.4e-22
"5802","HISEQ13:138:C6FWNANXX:2:1113:5994:78988_1:19395103",9.4e-22
"5803","HISEQ13:138:C6FWNANXX:2:2110:9189:10630_1:87691526",9.4e-22
"5804","HISEQ13:138:C6FWNANXX:2:2211:11212:66609_1:114009168",9.4e-22
"5805","HISEQ13:138:C6FWNANXX:2:2312:17497:49054_1:139386061",9.4e-22
"5806","HISEQ13:138:C6FWNANXX:2:2202:6895:7961_1:100016728",9.5e-22
"5807","HISEQ13:138:C6FWNANXX:2:2105:17431:48697_1:80883889",9.5e-22
"5808","HISEQ13:138:C6FWNANXX:2:2305:4555:62056_1:129089447",9.5e-22
"5809","HISEQ13:138:C6FWNANXX:2:1104:2206:58460_1:5225370",9.6e-22
"5810","HISEQ13:138:C6FWNANXX:2:1210:14348:74443_1:39298628",9.6e-22
"5811","HISEQ13:138:C6FWNANXX:2:2116:9441:45596_1:97615880",9.6e-22
"5812","HISEQ13:138:C6FWNANXX:2:2305:10056:26816_1:128577605",9.6e-22
"5813","HISEQ13:138:C6FWNANXX:2:2314:16878:86561_1:143193058",9.6e-22
"5814","HISEQ13:138:C6FWNANXX:2:1116:8017:96267_1:24725329",9.6e-22
"5815","HISEQ13:138:C6FWNANXX:2:1206:12925:42041_1:32703956",9.6e-22
"5816","HISEQ13:138:C6FWNANXX:2:1314:6663:10541_1:69608336",9.6e-22
"5817","HISEQ13:138:C6FWNANXX:2:1214:18395:7008_1:44604457",9.6e-22
"5818","HISEQ13:138:C6FWNANXX:2:2102:20149:9274_1:76076157",9.6e-22
"5819","HISEQ13:138:C6FWNANXX:2:2214:15657:98117_1:119262775",9.6e-22
"5820","HISEQ13:138:C6FWNANXX:2:1307:12198:12252_1:58569579",9.6e-22
"5821","HISEQ13:138:C6FWNANXX:2:1308:12108:38583_1:60496550",9.6e-22
"5822","HISEQ13:138:C6FWNANXX:2:2214:15563:15010_1:117905535",9.6e-22
"5823","HISEQ13:138:C6FWNANXX:2:2107:6289:45520_1:83742752",9.6e-22
"5824","HISEQ13:138:C6FWNANXX:2:2116:8853:78930_1:98161371",9.6e-22
"5825","HISEQ13:138:C6FWNANXX:2:1103:19678:57583_1:3748484",9.6e-22
"5826","HISEQ13:138:C6FWNANXX:2:2315:20289:6194_1:143495487",9.6e-22
"5827","HISEQ13:138:C6FWNANXX:2:1202:9831:68951_1:27240684",9.7e-22
"5828","HISEQ13:138:C6FWNANXX:2:1214:7800:13751_1:44714462",9.7e-22
"5829","HISEQ13:138:C6FWNANXX:2:1115:13647:8219_1:21529610",9.7e-22
"5830","HISEQ13:138:C6FWNANXX:2:1310:13943:48476_1:63766258",9.7e-22
"5831","HISEQ13:138:C6FWNANXX:2:1315:11408:9887_1:71275673",9.7e-22
"5832","HISEQ13:138:C6FWNANXX:2:2304:15019:23127_1:127105048",9.7e-22
"5833","HISEQ13:138:C6FWNANXX:2:2310:3587:57495_1:136422681",9.7e-22
"5834","HISEQ13:138:C6FWNANXX:2:2311:11969:51510_1:137862985",9.7e-22
"5835","HISEQ13:138:C6FWNANXX:2:2216:20787:60002_1:121917955",9.7e-22
"5836","HISEQ13:138:C6FWNANXX:2:1204:11226:60525_1:30021411",9.7e-22
"5837","HISEQ13:138:C6FWNANXX:2:2204:12837:76913_1:103824358",9.7e-22
"5838","HISEQ13:138:C6FWNANXX:2:1111:19331:26144_1:15419246",9.7e-22
"5839","HISEQ13:138:C6FWNANXX:2:1116:11521:24148_1:23484683",9.7e-22
"5840","HISEQ13:138:C6FWNANXX:2:1214:3477:95499_1:46082805",9.7e-22
"5841","HISEQ13:138:C6FWNANXX:2:1215:13710:74311_1:47403610",9.7e-22
"5842","HISEQ13:138:C6FWNANXX:2:2111:16243:64484_1:90047060",9.7e-22
"5843","HISEQ13:138:C6FWNANXX:2:1108:11292:56155_1:11213161",9.7e-22
"5844","HISEQ13:138:C6FWNANXX:2:1113:4975:39878_1:18748808",9.7e-22
"5845","HISEQ13:138:C6FWNANXX:2:1206:11411:43204_1:32718800",9.7e-22
"5846","HISEQ13:138:C6FWNANXX:2:2307:6315:79683_1:132256973",9.7e-22
"5847","HISEQ13:138:C6FWNANXX:2:1113:4967:97328_1:19703199",9.7e-22
"5848","HISEQ13:138:C6FWNANXX:2:2203:17336:23336_1:101648174",9.7e-22
"5849","HISEQ13:138:C6FWNANXX:2:2216:14071:33570_1:121468026",9.7e-22
"5850","HISEQ13:138:C6FWNANXX:2:2113:18191:25579_1:92474146",9.7e-22
"5851","HISEQ13:138:C6FWNANXX:2:1204:1416:27939_1:29532441",9.8e-22
"5852","HISEQ13:138:C6FWNANXX:2:2105:20029:89954_1:81482773",9.8e-22
"5853","HISEQ13:138:C6FWNANXX:2:2315:7063:8269_1:143529839",9.8e-22
"5854","HISEQ13:138:C6FWNANXX:2:1114:11201:44979_1:20482228",9.8e-22
"5855","HISEQ13:138:C6FWNANXX:2:1115:3797:77314_1:22698997",9.8e-22
"5856","HISEQ13:138:C6FWNANXX:2:1201:11513:85215_1:26027900",9.8e-22
"5857","HISEQ13:138:C6FWNANXX:2:1211:11147:70503_1:40817745",9.8e-22
"5858","HISEQ13:138:C6FWNANXX:2:2309:9847:32085_1:134520765",9.8e-22
"5859","HISEQ13:138:C6FWNANXX:2:2302:17230:72917_1:125002369",9.8e-22
"5860","HISEQ13:138:C6FWNANXX:2:2110:20207:29789_1:87987683",9.8e-22
"5861","HISEQ13:138:C6FWNANXX:2:2316:15550:20377_1:145368657",9.8e-22
"5862","HISEQ13:138:C6FWNANXX:2:1214:2443:94513_1:46069823",9.8e-22
"5863","HISEQ13:138:C6FWNANXX:2:1313:12020:16579_1:68059297",9.8e-22
"5864","HISEQ13:138:C6FWNANXX:2:1308:17612:11295_1:60076391",9.8e-22
"5865","HISEQ13:138:C6FWNANXX:2:1109:15443:65784_1:12921379",9.9e-22
"5866","HISEQ13:138:C6FWNANXX:2:2102:10167:57467_1:76755016",9.9e-22
"5867","HISEQ13:138:C6FWNANXX:2:2204:11815:38841_1:103278336",9.9e-22
"5868","HISEQ13:138:C6FWNANXX:2:2210:8912:5098_1:111539451",9.9e-22
"5869","HISEQ13:138:C6FWNANXX:2:1206:11411:43204_1:32718799",9.9e-22
"5870","HISEQ13:138:C6FWNANXX:2:2113:19303:85749_1:93434994",9.9e-22
"5871","HISEQ13:138:C6FWNANXX:2:1310:18279:27015_1:63428431",9.9e-22
"5872","HISEQ13:138:C6FWNANXX:2:2215:5817:67217_1:120378231",9.9e-22
"5873","HISEQ13:138:C6FWNANXX:2:2315:6281:58840_1:144364201",9.9e-22
"5874","HISEQ13:138:C6FWNANXX:2:1111:1643:63485_1:16019575",1e-21
"5875","HISEQ13:138:C6FWNANXX:2:1204:20334:5237_1:29214926",1e-21
"5876","HISEQ13:138:C6FWNANXX:2:1212:15083:49306_1:42042632",1e-21
"5877","HISEQ13:138:C6FWNANXX:2:1304:15666:27983_1:54324452",1e-21
"5878","HISEQ13:138:C6FWNANXX:2:2304:9769:51280_1:127507728",1e-21
"5879","HISEQ13:138:C6FWNANXX:2:1103:9912:73541_1:3984465",1e-21
"5880","HISEQ13:138:C6FWNANXX:2:1211:20474:50543_1:40496963",1e-21
"5881","HISEQ13:138:C6FWNANXX:2:1208:15976:93997_1:36512806",1e-21
"5882","HISEQ13:138:C6FWNANXX:2:2105:12746:3512_1:80229390",1e-21
"5883","HISEQ13:138:C6FWNANXX:2:1115:9948:31246_1:21917747",1e-21
"5884","HISEQ13:138:C6FWNANXX:2:2202:2303:60073_1:100757845",1e-21
"5885","HISEQ13:138:C6FWNANXX:2:2109:18465:41525_1:86660618",1e-21
"5886","HISEQ13:138:C6FWNANXX:2:1309:9345:3019_1:61487076",1e-21
"5887","HISEQ13:138:C6FWNANXX:2:2312:9819:91958_1:140065461",1e-21
"5888","HISEQ13:138:C6FWNANXX:2:1208:9900:93374_1:36503873",1e-21
"5889","HISEQ13:138:C6FWNANXX:2:1305:10710:23990_1:55743488",1e-21
"5890","HISEQ13:138:C6FWNANXX:2:2107:6215:50128_1:83809641",1e-21
"5891","HISEQ13:138:C6FWNANXX:2:2116:20832:34250_1:97432954",1e-21
"5892","HISEQ13:138:C6FWNANXX:2:1206:18364:17387_1:32330401",1e-21
"5893","HISEQ13:138:C6FWNANXX:2:1201:1357:12217_1:24952020",1e-21
"5894","HISEQ13:138:C6FWNANXX:2:1207:17046:35463_1:34098940",1e-21
"5895","HISEQ13:138:C6FWNANXX:2:1214:16710:34468_1:45060269",1e-21
"5896","HISEQ13:138:C6FWNANXX:2:1315:11408:9887_1:71275672",1e-21
"5897","HISEQ13:138:C6FWNANXX:2:1105:1977:31186_1:6299297",1e-21
"5898","HISEQ13:138:C6FWNANXX:2:1205:1952:70325_1:31638946",1e-21
"5899","HISEQ13:138:C6FWNANXX:2:1214:6197:37842_1:45117295",1e-21
"5900","HISEQ13:138:C6FWNANXX:2:2211:15660:95936_1:114468982",1e-21
"5901","HISEQ13:138:C6FWNANXX:2:2212:5163:29516_1:114972058",1e-21
"5902","HISEQ13:138:C6FWNANXX:2:1302:5161:18332_1:51261381",1e-21
"5903","HISEQ13:138:C6FWNANXX:2:2115:13665:36273_1:95841396",1e-21
"5904","HISEQ13:138:C6FWNANXX:2:2107:13079:4580_1:83135026",1e-21
"5905","HISEQ13:138:C6FWNANXX:2:1102:6807:93983_1:2817844",1e-21
"5906","HISEQ13:138:C6FWNANXX:2:1112:9318:20161_1:16821754",1e-21
"5907","HISEQ13:138:C6FWNANXX:2:2113:17843:71284_1:93205563",1e-21
"5908","HISEQ13:138:C6FWNANXX:2:2301:3524:10632_1:122726416",1e-21
"5909","HISEQ13:138:C6FWNANXX:2:2315:12278:99387_1:145034124",1e-21
"5910","HISEQ13:138:C6FWNANXX:2:1209:14183:17680_1:36864275",1e-21
"5911","HISEQ13:138:C6FWNANXX:2:2207:8883:34042_1:107520837",1e-21
"5912","HISEQ13:138:C6FWNANXX:2:1105:11213:95048_1:7262959",1.1e-21
"5913","HISEQ13:138:C6FWNANXX:2:1302:20939:5090_1:51069058",1.1e-21
"5914","HISEQ13:138:C6FWNANXX:2:1206:14902:43036_1:32719411",1.1e-21
"5915","HISEQ13:138:C6FWNANXX:2:1306:12954:28886_1:57312701",1.1e-21
"5916","HISEQ13:138:C6FWNANXX:2:2304:19527:83999_1:127976275",1.1e-21
"5917","HISEQ13:138:C6FWNANXX:2:1204:19498:16687_1:29369131",1.1e-21
"5918","HISEQ13:138:C6FWNANXX:2:1211:2835:84722_1:41041743",1.1e-21
"5919","HISEQ13:138:C6FWNANXX:2:1307:7798:24275_1:58753063",1.1e-21
"5920","HISEQ13:138:C6FWNANXX:2:2208:2880:87203_1:109784135",1.1e-21
"5921","HISEQ13:138:C6FWNANXX:2:2113:6882:18182_1:92354038",1.1e-21
"5922","HISEQ13:138:C6FWNANXX:2:1102:14673:63444_1:2367840",1.1e-21
"5923","HISEQ13:138:C6FWNANXX:2:1202:20629:9250_1:26369622",1.1e-21
"5924","HISEQ13:138:C6FWNANXX:2:2105:20947:83190_1:81384689",1.1e-21
"5925","HISEQ13:138:C6FWNANXX:2:2113:1783:82280_1:93379438",1.1e-21
"5926","HISEQ13:138:C6FWNANXX:2:2116:17151:73074_1:98068444",1.1e-21
"5927","HISEQ13:138:C6FWNANXX:2:1213:18212:94417_1:44409751",1.1e-21
"5928","HISEQ13:138:C6FWNANXX:2:1216:4903:60950_1:48872714",1.1e-21
"5929","HISEQ13:138:C6FWNANXX:2:1301:15007:83840_1:50773722",1.1e-21
"5930","HISEQ13:138:C6FWNANXX:2:1208:4263:93189_1:36498918",1.1e-21
"5931","HISEQ13:138:C6FWNANXX:2:1310:3773:4652_1:63068713",1.1e-21
"5932","HISEQ13:138:C6FWNANXX:2:1315:14782:45570_1:71885793",1.1e-21
"5933","HISEQ13:138:C6FWNANXX:2:2104:15445:42066_1:79361200",1.1e-21
"5934","HISEQ13:138:C6FWNANXX:2:2314:11590:77910_1:143049083",1.1e-21
"5935","HISEQ13:138:C6FWNANXX:2:1304:11529:76669_1:55052792",1.1e-21
"5936","HISEQ13:138:C6FWNANXX:2:2306:10832:38689_1:130190452",1.1e-21
"5937","HISEQ13:138:C6FWNANXX:2:2202:2303:60073_1:100757844",1.1e-21
"5938","HISEQ13:138:C6FWNANXX:2:2307:3007:22081_1:131402869",1.1e-21
"5939","HISEQ13:138:C6FWNANXX:2:1206:15889:64338_1:33041907",1.1e-21
"5940","HISEQ13:138:C6FWNANXX:2:1109:13398:24824_1:12273364",1.1e-21
"5941","HISEQ13:138:C6FWNANXX:2:2110:12037:70108_1:88600463",1.1e-21
"5942","HISEQ13:138:C6FWNANXX:2:2305:20769:69352_1:129197564",1.1e-21
"5943","HISEQ13:138:C6FWNANXX:2:1205:6752:6271_1:30683222",1.1e-21
"5944","HISEQ13:138:C6FWNANXX:2:2205:3798:20732_1:104437392",1.1e-21
"5945","HISEQ13:138:C6FWNANXX:2:1207:15225:75625_1:34711148",1.1e-21
"5946","HISEQ13:138:C6FWNANXX:2:2213:15452:28571_1:116530034",1.1e-21
"5947","HISEQ13:138:C6FWNANXX:2:2307:2066:86789_1:132364093",1.1e-21
"5948","HISEQ13:138:C6FWNANXX:2:1112:4672:55657_1:17385102",1.1e-21
"5949","HISEQ13:138:C6FWNANXX:2:1107:18537:31751_1:9316370",1.1e-21
"5950","HISEQ13:138:C6FWNANXX:2:1201:6990:87822_1:26067083",1.1e-21
"5951","HISEQ13:138:C6FWNANXX:2:1314:15957:69660_1:70612101",1.1e-21
"5952","HISEQ13:138:C6FWNANXX:2:2111:3041:20775_1:89358153",1.1e-21
"5953","HISEQ13:138:C6FWNANXX:2:2201:7699:79019_1:99624612",1.1e-21
"5954","HISEQ13:138:C6FWNANXX:2:2203:4622:31261_1:101760101",1.1e-21
"5955","HISEQ13:138:C6FWNANXX:2:2204:8046:7637_1:102832300",1.1e-21
"5956","HISEQ13:138:C6FWNANXX:2:2205:5724:8171_1:104255524",1.1e-21
"5957","HISEQ13:138:C6FWNANXX:2:2309:1970:80637_1:135260364",1.1e-21
"5958","HISEQ13:138:C6FWNANXX:2:2315:1263:51239_1:144235550",1.1e-21
"5959","HISEQ13:138:C6FWNANXX:2:1313:19178:19552_1:68110318",1.1e-21
"5960","HISEQ13:138:C6FWNANXX:2:2103:19152:53522_1:78112250",1.1e-21
"5961","HISEQ13:138:C6FWNANXX:2:2202:15904:22988_1:100232634",1.1e-21
"5962","HISEQ13:138:C6FWNANXX:2:1102:8350:92253_1:2795974",1.1e-21
"5963","HISEQ13:138:C6FWNANXX:2:2216:19658:71230_1:122104695",1.1e-21
"5964","HISEQ13:138:C6FWNANXX:2:2301:13102:62385_1:123458006",1.1e-21
"5965","HISEQ13:138:C6FWNANXX:2:2314:8561:69569_1:142913052",1.1e-21
"5966","HISEQ13:138:C6FWNANXX:2:1206:5124:66269_1:33069909",1.1e-21
"5967","HISEQ13:138:C6FWNANXX:2:1305:1561:66111_1:56375715",1.1e-21
"5968","HISEQ13:138:C6FWNANXX:2:2106:15066:92134_1:82966793",1.1e-21
"5969","HISEQ13:138:C6FWNANXX:2:2302:18359:23628_1:124308733",1.1e-21
"5970","HISEQ13:138:C6FWNANXX:2:2315:13002:69192_1:144533744",1.1e-21
"5971","HISEQ13:138:C6FWNANXX:2:2114:17784:5844_1:93741337",1.1e-21
"5972","HISEQ13:138:C6FWNANXX:2:1212:13045:36879_1:41838532",1.1e-21
"5973","HISEQ13:138:C6FWNANXX:2:2113:13733:10916_1:92240614",1.1e-21
"5974","HISEQ13:138:C6FWNANXX:2:1107:8858:68684_1:9878413",1.1e-21
"5975","HISEQ13:138:C6FWNANXX:2:1312:9086:26894_1:66603714",1.1e-21
"5976","HISEQ13:138:C6FWNANXX:2:2210:13391:30033_1:111921185",1.1e-21
"5977","HISEQ13:138:C6FWNANXX:2:2211:5427:71203_1:114078094",1.1e-21
"5978","HISEQ13:138:C6FWNANXX:2:2114:18141:5171_1:93729471",1.1e-21
"5979","HISEQ13:138:C6FWNANXX:2:2302:9953:7755_1:124083810",1.1e-21
"5980","HISEQ13:138:C6FWNANXX:2:2301:11986:7602_1:122685661",1.1e-21
"5981","HISEQ13:138:C6FWNANXX:2:2104:18245:97926_1:80163547",1.1e-21
"5982","HISEQ13:138:C6FWNANXX:2:2112:5492:62153_1:91483454",1.1e-21
"5983","HISEQ13:138:C6FWNANXX:2:1114:9034:34672_1:20310204",1.1e-21
"5984","HISEQ13:138:C6FWNANXX:2:1116:5989:49933_1:23925750",1.1e-21
"5985","HISEQ13:138:C6FWNANXX:2:1205:14816:72235_1:31667786",1.1e-21
"5986","HISEQ13:138:C6FWNANXX:2:2113:18874:58950_1:93005816",1.1e-21
"5987","HISEQ13:138:C6FWNANXX:2:2114:7900:44283_1:94361907",1.1e-21
"5988","HISEQ13:138:C6FWNANXX:2:2306:19992:91979_1:130976148",1.1e-21
"5989","HISEQ13:138:C6FWNANXX:2:2311:9545:99403_1:138616773",1.1e-21
"5990","HISEQ13:138:C6FWNANXX:2:1113:3671:80279_1:19419567",1.1e-21
"5991","HISEQ13:138:C6FWNANXX:2:2104:18606:88463_1:80027957",1.1e-21
"5992","HISEQ13:138:C6FWNANXX:2:1101:17954:94013_1:1364459",1.1e-21
"5993","HISEQ13:138:C6FWNANXX:2:1304:6453:91741_1:55275892",1.1e-21
"5994","HISEQ13:138:C6FWNANXX:2:2201:11658:23645_1:98833998",1.1e-21
"5995","HISEQ13:138:C6FWNANXX:2:2211:20322:85964_1:114312077",1.1e-21
"5996","HISEQ13:138:C6FWNANXX:2:1316:15735:44772_1:73585867",1.1e-21
"5997","HISEQ13:138:C6FWNANXX:2:2312:5962:5854_1:138700298",1.1e-21
"5998","HISEQ13:138:C6FWNANXX:2:1316:16431:42402_1:73542205",1.1e-21
"5999","HISEQ13:138:C6FWNANXX:2:2311:16352:69326_1:138143944",1.1e-21
"6000","HISEQ13:138:C6FWNANXX:2:1204:2938:78063_1:30279828",1.2e-21
"6001","HISEQ13:138:C6FWNANXX:2:1301:17008:88017_1:50836207",1.2e-21
"6002","HISEQ13:138:C6FWNANXX:2:1314:12752:28554_1:69914966",1.2e-21
"6003","HISEQ13:138:C6FWNANXX:2:2105:15462:33687_1:80665423",1.2e-21
"6004","HISEQ13:138:C6FWNANXX:2:2106:19270:57824_1:82464558",1.2e-21
"6005","HISEQ13:138:C6FWNANXX:2:2107:13400:65764_1:84045436",1.2e-21
"6006","HISEQ13:138:C6FWNANXX:2:1302:18154:85817_1:52256904",1.2e-21
"6007","HISEQ13:138:C6FWNANXX:2:1306:14787:87062_1:58202008",1.2e-21
"6008","HISEQ13:138:C6FWNANXX:2:1310:1546:76094_1:64203269",1.2e-21
"6009","HISEQ13:138:C6FWNANXX:2:2215:9324:26580_1:119710776",1.2e-21
"6010","HISEQ13:138:C6FWNANXX:2:2115:3718:7894_1:95375258",1.2e-21
"6011","HISEQ13:138:C6FWNANXX:2:2307:6321:33379_1:131570204",1.2e-21
"6012","HISEQ13:138:C6FWNANXX:2:2106:12664:95732_1:83018295",1.2e-21
"6013","HISEQ13:138:C6FWNANXX:2:1107:13039:71663_1:9925038",1.2e-21
"6014","HISEQ13:138:C6FWNANXX:2:1110:17530:37385_1:14033878",1.2e-21
"6015","HISEQ13:138:C6FWNANXX:2:2112:12328:100499_1:92090827",1.2e-21
"6016","HISEQ13:138:C6FWNANXX:2:2308:18941:30466_1:133000351",1.2e-21
"6017","HISEQ13:138:C6FWNANXX:2:1308:6472:24028_1:60270373",1.2e-21
"6018","HISEQ13:138:C6FWNANXX:2:1314:9193:93557_1:71018460",1.2e-21
"6019","HISEQ13:138:C6FWNANXX:2:2211:10855:38169_1:113563601",1.2e-21
"6020","HISEQ13:138:C6FWNANXX:2:2115:16186:22118_1:95610127",1.2e-21
"6021","HISEQ13:138:C6FWNANXX:2:2310:4896:38077_1:136125886",1.2e-21
"6022","HISEQ13:138:C6FWNANXX:2:1314:6347:7842_1:69561853",1.2e-21
"6023","HISEQ13:138:C6FWNANXX:2:1103:20929:72342_1:3967950",1.2e-21
"6024","HISEQ13:138:C6FWNANXX:2:2210:15530:61740_1:112403162",1.2e-21
"6025","HISEQ13:138:C6FWNANXX:2:2216:11168:92256_1:122462280",1.2e-21
"6026","HISEQ13:138:C6FWNANXX:2:2301:10514:62487_1:123457588",1.2e-21
"6027","HISEQ13:138:C6FWNANXX:2:2311:2004:8251_1:137185200",1.2e-21
"6028","HISEQ13:138:C6FWNANXX:2:1110:6298:29996_1:13913437",1.2e-21
"6029","HISEQ13:138:C6FWNANXX:2:1304:11086:90675_1:55261674",1.2e-21
"6030","HISEQ13:138:C6FWNANXX:2:1111:13611:40346_1:15645112",1.2e-21
"6031","HISEQ13:138:C6FWNANXX:2:1301:2079:24577_1:49900754",1.2e-21
"6032","HISEQ13:138:C6FWNANXX:2:2210:15530:61740_1:112403161",1.2e-21
"6033","HISEQ13:138:C6FWNANXX:2:2301:10514:62487_1:123457589",1.2e-21
"6034","HISEQ13:138:C6FWNANXX:2:1115:17525:33132_1:21953362",1.2e-21
"6035","HISEQ13:138:C6FWNANXX:2:2211:20461:94472_1:114446063",1.2e-21
"6036","HISEQ13:138:C6FWNANXX:2:1211:13343:2920_1:39728360",1.2e-21
"6037","HISEQ13:138:C6FWNANXX:2:1308:15891:7867_1:60021770",1.2e-21
"6038","HISEQ13:138:C6FWNANXX:2:1316:14765:34672_1:73406772",1.2e-21
"6039","HISEQ13:138:C6FWNANXX:2:2114:5919:56826_1:94564962",1.2e-21
"6040","HISEQ13:138:C6FWNANXX:2:2115:7045:9029_1:95396660",1.2e-21
"6041","HISEQ13:138:C6FWNANXX:2:1114:20455:60756_1:20753589",1.2e-21
"6042","HISEQ13:138:C6FWNANXX:2:2111:19211:98543_1:90636173",1.2e-21
"6043","HISEQ13:138:C6FWNANXX:2:2205:15566:21865_1:104457901",1.2e-21
"6044","HISEQ13:138:C6FWNANXX:2:1108:11964:80111_1:11589395",1.2e-21
"6045","HISEQ13:138:C6FWNANXX:2:1314:7379:39868_1:70104840",1.2e-21
"6046","HISEQ13:138:C6FWNANXX:2:1316:2762:39867_1:73495020",1.2e-21
"6047","HISEQ13:138:C6FWNANXX:2:2105:12861:84364_1:81401409",1.2e-21
"6048","HISEQ13:138:C6FWNANXX:2:1214:2443:94513_1:46069824",1.2e-21
"6049","HISEQ13:138:C6FWNANXX:2:1313:12020:16579_1:68059296",1.2e-21
"6050","HISEQ13:138:C6FWNANXX:2:1311:6591:84636_1:65932092",1.2e-21
"6051","HISEQ13:138:C6FWNANXX:2:1102:14357:93418_1:2811929",1.2e-21
"6052","HISEQ13:138:C6FWNANXX:2:1309:8894:74641_1:62616316",1.2e-21
"6053","HISEQ13:138:C6FWNANXX:2:1214:4903:94751_1:46074624",1.2e-21
"6054","HISEQ13:138:C6FWNANXX:2:2107:21068:76529_1:84206918",1.2e-21
"6055","HISEQ13:138:C6FWNANXX:2:2305:15518:35245_1:128698452",1.2e-21
"6056","HISEQ13:138:C6FWNANXX:2:2307:13060:90606_1:132421360",1.2e-21
"6057","HISEQ13:138:C6FWNANXX:2:2309:12937:33517_1:134544267",1.2e-21
"6058","HISEQ13:138:C6FWNANXX:2:1113:17839:48904_1:18899336",1.2e-21
"6059","HISEQ13:138:C6FWNANXX:2:1210:7356:29357_1:38593715",1.2e-21
"6060","HISEQ13:138:C6FWNANXX:2:2210:10179:36882_1:112024089",1.2e-21
"6061","HISEQ13:138:C6FWNANXX:2:2212:10887:19304_1:114810487",1.2e-21
"6062","HISEQ13:138:C6FWNANXX:2:1114:7862:99078_1:21395186",1.2e-21
"6063","HISEQ13:138:C6FWNANXX:2:2208:5002:62190_1:109406952",1.2e-21
"6064","HISEQ13:138:C6FWNANXX:2:2103:6851:76508_1:78436098",1.2e-21
"6065","HISEQ13:138:C6FWNANXX:2:2207:4583:4871_1:107090191",1.2e-21
"6066","HISEQ13:138:C6FWNANXX:2:2310:20269:11462_1:135715611",1.2e-21
"6067","HISEQ13:138:C6FWNANXX:2:2310:10404:76623_1:136717312",1.2e-21
"6068","HISEQ13:138:C6FWNANXX:2:1204:13935:43739_1:29768488",1.2e-21
"6069","HISEQ13:138:C6FWNANXX:2:1205:10868:94872_1:32008182",1.2e-21
"6070","HISEQ13:138:C6FWNANXX:2:1314:13226:90021_1:70960566",1.2e-21
"6071","HISEQ13:138:C6FWNANXX:2:2311:4699:71790_1:138181326",1.2e-21
"6072","HISEQ13:138:C6FWNANXX:2:1108:3242:40296_1:10966170",1.2e-21
"6073","HISEQ13:138:C6FWNANXX:2:1303:10576:17907_1:52711006",1.2e-21
"6074","HISEQ13:138:C6FWNANXX:2:1303:9712:60120_1:53336112",1.2e-21
"6075","HISEQ13:138:C6FWNANXX:2:1314:5161:12953_1:69645907",1.2e-21
"6076","HISEQ13:138:C6FWNANXX:2:1316:10525:86856_1:74320200",1.2e-21
"6077","HISEQ13:138:C6FWNANXX:2:2101:1505:10031_1:74675892",1.2e-21
"6078","HISEQ13:138:C6FWNANXX:2:2111:17800:85058_1:90397198",1.2e-21
"6079","HISEQ13:138:C6FWNANXX:2:2113:2267:66657_1:93126096",1.2e-21
"6080","HISEQ13:138:C6FWNANXX:2:2213:11782:42375_1:116749713",1.2e-21
"6081","HISEQ13:138:C6FWNANXX:2:1105:19079:53137_1:6633072",1.2e-21
"6082","HISEQ13:138:C6FWNANXX:2:1202:17404:84671_1:27473037",1.2e-21
"6083","HISEQ13:138:C6FWNANXX:2:1211:14361:99827_1:41292074",1.2e-21
"6084","HISEQ13:138:C6FWNANXX:2:2203:15238:77148_1:102415072",1.2e-21
"6085","HISEQ13:138:C6FWNANXX:2:2211:19513:96693_1:114481516",1.2e-21
"6086","HISEQ13:138:C6FWNANXX:2:2305:16800:70475_1:129211765",1.2e-21
"6087","HISEQ13:138:C6FWNANXX:2:1316:8891:55400_1:73768879",1.2e-21
"6088","HISEQ13:138:C6FWNANXX:2:1106:15074:88231_1:8663523",1.2e-21
"6089","HISEQ13:138:C6FWNANXX:2:1308:6513:17889_1:60174155",1.3e-21
"6090","HISEQ13:138:C6FWNANXX:2:1308:6513:17889_1:60174154",1.3e-21
"6091","HISEQ13:138:C6FWNANXX:2:2202:9013:71420_1:100919350",1.3e-21
"6092","HISEQ13:138:C6FWNANXX:2:2215:2181:44455_1:120001988",1.3e-21
"6093","HISEQ13:138:C6FWNANXX:2:2316:11728:26956_1:145477341",1.3e-21
"6094","HISEQ13:138:C6FWNANXX:2:2316:9889:11290_1:145215709",1.3e-21
"6095","HISEQ13:138:C6FWNANXX:2:1309:4901:94108_1:62923782",1.3e-21
"6096","HISEQ13:138:C6FWNANXX:2:2110:10677:88167_1:88874857",1.3e-21
"6097","HISEQ13:138:C6FWNANXX:2:2215:18170:60625_1:120273552",1.3e-21
"6098","HISEQ13:138:C6FWNANXX:2:1313:10069:90442_1:69288860",1.3e-21
"6099","HISEQ13:138:C6FWNANXX:2:2114:2743:67674_1:94740307",1.3e-21
"6100","HISEQ13:138:C6FWNANXX:2:2215:9456:84564_1:120668499",1.3e-21
"6101","HISEQ13:138:C6FWNANXX:2:2302:17452:42361_1:124571315",1.3e-21
"6102","HISEQ13:138:C6FWNANXX:2:2315:4091:89755_1:144873337",1.3e-21
"6103","HISEQ13:138:C6FWNANXX:2:2204:16929:23218_1:103054172",1.3e-21
"6104","HISEQ13:138:C6FWNANXX:2:2212:8347:56167_1:115391280",1.3e-21
"6105","HISEQ13:138:C6FWNANXX:2:2314:5698:24793_1:142174659",1.3e-21
"6106","HISEQ13:138:C6FWNANXX:2:1115:12233:77556_1:22705142",1.3e-21
"6107","HISEQ13:138:C6FWNANXX:2:1302:18417:19559_1:51282558",1.3e-21
"6108","HISEQ13:138:C6FWNANXX:2:2201:9379:95574_1:99858823",1.3e-21
"6109","HISEQ13:138:C6FWNANXX:2:2210:17385:30596_1:111929542",1.3e-21
"6110","HISEQ13:138:C6FWNANXX:2:2214:19006:2853_1:117706257",1.3e-21
"6111","HISEQ13:138:C6FWNANXX:2:1109:3518:50206_1:12668987",1.3e-21
"6112","HISEQ13:138:C6FWNANXX:2:1109:4854:21768_1:12224362",1.3e-21
"6113","HISEQ13:138:C6FWNANXX:2:1208:19840:88971_1:36435956",1.3e-21
"6114","HISEQ13:138:C6FWNANXX:2:1313:13202:67891_1:68912273",1.3e-21
"6115","HISEQ13:138:C6FWNANXX:2:2116:3081:24332_1:97262974",1.3e-21
"6116","HISEQ13:138:C6FWNANXX:2:2205:8008:55660_1:104944287",1.3e-21
"6117","HISEQ13:138:C6FWNANXX:2:2209:9426:64819_1:110945411",1.3e-21
"6118","HISEQ13:138:C6FWNANXX:2:2116:1579:18255_1:97163832",1.3e-21
"6119","HISEQ13:138:C6FWNANXX:2:2103:15743:98059_1:78744541",1.3e-21
"6120","HISEQ13:138:C6FWNANXX:2:2101:17083:6765_1:74631889",1.3e-21
"6121","HISEQ13:138:C6FWNANXX:2:2105:12044:90670_1:81492347",1.3e-21
"6122","HISEQ13:138:C6FWNANXX:2:1111:18116:9097_1:15148183",1.3e-21
"6123","HISEQ13:138:C6FWNANXX:2:1208:15331:31446_1:35546395",1.3e-21
"6124","HISEQ13:138:C6FWNANXX:2:1214:16595:3487_1:44541449",1.3e-21
"6125","HISEQ13:138:C6FWNANXX:2:2114:16057:18868_1:93950620",1.3e-21
"6126","HISEQ13:138:C6FWNANXX:2:2304:15846:77140_1:127878757",1.3e-21
"6127","HISEQ13:138:C6FWNANXX:2:1310:12215:3358_1:63050703",1.3e-21
"6128","HISEQ13:138:C6FWNANXX:2:2210:11365:70611_1:112539101",1.3e-21
"6129","HISEQ13:138:C6FWNANXX:2:1206:12558:46274_1:32768276",1.3e-21
"6130","HISEQ13:138:C6FWNANXX:2:1307:11369:18596_1:58665040",1.3e-21
"6131","HISEQ13:138:C6FWNANXX:2:2209:5612:60235_1:110872378",1.3e-21
"6132","HISEQ13:138:C6FWNANXX:2:2213:17247:19073_1:116378934",1.3e-21
"6133","HISEQ13:138:C6FWNANXX:2:2306:12168:75545_1:130736917",1.3e-21
"6134","HISEQ13:138:C6FWNANXX:2:2314:17884:85446_1:143172811",1.3e-21
"6135","HISEQ13:138:C6FWNANXX:2:1115:18517:56085_1:22342931",1.3e-21
"6136","HISEQ13:138:C6FWNANXX:2:1303:15147:7726_1:52560176",1.3e-21
"6137","HISEQ13:138:C6FWNANXX:2:2112:2725:42135_1:91169394",1.3e-21
"6138","HISEQ13:138:C6FWNANXX:2:2214:19425:38937_1:118293718",1.3e-21
"6139","HISEQ13:138:C6FWNANXX:2:2215:11101:79901_1:120590102",1.3e-21
"6140","HISEQ13:138:C6FWNANXX:2:2312:13219:14452_1:138836448",1.3e-21
"6141","HISEQ13:138:C6FWNANXX:2:2313:12709:88898_1:141611935",1.3e-21
"6142","HISEQ13:138:C6FWNANXX:2:1204:12319:17969_1:29386543",1.3e-21
"6143","HISEQ13:138:C6FWNANXX:2:1216:20677:85609_1:49307996",1.3e-21
"6144","HISEQ13:138:C6FWNANXX:2:1105:6779:100183_1:7338246",1.3e-21
"6145","HISEQ13:138:C6FWNANXX:2:1107:10786:4033_1:8889784",1.3e-21
"6146","HISEQ13:138:C6FWNANXX:2:1115:19634:19459_1:21721483",1.3e-21
"6147","HISEQ13:138:C6FWNANXX:2:1306:8702:91516_1:58269568",1.3e-21
"6148","HISEQ13:138:C6FWNANXX:2:2103:7948:42398_1:77950973",1.3e-21
"6149","HISEQ13:138:C6FWNANXX:2:1111:4502:49716_1:15792277",1.3e-21
"6150","HISEQ13:138:C6FWNANXX:2:1204:10707:99151_1:30593113",1.3e-21
"6151","HISEQ13:138:C6FWNANXX:2:1215:8300:97238_1:47791036",1.3e-21
"6152","HISEQ13:138:C6FWNANXX:2:1303:6518:33006_1:52935959",1.3e-21
"6153","HISEQ13:138:C6FWNANXX:2:2311:11192:100055_1:138628839",1.3e-21
"6154","HISEQ13:138:C6FWNANXX:2:1102:5244:100256_1:2913565",1.3e-21
"6155","HISEQ13:138:C6FWNANXX:2:1115:6834:2566_1:21434762",1.3e-21
"6156","HISEQ13:138:C6FWNANXX:2:2103:9850:62945_1:78241623",1.3e-21
"6157","HISEQ13:138:C6FWNANXX:2:1316:4962:90608_1:74384385",1.3e-21
"6158","HISEQ13:138:C6FWNANXX:2:2214:5090:31342_1:118168484",1.3e-21
"6159","HISEQ13:138:C6FWNANXX:2:2216:4181:11664_1:121097468",1.3e-21
"6160","HISEQ13:138:C6FWNANXX:2:1103:20419:93794_1:4286607",1.3e-21
"6161","HISEQ13:138:C6FWNANXX:2:1316:17231:77206_1:74151547",1.3e-21
"6162","HISEQ13:138:C6FWNANXX:2:2206:12024:61983_1:106476738",1.3e-21
"6163","HISEQ13:138:C6FWNANXX:2:1116:15230:93426_1:24674500",1.3e-21
"6164","HISEQ13:138:C6FWNANXX:2:2108:17832:41374_1:85160236",1.3e-21
"6165","HISEQ13:138:C6FWNANXX:2:1109:13398:24824_1:12273363",1.3e-21
"6166","HISEQ13:138:C6FWNANXX:2:1216:3167:79880_1:49203556",1.3e-21
"6167","HISEQ13:138:C6FWNANXX:2:2105:18178:30274_1:80619134",1.3e-21
"6168","HISEQ13:138:C6FWNANXX:2:2303:18800:98948_1:126774027",1.3e-21
"6169","HISEQ13:138:C6FWNANXX:2:2114:15131:19221_1:93954463",1.3e-21
"6170","HISEQ13:138:C6FWNANXX:2:2207:5970:37798_1:107575038",1.3e-21
"6171","HISEQ13:138:C6FWNANXX:2:2303:20522:64304_1:126285559",1.3e-21
"6172","HISEQ13:138:C6FWNANXX:2:1302:11321:43151_1:51625635",1.3e-21
"6173","HISEQ13:138:C6FWNANXX:2:2201:13287:23869_1:98837853",1.3e-21
"6174","HISEQ13:138:C6FWNANXX:2:2103:5206:22437_1:77664802",1.3e-21
"6175","HISEQ13:138:C6FWNANXX:2:2205:3762:24624_1:104494707",1.3e-21
"6176","HISEQ13:138:C6FWNANXX:2:2301:6785:55615_1:123361585",1.3e-21
"6177","HISEQ13:138:C6FWNANXX:2:1211:10988:64743_1:40721176",1.3e-21
"6178","HISEQ13:138:C6FWNANXX:2:1315:2086:34047_1:71685613",1.3e-21
"6179","HISEQ13:138:C6FWNANXX:2:2216:7671:83880_1:122318662",1.3e-21
"6180","HISEQ13:138:C6FWNANXX:2:1101:7505:38766_1:546012",1.3e-21
"6181","HISEQ13:138:C6FWNANXX:2:1312:3800:10239_1:66328359",1.3e-21
"6182","HISEQ13:138:C6FWNANXX:2:2206:8836:12097_1:105747146",1.3e-21
"6183","HISEQ13:138:C6FWNANXX:2:2311:5067:94353_1:138537156",1.3e-21
"6184","HISEQ13:138:C6FWNANXX:2:1213:12277:7061_1:42969353",1.3e-21
"6185","HISEQ13:138:C6FWNANXX:2:1115:17613:99298_1:23079050",1.3e-21
"6186","HISEQ13:138:C6FWNANXX:2:2214:3580:36085_1:118245575",1.3e-21
"6187","HISEQ13:138:C6FWNANXX:2:2301:18392:31631_1:123025917",1.3e-21
"6188","HISEQ13:138:C6FWNANXX:2:2307:4708:46986_1:131770191",1.3e-21
"6189","HISEQ13:138:C6FWNANXX:2:2203:17558:34957_1:101812254",1.3e-21
"6190","HISEQ13:138:C6FWNANXX:2:2209:13169:71387_1:111044628",1.3e-21
"6191","HISEQ13:138:C6FWNANXX:2:2203:14474:81108_1:102472064",1.3e-21
"6192","HISEQ13:138:C6FWNANXX:2:2211:18633:95559_1:114465454",1.3e-21
"6193","HISEQ13:138:C6FWNANXX:2:2309:15729:50256_1:134798398",1.3e-21
"6194","HISEQ13:138:C6FWNANXX:2:1113:15454:90661_1:19592931",1.3e-21
"6195","HISEQ13:138:C6FWNANXX:2:1314:4425:31356_1:69959469",1.3e-21
"6196","HISEQ13:138:C6FWNANXX:2:1315:9066:97367_1:72778809",1.3e-21
"6197","HISEQ13:138:C6FWNANXX:2:1201:16540:37455_1:25326772",1.3e-21
"6198","HISEQ13:138:C6FWNANXX:2:1202:11182:2884_1:26272248",1.3e-21
"6199","HISEQ13:138:C6FWNANXX:2:2316:14482:14696_1:145271640",1.3e-21
"6200","HISEQ13:138:C6FWNANXX:2:1304:8901:30065_1:54356681",1.3e-21
"6201","HISEQ13:138:C6FWNANXX:2:1305:11386:3469_1:55435876",1.3e-21
"6202","HISEQ13:138:C6FWNANXX:2:2303:5948:2950_1:125409141",1.3e-21
"6203","HISEQ13:138:C6FWNANXX:2:1313:8484:88967_1:69263683",1.3e-21
"6204","HISEQ13:138:C6FWNANXX:2:1209:18815:58068_1:37495100",1.3e-21
"6205","HISEQ13:138:C6FWNANXX:2:2102:6811:47513_1:76616365",1.4e-21
"6206","HISEQ13:138:C6FWNANXX:2:1101:16743:33651_1:469893",1.4e-21
"6207","HISEQ13:138:C6FWNANXX:2:1210:3864:66558_1:39175414",1.4e-21
"6208","HISEQ13:138:C6FWNANXX:2:2301:18472:81212_1:123723586",1.4e-21
"6209","HISEQ13:138:C6FWNANXX:2:2312:20902:34299_1:139153969",1.4e-21
"6210","HISEQ13:138:C6FWNANXX:2:2313:11623:77861_1:141433042",1.4e-21
"6211","HISEQ13:138:C6FWNANXX:2:1316:19398:10674_1:72991237",1.4e-21
"6212","HISEQ13:138:C6FWNANXX:2:2104:12307:65674_1:79699060",1.4e-21
"6213","HISEQ13:138:C6FWNANXX:2:2202:1396:9632_1:100040878",1.4e-21
"6214","HISEQ13:138:C6FWNANXX:2:1112:19713:83553_1:17845588",1.4e-21
"6215","HISEQ13:138:C6FWNANXX:2:1202:16061:72324_1:27293105",1.4e-21
"6216","HISEQ13:138:C6FWNANXX:2:1307:15967:27213_1:58796709",1.4e-21
"6217","HISEQ13:138:C6FWNANXX:2:1310:14729:19153_1:63300609",1.4e-21
"6218","HISEQ13:138:C6FWNANXX:2:2104:3861:63053_1:79661581",1.4e-21
"6219","HISEQ13:138:C6FWNANXX:2:2207:20940:62668_1:107943334",1.4e-21
"6220","HISEQ13:138:C6FWNANXX:2:2112:2265:69421_1:91597280",1.4e-21
"6221","HISEQ13:138:C6FWNANXX:2:1311:7444:73386_1:65747161",1.4e-21
"6222","HISEQ13:138:C6FWNANXX:2:2115:11319:51714_1:96088009",1.4e-21
"6223","HISEQ13:138:C6FWNANXX:2:1105:9747:28305_1:6259241",1.4e-21
"6224","HISEQ13:138:C6FWNANXX:2:2108:17855:66857_1:85545008",1.4e-21
"6225","HISEQ13:138:C6FWNANXX:2:1311:20776:21187_1:64905132",1.4e-21
"6226","HISEQ13:138:C6FWNANXX:2:1308:14402:74267_1:61054521",1.4e-21
"6227","HISEQ13:138:C6FWNANXX:2:2115:8679:96164_1:96815460",1.4e-21
"6228","HISEQ13:138:C6FWNANXX:2:1207:4587:35026_1:34092875",1.4e-21
"6229","HISEQ13:138:C6FWNANXX:2:1111:11243:83750_1:16378928",1.4e-21
"6230","HISEQ13:138:C6FWNANXX:2:1204:13866:96713_1:30556427",1.4e-21
"6231","HISEQ13:138:C6FWNANXX:2:1213:4830:89483_1:44324638",1.4e-21
"6232","HISEQ13:138:C6FWNANXX:2:1214:3428:80760_1:45839487",1.4e-21
"6233","HISEQ13:138:C6FWNANXX:2:2313:20629:23986_1:140560495",1.4e-21
"6234","HISEQ13:138:C6FWNANXX:2:2113:2894:19096_1:92369107",1.4e-21
"6235","HISEQ13:138:C6FWNANXX:2:2207:13635:53358_1:107804809",1.4e-21
"6236","HISEQ13:138:C6FWNANXX:2:2114:12935:46567_1:94399603",1.4e-21
"6237","HISEQ13:138:C6FWNANXX:2:2205:17775:24588_1:104497164",1.4e-21
"6238","HISEQ13:138:C6FWNANXX:2:1112:7574:91786_1:17978192",1.4e-21
"6239","HISEQ13:138:C6FWNANXX:2:2103:17651:14237_1:77549943",1.4e-21
"6240","HISEQ13:138:C6FWNANXX:2:1112:12434:46254_1:17237124",1.4e-21
"6241","HISEQ13:138:C6FWNANXX:2:1201:18778:8260_1:24899661",1.4e-21
"6242","HISEQ13:138:C6FWNANXX:2:2108:21024:12935_1:84732825",1.4e-21
"6243","HISEQ13:138:C6FWNANXX:2:1214:10346:64550_1:45567222",1.4e-21
"6244","HISEQ13:138:C6FWNANXX:2:1313:10239:71447_1:68970765",1.4e-21
"6245","HISEQ13:138:C6FWNANXX:2:2301:15123:58798_1:123408870",1.4e-21
"6246","HISEQ13:138:C6FWNANXX:2:2109:1514:100576_1:87554567",1.4e-21
"6247","HISEQ13:138:C6FWNANXX:2:1204:6764:68326_1:30135423",1.4e-21
"6248","HISEQ13:138:C6FWNANXX:2:1305:18781:97441_1:56851371",1.4e-21
"6249","HISEQ13:138:C6FWNANXX:2:2212:15095:24098_1:114887154",1.4e-21
"6250","HISEQ13:138:C6FWNANXX:2:2309:14789:75663_1:135186772",1.4e-21
"6251","HISEQ13:138:C6FWNANXX:2:1110:6267:47669_1:14193663",1.4e-21
"6252","HISEQ13:138:C6FWNANXX:2:1216:14230:68091_1:49000880",1.4e-21
"6253","HISEQ13:138:C6FWNANXX:2:1310:16050:21686_1:63340935",1.4e-21
"6254","HISEQ13:138:C6FWNANXX:2:2209:11100:16777_1:110217219",1.4e-21
"6255","HISEQ13:138:C6FWNANXX:2:2213:20873:28238_1:116523232",1.4e-21
"6256","HISEQ13:138:C6FWNANXX:2:2309:9693:65318_1:135027972",1.4e-21
"6257","HISEQ13:138:C6FWNANXX:2:2313:5252:81990_1:141496985",1.4e-21
"6258","HISEQ13:138:C6FWNANXX:2:1112:4672:55657_1:17385103",1.4e-21
"6259","HISEQ13:138:C6FWNANXX:2:2305:18170:44498_1:128833728",1.4e-21
"6260","HISEQ13:138:C6FWNANXX:2:2103:3612:69816_1:78339179",1.4e-21
"6261","HISEQ13:138:C6FWNANXX:2:2204:19695:48902_1:103423361",1.4e-21
"6262","HISEQ13:138:C6FWNANXX:2:1212:11980:19342_1:41555273",1.4e-21
"6263","HISEQ13:138:C6FWNANXX:2:1113:16945:58613_1:19060447",1.4e-21
"6264","HISEQ13:138:C6FWNANXX:2:1102:6640:66708_1:2414452",1.4e-21
"6265","HISEQ13:138:C6FWNANXX:2:1215:17363:27011_1:46604958",1.4e-21
"6266","HISEQ13:138:C6FWNANXX:2:1212:13787:100373_1:42877110",1.4e-21
"6267","HISEQ13:138:C6FWNANXX:2:2301:7053:26945_1:122956886",1.4e-21
"6268","HISEQ13:138:C6FWNANXX:2:2308:19643:79657_1:133744175",1.4e-21
"6269","HISEQ13:138:C6FWNANXX:2:2113:15371:41916_1:92732805",1.4e-21
"6270","HISEQ13:138:C6FWNANXX:2:2116:15663:96298_1:98451722",1.4e-21
"6271","HISEQ13:138:C6FWNANXX:2:1101:5595:48976_1:693098",1.5e-21
"6272","HISEQ13:138:C6FWNANXX:2:1204:13467:22087_1:29448907",1.5e-21
"6273","HISEQ13:138:C6FWNANXX:2:1213:7432:52087_1:43708626",1.5e-21
"6274","HISEQ13:138:C6FWNANXX:2:2215:5598:86712_1:120700564",1.5e-21
"6275","HISEQ13:138:C6FWNANXX:2:1101:1825:63918_1:914666",1.5e-21
"6276","HISEQ13:138:C6FWNANXX:2:1213:19358:9843_1:43015613",1.5e-21
"6277","HISEQ13:138:C6FWNANXX:2:1110:4993:85065_1:14783524",1.5e-21
"6278","HISEQ13:138:C6FWNANXX:2:1215:11006:92408_1:47710099",1.5e-21
"6279","HISEQ13:138:C6FWNANXX:2:1215:14370:25430_1:46573931",1.5e-21
"6280","HISEQ13:138:C6FWNANXX:2:2208:3120:37170_1:109031227",1.5e-21
"6281","HISEQ13:138:C6FWNANXX:2:2212:12854:86230_1:115869721",1.5e-21
"6282","HISEQ13:138:C6FWNANXX:2:2212:1919:46380_1:115236224",1.5e-21
"6283","HISEQ13:138:C6FWNANXX:2:2210:17791:47805_1:112192937",1.5e-21
"6284","HISEQ13:138:C6FWNANXX:2:1215:19616:96093_1:47776433",1.5e-21
"6285","HISEQ13:138:C6FWNANXX:2:1309:6244:71688_1:62567928",1.5e-21
"6286","HISEQ13:138:C6FWNANXX:2:2309:19959:94200_1:135470167",1.5e-21
"6287","HISEQ13:138:C6FWNANXX:2:1207:5655:44397_1:34232878",1.5e-21
"6288","HISEQ13:138:C6FWNANXX:2:2205:5759:75540_1:105232000",1.5e-21
"6289","HISEQ13:138:C6FWNANXX:2:2212:18922:5733_1:114608862",1.5e-21
"6290","HISEQ13:138:C6FWNANXX:2:1207:2120:71687_1:34647071",1.5e-21
"6291","HISEQ13:138:C6FWNANXX:2:1211:19598:70340_1:40815526",1.5e-21
"6292","HISEQ13:138:C6FWNANXX:2:1309:9345:3019_1:61487075",1.5e-21
"6293","HISEQ13:138:C6FWNANXX:2:1313:13317:54247_1:68682395",1.5e-21
"6294","HISEQ13:138:C6FWNANXX:2:2204:15453:2193_1:102755920",1.5e-21
"6295","HISEQ13:138:C6FWNANXX:2:1202:10429:90829_1:27563391",1.5e-21
"6296","HISEQ13:138:C6FWNANXX:2:1208:17190:63432_1:36040307",1.5e-21
"6297","HISEQ13:138:C6FWNANXX:2:1301:17828:5277_1:49619456",1.5e-21
"6298","HISEQ13:138:C6FWNANXX:2:2305:18252:30022_1:128626301",1.5e-21
"6299","HISEQ13:138:C6FWNANXX:2:2216:20756:64152_1:121986021",1.5e-21
"6300","HISEQ13:138:C6FWNANXX:2:1106:17664:57421_1:8194814",1.5e-21
"6301","HISEQ13:138:C6FWNANXX:2:1213:12576:31310_1:43366117",1.5e-21
"6302","HISEQ13:138:C6FWNANXX:2:2311:10183:30900_1:137538400",1.5e-21
"6303","HISEQ13:138:C6FWNANXX:2:1202:14182:48352_1:26940556",1.5e-21
"6304","HISEQ13:138:C6FWNANXX:2:1208:8795:44510_1:35748169",1.5e-21
"6305","HISEQ13:138:C6FWNANXX:2:2103:1399:80645_1:78492038",1.5e-21
"6306","HISEQ13:138:C6FWNANXX:2:2313:17443:39055_1:140806720",1.5e-21
"6307","HISEQ13:138:C6FWNANXX:2:2216:7268:73589_1:122144966",1.5e-21
"6308","HISEQ13:138:C6FWNANXX:2:2312:6925:65860_1:139649410",1.5e-21
"6309","HISEQ13:138:C6FWNANXX:2:1201:4879:12483_1:24956212",1.5e-21
"6310","HISEQ13:138:C6FWNANXX:2:1301:17676:91896_1:50891509",1.5e-21
"6311","HISEQ13:138:C6FWNANXX:2:1312:12069:99233_1:67790094",1.5e-21
"6312","HISEQ13:138:C6FWNANXX:2:1102:20546:77925_1:2583627",1.5e-21
"6313","HISEQ13:138:C6FWNANXX:2:1108:1717:63219_1:11320309",1.5e-21
"6314","HISEQ13:138:C6FWNANXX:2:1202:13585:70401_1:27263349",1.5e-21
"6315","HISEQ13:138:C6FWNANXX:2:1213:20548:48374_1:43649058",1.5e-21
"6316","HISEQ13:138:C6FWNANXX:2:1306:8723:63951_1:57845648",1.5e-21
"6317","HISEQ13:138:C6FWNANXX:2:1308:8214:97228_1:61411319",1.5e-21
"6318","HISEQ13:138:C6FWNANXX:2:2206:1344:15317_1:105793523",1.5e-21
"6319","HISEQ13:138:C6FWNANXX:2:1114:10410:31074_1:20251518",1.5e-21
"6320","HISEQ13:138:C6FWNANXX:2:1110:12988:7590_1:13563247",1.5e-21
"6321","HISEQ13:138:C6FWNANXX:2:2301:3287:46299_1:123231026",1.5e-21
"6322","HISEQ13:138:C6FWNANXX:2:2302:11738:46028_1:124623042",1.5e-21
"6323","HISEQ13:138:C6FWNANXX:2:1316:2068:43408_1:73556689",1.5e-21
"6324","HISEQ13:138:C6FWNANXX:2:2112:15898:99390_1:92075533",1.5e-21
"6325","HISEQ13:138:C6FWNANXX:2:2209:9147:85953_1:111265009",1.5e-21
"6326","HISEQ13:138:C6FWNANXX:2:2213:15244:57567_1:116996288",1.5e-21
"6327","HISEQ13:138:C6FWNANXX:2:2307:10957:46935_1:131771395",1.5e-21
"6328","HISEQ13:138:C6FWNANXX:2:2107:18207:25164_1:83441348",1.5e-21
"6329","HISEQ13:138:C6FWNANXX:2:1201:8576:32394_1:25251238",1.5e-21
"6330","HISEQ13:138:C6FWNANXX:2:2303:15105:65679_1:126302267",1.5e-21
"6331","HISEQ13:138:C6FWNANXX:2:1206:2668:99500_1:33571320",1.5e-21
"6332","HISEQ13:138:C6FWNANXX:2:2206:1853:49233_1:106287352",1.5e-21
"6333","HISEQ13:138:C6FWNANXX:2:1115:1970:35572_1:21992371",1.5e-21
"6334","HISEQ13:138:C6FWNANXX:2:1315:7643:82858_1:72525074",1.5e-21
"6335","HISEQ13:138:C6FWNANXX:2:1108:8125:19068_1:10638424",1.5e-21
"6336","HISEQ13:138:C6FWNANXX:2:1202:14790:64692_1:27178728",1.5e-21
"6337","HISEQ13:138:C6FWNANXX:2:1312:20260:84900_1:67556609",1.5e-21
"6338","HISEQ13:138:C6FWNANXX:2:2110:9189:10630_1:87691527",1.5e-21
"6339","HISEQ13:138:C6FWNANXX:2:2301:10444:56218_1:123369241",1.5e-21
"6340","HISEQ13:138:C6FWNANXX:2:1308:4740:32764_1:60405656",1.5e-21
"6341","HISEQ13:138:C6FWNANXX:2:1310:2919:47180_1:63744118",1.5e-21
"6342","HISEQ13:138:C6FWNANXX:2:2302:12055:63909_1:124873635",1.5e-21
"6343","HISEQ13:138:C6FWNANXX:2:2116:15599:30209_1:97361458",1.5e-21
"6344","HISEQ13:138:C6FWNANXX:2:1204:4893:72611_1:30198612",1.5e-21
"6345","HISEQ13:138:C6FWNANXX:2:1210:19636:58723_1:39054523",1.5e-21
"6346","HISEQ13:138:C6FWNANXX:2:2203:17336:23336_1:101648173",1.5e-21
"6347","HISEQ13:138:C6FWNANXX:2:1203:20353:63767_1:28621987",1.5e-21
"6348","HISEQ13:138:C6FWNANXX:2:2207:19360:6967_1:107122675",1.5e-21
"6349","HISEQ13:138:C6FWNANXX:2:2314:21293:59513_1:142750639",1.6e-21
"6350","HISEQ13:138:C6FWNANXX:2:2115:17671:39301_1:95890778",1.6e-21
"6351","HISEQ13:138:C6FWNANXX:2:1116:16633:69349_1:24262147",1.6e-21
"6352","HISEQ13:138:C6FWNANXX:2:1202:13366:32989_1:26713552",1.6e-21
"6353","HISEQ13:138:C6FWNANXX:2:1310:2177:77998_1:64230915",1.6e-21
"6354","HISEQ13:138:C6FWNANXX:2:1313:18141:2668_1:67829805",1.6e-21
"6355","HISEQ13:138:C6FWNANXX:2:2106:2328:20105_1:81905846",1.6e-21
"6356","HISEQ13:138:C6FWNANXX:2:1202:2334:96336_1:27642823",1.6e-21
"6357","HISEQ13:138:C6FWNANXX:2:2109:8489:5066_1:86104278",1.6e-21
"6358","HISEQ13:138:C6FWNANXX:2:1212:2121:44909_1:41966479",1.6e-21
"6359","HISEQ13:138:C6FWNANXX:2:1311:19337:16931_1:64836941",1.6e-21
"6360","HISEQ13:138:C6FWNANXX:2:2213:19101:73505_1:117254270",1.6e-21
"6361","HISEQ13:138:C6FWNANXX:2:2216:14265:55646_1:121840204",1.6e-21
"6362","HISEQ13:138:C6FWNANXX:2:2111:10657:47931_1:89780638",1.6e-21
"6363","HISEQ13:138:C6FWNANXX:2:2204:2473:69106_1:103711734",1.6e-21
"6364","HISEQ13:138:C6FWNANXX:2:2303:2768:100624_1:126796044",1.6e-21
"6365","HISEQ13:138:C6FWNANXX:2:1206:11088:28580_1:32498122",1.6e-21
"6366","HISEQ13:138:C6FWNANXX:2:1315:18417:60441_1:72140055",1.6e-21
"6367","HISEQ13:138:C6FWNANXX:2:2111:12326:86206_1:90413062",1.6e-21
"6368","HISEQ13:138:C6FWNANXX:2:1103:17393:2014_1:2925300",1.6e-21
"6369","HISEQ13:138:C6FWNANXX:2:1303:8648:47195_1:53144122",1.6e-21
"6370","HISEQ13:138:C6FWNANXX:2:2214:4070:27013_1:118099482",1.6e-21
"6371","HISEQ13:138:C6FWNANXX:2:2102:9995:16398_1:76173239",1.6e-21
"6372","HISEQ13:138:C6FWNANXX:2:2206:19553:61082_1:106467082",1.6e-21
"6373","HISEQ13:138:C6FWNANXX:2:1110:18170:84962_1:14782265",1.6e-21
"6374","HISEQ13:138:C6FWNANXX:2:1212:13796:2023_1:41310452",1.6e-21
"6375","HISEQ13:138:C6FWNANXX:2:1215:14393:81211_1:47518241",1.6e-21
"6376","HISEQ13:138:C6FWNANXX:2:2111:14532:11778_1:89220878",1.6e-21
"6377","HISEQ13:138:C6FWNANXX:2:2114:14734:83400_1:94997765",1.6e-21
"6378","HISEQ13:138:C6FWNANXX:2:2204:2473:69106_1:103711733",1.6e-21
"6379","HISEQ13:138:C6FWNANXX:2:1115:13647:8219_1:21529609",1.6e-21
"6380","HISEQ13:138:C6FWNANXX:2:1310:13943:48476_1:63766259",1.6e-21
"6381","HISEQ13:138:C6FWNANXX:2:2110:17125:81040_1:88769177",1.6e-21
"6382","HISEQ13:138:C6FWNANXX:2:1308:11067:80834_1:61156769",1.6e-21
"6383","HISEQ13:138:C6FWNANXX:2:1115:17613:99298_1:23079049",1.6e-21
"6384","HISEQ13:138:C6FWNANXX:2:1304:12704:27652_1:54320290",1.6e-21
"6385","HISEQ13:138:C6FWNANXX:2:1306:8970:68098_1:57911163",1.6e-21
"6386","HISEQ13:138:C6FWNANXX:2:1315:13432:50021_1:71962610",1.6e-21
"6387","HISEQ13:138:C6FWNANXX:2:2216:18326:79875_1:122252983",1.6e-21
"6388","HISEQ13:138:C6FWNANXX:2:2216:7069:33896_1:121470774",1.6e-21
"6389","HISEQ13:138:C6FWNANXX:2:2106:11685:44074_1:82259744",1.6e-21
"6390","HISEQ13:138:C6FWNANXX:2:2214:1215:25518_1:118074599",1.6e-21
"6391","HISEQ13:138:C6FWNANXX:2:1209:14764:76033_1:37776427",1.6e-21
"6392","HISEQ13:138:C6FWNANXX:2:2109:18286:37285_1:86595710",1.6e-21
"6393","HISEQ13:138:C6FWNANXX:2:2110:8977:76786_1:88702990",1.6e-21
"6394","HISEQ13:138:C6FWNANXX:2:2109:8719:22520_1:86371031",1.6e-21
"6395","HISEQ13:138:C6FWNANXX:2:2215:14248:39766_1:119930154",1.6e-21
"6396","HISEQ13:138:C6FWNANXX:2:2307:11833:95016_1:132487934",1.6e-21
"6397","HISEQ13:138:C6FWNANXX:2:1308:6657:44404_1:60584713",1.6e-21
"6398","HISEQ13:138:C6FWNANXX:2:2305:3849:85401_1:129427344",1.6e-21
"6399","HISEQ13:138:C6FWNANXX:2:1204:8110:54097_1:29924465",1.6e-21
"6400","HISEQ13:138:C6FWNANXX:2:1215:13393:8060_1:46281892",1.6e-21
"6401","HISEQ13:138:C6FWNANXX:2:1308:11843:95435_1:61384471",1.6e-21
"6402","HISEQ13:138:C6FWNANXX:2:2102:15231:31966_1:76394117",1.6e-21
"6403","HISEQ13:138:C6FWNANXX:2:2103:3480:69310_1:78332034",1.6e-21
"6404","HISEQ13:138:C6FWNANXX:2:2202:13591:64524_1:100823755",1.6e-21
"6405","HISEQ13:138:C6FWNANXX:2:1101:5595:48976_1:693099",1.6e-21
"6406","HISEQ13:138:C6FWNANXX:2:1110:10504:15398_1:13684972",1.6e-21
"6407","HISEQ13:138:C6FWNANXX:2:1115:20502:35234_1:21988001",1.6e-21
"6408","HISEQ13:138:C6FWNANXX:2:2108:8039:2719_1:84576797",1.6e-21
"6409","HISEQ13:138:C6FWNANXX:2:2203:4622:31261_1:101760100",1.6e-21
"6410","HISEQ13:138:C6FWNANXX:2:2215:20571:5157_1:119359184",1.6e-21
"6411","HISEQ13:138:C6FWNANXX:2:1213:13200:41689_1:43536564",1.6e-21
"6412","HISEQ13:138:C6FWNANXX:2:1216:20677:85609_1:49307995",1.6e-21
"6413","HISEQ13:138:C6FWNANXX:2:2105:6109:30272_1:80616975",1.6e-21
"6414","HISEQ13:138:C6FWNANXX:2:2205:3798:6477_1:104229939",1.6e-21
"6415","HISEQ13:138:C6FWNANXX:2:2210:2510:35459_1:111999856",1.6e-21
"6416","HISEQ13:138:C6FWNANXX:2:2309:13197:57833_1:134912447",1.6e-21
"6417","HISEQ13:138:C6FWNANXX:2:2310:13149:25506_1:135934887",1.6e-21
"6418","HISEQ13:138:C6FWNANXX:2:2312:13492:11495_1:138788988",1.6e-21
"6419","HISEQ13:138:C6FWNANXX:2:2307:9133:58934_1:131948249",1.6e-21
"6420","HISEQ13:138:C6FWNANXX:2:1109:3173:76711_1:13089200",1.6e-21
"6421","HISEQ13:138:C6FWNANXX:2:1111:12854:67313_1:16090671",1.6e-21
"6422","HISEQ13:138:C6FWNANXX:2:2114:17784:5844_1:93741336",1.6e-21
"6423","HISEQ13:138:C6FWNANXX:2:2111:14205:88747_1:90457078",1.6e-21
"6424","HISEQ13:138:C6FWNANXX:2:2111:16341:77961_1:90272440",1.6e-21
"6425","HISEQ13:138:C6FWNANXX:2:1312:1929:89105_1:67623384",1.6e-21
"6426","HISEQ13:138:C6FWNANXX:2:2314:11716:29847_1:142257491",1.6e-21
"6427","HISEQ13:138:C6FWNANXX:2:1101:15797:14103_1:181331",1.6e-21
"6428","HISEQ13:138:C6FWNANXX:2:1113:5525:69795_1:19244938",1.6e-21
"6429","HISEQ13:138:C6FWNANXX:2:1213:5913:20489_1:43184461",1.6e-21
"6430","HISEQ13:138:C6FWNANXX:2:1201:6645:59585_1:25652034",1.6e-21
"6431","HISEQ13:138:C6FWNANXX:2:1205:4296:3835_1:30645623",1.6e-21
"6432","HISEQ13:138:C6FWNANXX:2:1208:13969:91866_1:36481381",1.6e-21
"6433","HISEQ13:138:C6FWNANXX:2:2109:5314:40264_1:86639153",1.6e-21
"6434","HISEQ13:138:C6FWNANXX:2:2204:14477:43373_1:103343132",1.6e-21
"6435","HISEQ13:138:C6FWNANXX:2:2308:5041:32997_1:133035674",1.6e-21
"6436","HISEQ13:138:C6FWNANXX:2:1214:9167:34920_1:45067038",1.7e-21
"6437","HISEQ13:138:C6FWNANXX:2:2303:10501:78978_1:126488635",1.7e-21
"6438","HISEQ13:138:C6FWNANXX:2:2212:11252:65472_1:115537651",1.7e-21
"6439","HISEQ13:138:C6FWNANXX:2:1310:18184:74066_1:64175055",1.7e-21
"6440","HISEQ13:138:C6FWNANXX:2:1104:4015:93522_1:5753059",1.7e-21
"6441","HISEQ13:138:C6FWNANXX:2:2203:15064:69396_1:102304761",1.7e-21
"6442","HISEQ13:138:C6FWNANXX:2:2214:2617:71562_1:118827136",1.7e-21
"6443","HISEQ13:138:C6FWNANXX:2:1107:12255:87005_1:10162870",1.7e-21
"6444","HISEQ13:138:C6FWNANXX:2:2204:12160:48582_1:103418353",1.7e-21
"6445","HISEQ13:138:C6FWNANXX:2:2210:13391:30033_1:111921186",1.7e-21
"6446","HISEQ13:138:C6FWNANXX:2:1203:17355:35493_1:28203180",1.7e-21
"6447","HISEQ13:138:C6FWNANXX:2:2314:9442:15757_1:142028769",1.7e-21
"6448","HISEQ13:138:C6FWNANXX:2:2301:11007:44584_1:123207681",1.7e-21
"6449","HISEQ13:138:C6FWNANXX:2:1110:2339:62394_1:14426397",1.7e-21
"6450","HISEQ13:138:C6FWNANXX:2:1115:18829:8378_1:21535077",1.7e-21
"6451","HISEQ13:138:C6FWNANXX:2:1201:20087:35637_1:25301425",1.7e-21
"6452","HISEQ13:138:C6FWNANXX:2:2114:18424:40937_1:94307373",1.7e-21
"6453","HISEQ13:138:C6FWNANXX:2:2207:13473:77762_1:108168375",1.7e-21
"6454","HISEQ13:138:C6FWNANXX:2:1315:3105:96240_1:72755777",1.7e-21
"6455","HISEQ13:138:C6FWNANXX:2:2205:5759:75540_1:105231999",1.7e-21
"6456","HISEQ13:138:C6FWNANXX:2:2115:11849:7201_1:95364853",1.7e-21
"6457","HISEQ13:138:C6FWNANXX:2:2214:15426:89478_1:119120039",1.7e-21
"6458","HISEQ13:138:C6FWNANXX:2:1108:11265:88306_1:11718674",1.7e-21
"6459","HISEQ13:138:C6FWNANXX:2:1216:3703:14003_1:48064003",1.7e-21
"6460","HISEQ13:138:C6FWNANXX:2:1306:9525:78638_1:58071488",1.7e-21
"6461","HISEQ13:138:C6FWNANXX:2:2109:11244:70779_1:87105077",1.7e-21
"6462","HISEQ13:138:C6FWNANXX:2:2206:2866:92483_1:106921815",1.7e-21
"6463","HISEQ13:138:C6FWNANXX:2:2211:11359:38649_1:113571452",1.7e-21
"6464","HISEQ13:138:C6FWNANXX:2:1113:13670:60952_1:19097021",1.7e-21
"6465","HISEQ13:138:C6FWNANXX:2:1208:17190:63432_1:36040308",1.7e-21
"6466","HISEQ13:138:C6FWNANXX:2:1203:19191:33589_1:28178095",1.7e-21
"6467","HISEQ13:138:C6FWNANXX:2:2101:18156:7937_1:74646432",1.7e-21
"6468","HISEQ13:138:C6FWNANXX:2:2213:9588:57676_1:116995174",1.7e-21
"6469","HISEQ13:138:C6FWNANXX:2:2214:16497:49220_1:118460042",1.7e-21
"6470","HISEQ13:138:C6FWNANXX:2:2310:20679:55090_1:136391624",1.7e-21
"6471","HISEQ13:138:C6FWNANXX:2:1301:8528:27260_1:49942538",1.7e-21
"6472","HISEQ13:138:C6FWNANXX:2:2301:6392:84614_1:123770538",1.7e-21
"6473","HISEQ13:138:C6FWNANXX:2:2212:2987:80600_1:115779888",1.7e-21
"6474","HISEQ13:138:C6FWNANXX:2:1313:16106:12175_1:67986708",1.7e-21
"6475","HISEQ13:138:C6FWNANXX:2:2314:11590:77910_1:143049084",1.7e-21
"6476","HISEQ13:138:C6FWNANXX:2:1201:14228:81231_1:25969733",1.7e-21
"6477","HISEQ13:138:C6FWNANXX:2:1214:9610:11462_1:44672928",1.7e-21
"6478","HISEQ13:138:C6FWNANXX:2:2201:19713:74574_1:99563032",1.7e-21
"6479","HISEQ13:138:C6FWNANXX:2:2107:10481:96223_1:84496899",1.7e-21
"6480","HISEQ13:138:C6FWNANXX:2:2208:7309:98270_1:109955107",1.7e-21
"6481","HISEQ13:138:C6FWNANXX:2:1310:18279:27015_1:63428432",1.8e-21
"6482","HISEQ13:138:C6FWNANXX:2:1201:8459:56117_1:25600687",1.8e-21
"6483","HISEQ13:138:C6FWNANXX:2:2107:4904:90254_1:84409421",1.8e-21
"6484","HISEQ13:138:C6FWNANXX:2:2302:17767:63538_1:124871093",1.8e-21
"6485","HISEQ13:138:C6FWNANXX:2:1212:9197:79353_1:42531621",1.8e-21
"6486","HISEQ13:138:C6FWNANXX:2:2104:3861:63053_1:79661580",1.8e-21
"6487","HISEQ13:138:C6FWNANXX:2:2305:17161:34820_1:128695084",1.8e-21
"6488","HISEQ13:138:C6FWNANXX:2:1113:9205:10845_1:18273207",1.8e-21
"6489","HISEQ13:138:C6FWNANXX:2:2216:5288:74198_1:122152931",1.8e-21
"6490","HISEQ13:138:C6FWNANXX:2:1113:8846:53846_1:18980175",1.8e-21
"6491","HISEQ13:138:C6FWNANXX:2:1312:15027:97668_1:67766174",1.8e-21
"6492","HISEQ13:138:C6FWNANXX:2:2203:10970:68259_1:102289924",1.8e-21
"6493","HISEQ13:138:C6FWNANXX:2:1315:5610:63398_1:72188992",1.8e-21
"6494","HISEQ13:138:C6FWNANXX:2:2111:20194:38145_1:89628735",1.8e-21
"6495","HISEQ13:138:C6FWNANXX:2:1313:15247:5037_1:67870316",1.8e-21
"6496","HISEQ13:138:C6FWNANXX:2:1204:19820:38704_1:29695408",1.8e-21
"6497","HISEQ13:138:C6FWNANXX:2:2201:11658:23645_1:98833999",1.8e-21
"6498","HISEQ13:138:C6FWNANXX:2:1115:5989:12422_1:21600420",1.8e-21
"6499","HISEQ13:138:C6FWNANXX:2:1202:21394:96828_1:27653741",1.8e-21
"6500","HISEQ13:138:C6FWNANXX:2:1306:5806:25415_1:57257766",1.8e-21
"6501","HISEQ13:138:C6FWNANXX:2:2205:15380:12861_1:104326613",1.8e-21
"6502","HISEQ13:138:C6FWNANXX:2:1109:11940:35997_1:12446011",1.8e-21
"6503","HISEQ13:138:C6FWNANXX:2:1202:16702:11686_1:26401854",1.8e-21
"6504","HISEQ13:138:C6FWNANXX:2:1305:10423:18494_1:55661086",1.8e-21
"6505","HISEQ13:138:C6FWNANXX:2:1310:6989:98776_1:64563286",1.8e-21
"6506","HISEQ13:138:C6FWNANXX:2:1203:15030:87670_1:28971481",1.8e-21
"6507","HISEQ13:138:C6FWNANXX:2:1211:19503:19495_1:39993839",1.8e-21
"6508","HISEQ13:138:C6FWNANXX:2:2107:14688:17983_1:83332971",1.8e-21
"6509","HISEQ13:138:C6FWNANXX:2:1104:19947:36213_1:4897608",1.8e-21
"6510","HISEQ13:138:C6FWNANXX:2:1112:15072:83971_1:17848719",1.8e-21
"6511","HISEQ13:138:C6FWNANXX:2:1313:17798:87480_1:69240246",1.8e-21
"6512","HISEQ13:138:C6FWNANXX:2:1116:20899:63848_1:24168123",1.8e-21
"6513","HISEQ13:138:C6FWNANXX:2:2213:4760:50455_1:116876717",1.8e-21
"6514","HISEQ13:138:C6FWNANXX:2:1212:18779:56368_1:42157386",1.8e-21
"6515","HISEQ13:138:C6FWNANXX:2:1308:5362:25526_1:60293886",1.8e-21
"6516","HISEQ13:138:C6FWNANXX:2:1313:3431:12671_1:67992410",1.8e-21
"6517","HISEQ13:138:C6FWNANXX:2:2213:2316:61466_1:117053653",1.8e-21
"6518","HISEQ13:138:C6FWNANXX:2:1206:8008:26235_1:32459766",1.8e-21
"6519","HISEQ13:138:C6FWNANXX:2:2210:13731:56543_1:112326769",1.8e-21
"6520","HISEQ13:138:C6FWNANXX:2:1106:6939:46733_1:8029015",1.8e-21
"6521","HISEQ13:138:C6FWNANXX:2:2114:13873:23299_1:94023582",1.8e-21
"6522","HISEQ13:138:C6FWNANXX:2:2106:6301:19989_1:81902811",1.8e-21
"6523","HISEQ13:138:C6FWNANXX:2:2110:6338:36683_1:88088778",1.8e-21
"6524","HISEQ13:138:C6FWNANXX:2:1301:1756:46538_1:50223328",1.8e-21
"6525","HISEQ13:138:C6FWNANXX:2:2209:8902:85863_1:111264942",1.8e-21
"6526","HISEQ13:138:C6FWNANXX:2:2303:18598:98808_1:126773953",1.8e-21
"6527","HISEQ13:138:C6FWNANXX:2:2104:2154:26627_1:79135630",1.8e-21
"6528","HISEQ13:138:C6FWNANXX:2:2308:12509:52135_1:133327795",1.8e-21
"6529","HISEQ13:138:C6FWNANXX:2:1102:4096:56160_1:2258826",1.8e-21
"6530","HISEQ13:138:C6FWNANXX:2:1103:8851:43010_1:3531434",1.8e-21
"6531","HISEQ13:138:C6FWNANXX:2:1107:8858:68684_1:9878412",1.8e-21
"6532","HISEQ13:138:C6FWNANXX:2:1313:3071:5268_1:67872012",1.8e-21
"6533","HISEQ13:138:C6FWNANXX:2:2108:6842:10786_1:84699953",1.8e-21
"6534","HISEQ13:138:C6FWNANXX:2:2207:16845:37482_1:107569833",1.8e-21
"6535","HISEQ13:138:C6FWNANXX:2:2306:9142:9179_1:129756894",1.8e-21
"6536","HISEQ13:138:C6FWNANXX:2:2307:14811:73188_1:132161996",1.8e-21
"6537","HISEQ13:138:C6FWNANXX:2:2310:2171:95675_1:137006018",1.8e-21
"6538","HISEQ13:138:C6FWNANXX:2:2314:8525:84374_1:143154824",1.8e-21
"6539","HISEQ13:138:C6FWNANXX:2:2115:15152:87261_1:96672427",1.8e-21
"6540","HISEQ13:138:C6FWNANXX:2:2310:2297:91089_1:136938117",1.8e-21
"6541","HISEQ13:138:C6FWNANXX:2:2114:7900:44283_1:94361906",1.8e-21
"6542","HISEQ13:138:C6FWNANXX:2:1309:8196:90238_1:62861315",1.8e-21
"6543","HISEQ13:138:C6FWNANXX:2:1216:16403:4116_1:47893379",1.8e-21
"6544","HISEQ13:138:C6FWNANXX:2:1305:8169:66885_1:56387872",1.8e-21
"6545","HISEQ13:138:C6FWNANXX:2:2107:9207:73194_1:84152225",1.8e-21
"6546","HISEQ13:138:C6FWNANXX:2:2109:1514:100576_1:87554568",1.8e-21
"6547","HISEQ13:138:C6FWNANXX:2:2101:3452:15915_1:74758286",1.8e-21
"6548","HISEQ13:138:C6FWNANXX:2:1104:19739:14894_1:4580256",1.8e-21
"6549","HISEQ13:138:C6FWNANXX:2:1112:14449:92469_1:17987704",1.8e-21
"6550","HISEQ13:138:C6FWNANXX:2:1308:6464:69400_1:60974191",1.8e-21
"6551","HISEQ13:138:C6FWNANXX:2:2102:20457:76448_1:77027817",1.8e-21
"6552","HISEQ13:138:C6FWNANXX:2:2207:19360:6967_1:107122676",1.9e-21
"6553","HISEQ13:138:C6FWNANXX:2:2106:11262:59300_1:82485166",1.9e-21
"6554","HISEQ13:138:C6FWNANXX:2:1103:5894:38289_1:3460814",1.9e-21
"6555","HISEQ13:138:C6FWNANXX:2:1212:13045:36879_1:41838531",1.9e-21
"6556","HISEQ13:138:C6FWNANXX:2:1101:5487:52802_1:752089",1.9e-21
"6557","HISEQ13:138:C6FWNANXX:2:1102:12599:35719_1:1958676",1.9e-21
"6558","HISEQ13:138:C6FWNANXX:2:1110:16909:67780_1:14515769",1.9e-21
"6559","HISEQ13:138:C6FWNANXX:2:1315:2364:11113_1:71295016",1.9e-21
"6560","HISEQ13:138:C6FWNANXX:2:2103:3297:43624_1:77967715",1.9e-21
"6561","HISEQ13:138:C6FWNANXX:2:1208:14258:84076_1:36361112",1.9e-21
"6562","HISEQ13:138:C6FWNANXX:2:1314:2740:49931_1:70273895",1.9e-21
"6563","HISEQ13:138:C6FWNANXX:2:2212:1471:22489_1:114857087",1.9e-21
"6564","HISEQ13:138:C6FWNANXX:2:1104:8160:62341_1:5286147",1.9e-21
"6565","HISEQ13:138:C6FWNANXX:2:2308:18272:13943_1:132752483",1.9e-21
"6566","HISEQ13:138:C6FWNANXX:2:1101:20336:16392_1:215623",1.9e-21
"6567","HISEQ13:138:C6FWNANXX:2:2202:7111:54001_1:100673059",1.9e-21
"6568","HISEQ13:138:C6FWNANXX:2:1107:3491:23517_1:9188136",1.9e-21
"6569","HISEQ13:138:C6FWNANXX:2:1115:2983:5755_1:21488956",1.9e-21
"6570","HISEQ13:138:C6FWNANXX:2:1309:16302:79053_1:62688765",1.9e-21
"6571","HISEQ13:138:C6FWNANXX:2:2309:12292:92077_1:135438224",1.9e-21
"6572","HISEQ13:138:C6FWNANXX:2:1208:13879:22573_1:35411537",1.9e-21
"6573","HISEQ13:138:C6FWNANXX:2:1205:20971:74673_1:31706931",1.9e-21
"6574","HISEQ13:138:C6FWNANXX:2:1207:9554:95096_1:35006908",1.9e-21
"6575","HISEQ13:138:C6FWNANXX:2:1210:14348:74443_1:39298627",1.9e-21
"6576","HISEQ13:138:C6FWNANXX:2:1114:3696:15016_1:19982214",1.9e-21
"6577","HISEQ13:138:C6FWNANXX:2:1115:15138:91680_1:22945645",1.9e-21
"6578","HISEQ13:138:C6FWNANXX:2:1115:17110:15641_1:21657950",1.9e-21
"6579","HISEQ13:138:C6FWNANXX:2:1204:10665:3222_1:29183877",1.9e-21
"6580","HISEQ13:138:C6FWNANXX:2:1308:18588:94363_1:61370120",1.9e-21
"6581","HISEQ13:138:C6FWNANXX:2:1309:10992:31228_1:61927434",1.9e-21
"6582","HISEQ13:138:C6FWNANXX:2:1311:3464:65000_1:65611874",1.9e-21
"6583","HISEQ13:138:C6FWNANXX:2:2105:8527:7656_1:80287162",1.9e-21
"6584","HISEQ13:138:C6FWNANXX:2:1314:4425:31356_1:69959468",1.9e-21
"6585","HISEQ13:138:C6FWNANXX:2:2215:5598:86712_1:120700565",1.9e-21
"6586","HISEQ13:138:C6FWNANXX:2:2309:1323:59422_1:134933518",1.9e-21
"6587","HISEQ13:138:C6FWNANXX:2:2114:14644:39599_1:94286036",1.9e-21
"6588","HISEQ13:138:C6FWNANXX:2:2214:12236:36403_1:118251401",1.9e-21
"6589","HISEQ13:138:C6FWNANXX:2:2308:12570:5123_1:132619426",1.9e-21
"6590","HISEQ13:138:C6FWNANXX:2:2311:4903:10884_1:137224532",1.9e-21
"6591","HISEQ13:138:C6FWNANXX:2:1110:5254:61903_1:14418990",1.9e-21
"6592","HISEQ13:138:C6FWNANXX:2:2208:19846:66354_1:109473831",1.9e-21
"6593","HISEQ13:138:C6FWNANXX:2:1213:2807:16551_1:43122895",2e-21
"6594","HISEQ13:138:C6FWNANXX:2:1303:13108:41223_1:53056306",2e-21
"6595","HISEQ13:138:C6FWNANXX:2:1303:9712:60120_1:53336113",2e-21
"6596","HISEQ13:138:C6FWNANXX:2:2305:2216:13160_1:128377877",2e-21
"6597","HISEQ13:138:C6FWNANXX:2:1314:5071:82934_1:70835327",2e-21
"6598","HISEQ13:138:C6FWNANXX:2:1306:10226:47322_1:57593781",2e-21
"6599","HISEQ13:138:C6FWNANXX:2:2306:10075:53714_1:130411644",2e-21
"6600","HISEQ13:138:C6FWNANXX:2:1112:5883:15896_1:16789099",2e-21
"6601","HISEQ13:138:C6FWNANXX:2:1310:4726:99290_1:64570570",2e-21
"6602","HISEQ13:138:C6FWNANXX:2:1316:14765:34672_1:73406773",2e-21
"6603","HISEQ13:138:C6FWNANXX:2:2111:7923:16005_1:89285399",2e-21
"6604","HISEQ13:138:C6FWNANXX:2:1212:4949:67855_1:42342060",2e-21
"6605","HISEQ13:138:C6FWNANXX:2:1108:7883:59643_1:11267244",2e-21
"6606","HISEQ13:138:C6FWNANXX:2:1105:14616:8339_1:5959132",2e-21
"6607","HISEQ13:138:C6FWNANXX:2:1201:4116:94746_1:26166514",2e-21
"6608","HISEQ13:138:C6FWNANXX:2:2108:13143:91476_1:85914448",2e-21
"6609","HISEQ13:138:C6FWNANXX:2:1311:5612:42101_1:65239394",2e-21
"6610","HISEQ13:138:C6FWNANXX:2:2105:20368:29984_1:80612399",2e-21
"6611","HISEQ13:138:C6FWNANXX:2:2213:12022:15702_1:116322477",2e-21
"6612","HISEQ13:138:C6FWNANXX:2:2214:15169:76082_1:118903659",2e-21
"6613","HISEQ13:138:C6FWNANXX:2:2307:11416:93096_1:132458408",2e-21
"6614","HISEQ13:138:C6FWNANXX:2:1103:17205:37153_1:3444720",2e-21
"6615","HISEQ13:138:C6FWNANXX:2:1208:1602:54306_1:35897868",2e-21
"6616","HISEQ13:138:C6FWNANXX:2:2213:15452:28571_1:116530035",2e-21
"6617","HISEQ13:138:C6FWNANXX:2:1212:19617:30485_1:41734580",2e-21
"6618","HISEQ13:138:C6FWNANXX:2:1306:16209:25941_1:57267554",2e-21
"6619","HISEQ13:138:C6FWNANXX:2:1306:18700:38049_1:57454391",2e-21
"6620","HISEQ13:138:C6FWNANXX:2:2109:4786:97322_1:87506732",2e-21
"6621","HISEQ13:138:C6FWNANXX:2:1104:5369:57889_1:5218329",2e-21
"6622","HISEQ13:138:C6FWNANXX:2:1107:17578:74673_1:9971911",2e-21
"6623","HISEQ13:138:C6FWNANXX:2:1211:16393:100662_1:41304978",2e-21
"6624","HISEQ13:138:C6FWNANXX:2:2301:3920:5553_1:122655714",2e-21
"6625","HISEQ13:138:C6FWNANXX:2:1105:18569:35493_1:6365762",2e-21
"6626","HISEQ13:138:C6FWNANXX:2:1211:16393:100662_1:41304979",2e-21
"6627","HISEQ13:138:C6FWNANXX:2:2115:17086:30276_1:95744413",2e-21
"6628","HISEQ13:138:C6FWNANXX:2:1302:21363:40834_1:51594395",2e-21
"6629","HISEQ13:138:C6FWNANXX:2:1310:2177:77998_1:64230916",2e-21
"6630","HISEQ13:138:C6FWNANXX:2:1101:15882:78376_1:1130872",2e-21
"6631","HISEQ13:138:C6FWNANXX:2:1204:1416:27939_1:29532440",2e-21
"6632","HISEQ13:138:C6FWNANXX:2:2116:11594:23046_1:97243796",2e-21
"6633","HISEQ13:138:C6FWNANXX:2:2212:8440:6885_1:114625564",2e-21
"6634","HISEQ13:138:C6FWNANXX:2:1208:2747:94734_1:36522016",2e-21
"6635","HISEQ13:138:C6FWNANXX:2:1303:8648:47195_1:53144123",2e-21
"6636","HISEQ13:138:C6FWNANXX:2:1304:12505:76273_1:55049177",2e-21
"6637","HISEQ13:138:C6FWNANXX:2:1210:13745:3482_1:38185543",2e-21
"6638","HISEQ13:138:C6FWNANXX:2:2113:21210:14586_1:92301190",2e-21
"6639","HISEQ13:138:C6FWNANXX:2:2308:19429:89908_1:133898918",2e-21
"6640","HISEQ13:138:C6FWNANXX:2:2101:13078:23055_1:74863258",2.1e-21
"6641","HISEQ13:138:C6FWNANXX:2:2206:13885:66249_1:106539937",2.1e-21
"6642","HISEQ13:138:C6FWNANXX:2:1207:2926:30112_1:34016839",2.1e-21
"6643","HISEQ13:138:C6FWNANXX:2:2215:14820:24027_1:119670545",2.1e-21
"6644","HISEQ13:138:C6FWNANXX:2:2311:5629:74766_1:138228990",2.1e-21
"6645","HISEQ13:138:C6FWNANXX:2:1108:15783:53753_1:11178178",2.1e-21
"6646","HISEQ13:138:C6FWNANXX:2:2108:11562:56178_1:85380895",2.1e-21
"6647","HISEQ13:138:C6FWNANXX:2:1203:5230:31171_1:28138857",2.1e-21
"6648","HISEQ13:138:C6FWNANXX:2:1210:9352:76309_1:39328874",2.1e-21
"6649","HISEQ13:138:C6FWNANXX:2:2203:7527:30612_1:101749963",2.1e-21
"6650","HISEQ13:138:C6FWNANXX:2:1114:13555:63309_1:20794073",2.1e-21
"6651","HISEQ13:138:C6FWNANXX:2:1207:17082:22439_1:33902561",2.1e-21
"6652","HISEQ13:138:C6FWNANXX:2:2107:18828:20084_1:83367038",2.1e-21
"6653","HISEQ13:138:C6FWNANXX:2:2111:12274:65400_1:90062459",2.1e-21
"6654","HISEQ13:138:C6FWNANXX:2:1315:6397:49880_1:71956861",2.1e-21
"6655","HISEQ13:138:C6FWNANXX:2:1307:12198:12252_1:58569580",2.1e-21
"6656","HISEQ13:138:C6FWNANXX:2:1313:9445:63099_1:68831601",2.1e-21
"6657","HISEQ13:138:C6FWNANXX:2:2212:17880:34078_1:115046394",2.1e-21
"6658","HISEQ13:138:C6FWNANXX:2:1104:9864:68843_1:5383693",2.1e-21
"6659","HISEQ13:138:C6FWNANXX:2:2213:16506:7617_1:116195561",2.1e-21
"6660","HISEQ13:138:C6FWNANXX:2:2214:19520:20430_1:117992999",2.1e-21
"6661","HISEQ13:138:C6FWNANXX:2:2304:19527:83999_1:127976274",2.1e-21
"6662","HISEQ13:138:C6FWNANXX:2:1306:1896:46826_1:57584490",2.1e-21
"6663","HISEQ13:138:C6FWNANXX:2:1312:12069:99233_1:67790093",2.2e-21
"6664","HISEQ13:138:C6FWNANXX:2:2313:17623:95658_1:141721041",2.2e-21
"6665","HISEQ13:138:C6FWNANXX:2:2215:16083:44884_1:120012689",2.2e-21
"6666","HISEQ13:138:C6FWNANXX:2:1102:6665:26626_1:1825628",2.2e-21
"6667","HISEQ13:138:C6FWNANXX:2:1108:6090:45438_1:11044479",2.2e-21
"6668","HISEQ13:138:C6FWNANXX:2:2211:20525:43434_1:113647495",2.2e-21
"6669","HISEQ13:138:C6FWNANXX:2:2116:15599:30209_1:97361459",2.2e-21
"6670","HISEQ13:138:C6FWNANXX:2:1109:5885:71957_1:13014398",2.2e-21
"6671","HISEQ13:138:C6FWNANXX:2:2105:15379:59717_1:81042699",2.2e-21
"6672","HISEQ13:138:C6FWNANXX:2:1312:17719:43865_1:66882051",2.2e-21
"6673","HISEQ13:138:C6FWNANXX:2:1303:14597:76777_1:53583849",2.2e-21
"6674","HISEQ13:138:C6FWNANXX:2:1208:14315:11860_1:35246481",2.2e-21
"6675","HISEQ13:138:C6FWNANXX:2:1109:6071:23450_1:12248368",2.2e-21
"6676","HISEQ13:138:C6FWNANXX:2:1116:3631:91361_1:24639588",2.2e-21
"6677","HISEQ13:138:C6FWNANXX:2:2115:9867:32198_1:95771171",2.2e-21
"6678","HISEQ13:138:C6FWNANXX:2:1301:20042:42266_1:50164940",2.2e-21
"6679","HISEQ13:138:C6FWNANXX:2:1311:17336:3273_1:64618019",2.2e-21
"6680","HISEQ13:138:C6FWNANXX:2:1116:10927:3196_1:23123061",2.2e-21
"6681","HISEQ13:138:C6FWNANXX:2:2109:5924:49078_1:86772020",2.2e-21
"6682","HISEQ13:138:C6FWNANXX:2:2211:6245:38132_1:113562698",2.2e-21
"6683","HISEQ13:138:C6FWNANXX:2:2313:12426:56731_1:141089204",2.2e-21
"6684","HISEQ13:138:C6FWNANXX:2:1109:10639:76943_1:13094819",2.2e-21
"6685","HISEQ13:138:C6FWNANXX:2:1307:4158:69796_1:59452530",2.2e-21
"6686","HISEQ13:138:C6FWNANXX:2:2311:5067:94353_1:138537155",2.2e-21
"6687","HISEQ13:138:C6FWNANXX:2:2302:13647:70093_1:124962802",2.2e-21
"6688","HISEQ13:138:C6FWNANXX:2:2316:8236:9337_1:145181090",2.2e-21
"6689","HISEQ13:138:C6FWNANXX:2:1103:20279:47353_1:3596729",2.3e-21
"6690","HISEQ13:138:C6FWNANXX:2:2116:7760:33169_1:97409726",2.3e-21
"6691","HISEQ13:138:C6FWNANXX:2:2207:13711:84136_1:108261876",2.3e-21
"6692","HISEQ13:138:C6FWNANXX:2:1311:3494:51196_1:65384957",2.3e-21
"6693","HISEQ13:138:C6FWNANXX:2:2311:10020:46997_1:137788238",2.3e-21
"6694","HISEQ13:138:C6FWNANXX:2:2116:19761:98360_1:98486002",2.3e-21
"6695","HISEQ13:138:C6FWNANXX:2:1216:14035:49490_1:48675550",2.3e-21
"6696","HISEQ13:138:C6FWNANXX:2:1302:17724:68500_1:51998531",2.3e-21
"6697","HISEQ13:138:C6FWNANXX:2:2203:11814:5946_1:101397547",2.3e-21
"6698","HISEQ13:138:C6FWNANXX:2:1205:20971:74673_1:31706930",2.3e-21
"6699","HISEQ13:138:C6FWNANXX:2:1215:4830:63542_1:47220687",2.3e-21
"6700","HISEQ13:138:C6FWNANXX:2:2212:12689:8777_1:114655411",2.3e-21
"6701","HISEQ13:138:C6FWNANXX:2:1314:13431:88232_1:70926631",2.3e-21
"6702","HISEQ13:138:C6FWNANXX:2:2314:15949:84020_1:143152185",2.3e-21
"6703","HISEQ13:138:C6FWNANXX:2:2315:13646:62681_1:144427477",2.3e-21
"6704","HISEQ13:138:C6FWNANXX:2:1312:6506:89535_1:67632531",2.3e-21
"6705","HISEQ13:138:C6FWNANXX:2:2212:17018:37387_1:115097565",2.3e-21
"6706","HISEQ13:138:C6FWNANXX:2:2305:4555:62056_1:129089446",2.3e-21
"6707","HISEQ13:138:C6FWNANXX:2:1105:20720:85764_1:7124530",2.3e-21
"6708","HISEQ13:138:C6FWNANXX:2:1205:6314:26044_1:30978339",2.3e-21
"6709","HISEQ13:138:C6FWNANXX:2:1307:9678:62501_1:59342087",2.3e-21
"6710","HISEQ13:138:C6FWNANXX:2:1309:6607:28744_1:61887633",2.3e-21
"6711","HISEQ13:138:C6FWNANXX:2:1316:7301:47426_1:73628152",2.3e-21
"6712","HISEQ13:138:C6FWNANXX:2:2311:16474:8812_1:137195560",2.3e-21
"6713","HISEQ13:138:C6FWNANXX:2:2305:18761:57839_1:129030821",2.3e-21
"6714","HISEQ13:138:C6FWNANXX:2:1314:12752:28554_1:69914965",2.3e-21
"6715","HISEQ13:138:C6FWNANXX:2:1205:10401:82255_1:31821706",2.3e-21
"6716","HISEQ13:138:C6FWNANXX:2:1209:16444:59217_1:37510272",2.3e-21
"6717","HISEQ13:138:C6FWNANXX:2:1303:8038:78635_1:53608296",2.3e-21
"6718","HISEQ13:138:C6FWNANXX:2:1307:1893:88579_1:59740320",2.3e-21
"6719","HISEQ13:138:C6FWNANXX:2:2313:17443:39055_1:140806721",2.3e-21
"6720","HISEQ13:138:C6FWNANXX:2:1110:2902:66996_1:14497164",2.3e-21
"6721","HISEQ13:138:C6FWNANXX:2:1111:1643:63485_1:16019576",2.3e-21
"6722","HISEQ13:138:C6FWNANXX:2:1205:17840:9899_1:30737803",2.3e-21
"6723","HISEQ13:138:C6FWNANXX:2:2216:21004:48104_1:121714365",2.3e-21
"6724","HISEQ13:138:C6FWNANXX:2:1102:2577:59153_1:2302705",2.3e-21
"6725","HISEQ13:138:C6FWNANXX:2:1307:7798:24275_1:58753064",2.3e-21
"6726","HISEQ13:138:C6FWNANXX:2:2210:11276:47673_1:112187917",2.3e-21
"6727","HISEQ13:138:C6FWNANXX:2:2211:8123:5347_1:113052072",2.3e-21
"6728","HISEQ13:138:C6FWNANXX:2:1206:14902:43036_1:32719410",2.3e-21
"6729","HISEQ13:138:C6FWNANXX:2:2210:3981:96601_1:112934754",2.3e-21
"6730","HISEQ13:138:C6FWNANXX:2:2305:14881:79759_1:129349203",2.3e-21
"6731","HISEQ13:138:C6FWNANXX:2:2306:18802:32583_1:130103619",2.3e-21
"6732","HISEQ13:138:C6FWNANXX:2:2103:7368:39782_1:77915070",2.3e-21
"6733","HISEQ13:138:C6FWNANXX:2:2202:17580:58564_1:100738787",2.3e-21
"6734","HISEQ13:138:C6FWNANXX:2:1103:8851:43010_1:3531433",2.3e-21
"6735","HISEQ13:138:C6FWNANXX:2:1114:14068:43228_1:20453232",2.3e-21
"6736","HISEQ13:138:C6FWNANXX:2:1211:14932:50535_1:40495837",2.3e-21
"6737","HISEQ13:138:C6FWNANXX:2:1310:3267:13647_1:63211532",2.3e-21
"6738","HISEQ13:138:C6FWNANXX:2:2209:14594:65109_1:110950130",2.3e-21
"6739","HISEQ13:138:C6FWNANXX:2:2305:16874:32109_1:128654868",2.3e-21
"6740","HISEQ13:138:C6FWNANXX:2:2105:6165:64589_1:81113320",2.3e-21
"6741","HISEQ13:138:C6FWNANXX:2:1106:18999:18100_1:7597398",2.3e-21
"6742","HISEQ13:138:C6FWNANXX:2:2106:19952:22899_1:81949390",2.3e-21
"6743","HISEQ13:138:C6FWNANXX:2:2115:20640:81408_1:96574469",2.3e-21
"6744","HISEQ13:138:C6FWNANXX:2:1211:11119:83655_1:41027339",2.3e-21
"6745","HISEQ13:138:C6FWNANXX:2:2115:2102:20003_1:95574483",2.3e-21
"6746","HISEQ13:138:C6FWNANXX:2:2210:3851:47977_1:112190247",2.3e-21
"6747","HISEQ13:138:C6FWNANXX:2:1105:12942:23421_1:6185050",2.3e-21
"6748","HISEQ13:138:C6FWNANXX:2:2202:12798:39753_1:100472537",2.4e-21
"6749","HISEQ13:138:C6FWNANXX:2:1309:10257:58810_1:62365803",2.4e-21
"6750","HISEQ13:138:C6FWNANXX:2:2103:3612:69816_1:78339180",2.4e-21
"6751","HISEQ13:138:C6FWNANXX:2:2307:2859:12379_1:131258343",2.4e-21
"6752","HISEQ13:138:C6FWNANXX:2:2303:4929:69649_1:126357493",2.4e-21
"6753","HISEQ13:138:C6FWNANXX:2:1116:20639:86742_1:24561874",2.4e-21
"6754","HISEQ13:138:C6FWNANXX:2:2112:15491:75171_1:91691604",2.4e-21
"6755","HISEQ13:138:C6FWNANXX:2:1212:18453:67445_1:42336780",2.4e-21
"6756","HISEQ13:138:C6FWNANXX:2:2102:18675:91420_1:77242585",2.4e-21
"6757","HISEQ13:138:C6FWNANXX:2:2114:14444:34343_1:94201681",2.4e-21
"6758","HISEQ13:138:C6FWNANXX:2:1210:19711:81228_1:39405706",2.5e-21
"6759","HISEQ13:138:C6FWNANXX:2:2102:7698:31537_1:76388981",2.5e-21
"6760","HISEQ13:138:C6FWNANXX:2:2107:10881:12540_1:83254415",2.5e-21
"6761","HISEQ13:138:C6FWNANXX:2:2311:5417:99616_1:138619866",2.5e-21
"6762","HISEQ13:138:C6FWNANXX:2:2306:11072:89938_1:130944399",2.5e-21
"6763","HISEQ13:138:C6FWNANXX:2:2111:3548:62437_1:90011671",2.5e-21
"6764","HISEQ13:138:C6FWNANXX:2:1211:2937:63010_1:40695209",2.5e-21
"6765","HISEQ13:138:C6FWNANXX:2:1316:15752:35149_1:73415667",2.5e-21
"6766","HISEQ13:138:C6FWNANXX:2:1315:7640:25252_1:71537580",2.5e-21
"6767","HISEQ13:138:C6FWNANXX:2:1315:12954:75696_1:72400883",2.5e-21
"6768","HISEQ13:138:C6FWNANXX:2:2305:13045:40738_1:128778148",2.5e-21
"6769","HISEQ13:138:C6FWNANXX:2:2316:1869:59922_1:146033296",2.5e-21
"6770","HISEQ13:138:C6FWNANXX:2:2203:3073:5829_1:101395966",2.5e-21
"6771","HISEQ13:138:C6FWNANXX:2:2115:5679:63576_1:96282246",2.5e-21
"6772","HISEQ13:138:C6FWNANXX:2:1107:16002:43487_1:9492265",2.5e-21
"6773","HISEQ13:138:C6FWNANXX:2:1108:15642:15452_1:10581622",2.6e-21
"6774","HISEQ13:138:C6FWNANXX:2:1111:6454:32227_1:15511809",2.6e-21
"6775","HISEQ13:138:C6FWNANXX:2:1213:3652:91248_1:44352970",2.6e-21
"6776","HISEQ13:138:C6FWNANXX:2:1307:17980:64022_1:59366653",2.6e-21
"6777","HISEQ13:138:C6FWNANXX:2:2113:4411:23226_1:92431652",2.6e-21
"6778","HISEQ13:138:C6FWNANXX:2:2207:20844:88276_1:108325971",2.6e-21
"6779","HISEQ13:138:C6FWNANXX:2:2302:20381:51369_1:124698767",2.6e-21
"6780","HISEQ13:138:C6FWNANXX:2:2316:3430:73550_1:146265495",2.6e-21
"6781","HISEQ13:138:C6FWNANXX:2:2113:19588:10327_1:92233881",2.6e-21
"6782","HISEQ13:138:C6FWNANXX:2:1308:8214:97228_1:61411318",2.6e-21
"6783","HISEQ13:138:C6FWNANXX:2:1210:10239:71837_1:39258766",2.6e-21
"6784","HISEQ13:138:C6FWNANXX:2:2101:16809:85684_1:75754135",2.6e-21
"6785","HISEQ13:138:C6FWNANXX:2:2112:12328:100499_1:92090826",2.6e-21
"6786","HISEQ13:138:C6FWNANXX:2:1310:14573:42821_1:63678614",2.6e-21
"6787","HISEQ13:138:C6FWNANXX:2:1316:16541:60633_1:73862523",2.6e-21
"6788","HISEQ13:138:C6FWNANXX:2:1301:18109:59635_1:50417483",2.6e-21
"6789","HISEQ13:138:C6FWNANXX:2:2208:4318:16658_1:108725418",2.6e-21
"6790","HISEQ13:138:C6FWNANXX:2:1115:21062:20990_1:21747353",2.6e-21
"6791","HISEQ13:138:C6FWNANXX:2:1108:11951:57020_1:11229240",2.6e-21
"6792","HISEQ13:138:C6FWNANXX:2:1310:16926:95144_1:64505510",2.6e-21
"6793","HISEQ13:138:C6FWNANXX:2:1214:16595:3487_1:44541448",2.6e-21
"6794","HISEQ13:138:C6FWNANXX:2:2102:12499:72458_1:76968752",2.6e-21
"6795","HISEQ13:138:C6FWNANXX:2:2113:17053:31224_1:92561870",2.6e-21
"6796","HISEQ13:138:C6FWNANXX:2:2107:5767:32590_1:83549810",2.6e-21
"6797","HISEQ13:138:C6FWNANXX:2:2307:11897:23628_1:131426387",2.6e-21
"6798","HISEQ13:138:C6FWNANXX:2:2312:10309:99935_1:140193197",2.6e-21
"6799","HISEQ13:138:C6FWNANXX:2:1105:1977:31186_1:6299298",2.6e-21
"6800","HISEQ13:138:C6FWNANXX:2:1106:20698:28472_1:7754197",2.6e-21
"6801","HISEQ13:138:C6FWNANXX:2:2205:2976:96678_1:105536010",2.6e-21
"6802","HISEQ13:138:C6FWNANXX:2:2314:9442:15757_1:142028770",2.6e-21
"6803","HISEQ13:138:C6FWNANXX:2:1104:9206:43795_1:5010851",2.7e-21
"6804","HISEQ13:138:C6FWNANXX:2:1207:2926:30112_1:34016838",2.7e-21
"6805","HISEQ13:138:C6FWNANXX:2:1101:5170:8398_1:93686",2.7e-21
"6806","HISEQ13:138:C6FWNANXX:2:1107:13039:71663_1:9925037",2.7e-21
"6807","HISEQ13:138:C6FWNANXX:2:1209:9135:23236_1:36948698",2.7e-21
"6808","HISEQ13:138:C6FWNANXX:2:2211:16360:15800_1:113216366",2.7e-21
"6809","HISEQ13:138:C6FWNANXX:2:2306:18931:94682_1:131016319",2.7e-21
"6810","HISEQ13:138:C6FWNANXX:2:1101:11308:54966_1:783009",2.7e-21
"6811","HISEQ13:138:C6FWNANXX:2:2208:20880:86605_1:109780035",2.7e-21
"6812","HISEQ13:138:C6FWNANXX:2:2307:11784:19905_1:131371012",2.7e-21
"6813","HISEQ13:138:C6FWNANXX:2:2106:20512:93622_1:82990040",2.7e-21
"6814","HISEQ13:138:C6FWNANXX:2:2108:17855:66857_1:85545007",2.7e-21
"6815","HISEQ13:138:C6FWNANXX:2:2206:18444:80527_1:106754036",2.7e-21
"6816","HISEQ13:138:C6FWNANXX:2:1111:13124:90458_1:16503158",2.7e-21
"6817","HISEQ13:138:C6FWNANXX:2:1211:3875:7631_1:39802116",2.7e-21
"6818","HISEQ13:138:C6FWNANXX:2:1305:2081:63435_1:56334374",2.7e-21
"6819","HISEQ13:138:C6FWNANXX:2:2111:5005:48659_1:89791257",2.7e-21
"6820","HISEQ13:138:C6FWNANXX:2:2114:11755:35160_1:94213095",2.7e-21
"6821","HISEQ13:138:C6FWNANXX:2:2107:19525:57782_1:83927021",2.7e-21
"6822","HISEQ13:138:C6FWNANXX:2:2211:17608:70337_1:114068714",2.7e-21
"6823","HISEQ13:138:C6FWNANXX:2:1213:13958:3931_1:42915922",2.7e-21
"6824","HISEQ13:138:C6FWNANXX:2:2207:15186:52138_1:107786687",2.7e-21
"6825","HISEQ13:138:C6FWNANXX:2:2115:17954:84811_1:96631996",2.7e-21
"6826","HISEQ13:138:C6FWNANXX:2:2204:18437:73567_1:103778782",2.7e-21
"6827","HISEQ13:138:C6FWNANXX:2:2206:20079:48630_1:106283441",2.7e-21
"6828","HISEQ13:138:C6FWNANXX:2:2205:16963:8756_1:104268531",2.8e-21
"6829","HISEQ13:138:C6FWNANXX:2:1202:15898:9010_1:26365164",2.8e-21
"6830","HISEQ13:138:C6FWNANXX:2:1304:16865:14492_1:54124567",2.8e-21
"6831","HISEQ13:138:C6FWNANXX:2:1304:19017:15198_1:54136266",2.8e-21
"6832","HISEQ13:138:C6FWNANXX:2:1316:8891:55400_1:73768880",2.8e-21
"6833","HISEQ13:138:C6FWNANXX:2:2213:13645:78032_1:117325733",2.8e-21
"6834","HISEQ13:138:C6FWNANXX:2:2216:16910:61216_1:121934068",2.8e-21
"6835","HISEQ13:138:C6FWNANXX:2:2313:5075:87886_1:141594028",2.8e-21
"6836","HISEQ13:138:C6FWNANXX:2:1105:14107:66360_1:6829757",2.8e-21
"6837","HISEQ13:138:C6FWNANXX:2:1114:16456:35490_1:20324499",2.8e-21
"6838","HISEQ13:138:C6FWNANXX:2:1303:6832:41494_1:53058809",2.8e-21
"6839","HISEQ13:138:C6FWNANXX:2:1302:4805:22713_1:51323642",2.8e-21
"6840","HISEQ13:138:C6FWNANXX:2:2207:20194:43829_1:107666147",2.8e-21
"6841","HISEQ13:138:C6FWNANXX:2:2212:7642:59741_1:115446780",2.8e-21
"6842","HISEQ13:138:C6FWNANXX:2:1311:9001:8895_1:64705647",2.8e-21
"6843","HISEQ13:138:C6FWNANXX:2:1207:19563:25552_1:33951940",2.8e-21
"6844","HISEQ13:138:C6FWNANXX:2:2207:13090:29123_1:107448602",2.8e-21
"6845","HISEQ13:138:C6FWNANXX:2:1109:8537:14937_1:12115412",2.8e-21
"6846","HISEQ13:138:C6FWNANXX:2:1203:18925:74522_1:28780816",2.8e-21
"6847","HISEQ13:138:C6FWNANXX:2:1304:19111:72184_1:54987059",2.8e-21
"6848","HISEQ13:138:C6FWNANXX:2:2308:9212:26944_1:132946347",2.8e-21
"6849","HISEQ13:138:C6FWNANXX:2:1116:1860:38195_1:23723066",2.8e-21
"6850","HISEQ13:138:C6FWNANXX:2:2115:5679:63576_1:96282245",2.8e-21
"6851","HISEQ13:138:C6FWNANXX:2:2306:15909:70235_1:130656639",2.8e-21
"6852","HISEQ13:138:C6FWNANXX:2:1316:19715:41356_1:73525191",2.8e-21
"6853","HISEQ13:138:C6FWNANXX:2:1103:5092:50975_1:3645277",2.8e-21
"6854","HISEQ13:138:C6FWNANXX:2:2312:17910:98742_1:140174642",2.8e-21
"6855","HISEQ13:138:C6FWNANXX:2:1301:3519:28583_1:49959786",2.8e-21
"6856","HISEQ13:138:C6FWNANXX:2:2310:14624:27478_1:135962201",2.8e-21
"6857","HISEQ13:138:C6FWNANXX:2:1108:17783:28216_1:10779253",2.8e-21
"6858","HISEQ13:138:C6FWNANXX:2:1209:10063:31928_1:37084298",2.8e-21
"6859","HISEQ13:138:C6FWNANXX:2:1302:7063:65193_1:51949062",2.8e-21
"6860","HISEQ13:138:C6FWNANXX:2:1303:19133:47460_1:53149700",2.8e-21
"6861","HISEQ13:138:C6FWNANXX:2:1311:13090:71944_1:65723815",2.8e-21
"6862","HISEQ13:138:C6FWNANXX:2:2213:11343:5632_1:116162395",2.8e-21
"6863","HISEQ13:138:C6FWNANXX:2:2310:16707:35504_1:136089499",2.8e-21
"6864","HISEQ13:138:C6FWNANXX:2:2313:14476:74106_1:141372908",2.8e-21
"6865","HISEQ13:138:C6FWNANXX:2:1113:12527:88698_1:19558976",2.8e-21
"6866","HISEQ13:138:C6FWNANXX:2:1210:7720:87397_1:39501991",2.8e-21
"6867","HISEQ13:138:C6FWNANXX:2:1208:19840:88971_1:36435955",2.8e-21
"6868","HISEQ13:138:C6FWNANXX:2:2109:12648:70087_1:87094195",2.8e-21
"6869","HISEQ13:138:C6FWNANXX:2:1211:19598:70340_1:40815527",2.8e-21
"6870","HISEQ13:138:C6FWNANXX:2:2107:10881:12540_1:83254414",2.8e-21
"6871","HISEQ13:138:C6FWNANXX:2:1103:19889:89158_1:4216079",2.9e-21
"6872","HISEQ13:138:C6FWNANXX:2:1104:6435:39220_1:4939656",2.9e-21
"6873","HISEQ13:138:C6FWNANXX:2:1206:18364:17387_1:32330402",2.9e-21
"6874","HISEQ13:138:C6FWNANXX:2:1214:18208:7670_1:44612735",2.9e-21
"6875","HISEQ13:138:C6FWNANXX:2:2104:10319:83770_1:79962122",2.9e-21
"6876","HISEQ13:138:C6FWNANXX:2:2106:20733:70869_1:82656689",2.9e-21
"6877","HISEQ13:138:C6FWNANXX:2:2110:3235:47165_1:88249030",2.9e-21
"6878","HISEQ13:138:C6FWNANXX:2:1208:9344:96987_1:36558496",2.9e-21
"6879","HISEQ13:138:C6FWNANXX:2:1301:18405:11559_1:49712183",2.9e-21
"6880","HISEQ13:138:C6FWNANXX:2:2208:2960:45549_1:109158857",2.9e-21
"6881","HISEQ13:138:C6FWNANXX:2:2107:19966:70023_1:84109890",2.9e-21
"6882","HISEQ13:138:C6FWNANXX:2:2214:16188:100651_1:119303641",2.9e-21
"6883","HISEQ13:138:C6FWNANXX:2:1104:7446:22932_1:4697434",2.9e-21
"6884","HISEQ13:138:C6FWNANXX:2:2203:19791:72179_1:102344705",2.9e-21
"6885","HISEQ13:138:C6FWNANXX:2:1303:6518:33006_1:52935958",2.9e-21
"6886","HISEQ13:138:C6FWNANXX:2:1306:16356:98272_1:58373924",2.9e-21
"6887","HISEQ13:138:C6FWNANXX:2:2205:12465:36617_1:104668574",2.9e-21
"6888","HISEQ13:138:C6FWNANXX:2:2315:15350:67911_1:144514245",2.9e-21
"6889","HISEQ13:138:C6FWNANXX:2:2315:19090:18073_1:143692941",2.9e-21
"6890","HISEQ13:138:C6FWNANXX:2:1316:11531:75375_1:74119708",2.9e-21
"6891","HISEQ13:138:C6FWNANXX:2:1310:17244:47343_1:63750924",3e-21
"6892","HISEQ13:138:C6FWNANXX:2:2112:6097:71761_1:91637767",3e-21
"6893","HISEQ13:138:C6FWNANXX:2:2301:8699:3168_1:122620687",3e-21
"6894","HISEQ13:138:C6FWNANXX:2:2301:8712:3158_1:122620685",3e-21
"6895","HISEQ13:138:C6FWNANXX:2:1215:11278:63873_1:47226294",3e-21
"6896","HISEQ13:138:C6FWNANXX:2:1206:12925:42041_1:32703955",3e-21
"6897","HISEQ13:138:C6FWNANXX:2:2213:21109:15049_1:116316230",3e-21
"6898","HISEQ13:138:C6FWNANXX:2:2312:15667:14186_1:138832997",3e-21
"6899","HISEQ13:138:C6FWNANXX:2:1111:2107:60899_1:15977309",3e-21
"6900","HISEQ13:138:C6FWNANXX:2:1114:7728:67764_1:20868653",3e-21
"6901","HISEQ13:138:C6FWNANXX:2:1202:4242:31024_1:26686221",3e-21
"6902","HISEQ13:138:C6FWNANXX:2:1310:16943:50678_1:63802665",3e-21
"6903","HISEQ13:138:C6FWNANXX:2:2101:15182:60757_1:75401653",3e-21
"6904","HISEQ13:138:C6FWNANXX:2:2110:20730:21337_1:87858553",3e-21
"6905","HISEQ13:138:C6FWNANXX:2:2113:2979:24401_1:92451201",3e-21
"6906","HISEQ13:138:C6FWNANXX:2:2204:14614:34278_1:103214327",3e-21
"6907","HISEQ13:138:C6FWNANXX:2:2208:9869:100499_1:109986015",3e-21
"6908","HISEQ13:138:C6FWNANXX:2:1205:10401:82255_1:31821705",3e-21
"6909","HISEQ13:138:C6FWNANXX:2:1202:11525:67010_1:27215419",3e-21
"6910","HISEQ13:138:C6FWNANXX:2:1303:20422:89985_1:53777753",3e-21
"6911","HISEQ13:138:C6FWNANXX:2:2314:8525:84374_1:143154823",3e-21
"6912","HISEQ13:138:C6FWNANXX:2:2212:16338:68512_1:115590401",3e-21
"6913","HISEQ13:138:C6FWNANXX:2:1111:14481:17136_1:15275076",3e-21
"6914","HISEQ13:138:C6FWNANXX:2:1306:12864:40718_1:57491718",3e-21
"6915","HISEQ13:138:C6FWNANXX:2:1312:15808:48681_1:66959261",3e-21
"6916","HISEQ13:138:C6FWNANXX:2:2311:15622:93126_1:138519776",3e-21
"6917","HISEQ13:138:C6FWNANXX:2:1215:1367:9281_1:46300483",3e-21
"6918","HISEQ13:138:C6FWNANXX:2:1205:9509:64091_1:31547379",3e-21
"6919","HISEQ13:138:C6FWNANXX:2:1208:11398:35199_1:35603071",3e-21
"6920","HISEQ13:138:C6FWNANXX:2:1101:13484:74276_1:1071258",3e-21
"6921","HISEQ13:138:C6FWNANXX:2:1303:16395:82605_1:53669155",3e-21
"6922","HISEQ13:138:C6FWNANXX:2:2204:6263:100206_1:104157596",3e-21
"6923","HISEQ13:138:C6FWNANXX:2:2216:14262:46928_1:121691835",3e-21
"6924","HISEQ13:138:C6FWNANXX:2:1214:1819:33233_1:45035871",3e-21
"6925","HISEQ13:138:C6FWNANXX:2:2109:14119:3919_1:86086708",3e-21
"6926","HISEQ13:138:C6FWNANXX:2:2205:10153:97875_1:105555735",3e-21
"6927","HISEQ13:138:C6FWNANXX:2:1211:7237:74225_1:40873129",3e-21
"6928","HISEQ13:138:C6FWNANXX:2:1107:3454:5070_1:8903579",3e-21
"6929","HISEQ13:138:C6FWNANXX:2:1213:8678:66525_1:43949149",3e-21
"6930","HISEQ13:138:C6FWNANXX:2:1312:9958:47599_1:66941492",3e-21
"6931","HISEQ13:138:C6FWNANXX:2:2105:20368:29984_1:80612400",3e-21
"6932","HISEQ13:138:C6FWNANXX:2:2105:9550:73976_1:81247061",3e-21
"6933","HISEQ13:138:C6FWNANXX:2:2113:11776:54206_1:92928365",3e-21
"6934","HISEQ13:138:C6FWNANXX:2:2202:19304:51140_1:100632883",3e-21
"6935","HISEQ13:138:C6FWNANXX:2:2116:18963:54186_1:97757592",3e-21
"6936","HISEQ13:138:C6FWNANXX:2:1215:11577:81581_1:47526044",3.1e-21
"6937","HISEQ13:138:C6FWNANXX:2:2213:17946:37991_1:116678842",3.1e-21
"6938","HISEQ13:138:C6FWNANXX:2:2315:6951:91482_1:144898822",3.1e-21
"6939","HISEQ13:138:C6FWNANXX:2:1107:1990:67408_1:9857762",3.1e-21
"6940","HISEQ13:138:C6FWNANXX:2:2307:2205:58357_1:131939512",3.1e-21
"6941","HISEQ13:138:C6FWNANXX:2:2307:6953:63032_1:132011261",3.1e-21
"6942","HISEQ13:138:C6FWNANXX:2:1101:9320:56817_1:812156",3.1e-21
"6943","HISEQ13:138:C6FWNANXX:2:1212:10419:85324_1:42630653",3.1e-21
"6944","HISEQ13:138:C6FWNANXX:2:1302:14230:80371_1:52175409",3.1e-21
"6945","HISEQ13:138:C6FWNANXX:2:1112:20513:77863_1:17751522",3.1e-21
"6946","HISEQ13:138:C6FWNANXX:2:1309:15043:28377_1:61885354",3.1e-21
"6947","HISEQ13:138:C6FWNANXX:2:1201:21415:51648_1:25536557",3.1e-21
"6948","HISEQ13:138:C6FWNANXX:2:2216:19855:74487_1:122160257",3.1e-21
"6949","HISEQ13:138:C6FWNANXX:2:1110:4980:68537_1:14525215",3.1e-21
"6950","HISEQ13:138:C6FWNANXX:2:1212:6616:54275_1:42122027",3.1e-21
"6951","HISEQ13:138:C6FWNANXX:2:1312:4554:3387_1:66218397",3.1e-21
"6952","HISEQ13:138:C6FWNANXX:2:2113:4973:42956_1:92746660",3.1e-21
"6953","HISEQ13:138:C6FWNANXX:2:2207:17196:51830_1:107783270",3.1e-21
"6954","HISEQ13:138:C6FWNANXX:2:2104:14508:68297_1:79739055",3.1e-21
"6955","HISEQ13:138:C6FWNANXX:2:2306:13835:24988_1:129988838",3.1e-21
"6956","HISEQ13:138:C6FWNANXX:2:2308:6177:32213_1:133024465",3.1e-21
"6957","HISEQ13:138:C6FWNANXX:2:1116:20716:42516_1:23804718",3.1e-21
"6958","HISEQ13:138:C6FWNANXX:2:1108:16081:60286_1:11280544",3.1e-21
"6959","HISEQ13:138:C6FWNANXX:2:1116:10927:3196_1:23123060",3.1e-21
"6960","HISEQ13:138:C6FWNANXX:2:1301:1628:19459_1:49823045",3.1e-21
"6961","HISEQ13:138:C6FWNANXX:2:2105:7660:7869_1:80290739",3.1e-21
"6962","HISEQ13:138:C6FWNANXX:2:2112:18108:15778_1:90786658",3.1e-21
"6963","HISEQ13:138:C6FWNANXX:2:2305:3294:31192_1:128637990",3.1e-21
"6964","HISEQ13:138:C6FWNANXX:2:1309:5686:70854_1:62555983",3.1e-21
"6965","HISEQ13:138:C6FWNANXX:2:1201:19936:87126_1:26058693",3.1e-21
"6966","HISEQ13:138:C6FWNANXX:2:1210:2036:82868_1:39429889",3.1e-21
"6967","HISEQ13:138:C6FWNANXX:2:1213:11131:47622_1:43634512",3.1e-21
"6968","HISEQ13:138:C6FWNANXX:2:2116:14711:89754_1:98344805",3.1e-21
"6969","HISEQ13:138:C6FWNANXX:2:2315:19928:72834_1:144595910",3.2e-21
"6970","HISEQ13:138:C6FWNANXX:2:1314:12342:59167_1:70432650",3.2e-21
"6971","HISEQ13:138:C6FWNANXX:2:1315:2612:48134_1:71925977",3.2e-21
"6972","HISEQ13:138:C6FWNANXX:2:2106:20601:41031_1:82217031",3.2e-21
"6973","HISEQ13:138:C6FWNANXX:2:2214:19775:16230_1:117922829",3.2e-21
"6974","HISEQ13:138:C6FWNANXX:2:2102:11372:8356_1:76060073",3.2e-21
"6975","HISEQ13:138:C6FWNANXX:2:2310:11963:89501_1:136917011",3.2e-21
"6976","HISEQ13:138:C6FWNANXX:2:1110:2902:66996_1:14497163",3.2e-21
"6977","HISEQ13:138:C6FWNANXX:2:2204:5845:15033_1:102936081",3.2e-21
"6978","HISEQ13:138:C6FWNANXX:2:2311:4798:17092_1:137321953",3.2e-21
"6979","HISEQ13:138:C6FWNANXX:2:1316:10753:10606_1:72989304",3.2e-21
"6980","HISEQ13:138:C6FWNANXX:2:2116:2825:20203_1:97192629",3.2e-21
"6981","HISEQ13:138:C6FWNANXX:2:1205:8999:43068_1:31232407",3.2e-21
"6982","HISEQ13:138:C6FWNANXX:2:1309:18910:15491_1:61681862",3.2e-21
"6983","HISEQ13:138:C6FWNANXX:2:2115:18713:43662_1:95959710",3.2e-21
"6984","HISEQ13:138:C6FWNANXX:2:2314:14198:30832_1:142274196",3.2e-21
"6985","HISEQ13:138:C6FWNANXX:2:1115:21320:72392_1:22617977",3.2e-21
"6986","HISEQ13:138:C6FWNANXX:2:2114:16204:35695_1:94221984",3.2e-21
"6987","HISEQ13:138:C6FWNANXX:2:2207:20844:88276_1:108325972",3.2e-21
"6988","HISEQ13:138:C6FWNANXX:2:1311:20776:21187_1:64905131",3.2e-21
"6989","HISEQ13:138:C6FWNANXX:2:2204:19595:43663_1:103347667",3.2e-21
"6990","HISEQ13:138:C6FWNANXX:2:1102:8562:71130_1:2481162",3.2e-21
"6991","HISEQ13:138:C6FWNANXX:2:1106:4378:16134_1:7564335",3.2e-21
"6992","HISEQ13:138:C6FWNANXX:2:1210:7356:29357_1:38593716",3.2e-21
"6993","HISEQ13:138:C6FWNANXX:2:1211:10318:82930_1:41014850",3.2e-21
"6994","HISEQ13:138:C6FWNANXX:2:1314:10709:18872_1:69748453",3.2e-21
"6995","HISEQ13:138:C6FWNANXX:2:2203:4215:14823_1:101524481",3.2e-21
"6996","HISEQ13:138:C6FWNANXX:2:2101:1358:52558_1:75281849",3.3e-21
"6997","HISEQ13:138:C6FWNANXX:2:1213:3046:52567_1:43715862",3.3e-21
"6998","HISEQ13:138:C6FWNANXX:2:2113:9489:93181_1:93552666",3.3e-21
"6999","HISEQ13:138:C6FWNANXX:2:1301:8549:11780_1:49713987",3.3e-21
"7000","HISEQ13:138:C6FWNANXX:2:2213:4438:77323_1:117311430",3.3e-21
"7001","HISEQ13:138:C6FWNANXX:2:1204:20334:5237_1:29214925",3.3e-21
"7002","HISEQ13:138:C6FWNANXX:2:1313:16572:57756_1:68745695",3.3e-21
"7003","HISEQ13:138:C6FWNANXX:2:1105:12424:34548_1:6353309",3.3e-21
"7004","HISEQ13:138:C6FWNANXX:2:1202:4544:12901_1:26417926",3.3e-21
"7005","HISEQ13:138:C6FWNANXX:2:2110:14196:14991_1:87757317",3.3e-21
"7006","HISEQ13:138:C6FWNANXX:2:2305:18761:57839_1:129030822",3.3e-21
"7007","HISEQ13:138:C6FWNANXX:2:1111:13762:94265_1:16578590",3.3e-21
"7008","HISEQ13:138:C6FWNANXX:2:1114:10411:72862_1:20953552",3.3e-21
"7009","HISEQ13:138:C6FWNANXX:2:1204:4893:72611_1:30198611",3.3e-21
"7010","HISEQ13:138:C6FWNANXX:2:2306:1990:9024_1:129755517",3.3e-21
"7011","HISEQ13:138:C6FWNANXX:2:2310:16519:65749_1:136551312",3.3e-21
"7012","HISEQ13:138:C6FWNANXX:2:2312:16614:4592_1:138682491",3.3e-21
"7013","HISEQ13:138:C6FWNANXX:2:1216:20482:95831_1:49483139",3.3e-21
"7014","HISEQ13:138:C6FWNANXX:2:2102:13213:98193_1:77337834",3.3e-21
"7015","HISEQ13:138:C6FWNANXX:2:2102:15727:23068_1:76270066",3.3e-21
"7016","HISEQ13:138:C6FWNANXX:2:2107:15597:16643_1:83314662",3.3e-21
"7017","HISEQ13:138:C6FWNANXX:2:2115:4551:39671_1:95892174",3.3e-21
"7018","HISEQ13:138:C6FWNANXX:2:2302:18163:80537_1:125113326",3.3e-21
"7019","HISEQ13:138:C6FWNANXX:2:2312:1356:37565_1:139201791",3.3e-21
"7020","HISEQ13:138:C6FWNANXX:2:1212:14184:34330_1:41798494",3.3e-21
"7021","HISEQ13:138:C6FWNANXX:2:1316:5100:79491_1:74188770",3.3e-21
"7022","HISEQ13:138:C6FWNANXX:2:2106:20037:72670_1:82682559",3.3e-21
"7023","HISEQ13:138:C6FWNANXX:2:2115:16085:74156_1:96455487",3.3e-21
"7024","HISEQ13:138:C6FWNANXX:2:1110:3764:21908_1:13786645",3.4e-21
"7025","HISEQ13:138:C6FWNANXX:2:2310:19571:56919_1:136418204",3.4e-21
"7026","HISEQ13:138:C6FWNANXX:2:2312:9667:60102_1:139559191",3.4e-21
"7027","HISEQ13:138:C6FWNANXX:2:1108:10016:66947_1:11380484",3.4e-21
"7028","HISEQ13:138:C6FWNANXX:2:1208:16358:40225_1:35680612",3.4e-21
"7029","HISEQ13:138:C6FWNANXX:2:1305:5540:74088_1:56496981",3.4e-21
"7030","HISEQ13:138:C6FWNANXX:2:2102:4833:48321_1:76626466",3.4e-21
"7031","HISEQ13:138:C6FWNANXX:2:2113:18304:80587_1:93354559",3.4e-21
"7032","HISEQ13:138:C6FWNANXX:2:2304:9769:51280_1:127507727",3.4e-21
"7033","HISEQ13:138:C6FWNANXX:2:2306:7970:100541_1:131103122",3.4e-21
"7034","HISEQ13:138:C6FWNANXX:2:2310:6664:21958_1:135875344",3.4e-21
"7035","HISEQ13:138:C6FWNANXX:2:1313:7644:71964_1:68978727",3.4e-21
"7036","HISEQ13:138:C6FWNANXX:2:2112:7032:93466_1:91978949",3.4e-21
"7037","HISEQ13:138:C6FWNANXX:2:2116:2825:20203_1:97192630",3.4e-21
"7038","HISEQ13:138:C6FWNANXX:2:1102:10559:16038_1:1671836",3.4e-21
"7039","HISEQ13:138:C6FWNANXX:2:1311:4464:60940_1:65542807",3.4e-21
"7040","HISEQ13:138:C6FWNANXX:2:2104:17976:33450_1:79235651",3.4e-21
"7041","HISEQ13:138:C6FWNANXX:2:2310:17496:90086_1:136925772",3.4e-21
"7042","HISEQ13:138:C6FWNANXX:2:1306:10817:14586_1:57094761",3.4e-21
"7043","HISEQ13:138:C6FWNANXX:2:1109:11440:29677_1:12347991",3.4e-21
"7044","HISEQ13:138:C6FWNANXX:2:1210:7572:67378_1:39187454",3.4e-21
"7045","HISEQ13:138:C6FWNANXX:2:1305:6055:78031_1:56557955",3.4e-21
"7046","HISEQ13:138:C6FWNANXX:2:1310:3761:70291_1:64112823",3.4e-21
"7047","HISEQ13:138:C6FWNANXX:2:2110:17125:81040_1:88769178",3.4e-21
"7048","HISEQ13:138:C6FWNANXX:2:2207:9318:57770_1:107871034",3.4e-21
"7049","HISEQ13:138:C6FWNANXX:2:2307:4708:46986_1:131770192",3.4e-21
"7050","HISEQ13:138:C6FWNANXX:2:2203:12812:67131_1:102272407",3.4e-21
"7051","HISEQ13:138:C6FWNANXX:2:1201:12276:57010_1:25616188",3.4e-21
"7052","HISEQ13:138:C6FWNANXX:2:1204:19498:16687_1:29369132",3.4e-21
"7053","HISEQ13:138:C6FWNANXX:2:1301:15235:29483_1:49972865",3.4e-21
"7054","HISEQ13:138:C6FWNANXX:2:1306:12864:40718_1:57491717",3.4e-21
"7055","HISEQ13:138:C6FWNANXX:2:2315:3445:42676_1:144096063",3.4e-21
"7056","HISEQ13:138:C6FWNANXX:2:2214:7373:71350_1:118823951",3.5e-21
"7057","HISEQ13:138:C6FWNANXX:2:1103:8174:54573_1:3701348",3.5e-21
"7058","HISEQ13:138:C6FWNANXX:2:1114:14170:25038_1:20152060",3.5e-21
"7059","HISEQ13:138:C6FWNANXX:2:2115:18519:64904_1:96305412",3.5e-21
"7060","HISEQ13:138:C6FWNANXX:2:1316:10590:7355_1:72932125",3.5e-21
"7061","HISEQ13:138:C6FWNANXX:2:2105:19754:79982_1:81336453",3.5e-21
"7062","HISEQ13:138:C6FWNANXX:2:2201:15650:21457_1:98802395",3.5e-21
"7063","HISEQ13:138:C6FWNANXX:2:2316:15520:31908_1:145563256",3.5e-21
"7064","HISEQ13:138:C6FWNANXX:2:1101:18794:16686_1:219207",3.5e-21
"7065","HISEQ13:138:C6FWNANXX:2:1211:11119:83655_1:41027338",3.5e-21
"7066","HISEQ13:138:C6FWNANXX:2:1205:14390:29089_1:31024537",3.5e-21
"7067","HISEQ13:138:C6FWNANXX:2:1116:13237:22368_1:23454906",3.5e-21
"7068","HISEQ13:138:C6FWNANXX:2:2203:20574:67109_1:102273768",3.5e-21
"7069","HISEQ13:138:C6FWNANXX:2:1111:11248:35405_1:15564867",3.5e-21
"7070","HISEQ13:138:C6FWNANXX:2:1213:3483:54287_1:43745034",3.5e-21
"7071","HISEQ13:138:C6FWNANXX:2:2305:8756:19477_1:128469450",3.5e-21
"7072","HISEQ13:138:C6FWNANXX:2:2314:15539:6230_1:141871464",3.5e-21
"7073","HISEQ13:138:C6FWNANXX:2:1315:14323:77663_1:72435767",3.6e-21
"7074","HISEQ13:138:C6FWNANXX:2:2206:4299:43563_1:106207001",3.6e-21
"7075","HISEQ13:138:C6FWNANXX:2:2316:1376:32996_1:145577085",3.6e-21
"7076","HISEQ13:138:C6FWNANXX:2:1113:15013:83072_1:19467917",3.6e-21
"7077","HISEQ13:138:C6FWNANXX:2:1204:13935:43739_1:29768487",3.6e-21
"7078","HISEQ13:138:C6FWNANXX:2:1213:3483:54287_1:43745033",3.6e-21
"7079","HISEQ13:138:C6FWNANXX:2:1304:13025:22862_1:54249807",3.6e-21
"7080","HISEQ13:138:C6FWNANXX:2:2105:11643:5549_1:80258482",3.6e-21
"7081","HISEQ13:138:C6FWNANXX:2:2105:4572:66554_1:81141617",3.6e-21
"7082","HISEQ13:138:C6FWNANXX:2:2114:7079:80822_1:94955958",3.6e-21
"7083","HISEQ13:138:C6FWNANXX:2:2308:5397:70375_1:133602183",3.6e-21
"7084","HISEQ13:138:C6FWNANXX:2:1116:17278:49887_1:23928318",3.6e-21
"7085","HISEQ13:138:C6FWNANXX:2:1306:11580:95697_1:58331504",3.6e-21
"7086","HISEQ13:138:C6FWNANXX:2:1313:5371:61327_1:68801941",3.6e-21
"7087","HISEQ13:138:C6FWNANXX:2:1315:1373:16271_1:71384053",3.6e-21
"7088","HISEQ13:138:C6FWNANXX:2:2212:2307:53804_1:115354575",3.6e-21
"7089","HISEQ13:138:C6FWNANXX:2:2201:13734:61683_1:99376323",3.6e-21
"7090","HISEQ13:138:C6FWNANXX:2:1209:17323:47816_1:37334566",3.6e-21
"7091","HISEQ13:138:C6FWNANXX:2:1104:17105:80528_1:5560309",3.6e-21
"7092","HISEQ13:138:C6FWNANXX:2:1212:7274:66084_1:42314081",3.6e-21
"7093","HISEQ13:138:C6FWNANXX:2:2216:16663:98818_1:122573746",3.6e-21
"7094","HISEQ13:138:C6FWNANXX:2:2309:19959:94200_1:135470168",3.6e-21
"7095","HISEQ13:138:C6FWNANXX:2:1305:15833:4428_1:55451851",3.6e-21
"7096","HISEQ13:138:C6FWNANXX:2:1212:11980:19342_1:41555272",3.6e-21
"7097","HISEQ13:138:C6FWNANXX:2:1215:2053:62098_1:47194713",3.6e-21
"7098","HISEQ13:138:C6FWNANXX:2:1312:17028:3517_1:66224945",3.6e-21
"7099","HISEQ13:138:C6FWNANXX:2:2315:15350:67911_1:144514246",3.6e-21
"7100","HISEQ13:138:C6FWNANXX:2:1102:6397:9237_1:1567109",3.6e-21
"7101","HISEQ13:138:C6FWNANXX:2:1116:20899:63848_1:24168124",3.6e-21
"7102","HISEQ13:138:C6FWNANXX:2:2215:2549:10398_1:119441885",3.6e-21
"7103","HISEQ13:138:C6FWNANXX:2:1103:19139:49073_1:3622203",3.6e-21
"7104","HISEQ13:138:C6FWNANXX:2:2211:20322:85964_1:114312078",3.6e-21
"7105","HISEQ13:138:C6FWNANXX:2:1302:16734:31500_1:51457632",3.6e-21
"7106","HISEQ13:138:C6FWNANXX:2:1305:20143:28539_1:55815849",3.6e-21
"7107","HISEQ13:138:C6FWNANXX:2:2201:7933:35782_1:99008691",3.6e-21
"7108","HISEQ13:138:C6FWNANXX:2:2208:2880:87203_1:109784134",3.6e-21
"7109","HISEQ13:138:C6FWNANXX:2:2212:4053:66998_1:115560263",3.6e-21
"7110","HISEQ13:138:C6FWNANXX:2:2201:7909:37322_1:99029832",3.7e-21
"7111","HISEQ13:138:C6FWNANXX:2:1109:19049:44497_1:12581238",3.7e-21
"7112","HISEQ13:138:C6FWNANXX:2:2310:16983:31788_1:136031767",3.7e-21
"7113","HISEQ13:138:C6FWNANXX:2:1202:11962:5427_1:26309299",3.7e-21
"7114","HISEQ13:138:C6FWNANXX:2:2113:13029:90952_1:93517767",3.7e-21
"7115","HISEQ13:138:C6FWNANXX:2:1103:10450:5691_1:2976519",3.7e-21
"7116","HISEQ13:138:C6FWNANXX:2:1111:15282:90375_1:16503801",3.7e-21
"7117","HISEQ13:138:C6FWNANXX:2:1114:17407:49950_1:20567325",3.7e-21
"7118","HISEQ13:138:C6FWNANXX:2:2212:5201:12474_1:114703572",3.7e-21
"7119","HISEQ13:138:C6FWNANXX:2:2207:2001:22597_1:107350812",3.7e-21
"7120","HISEQ13:138:C6FWNANXX:2:2115:4846:32890_1:95782361",3.7e-21
"7121","HISEQ13:138:C6FWNANXX:2:2109:17818:18411_1:86307630",3.7e-21
"7122","HISEQ13:138:C6FWNANXX:2:2115:13665:36273_1:95841395",3.7e-21
"7123","HISEQ13:138:C6FWNANXX:2:2203:10136:47571_1:101993464",3.7e-21
"7124","HISEQ13:138:C6FWNANXX:2:2310:6664:21958_1:135875343",3.7e-21
"7125","HISEQ13:138:C6FWNANXX:2:2106:11262:59300_1:82485167",3.7e-21
"7126","HISEQ13:138:C6FWNANXX:2:2108:1564:76199_1:85682046",3.7e-21
"7127","HISEQ13:138:C6FWNANXX:2:1308:3279:2681_1:59937508",3.7e-21
"7128","HISEQ13:138:C6FWNANXX:2:2303:15969:3468_1:125418213",3.8e-21
"7129","HISEQ13:138:C6FWNANXX:2:2104:6677:49591_1:79467493",3.8e-21
"7130","HISEQ13:138:C6FWNANXX:2:1103:13057:65561_1:3866098",3.8e-21
"7131","HISEQ13:138:C6FWNANXX:2:2303:18982:7512_1:125479783",3.8e-21
"7132","HISEQ13:138:C6FWNANXX:2:2307:1845:22814_1:131413492",3.8e-21
"7133","HISEQ13:138:C6FWNANXX:2:1108:16340:59943_1:11272691",3.8e-21
"7134","HISEQ13:138:C6FWNANXX:2:1309:4881:92995_1:62904392",3.8e-21
"7135","HISEQ13:138:C6FWNANXX:2:2102:12386:4192_1:75999758",3.8e-21
"7136","HISEQ13:138:C6FWNANXX:2:2103:6646:65138_1:78272949",3.8e-21
"7137","HISEQ13:138:C6FWNANXX:2:1214:10346:64550_1:45567221",3.8e-21
"7138","HISEQ13:138:C6FWNANXX:2:2211:1858:34436_1:113503214",3.8e-21
"7139","HISEQ13:138:C6FWNANXX:2:1108:12047:71019_1:11447863",3.8e-21
"7140","HISEQ13:138:C6FWNANXX:2:1215:16067:76535_1:47442266",3.8e-21
"7141","HISEQ13:138:C6FWNANXX:2:1102:20476:47452_1:2132468",3.8e-21
"7142","HISEQ13:138:C6FWNANXX:2:1203:15030:87670_1:28971480",3.8e-21
"7143","HISEQ13:138:C6FWNANXX:2:2202:5808:89833_1:101183820",3.8e-21
"7144","HISEQ13:138:C6FWNANXX:2:2307:10475:89439_1:132402802",3.8e-21
"7145","HISEQ13:138:C6FWNANXX:2:1302:2836:5369_1:51069410",3.8e-21
"7146","HISEQ13:138:C6FWNANXX:2:2116:18392:3690_1:96922325",3.8e-21
"7147","HISEQ13:138:C6FWNANXX:2:2202:9397:23863_1:100245726",3.8e-21
"7148","HISEQ13:138:C6FWNANXX:2:1306:9768:20492_1:57182159",3.9e-21
"7149","HISEQ13:138:C6FWNANXX:2:2203:18552:62687_1:102208735",3.9e-21
"7150","HISEQ13:138:C6FWNANXX:2:1114:5084:54316_1:20640343",3.9e-21
"7151","HISEQ13:138:C6FWNANXX:2:2214:19358:52988_1:118521949",3.9e-21
"7152","HISEQ13:138:C6FWNANXX:2:1115:1724:4820_1:21471746",3.9e-21
"7153","HISEQ13:138:C6FWNANXX:2:1208:11461:11576_1:35242026",3.9e-21
"7154","HISEQ13:138:C6FWNANXX:2:1303:8038:78635_1:53608297",3.9e-21
"7155","HISEQ13:138:C6FWNANXX:2:1316:15092:86477_1:74312328",3.9e-21
"7156","HISEQ13:138:C6FWNANXX:2:2305:15930:38728_1:128749628",3.9e-21
"7157","HISEQ13:138:C6FWNANXX:2:2203:6138:41296_1:101903587",3.9e-21
"7158","HISEQ13:138:C6FWNANXX:2:2116:18392:3690_1:96922324",3.9e-21
"7159","HISEQ13:138:C6FWNANXX:2:2314:14097:55399_1:142678604",3.9e-21
"7160","HISEQ13:138:C6FWNANXX:2:2310:12400:99928_1:137073195",3.9e-21
"7161","HISEQ13:138:C6FWNANXX:2:1115:20502:35234_1:21988002",3.9e-21
"7162","HISEQ13:138:C6FWNANXX:2:1216:16907:33222_1:48394723",4e-21
"7163","HISEQ13:138:C6FWNANXX:2:2305:10075:15442_1:128411885",4e-21
"7164","HISEQ13:138:C6FWNANXX:2:2308:13218:94527_1:133970069",4e-21
"7165","HISEQ13:138:C6FWNANXX:2:1104:8574:22537_1:4693876",4e-21
"7166","HISEQ13:138:C6FWNANXX:2:1208:6351:64804_1:36061020",4e-21
"7167","HISEQ13:138:C6FWNANXX:2:2110:19090:26666_1:87937901",4e-21
"7168","HISEQ13:138:C6FWNANXX:2:2316:4812:45179_1:145784579",4e-21
"7169","HISEQ13:138:C6FWNANXX:2:2213:7795:83351_1:117409045",4e-21
"7170","HISEQ13:138:C6FWNANXX:2:1201:17875:20292_1:25076727",4e-21
"7171","HISEQ13:138:C6FWNANXX:2:1208:16442:74859_1:36218113",4e-21
"7172","HISEQ13:138:C6FWNANXX:2:2305:5942:69812_1:129202148",4e-21
"7173","HISEQ13:138:C6FWNANXX:2:1301:14019:6885_1:49640640",4e-21
"7174","HISEQ13:138:C6FWNANXX:2:1312:11208:32535_1:66697768",4e-21
"7175","HISEQ13:138:C6FWNANXX:2:1204:17339:96911_1:30560793",4e-21
"7176","HISEQ13:138:C6FWNANXX:2:1208:12312:100681_1:36617057",4e-21
"7177","HISEQ13:138:C6FWNANXX:2:1311:14038:32377_1:65083162",4e-21
"7178","HISEQ13:138:C6FWNANXX:2:2301:4321:16867_1:122815082",4e-21
"7179","HISEQ13:138:C6FWNANXX:2:2308:19429:89908_1:133898919",4e-21
"7180","HISEQ13:138:C6FWNANXX:2:1103:4034:83304_1:4127732",4e-21
"7181","HISEQ13:138:C6FWNANXX:2:1305:11386:3469_1:55435877",4.1e-21
"7182","HISEQ13:138:C6FWNANXX:2:1208:19667:70162_1:36145637",4.1e-21
"7183","HISEQ13:138:C6FWNANXX:2:1302:12344:50632_1:51736533",4.1e-21
"7184","HISEQ13:138:C6FWNANXX:2:2101:3005:92278_1:75846929",4.1e-21
"7185","HISEQ13:138:C6FWNANXX:2:2204:8052:71930_1:103752059",4.1e-21
"7186","HISEQ13:138:C6FWNANXX:2:2202:13569:97874_1:101300212",4.1e-21
"7187","HISEQ13:138:C6FWNANXX:2:1107:18320:43906_1:9500189",4.1e-21
"7188","HISEQ13:138:C6FWNANXX:2:1108:5211:28730_1:10784548",4.1e-21
"7189","HISEQ13:138:C6FWNANXX:2:2201:18213:98878_1:99906149",4.1e-21
"7190","HISEQ13:138:C6FWNANXX:2:1112:4576:75353_1:17707154",4.1e-21
"7191","HISEQ13:138:C6FWNANXX:2:1206:17973:6562_1:32168285",4.1e-21
"7192","HISEQ13:138:C6FWNANXX:2:1105:15165:45052_1:6511815",4.1e-21
"7193","HISEQ13:138:C6FWNANXX:2:1312:7803:14509_1:66403230",4.1e-21
"7194","HISEQ13:138:C6FWNANXX:2:2101:6489:59212_1:75375126",4.1e-21
"7195","HISEQ13:138:C6FWNANXX:2:2109:19990:57997_1:86908748",4.1e-21
"7196","HISEQ13:138:C6FWNANXX:2:2208:3383:48175_1:109196041",4.1e-21
"7197","HISEQ13:138:C6FWNANXX:2:1212:13716:64045_1:42282658",4.2e-21
"7198","HISEQ13:138:C6FWNANXX:2:1312:20345:43717_1:66878536",4.2e-21
"7199","HISEQ13:138:C6FWNANXX:2:2305:14881:79759_1:129349202",4.2e-21
"7200","HISEQ13:138:C6FWNANXX:2:1115:7418:35297_1:21989348",4.2e-21
"7201","HISEQ13:138:C6FWNANXX:2:1201:8693:66011_1:25747975",4.2e-21
"7202","HISEQ13:138:C6FWNANXX:2:1208:4224:95528_1:36538109",4.2e-21
"7203","HISEQ13:138:C6FWNANXX:2:2311:2767:33530_1:137580028",4.2e-21
"7204","HISEQ13:138:C6FWNANXX:2:2105:17252:14927_1:80393869",4.2e-21
"7205","HISEQ13:138:C6FWNANXX:2:1101:4985:59242_1:845036",4.2e-21
"7206","HISEQ13:138:C6FWNANXX:2:1315:7681:83279_1:72533883",4.2e-21
"7207","HISEQ13:138:C6FWNANXX:2:1115:21269:23245_1:21785238",4.2e-21
"7208","HISEQ13:138:C6FWNANXX:2:1206:15526:27878_1:32487622",4.2e-21
"7209","HISEQ13:138:C6FWNANXX:2:1103:12188:34890_1:3410752",4.2e-21
"7210","HISEQ13:138:C6FWNANXX:2:1114:3678:2599_1:19772830",4.2e-21
"7211","HISEQ13:138:C6FWNANXX:2:2112:2265:69421_1:91597281",4.2e-21
"7212","HISEQ13:138:C6FWNANXX:2:1211:1463:87631_1:41089372",4.2e-21
"7213","HISEQ13:138:C6FWNANXX:2:1115:17708:43447_1:22127143",4.2e-21
"7214","HISEQ13:138:C6FWNANXX:2:1103:14786:33902_1:3396479",4.2e-21
"7215","HISEQ13:138:C6FWNANXX:2:1315:8383:31553_1:71644425",4.2e-21
"7216","HISEQ13:138:C6FWNANXX:2:2312:6463:40224_1:139242004",4.3e-21
"7217","HISEQ13:138:C6FWNANXX:2:1207:14731:62127_1:34503745",4.3e-21
"7218","HISEQ13:138:C6FWNANXX:2:2105:3831:86068_1:81424903",4.3e-21
"7219","HISEQ13:138:C6FWNANXX:2:2109:15144:47328_1:86747197",4.3e-21
"7220","HISEQ13:138:C6FWNANXX:2:2110:9361:63649_1:88501810",4.3e-21
"7221","HISEQ13:138:C6FWNANXX:2:2310:1972:21097_1:135862726",4.3e-21
"7222","HISEQ13:138:C6FWNANXX:2:1111:11248:35405_1:15564868",4.3e-21
"7223","HISEQ13:138:C6FWNANXX:2:1211:17870:63451_1:40702360",4.3e-21
"7224","HISEQ13:138:C6FWNANXX:2:1215:8271:47914_1:46953805",4.3e-21
"7225","HISEQ13:138:C6FWNANXX:2:2107:15888:44655_1:83729563",4.3e-21
"7226","HISEQ13:138:C6FWNANXX:2:2108:9579:76606_1:85690937",4.3e-21
"7227","HISEQ13:138:C6FWNANXX:2:1315:7628:55179_1:72047643",4.3e-21
"7228","HISEQ13:138:C6FWNANXX:2:1215:11923:95907_1:47770332",4.3e-21
"7229","HISEQ13:138:C6FWNANXX:2:1304:19613:59537_1:54800262",4.3e-21
"7230","HISEQ13:138:C6FWNANXX:2:1110:13662:12986_1:13646310",4.3e-21
"7231","HISEQ13:138:C6FWNANXX:2:2113:10239:76180_1:93280206",4.3e-21
"7232","HISEQ13:138:C6FWNANXX:2:2213:9329:45904_1:116805117",4.3e-21
"7233","HISEQ13:138:C6FWNANXX:2:2308:4480:28993_1:132975008",4.3e-21
"7234","HISEQ13:138:C6FWNANXX:2:1202:14182:48352_1:26940557",4.3e-21
"7235","HISEQ13:138:C6FWNANXX:2:2102:9995:16398_1:76173240",4.3e-21
"7236","HISEQ13:138:C6FWNANXX:2:1114:10650:72390_1:20945014",4.4e-21
"7237","HISEQ13:138:C6FWNANXX:2:1114:5187:16851_1:20011799",4.4e-21
"7238","HISEQ13:138:C6FWNANXX:2:1115:21056:43442_1:22127848",4.4e-21
"7239","HISEQ13:138:C6FWNANXX:2:1310:12079:22453_1:63351910",4.4e-21
"7240","HISEQ13:138:C6FWNANXX:2:2114:8336:32772_1:94175996",4.4e-21
"7241","HISEQ13:138:C6FWNANXX:2:2306:5086:68298_1:130628481",4.4e-21
"7242","HISEQ13:138:C6FWNANXX:2:2313:8655:81715_1:141493450",4.4e-21
"7243","HISEQ13:138:C6FWNANXX:2:1204:7353:54428_1:29928070",4.4e-21
"7244","HISEQ13:138:C6FWNANXX:2:2109:13163:11343_1:86200112",4.4e-21
"7245","HISEQ13:138:C6FWNANXX:2:2209:19559:71529_1:111049677",4.4e-21
"7246","HISEQ13:138:C6FWNANXX:2:2216:21051:38588_1:121553709",4.4e-21
"7247","HISEQ13:138:C6FWNANXX:2:2311:5629:74766_1:138228991",4.4e-21
"7248","HISEQ13:138:C6FWNANXX:2:1116:16813:39757_1:23756587",4.4e-21
"7249","HISEQ13:138:C6FWNANXX:2:1212:18578:34336_1:41799427",4.4e-21
"7250","HISEQ13:138:C6FWNANXX:2:2202:9156:93068_1:101230819",4.4e-21
"7251","HISEQ13:138:C6FWNANXX:2:1309:9838:51844_1:62254906",4.4e-21
"7252","HISEQ13:138:C6FWNANXX:2:2304:15910:57813_1:127603286",4.4e-21
"7253","HISEQ13:138:C6FWNANXX:2:2312:15101:79523_1:139870817",4.4e-21
"7254","HISEQ13:138:C6FWNANXX:2:1211:20073:23267_1:40058193",4.4e-21
"7255","HISEQ13:138:C6FWNANXX:2:2113:16433:36512_1:92649517",4.4e-21
"7256","HISEQ13:138:C6FWNANXX:2:2203:14104:11369_1:101476029",4.4e-21
"7257","HISEQ13:138:C6FWNANXX:2:2215:20082:75918_1:120526084",4.4e-21
"7258","HISEQ13:138:C6FWNANXX:2:2308:16895:64189_1:133509396",4.4e-21
"7259","HISEQ13:138:C6FWNANXX:2:1116:11521:24148_1:23484682",4.5e-21
"7260","HISEQ13:138:C6FWNANXX:2:1214:3477:95499_1:46082806",4.5e-21
"7261","HISEQ13:138:C6FWNANXX:2:1307:1893:88579_1:59740321",4.5e-21
"7262","HISEQ13:138:C6FWNANXX:2:1107:16111:10609_1:8990763",4.5e-21
"7263","HISEQ13:138:C6FWNANXX:2:1303:11035:24721_1:52811020",4.5e-21
"7264","HISEQ13:138:C6FWNANXX:2:1314:18065:92452_1:70999477",4.5e-21
"7265","HISEQ13:138:C6FWNANXX:2:1107:10942:2237_1:8859035",4.5e-21
"7266","HISEQ13:138:C6FWNANXX:2:1202:12246:53303_1:27013476",4.5e-21
"7267","HISEQ13:138:C6FWNANXX:2:1214:18990:44054_1:45224606",4.5e-21
"7268","HISEQ13:138:C6FWNANXX:2:1308:6327:63113_1:60877137",4.5e-21
"7269","HISEQ13:138:C6FWNANXX:2:1315:9902:70741_1:72315213",4.5e-21
"7270","HISEQ13:138:C6FWNANXX:2:2106:19852:28269_1:82030094",4.5e-21
"7271","HISEQ13:138:C6FWNANXX:2:2303:19690:83298_1:126553578",4.5e-21
"7272","HISEQ13:138:C6FWNANXX:2:2310:20046:9677_1:135688763",4.5e-21
"7273","HISEQ13:138:C6FWNANXX:2:1302:21451:91749_1:52341823",4.5e-21
"7274","HISEQ13:138:C6FWNANXX:2:2106:9857:32323_1:82086587",4.5e-21
"7275","HISEQ13:138:C6FWNANXX:2:2205:4339:62140_1:105036532",4.5e-21
"7276","HISEQ13:138:C6FWNANXX:2:2209:8902:85863_1:111264941",4.5e-21
"7277","HISEQ13:138:C6FWNANXX:2:2207:6918:7351_1:107127694",4.5e-21
"7278","HISEQ13:138:C6FWNANXX:2:1105:15462:9327_1:5974358",4.5e-21
"7279","HISEQ13:138:C6FWNANXX:2:1201:18933:63324_1:25709316",4.5e-21
"7280","HISEQ13:138:C6FWNANXX:2:2303:16587:65249_1:126295517",4.5e-21
"7281","HISEQ13:138:C6FWNANXX:2:1108:10922:39179_1:10948287",4.5e-21
"7282","HISEQ13:138:C6FWNANXX:2:1316:5607:79859_1:74197534",4.5e-21
"7283","HISEQ13:138:C6FWNANXX:2:2303:20961:85425_1:126582323",4.5e-21
"7284","HISEQ13:138:C6FWNANXX:2:2305:18981:87612_1:129462638",4.5e-21
"7285","HISEQ13:138:C6FWNANXX:2:2305:3397:46214_1:128856601",4.5e-21
"7286","HISEQ13:138:C6FWNANXX:2:2306:3907:20847_1:129928299",4.5e-21
"7287","HISEQ13:138:C6FWNANXX:2:2106:3576:78597_1:82767124",4.5e-21
"7288","HISEQ13:138:C6FWNANXX:2:2112:7688:44101_1:91201623",4.5e-21
"7289","HISEQ13:138:C6FWNANXX:2:2110:12536:81950_1:88780044",4.6e-21
"7290","HISEQ13:138:C6FWNANXX:2:1306:14727:35671_1:57415395",4.6e-21
"7291","HISEQ13:138:C6FWNANXX:2:1314:15886:27619_1:69898667",4.6e-21
"7292","HISEQ13:138:C6FWNANXX:2:2208:6813:47321_1:109185510",4.6e-21
"7293","HISEQ13:138:C6FWNANXX:2:2307:10630:70277_1:132119996",4.6e-21
"7294","HISEQ13:138:C6FWNANXX:2:2116:11020:83949_1:98245484",4.6e-21
"7295","HISEQ13:138:C6FWNANXX:2:2310:16233:14373_1:135761193",4.6e-21
"7296","HISEQ13:138:C6FWNANXX:2:1210:12923:51118_1:38935680",4.6e-21
"7297","HISEQ13:138:C6FWNANXX:2:1310:10591:93905_1:64484199",4.6e-21
"7298","HISEQ13:138:C6FWNANXX:2:2306:11706:53241_1:130404760",4.6e-21
"7299","HISEQ13:138:C6FWNANXX:2:1215:18876:57774_1:47125635",4.6e-21
"7300","HISEQ13:138:C6FWNANXX:2:2105:1685:49732_1:80895634",4.6e-21
"7301","HISEQ13:138:C6FWNANXX:2:2313:8691:89678_1:141623138",4.7e-21
"7302","HISEQ13:138:C6FWNANXX:2:1202:16061:72324_1:27293104",4.7e-21
"7303","HISEQ13:138:C6FWNANXX:2:1211:16786:67261_1:40766631",4.7e-21
"7304","HISEQ13:138:C6FWNANXX:2:1316:8129:70792_1:74040153",4.7e-21
"7305","HISEQ13:138:C6FWNANXX:2:1316:18243:92739_1:74420547",4.7e-21
"7306","HISEQ13:138:C6FWNANXX:2:2102:16650:99559_1:77359692",4.7e-21
"7307","HISEQ13:138:C6FWNANXX:2:1312:10587:76988_1:67422149",4.7e-21
"7308","HISEQ13:138:C6FWNANXX:2:2214:18530:5664_1:117750746",4.7e-21
"7309","HISEQ13:138:C6FWNANXX:2:2113:9125:44399_1:92771389",4.7e-21
"7310","HISEQ13:138:C6FWNANXX:2:1103:14776:95119_1:4304080",4.8e-21
"7311","HISEQ13:138:C6FWNANXX:2:1104:20004:15676_1:4591696",4.8e-21
"7312","HISEQ13:138:C6FWNANXX:2:2213:18187:59833_1:117032965",4.8e-21
"7313","HISEQ13:138:C6FWNANXX:2:1216:7135:68522_1:49008019",4.8e-21
"7314","HISEQ13:138:C6FWNANXX:2:1311:7185:36731_1:65150495",4.8e-21
"7315","HISEQ13:138:C6FWNANXX:2:2112:8994:71012_1:91626282",4.8e-21
"7316","HISEQ13:138:C6FWNANXX:2:2113:17445:95597_1:93595056",4.8e-21
"7317","HISEQ13:138:C6FWNANXX:2:2204:11705:77626_1:103834812",4.8e-21
"7318","HISEQ13:138:C6FWNANXX:2:2212:11298:45466_1:115222388",4.8e-21
"7319","HISEQ13:138:C6FWNANXX:2:2301:20916:19981_1:122860477",4.8e-21
"7320","HISEQ13:138:C6FWNANXX:2:2113:13871:9452_1:92216471",4.8e-21
"7321","HISEQ13:138:C6FWNANXX:2:2305:10600:93795_1:129552217",4.8e-21
"7322","HISEQ13:138:C6FWNANXX:2:2211:11714:18162_1:113250637",4.8e-21
"7323","HISEQ13:138:C6FWNANXX:2:1103:14135:62504_1:3821549",4.8e-21
"7324","HISEQ13:138:C6FWNANXX:2:2102:5526:25942_1:76307518",4.8e-21
"7325","HISEQ13:138:C6FWNANXX:2:2115:4846:32890_1:95782360",4.8e-21
"7326","HISEQ13:138:C6FWNANXX:2:2116:18523:59780_1:97852015",4.8e-21
"7327","HISEQ13:138:C6FWNANXX:2:1301:2241:50145_1:50274648",4.8e-21
"7328","HISEQ13:138:C6FWNANXX:2:2201:8740:73995_1:99550469",4.8e-21
"7329","HISEQ13:138:C6FWNANXX:2:2307:14811:73188_1:132161997",4.8e-21
"7330","HISEQ13:138:C6FWNANXX:2:2315:14403:51650_1:144246629",4.8e-21
"7331","HISEQ13:138:C6FWNANXX:2:1313:9963:5644_1:67877527",4.8e-21
"7332","HISEQ13:138:C6FWNANXX:2:1103:8914:84760_1:4151083",4.8e-21
"7333","HISEQ13:138:C6FWNANXX:2:2209:20387:53385_1:110772390",4.8e-21
"7334","HISEQ13:138:C6FWNANXX:2:1316:18295:51212_1:73696465",4.8e-21
"7335","HISEQ13:138:C6FWNANXX:2:1109:11432:77700_1:13106781",4.8e-21
"7336","HISEQ13:138:C6FWNANXX:2:1202:5384:74426_1:27320485",4.8e-21
"7337","HISEQ13:138:C6FWNANXX:2:1207:17769:79799_1:34776804",4.8e-21
"7338","HISEQ13:138:C6FWNANXX:2:2115:20240:13737_1:95472687",4.8e-21
"7339","HISEQ13:138:C6FWNANXX:2:2201:1474:70544_1:99502734",4.8e-21
"7340","HISEQ13:138:C6FWNANXX:2:1108:15642:15452_1:10581623",4.8e-21
"7341","HISEQ13:138:C6FWNANXX:2:1311:15835:13852_1:64787749",4.8e-21
"7342","HISEQ13:138:C6FWNANXX:2:2305:2582:96853_1:129594681",4.8e-21
"7343","HISEQ13:138:C6FWNANXX:2:2305:7405:79575_1:129344304",4.8e-21
"7344","HISEQ13:138:C6FWNANXX:2:2307:6315:79683_1:132256972",4.9e-21
"7345","HISEQ13:138:C6FWNANXX:2:2111:9179:11855_1:89219850",4.9e-21
"7346","HISEQ13:138:C6FWNANXX:2:2303:6435:16479_1:125601565",4.9e-21
"7347","HISEQ13:138:C6FWNANXX:2:1101:4736:84057_1:1214028",4.9e-21
"7348","HISEQ13:138:C6FWNANXX:2:1301:7934:28747_1:49960649",4.9e-21
"7349","HISEQ13:138:C6FWNANXX:2:2216:5943:12009_1:121106088",4.9e-21
"7350","HISEQ13:138:C6FWNANXX:2:2305:19292:47507_1:128881373",4.9e-21
"7351","HISEQ13:138:C6FWNANXX:2:2313:11044:21627_1:140522171",4.9e-21
"7352","HISEQ13:138:C6FWNANXX:2:2315:15907:66759_1:144497987",4.9e-21
"7353","HISEQ13:138:C6FWNANXX:2:1211:12131:34586_1:40237951",4.9e-21
"7354","HISEQ13:138:C6FWNANXX:2:2102:12468:4216_1:75999763",4.9e-21
"7355","HISEQ13:138:C6FWNANXX:2:1214:6690:76961_1:45772613",4.9e-21
"7356","HISEQ13:138:C6FWNANXX:2:1213:2089:84117_1:44236927",4.9e-21
"7357","HISEQ13:138:C6FWNANXX:2:1203:19635:75109_1:28788332",4.9e-21
"7358","HISEQ13:138:C6FWNANXX:2:2105:11643:5549_1:80258481",4.9e-21
"7359","HISEQ13:138:C6FWNANXX:2:2203:11981:44020_1:101944422",4.9e-21
"7360","HISEQ13:138:C6FWNANXX:2:2109:17818:18411_1:86307631",4.9e-21
"7361","HISEQ13:138:C6FWNANXX:2:1202:21394:96828_1:27653742",4.9e-21
"7362","HISEQ13:138:C6FWNANXX:2:2111:16317:67359_1:90096479",4.9e-21
"7363","HISEQ13:138:C6FWNANXX:2:2214:13176:30950_1:118162129",4.9e-21
"7364","HISEQ13:138:C6FWNANXX:2:2313:3831:10256_1:140340860",4.9e-21
"7365","HISEQ13:138:C6FWNANXX:2:1101:6047:42160_1:593590",4.9e-21
"7366","HISEQ13:138:C6FWNANXX:2:2214:8147:30665_1:118157040",4.9e-21
"7367","HISEQ13:138:C6FWNANXX:2:2215:4837:67338_1:120382114",5e-21
"7368","HISEQ13:138:C6FWNANXX:2:2205:19420:79186_1:105284914",5e-21
"7369","HISEQ13:138:C6FWNANXX:2:2301:3524:10632_1:122726415",5e-21
"7370","HISEQ13:138:C6FWNANXX:2:1111:14760:61824_1:15996918",5e-21
"7371","HISEQ13:138:C6FWNANXX:2:2106:18886:35964_1:82139695",5e-21
"7372","HISEQ13:138:C6FWNANXX:2:2108:6173:51516_1:85312276",5e-21
"7373","HISEQ13:138:C6FWNANXX:2:2209:15944:64905_1:110946595",5e-21
"7374","HISEQ13:138:C6FWNANXX:2:2212:2209:42050_1:115168952",5e-21
"7375","HISEQ13:138:C6FWNANXX:2:1306:11580:95697_1:58331505",5.1e-21
"7376","HISEQ13:138:C6FWNANXX:2:1102:13899:54289_1:2234708",5.1e-21
"7377","HISEQ13:138:C6FWNANXX:2:1214:1643:14915_1:44730119",5.1e-21
"7378","HISEQ13:138:C6FWNANXX:2:1215:12438:10750_1:46323976",5.1e-21
"7379","HISEQ13:138:C6FWNANXX:2:2216:5257:84803_1:122335051",5.1e-21
"7380","HISEQ13:138:C6FWNANXX:2:1316:4875:28412_1:73296284",5.1e-21
"7381","HISEQ13:138:C6FWNANXX:2:1106:14147:69529_1:8382415",5.1e-21
"7382","HISEQ13:138:C6FWNANXX:2:1310:2943:5432_1:63080728",5.1e-21
"7383","HISEQ13:138:C6FWNANXX:2:1308:14602:36608_1:60466085",5.1e-21
"7384","HISEQ13:138:C6FWNANXX:2:1311:11545:32198_1:65078701",5.2e-21
"7385","HISEQ13:138:C6FWNANXX:2:2104:15311:93106_1:80095680",5.2e-21
"7386","HISEQ13:138:C6FWNANXX:2:1212:3293:94226_1:42772936",5.2e-21
"7387","HISEQ13:138:C6FWNANXX:2:1215:14511:89623_1:47663564",5.2e-21
"7388","HISEQ13:138:C6FWNANXX:2:1307:5058:21352_1:58706298",5.2e-21
"7389","HISEQ13:138:C6FWNANXX:2:2114:2776:23940_1:94029491",5.2e-21
"7390","HISEQ13:138:C6FWNANXX:2:2209:18324:11436_1:110135657",5.2e-21
"7391","HISEQ13:138:C6FWNANXX:2:2306:10582:51279_1:130378684",5.2e-21
"7392","HISEQ13:138:C6FWNANXX:2:1304:20679:92405_1:55289917",5.2e-21
"7393","HISEQ13:138:C6FWNANXX:2:2215:17267:75486_1:120517292",5.2e-21
"7394","HISEQ13:138:C6FWNANXX:2:1111:8072:7476_1:15118019",5.2e-21
"7395","HISEQ13:138:C6FWNANXX:2:1206:5507:90006_1:33428426",5.2e-21
"7396","HISEQ13:138:C6FWNANXX:2:1307:21319:24096_1:58751826",5.2e-21
"7397","HISEQ13:138:C6FWNANXX:2:2213:12180:76779_1:117305035",5.2e-21
"7398","HISEQ13:138:C6FWNANXX:2:2116:9829:49567_1:97682416",5.2e-21
"7399","HISEQ13:138:C6FWNANXX:2:2107:5333:19995_1:83360954",5.2e-21
"7400","HISEQ13:138:C6FWNANXX:2:1201:8576:32394_1:25251237",5.3e-21
"7401","HISEQ13:138:C6FWNANXX:2:1215:4830:63542_1:47220686",5.3e-21
"7402","HISEQ13:138:C6FWNANXX:2:2106:20733:70869_1:82656688",5.3e-21
"7403","HISEQ13:138:C6FWNANXX:2:2115:2601:88638_1:96690079",5.3e-21
"7404","HISEQ13:138:C6FWNANXX:2:2215:17267:75486_1:120517293",5.3e-21
"7405","HISEQ13:138:C6FWNANXX:2:2115:11732:31398_1:95759410",5.3e-21
"7406","HISEQ13:138:C6FWNANXX:2:1205:20652:72363_1:31672590",5.3e-21
"7407","HISEQ13:138:C6FWNANXX:2:1303:13376:94351_1:53843177",5.3e-21
"7408","HISEQ13:138:C6FWNANXX:2:2304:20244:79228_1:127907951",5.3e-21
"7409","HISEQ13:138:C6FWNANXX:2:2209:13624:59215_1:110858542",5.3e-21
"7410","HISEQ13:138:C6FWNANXX:2:2304:9663:36200_1:127289827",5.3e-21
"7411","HISEQ13:138:C6FWNANXX:2:2316:19544:57380_1:145994710",5.3e-21
"7412","HISEQ13:138:C6FWNANXX:2:2216:12994:56498_1:121852565",5.4e-21
"7413","HISEQ13:138:C6FWNANXX:2:1315:19656:47736_1:71921006",5.4e-21
"7414","HISEQ13:138:C6FWNANXX:2:1215:3637:48660_1:46965350",5.4e-21
"7415","HISEQ13:138:C6FWNANXX:2:2215:11984:81732_1:120619355",5.4e-21
"7416","HISEQ13:138:C6FWNANXX:2:2112:16173:66041_1:91548614",5.4e-21
"7417","HISEQ13:138:C6FWNANXX:2:2214:19425:38937_1:118293717",5.4e-21
"7418","HISEQ13:138:C6FWNANXX:2:1303:17736:34547_1:52960343",5.4e-21
"7419","HISEQ13:138:C6FWNANXX:2:1308:7523:22633_1:60247519",5.4e-21
"7420","HISEQ13:138:C6FWNANXX:2:2213:17375:70077_1:117197738",5.4e-21
"7421","HISEQ13:138:C6FWNANXX:2:2307:13191:35583_1:131604664",5.4e-21
"7422","HISEQ13:138:C6FWNANXX:2:1307:11716:12076_1:58565670",5.4e-21
"7423","HISEQ13:138:C6FWNANXX:2:1112:3536:45782_1:17227215",5.4e-21
"7424","HISEQ13:138:C6FWNANXX:2:1308:12108:38583_1:60496549",5.4e-21
"7425","HISEQ13:138:C6FWNANXX:2:1312:12571:2861_1:66211736",5.4e-21
"7426","HISEQ13:138:C6FWNANXX:2:2103:9474:66614_1:78294354",5.4e-21
"7427","HISEQ13:138:C6FWNANXX:2:2202:20701:82639_1:101082483",5.4e-21
"7428","HISEQ13:138:C6FWNANXX:2:2311:2884:4721_1:137126353",5.4e-21
"7429","HISEQ13:138:C6FWNANXX:2:2309:15299:80748_1:135262962",5.4e-21
"7430","HISEQ13:138:C6FWNANXX:2:1104:11072:27839_1:4772634",5.4e-21
"7431","HISEQ13:138:C6FWNANXX:2:1314:13431:88232_1:70926630",5.4e-21
"7432","HISEQ13:138:C6FWNANXX:2:1111:4695:62839_1:16011717",5.4e-21
"7433","HISEQ13:138:C6FWNANXX:2:1115:7570:60161_1:22407960",5.4e-21
"7434","HISEQ13:138:C6FWNANXX:2:1312:18482:79948_1:67473388",5.5e-21
"7435","HISEQ13:138:C6FWNANXX:2:1215:3637:48660_1:46965349",5.6e-21
"7436","HISEQ13:138:C6FWNANXX:2:1105:9747:28305_1:6259240",5.6e-21
"7437","HISEQ13:138:C6FWNANXX:2:1208:11895:5193_1:35142670",5.6e-21
"7438","HISEQ13:138:C6FWNANXX:2:1211:17870:63451_1:40702359",5.6e-21
"7439","HISEQ13:138:C6FWNANXX:2:2104:2983:95380_1:80125047",5.6e-21
"7440","HISEQ13:138:C6FWNANXX:2:2311:5081:59750_1:137991129",5.6e-21
"7441","HISEQ13:138:C6FWNANXX:2:2211:19513:96693_1:114481517",5.7e-21
"7442","HISEQ13:138:C6FWNANXX:2:1109:9995:6440_1:11982186",5.7e-21
"7443","HISEQ13:138:C6FWNANXX:2:1216:17448:17844_1:48131625",5.7e-21
"7444","HISEQ13:138:C6FWNANXX:2:2308:2407:49494_1:133284209",5.7e-21
"7445","HISEQ13:138:C6FWNANXX:2:1204:16343:21772_1:29445836",5.7e-21
"7446","HISEQ13:138:C6FWNANXX:2:2301:12338:33909_1:123056635",5.7e-21
"7447","HISEQ13:138:C6FWNANXX:2:1102:13811:7377_1:1542770",5.7e-21
"7448","HISEQ13:138:C6FWNANXX:2:1204:14797:33382_1:29616850",5.7e-21
"7449","HISEQ13:138:C6FWNANXX:2:1301:2132:76170_1:50657132",5.7e-21
"7450","HISEQ13:138:C6FWNANXX:2:1205:17197:10028_1:30741491",5.7e-21
"7451","HISEQ13:138:C6FWNANXX:2:1201:2787:65764_1:25743270",5.7e-21
"7452","HISEQ13:138:C6FWNANXX:2:1308:14374:10442_1:60060371",5.7e-21
"7453","HISEQ13:138:C6FWNANXX:2:1308:8496:15475_1:60136101",5.7e-21
"7454","HISEQ13:138:C6FWNANXX:2:2104:3309:99521_1:80186155",5.7e-21
"7455","HISEQ13:138:C6FWNANXX:2:1115:2498:21254_1:21751680",5.7e-21
"7456","HISEQ13:138:C6FWNANXX:2:2101:4939:37975_1:75072691",5.7e-21
"7457","HISEQ13:138:C6FWNANXX:2:2211:16568:72227_1:114095838",5.7e-21
"7458","HISEQ13:138:C6FWNANXX:2:2316:2412:22648_1:145403622",5.7e-21
"7459","HISEQ13:138:C6FWNANXX:2:1103:8843:67797_1:3899176",5.7e-21
"7460","HISEQ13:138:C6FWNANXX:2:2306:7358:6067_1:129712626",5.7e-21
"7461","HISEQ13:138:C6FWNANXX:2:1109:17852:72236_1:13020715",5.7e-21
"7462","HISEQ13:138:C6FWNANXX:2:1306:8927:34151_1:57392233",5.8e-21
"7463","HISEQ13:138:C6FWNANXX:2:2309:2980:14963_1:134257546",5.8e-21
"7464","HISEQ13:138:C6FWNANXX:2:2114:3729:48781_1:94434043",5.8e-21
"7465","HISEQ13:138:C6FWNANXX:2:1212:4070:13436_1:41467896",5.8e-21
"7466","HISEQ13:138:C6FWNANXX:2:1316:10323:26617_1:73267198",5.8e-21
"7467","HISEQ13:138:C6FWNANXX:2:1101:6879:94110_1:1362374",5.8e-21
"7468","HISEQ13:138:C6FWNANXX:2:2315:20781:42524_1:144099611",5.8e-21
"7469","HISEQ13:138:C6FWNANXX:2:1301:19951:91194_1:50880907",5.9e-21
"7470","HISEQ13:138:C6FWNANXX:2:1313:8484:88967_1:69263684",5.9e-21
"7471","HISEQ13:138:C6FWNANXX:2:2205:19420:79186_1:105284913",5.9e-21
"7472","HISEQ13:138:C6FWNANXX:2:2210:10369:14156_1:111676957",5.9e-21
"7473","HISEQ13:138:C6FWNANXX:2:2211:16882:94013_1:114441428",5.9e-21
"7474","HISEQ13:138:C6FWNANXX:2:1208:2507:75724_1:36227105",5.9e-21
"7475","HISEQ13:138:C6FWNANXX:2:2208:18730:83098_1:109726776",5.9e-21
"7476","HISEQ13:138:C6FWNANXX:2:1103:6919:80826_1:4090948",5.9e-21
"7477","HISEQ13:138:C6FWNANXX:2:2312:13607:31467_1:139105496",5.9e-21
"7478","HISEQ13:138:C6FWNANXX:2:2313:8885:86488_1:141570528",5.9e-21
"7479","HISEQ13:138:C6FWNANXX:2:1204:4181:2978_1:29178966",5.9e-21
"7480","HISEQ13:138:C6FWNANXX:2:1215:15368:65503_1:47256731",5.9e-21
"7481","HISEQ13:138:C6FWNANXX:2:2203:11750:83055_1:102500313",5.9e-21
"7482","HISEQ13:138:C6FWNANXX:2:2313:8537:4578_1:140249779",5.9e-21
"7483","HISEQ13:138:C6FWNANXX:2:1113:5948:82331_1:19453452",5.9e-21
"7484","HISEQ13:138:C6FWNANXX:2:1201:6350:83083_1:25997752",5.9e-21
"7485","HISEQ13:138:C6FWNANXX:2:1202:9866:83997_1:27460813",5.9e-21
"7486","HISEQ13:138:C6FWNANXX:2:1309:13865:39009_1:62054739",5.9e-21
"7487","HISEQ13:138:C6FWNANXX:2:1309:9252:58240_1:62353464",5.9e-21
"7488","HISEQ13:138:C6FWNANXX:2:2115:3925:52059_1:96094435",5.9e-21
"7489","HISEQ13:138:C6FWNANXX:2:2108:3664:32284_1:85021110",5.9e-21
"7490","HISEQ13:138:C6FWNANXX:2:2310:6766:54161_1:136373374",5.9e-21
"7491","HISEQ13:138:C6FWNANXX:2:1205:15828:88519_1:31915483",5.9e-21
"7492","HISEQ13:138:C6FWNANXX:2:1303:18306:29124_1:52879338",5.9e-21
"7493","HISEQ13:138:C6FWNANXX:2:1106:15071:99107_1:8830829",5.9e-21
"7494","HISEQ13:138:C6FWNANXX:2:2111:3563:77124_1:90256975",5.9e-21
"7495","HISEQ13:138:C6FWNANXX:2:2307:6683:86248_1:132353594",6e-21
"7496","HISEQ13:138:C6FWNANXX:2:1215:11375:45844_1:46920607",6e-21
"7497","HISEQ13:138:C6FWNANXX:2:1215:6723:55307_1:47080719",6e-21
"7498","HISEQ13:138:C6FWNANXX:2:1312:9216:12862_1:66374713",6e-21
"7499","HISEQ13:138:C6FWNANXX:2:2203:6138:41296_1:101903588",6e-21
"7500","HISEQ13:138:C6FWNANXX:2:2302:17659:89421_1:125237441",6e-21
"7501","HISEQ13:138:C6FWNANXX:2:2306:3632:29935_1:130060458",6e-21
"7502","HISEQ13:138:C6FWNANXX:2:1101:4986:94881_1:1373201",6e-21
"7503","HISEQ13:138:C6FWNANXX:2:1101:6260:92077_1:1332716",6e-21
"7504","HISEQ13:138:C6FWNANXX:2:1114:14068:43228_1:20453233",6e-21
"7505","HISEQ13:138:C6FWNANXX:2:1208:3421:11274_1:35236640",6e-21
"7506","HISEQ13:138:C6FWNANXX:2:1312:6692:10496_1:66332949",6e-21
"7507","HISEQ13:138:C6FWNANXX:2:2109:15144:47328_1:86747196",6e-21
"7508","HISEQ13:138:C6FWNANXX:2:1106:1385:43687_1:7982158",6.1e-21
"7509","HISEQ13:138:C6FWNANXX:2:1208:8872:99013_1:36593365",6.1e-21
"7510","HISEQ13:138:C6FWNANXX:2:2206:9376:43932_1:106211589",6.1e-21
"7511","HISEQ13:138:C6FWNANXX:2:1212:14184:34330_1:41798493",6.1e-21
"7512","HISEQ13:138:C6FWNANXX:2:2106:8730:44044_1:82259115",6.1e-21
"7513","HISEQ13:138:C6FWNANXX:2:2209:3522:37918_1:110534043",6.1e-21
"7514","HISEQ13:138:C6FWNANXX:2:1109:14787:71207_1:13004559",6.1e-21
"7515","HISEQ13:138:C6FWNANXX:2:1215:8571:62776_1:47208857",6.1e-21
"7516","HISEQ13:138:C6FWNANXX:2:1205:12029:12474_1:30774324",6.1e-21
"7517","HISEQ13:138:C6FWNANXX:2:1213:13060:75578_1:44099127",6.1e-21
"7518","HISEQ13:138:C6FWNANXX:2:1312:2060:42571_1:66858632",6.1e-21
"7519","HISEQ13:138:C6FWNANXX:2:2314:18290:56071_1:142691894",6.1e-21
"7520","HISEQ13:138:C6FWNANXX:2:2111:3526:44616_1:89727973",6.1e-21
"7521","HISEQ13:138:C6FWNANXX:2:2112:5310:75004_1:91689523",6.1e-21
"7522","HISEQ13:138:C6FWNANXX:2:2310:14624:27478_1:135962202",6.1e-21
"7523","HISEQ13:138:C6FWNANXX:2:2307:16704:9606_1:131220423",6.1e-21
"7524","HISEQ13:138:C6FWNANXX:2:1301:15376:61710_1:50446860",6.1e-21
"7525","HISEQ13:138:C6FWNANXX:2:1203:13024:89184_1:28993718",6.1e-21
"7526","HISEQ13:138:C6FWNANXX:2:2207:14051:8902_1:107150968",6.1e-21
"7527","HISEQ13:138:C6FWNANXX:2:1102:17674:55780_1:2257602",6.2e-21
"7528","HISEQ13:138:C6FWNANXX:2:2302:8142:31457_1:124415732",6.2e-21
"7529","HISEQ13:138:C6FWNANXX:2:2216:15323:65083_1:122001807",6.2e-21
"7530","HISEQ13:138:C6FWNANXX:2:2213:4728:55976_1:116965773",6.2e-21
"7531","HISEQ13:138:C6FWNANXX:2:1111:13386:74148_1:16208283",6.2e-21
"7532","HISEQ13:138:C6FWNANXX:2:1206:5190:56963_1:32926387",6.2e-21
"7533","HISEQ13:138:C6FWNANXX:2:2111:9928:26739_1:89448641",6.2e-21
"7534","HISEQ13:138:C6FWNANXX:2:1203:6238:99376_1:29144128",6.2e-21
"7535","HISEQ13:138:C6FWNANXX:2:1315:12784:52049_1:71996966",6.2e-21
"7536","HISEQ13:138:C6FWNANXX:2:1103:17791:24176_1:3252656",6.2e-21
"7537","HISEQ13:138:C6FWNANXX:2:1116:19497:6452_1:23181162",6.2e-21
"7538","HISEQ13:138:C6FWNANXX:2:1202:10255:54764_1:27034739",6.2e-21
"7539","HISEQ13:138:C6FWNANXX:2:2212:21253:34436_1:115050926",6.2e-21
"7540","HISEQ13:138:C6FWNANXX:2:2212:6218:45388_1:115221327",6.2e-21
"7541","HISEQ13:138:C6FWNANXX:2:2109:11812:73698_1:87147166",6.2e-21
"7542","HISEQ13:138:C6FWNANXX:2:1111:13124:95684_1:16602299",6.2e-21
"7543","HISEQ13:138:C6FWNANXX:2:2311:3325:61263_1:138014163",6.2e-21
"7544","HISEQ13:138:C6FWNANXX:2:1208:7110:86776_1:36402505",6.3e-21
"7545","HISEQ13:138:C6FWNANXX:2:1313:16106:12175_1:67986709",6.3e-21
"7546","HISEQ13:138:C6FWNANXX:2:1202:10761:46934_1:26918043",6.3e-21
"7547","HISEQ13:138:C6FWNANXX:2:2314:10914:51643_1:142615882",6.3e-21
"7548","HISEQ13:138:C6FWNANXX:2:2107:17880:19486_1:83355907",6.3e-21
"7549","HISEQ13:138:C6FWNANXX:2:2212:8347:56167_1:115391281",6.3e-21
"7550","HISEQ13:138:C6FWNANXX:2:2115:2441:98536_1:96855470",6.3e-21
"7551","HISEQ13:138:C6FWNANXX:2:2305:4462:8414_1:128309235",6.3e-21
"7552","HISEQ13:138:C6FWNANXX:2:1116:4974:53380_1:23985097",6.3e-21
"7553","HISEQ13:138:C6FWNANXX:2:2206:4614:91859_1:106915014",6.3e-21
"7554","HISEQ13:138:C6FWNANXX:2:1108:17783:28216_1:10779254",6.4e-21
"7555","HISEQ13:138:C6FWNANXX:2:2111:3041:20775_1:89358152",6.4e-21
"7556","HISEQ13:138:C6FWNANXX:2:1203:11602:63109_1:28609417",6.4e-21
"7557","HISEQ13:138:C6FWNANXX:2:1102:6640:66708_1:2414451",6.4e-21
"7558","HISEQ13:138:C6FWNANXX:2:1214:3450:65940_1:45586844",6.4e-21
"7559","HISEQ13:138:C6FWNANXX:2:1314:12106:22420_1:69808664",6.4e-21
"7560","HISEQ13:138:C6FWNANXX:2:2205:4377:5194_1:104212179",6.4e-21
"7561","HISEQ13:138:C6FWNANXX:2:2312:16862:26443_1:139027113",6.4e-21
"7562","HISEQ13:138:C6FWNANXX:2:2113:1422:93988_1:93562990",6.4e-21
"7563","HISEQ13:138:C6FWNANXX:2:1110:15379:37301_1:14033440",6.5e-21
"7564","HISEQ13:138:C6FWNANXX:2:2212:21205:83107_1:115823444",6.5e-21
"7565","HISEQ13:138:C6FWNANXX:2:2305:1835:8432_1:128308765",6.5e-21
"7566","HISEQ13:138:C6FWNANXX:2:1215:20830:64046_1:47232635",6.5e-21
"7567","HISEQ13:138:C6FWNANXX:2:2307:6962:67445_1:132074977",6.5e-21
"7568","HISEQ13:138:C6FWNANXX:2:1101:20233:46823_1:666325",6.6e-21
"7569","HISEQ13:138:C6FWNANXX:2:1103:9912:73541_1:3984466",6.6e-21
"7570","HISEQ13:138:C6FWNANXX:2:1211:20474:50543_1:40496962",6.6e-21
"7571","HISEQ13:138:C6FWNANXX:2:1216:4048:71534_1:49059640",6.6e-21
"7572","HISEQ13:138:C6FWNANXX:2:1309:7319:99839_1:63013806",6.6e-21
"7573","HISEQ13:138:C6FWNANXX:2:2115:5235:86193_1:96649904",6.6e-21
"7574","HISEQ13:138:C6FWNANXX:2:2309:2313:59127_1:134929791",6.6e-21
"7575","HISEQ13:138:C6FWNANXX:2:1214:17575:11440_1:44674654",6.6e-21
"7576","HISEQ13:138:C6FWNANXX:2:2107:19028:16586_1:83315323",6.6e-21
"7577","HISEQ13:138:C6FWNANXX:2:2204:9286:84861_1:103938940",6.6e-21
"7578","HISEQ13:138:C6FWNANXX:2:1207:18829:50574_1:34330510",6.6e-21
"7579","HISEQ13:138:C6FWNANXX:2:1315:8628:5439_1:71198796",6.6e-21
"7580","HISEQ13:138:C6FWNANXX:2:2101:12993:72318_1:75565271",6.6e-21
"7581","HISEQ13:138:C6FWNANXX:2:2314:13143:19020_1:142082432",6.6e-21
"7582","HISEQ13:138:C6FWNANXX:2:1209:14208:18718_1:36879836",6.7e-21
"7583","HISEQ13:138:C6FWNANXX:2:2211:12257:34178_1:113501400",6.7e-21
"7584","HISEQ13:138:C6FWNANXX:2:1209:9601:36078_1:37150209",6.7e-21
"7585","HISEQ13:138:C6FWNANXX:2:1214:19095:85617_1:45922633",6.7e-21
"7586","HISEQ13:138:C6FWNANXX:2:2310:14666:95079_1:137000582",6.7e-21
"7587","HISEQ13:138:C6FWNANXX:2:2206:4614:91859_1:106915013",6.7e-21
"7588","HISEQ13:138:C6FWNANXX:2:1210:17888:30059_1:38607355",6.7e-21
"7589","HISEQ13:138:C6FWNANXX:2:2107:15888:44655_1:83729562",6.7e-21
"7590","HISEQ13:138:C6FWNANXX:2:2116:16347:48333_1:97662917",6.7e-21
"7591","HISEQ13:138:C6FWNANXX:2:2202:13048:29122_1:100320221",6.8e-21
"7592","HISEQ13:138:C6FWNANXX:2:1313:13317:54247_1:68682396",6.8e-21
"7593","HISEQ13:138:C6FWNANXX:2:2310:10567:28409_1:135976854",6.8e-21
"7594","HISEQ13:138:C6FWNANXX:2:1305:12102:72255_1:56472090",6.8e-21
"7595","HISEQ13:138:C6FWNANXX:2:1109:7872:41465_1:12532103",6.8e-21
"7596","HISEQ13:138:C6FWNANXX:2:2107:4363:64379_1:84021338",6.8e-21
"7597","HISEQ13:138:C6FWNANXX:2:2109:18614:15606_1:86266313",6.8e-21
"7598","HISEQ13:138:C6FWNANXX:2:2309:13197:57833_1:134912446",6.8e-21
"7599","HISEQ13:138:C6FWNANXX:2:2316:1573:87222_1:146493518",6.8e-21
"7600","HISEQ13:138:C6FWNANXX:2:1215:4966:88885_1:47648530",6.8e-21
"7601","HISEQ13:138:C6FWNANXX:2:1105:11213:95048_1:7262960",6.9e-21
"7602","HISEQ13:138:C6FWNANXX:2:2201:1923:9250_1:98625322",6.9e-21
"7603","HISEQ13:138:C6FWNANXX:2:2314:16635:40689_1:142435218",6.9e-21
"7604","HISEQ13:138:C6FWNANXX:2:2314:19636:99441_1:143403701",6.9e-21
"7605","HISEQ13:138:C6FWNANXX:2:2105:9251:8643_1:80302010",6.9e-21
"7606","HISEQ13:138:C6FWNANXX:2:2205:17263:80585_1:105306458",6.9e-21
"7607","HISEQ13:138:C6FWNANXX:2:1207:17343:37457_1:34128630",6.9e-21
"7608","HISEQ13:138:C6FWNANXX:2:1305:13791:44246_1:56047932",6.9e-21
"7609","HISEQ13:138:C6FWNANXX:2:1116:17093:5433_1:23163267",6.9e-21
"7610","HISEQ13:138:C6FWNANXX:2:2302:7567:85952_1:125186079",6.9e-21
"7611","HISEQ13:138:C6FWNANXX:2:1214:3450:65940_1:45586845",6.9e-21
"7612","HISEQ13:138:C6FWNANXX:2:1116:3969:63881_1:24164510",6.9e-21
"7613","HISEQ13:138:C6FWNANXX:2:1209:14764:76033_1:37776426",6.9e-21
"7614","HISEQ13:138:C6FWNANXX:2:2212:10935:97414_1:116049160",6.9e-21
"7615","HISEQ13:138:C6FWNANXX:2:1102:18142:37652_1:1988947",6.9e-21
"7616","HISEQ13:138:C6FWNANXX:2:2206:17049:76964_1:106699541",6.9e-21
"7617","HISEQ13:138:C6FWNANXX:2:2306:7847:32413_1:130097954",6.9e-21
"7618","HISEQ13:138:C6FWNANXX:2:1316:10590:7355_1:72932126",7e-21
"7619","HISEQ13:138:C6FWNANXX:2:1210:12188:42248_1:38794820",7e-21
"7620","HISEQ13:138:C6FWNANXX:2:1313:6045:48070_1:68580958",7e-21
"7621","HISEQ13:138:C6FWNANXX:2:2107:18539:100276_1:84561681",7e-21
"7622","HISEQ13:138:C6FWNANXX:2:2101:14346:10658_1:74685429",7e-21
"7623","HISEQ13:138:C6FWNANXX:2:2311:20143:28028_1:137497233",7e-21
"7624","HISEQ13:138:C6FWNANXX:2:2202:10295:92584_1:101223688",7e-21
"7625","HISEQ13:138:C6FWNANXX:2:2304:16389:96964_1:128162924",7e-21
"7626","HISEQ13:138:C6FWNANXX:2:2305:8595:59499_1:129050768",7e-21
"7627","HISEQ13:138:C6FWNANXX:2:1201:17091:99870_1:26245689",7e-21
"7628","HISEQ13:138:C6FWNANXX:2:1208:14258:84076_1:36361111",7e-21
"7629","HISEQ13:138:C6FWNANXX:2:1310:14573:42821_1:63678613",7e-21
"7630","HISEQ13:138:C6FWNANXX:2:1111:1772:89827_1:16491243",7e-21
"7631","HISEQ13:138:C6FWNANXX:2:1301:15235:29483_1:49972866",7e-21
"7632","HISEQ13:138:C6FWNANXX:2:1312:11453:63450_1:67200873",7e-21
"7633","HISEQ13:138:C6FWNANXX:2:1314:20314:14756_1:69682705",7e-21
"7634","HISEQ13:138:C6FWNANXX:2:2205:2976:96678_1:105536011",7e-21
"7635","HISEQ13:138:C6FWNANXX:2:2214:13239:72461_1:118841652",7e-21
"7636","HISEQ13:138:C6FWNANXX:2:2313:18009:31205_1:140676862",7e-21
"7637","HISEQ13:138:C6FWNANXX:2:1205:11869:33929_1:31094703",7.1e-21
"7638","HISEQ13:138:C6FWNANXX:2:1215:21158:74819_1:47413823",7.1e-21
"7639","HISEQ13:138:C6FWNANXX:2:2201:18707:80974_1:99651419",7.1e-21
"7640","HISEQ13:138:C6FWNANXX:2:1109:15443:65784_1:12921380",7.1e-21
"7641","HISEQ13:138:C6FWNANXX:2:2306:17315:55115_1:130435305",7.1e-21
"7642","HISEQ13:138:C6FWNANXX:2:2110:2731:3199_1:87575798",7.1e-21
"7643","HISEQ13:138:C6FWNANXX:2:1212:10465:68916_1:42359621",7.2e-21
"7644","HISEQ13:138:C6FWNANXX:2:1103:4884:48405_1:3608420",7.2e-21
"7645","HISEQ13:138:C6FWNANXX:2:2111:19883:97250_1:90608278",7.2e-21
"7646","HISEQ13:138:C6FWNANXX:2:1114:17109:37663_1:20361808",7.2e-21
"7647","HISEQ13:138:C6FWNANXX:2:1114:20455:60756_1:20753588",7.2e-21
"7648","HISEQ13:138:C6FWNANXX:2:2107:4594:37126_1:83616120",7.2e-21
"7649","HISEQ13:138:C6FWNANXX:2:1113:9647:87924_1:19545654",7.2e-21
"7650","HISEQ13:138:C6FWNANXX:2:1210:9168:83595_1:39443122",7.2e-21
"7651","HISEQ13:138:C6FWNANXX:2:1304:19867:52920_1:54699333",7.2e-21
"7652","HISEQ13:138:C6FWNANXX:2:1103:2493:21977_1:3216102",7.3e-21
"7653","HISEQ13:138:C6FWNANXX:2:1206:17171:67037_1:33083633",7.3e-21
"7654","HISEQ13:138:C6FWNANXX:2:1310:16943:50678_1:63802664",7.3e-21
"7655","HISEQ13:138:C6FWNANXX:2:2314:11298:16275_1:142037226",7.3e-21
"7656","HISEQ13:138:C6FWNANXX:2:1201:21107:97084_1:26206430",7.3e-21
"7657","HISEQ13:138:C6FWNANXX:2:1212:15179:18410_1:41540781",7.3e-21
"7658","HISEQ13:138:C6FWNANXX:2:1306:5500:50652_1:57642799",7.3e-21
"7659","HISEQ13:138:C6FWNANXX:2:2305:6618:68704_1:129184159",7.3e-21
"7660","HISEQ13:138:C6FWNANXX:2:2309:18114:10728_1:134195388",7.3e-21
"7661","HISEQ13:138:C6FWNANXX:2:2312:4969:97386_1:140151900",7.3e-21
"7662","HISEQ13:138:C6FWNANXX:2:1208:12312:100681_1:36617058",7.3e-21
"7663","HISEQ13:138:C6FWNANXX:2:1305:14167:8633_1:55515810",7.3e-21
"7664","HISEQ13:138:C6FWNANXX:2:1314:5704:66081_1:70550213",7.4e-21
"7665","HISEQ13:138:C6FWNANXX:2:2107:20119:17556_1:83330285",7.4e-21
"7666","HISEQ13:138:C6FWNANXX:2:1301:17377:50167_1:50277505",7.4e-21
"7667","HISEQ13:138:C6FWNANXX:2:1106:9913:38708_1:7907444",7.4e-21
"7668","HISEQ13:138:C6FWNANXX:2:1209:16110:93744_1:38050530",7.4e-21
"7669","HISEQ13:138:C6FWNANXX:2:2110:17246:4307_1:87597433",7.4e-21
"7670","HISEQ13:138:C6FWNANXX:2:2305:12694:51017_1:128931650",7.4e-21
"7671","HISEQ13:138:C6FWNANXX:2:2306:15909:70235_1:130656640",7.4e-21
"7672","HISEQ13:138:C6FWNANXX:2:2103:5306:17747_1:77597453",7.4e-21
"7673","HISEQ13:138:C6FWNANXX:2:2113:19588:10327_1:92233882",7.4e-21
"7674","HISEQ13:138:C6FWNANXX:2:2212:5472:81839_1:115800285",7.4e-21
"7675","HISEQ13:138:C6FWNANXX:2:2306:13371:65982_1:130592751",7.4e-21
"7676","HISEQ13:138:C6FWNANXX:2:2114:10021:71276_1:94802801",7.5e-21
"7677","HISEQ13:138:C6FWNANXX:2:2216:18122:17179_1:121192173",7.5e-21
"7678","HISEQ13:138:C6FWNANXX:2:1106:20103:78755_1:8524149",7.5e-21
"7679","HISEQ13:138:C6FWNANXX:2:1303:10015:49516_1:53180987",7.5e-21
"7680","HISEQ13:138:C6FWNANXX:2:1306:2803:30864_1:57341710",7.5e-21
"7681","HISEQ13:138:C6FWNANXX:2:2305:10926:53454_1:128964170",7.5e-21
"7682","HISEQ13:138:C6FWNANXX:2:1111:9433:41247_1:15656281",7.5e-21
"7683","HISEQ13:138:C6FWNANXX:2:2206:4026:64180_1:106508599",7.5e-21
"7684","HISEQ13:138:C6FWNANXX:2:2109:12305:22587_1:86371775",7.5e-21
"7685","HISEQ13:138:C6FWNANXX:2:2204:17323:42840_1:103336466",7.5e-21
"7686","HISEQ13:138:C6FWNANXX:2:2302:2688:60606_1:124826226",7.5e-21
"7687","HISEQ13:138:C6FWNANXX:2:1210:14717:36586_1:38709479",7.5e-21
"7688","HISEQ13:138:C6FWNANXX:2:1304:19429:34042_1:54417907",7.5e-21
"7689","HISEQ13:138:C6FWNANXX:2:2208:1783:24976_1:108848667",7.5e-21
"7690","HISEQ13:138:C6FWNANXX:2:2304:16946:39034_1:127333145",7.5e-21
"7691","HISEQ13:138:C6FWNANXX:2:2306:18931:94682_1:131016318",7.5e-21
"7692","HISEQ13:138:C6FWNANXX:2:2315:3445:42676_1:144096064",7.6e-21
"7693","HISEQ13:138:C6FWNANXX:2:2211:21106:98776_1:114517462",7.6e-21
"7694","HISEQ13:138:C6FWNANXX:2:1114:3678:2599_1:19772831",7.6e-21
"7695","HISEQ13:138:C6FWNANXX:2:2211:12257:34178_1:113501399",7.6e-21
"7696","HISEQ13:138:C6FWNANXX:2:1209:3219:71096_1:37696128",7.6e-21
"7697","HISEQ13:138:C6FWNANXX:2:2205:4854:78128_1:105267948",7.6e-21
"7698","HISEQ13:138:C6FWNANXX:2:2306:7402:14087_1:129829942",7.6e-21
"7699","HISEQ13:138:C6FWNANXX:2:2215:6616:64111_1:120328851",7.6e-21
"7700","HISEQ13:138:C6FWNANXX:2:2313:11048:46207_1:140918340",7.6e-21
"7701","HISEQ13:138:C6FWNANXX:2:2214:11120:97487_1:119249799",7.6e-21
"7702","HISEQ13:138:C6FWNANXX:2:1302:19399:71821_1:52050255",7.8e-21
"7703","HISEQ13:138:C6FWNANXX:2:2114:6413:35355_1:94215996",7.8e-21
"7704","HISEQ13:138:C6FWNANXX:2:2302:15334:86269_1:125194406",7.8e-21
"7705","HISEQ13:138:C6FWNANXX:2:1102:8198:16136_1:1671368",7.8e-21
"7706","HISEQ13:138:C6FWNANXX:2:1311:12426:85597_1:65949495",7.8e-21
"7707","HISEQ13:138:C6FWNANXX:2:1108:19289:79906_1:11586910",7.8e-21
"7708","HISEQ13:138:C6FWNANXX:2:2107:4230:20069_1:83364268",7.8e-21
"7709","HISEQ13:138:C6FWNANXX:2:2216:16431:56149_1:121849019",7.8e-21
"7710","HISEQ13:138:C6FWNANXX:2:2115:7430:99573_1:96872801",7.8e-21
"7711","HISEQ13:138:C6FWNANXX:2:2115:9010:6737_1:95355729",7.8e-21
"7712","HISEQ13:138:C6FWNANXX:2:2112:11521:54571_1:91366465",7.8e-21
"7713","HISEQ13:138:C6FWNANXX:2:2103:21272:48374_1:78038529",7.8e-21
"7714","HISEQ13:138:C6FWNANXX:2:1208:17797:17009_1:35328105",7.9e-21
"7715","HISEQ13:138:C6FWNANXX:2:1312:15122:31559_1:66682400",7.9e-21
"7716","HISEQ13:138:C6FWNANXX:2:2212:5078:15380_1:114747145",7.9e-21
"7717","HISEQ13:138:C6FWNANXX:2:1205:10868:94872_1:32008183",7.9e-21
"7718","HISEQ13:138:C6FWNANXX:2:2105:4636:45266_1:80834381",7.9e-21
"7719","HISEQ13:138:C6FWNANXX:2:2103:3297:43624_1:77967714",7.9e-21
"7720","HISEQ13:138:C6FWNANXX:2:1312:16522:31430_1:66678625",7.9e-21
"7721","HISEQ13:138:C6FWNANXX:2:2113:13691:37252_1:92660889",7.9e-21
"7722","HISEQ13:138:C6FWNANXX:2:2215:2484:52876_1:120140842",7.9e-21
"7723","HISEQ13:138:C6FWNANXX:2:2112:4208:8775_1:90738386",7.9e-21
"7724","HISEQ13:138:C6FWNANXX:2:2308:14270:8871_1:132676204",7.9e-21
"7725","HISEQ13:138:C6FWNANXX:2:2110:8686:96640_1:89003153",8e-21
"7726","HISEQ13:138:C6FWNANXX:2:2213:16469:70272_1:117201539",8e-21
"7727","HISEQ13:138:C6FWNANXX:2:1202:1605:90968_1:27561854",8e-21
"7728","HISEQ13:138:C6FWNANXX:2:2313:8691:89678_1:141623137",8e-21
"7729","HISEQ13:138:C6FWNANXX:2:1205:6752:6271_1:30683223",8e-21
"7730","HISEQ13:138:C6FWNANXX:2:2101:2815:51942_1:75271406",8e-21
"7731","HISEQ13:138:C6FWNANXX:2:2309:15440:32885_1:134533165",8e-21
"7732","HISEQ13:138:C6FWNANXX:2:1203:8577:12814_1:27869912",8e-21
"7733","HISEQ13:138:C6FWNANXX:2:1101:18794:16686_1:219208",8e-21
"7734","HISEQ13:138:C6FWNANXX:2:2106:18886:35964_1:82139696",8e-21
"7735","HISEQ13:138:C6FWNANXX:2:2215:16393:88642_1:120736446",8.1e-21
"7736","HISEQ13:138:C6FWNANXX:2:1202:3463:27969_1:26638354",8.1e-21
"7737","HISEQ13:138:C6FWNANXX:2:2110:9457:73130_1:88645565",8.1e-21
"7738","HISEQ13:138:C6FWNANXX:2:2206:4026:64180_1:106508598",8.1e-21
"7739","HISEQ13:138:C6FWNANXX:2:2310:2723:67673_1:136578545",8.1e-21
"7740","HISEQ13:138:C6FWNANXX:2:2310:8251:60043_1:136465751",8.1e-21
"7741","HISEQ13:138:C6FWNANXX:2:1211:1876:64715_1:40719288",8.1e-21
"7742","HISEQ13:138:C6FWNANXX:2:2113:17445:95597_1:93595057",8.1e-21
"7743","HISEQ13:138:C6FWNANXX:2:2214:16598:7206_1:117775145",8.1e-21
"7744","HISEQ13:138:C6FWNANXX:2:2315:5638:13029_1:143607370",8.1e-21
"7745","HISEQ13:138:C6FWNANXX:2:1107:17290:33491_1:9339259",8.1e-21
"7746","HISEQ13:138:C6FWNANXX:2:1303:19133:47460_1:53149701",8.1e-21
"7747","HISEQ13:138:C6FWNANXX:2:2304:13307:91916_1:128090326",8.1e-21
"7748","HISEQ13:138:C6FWNANXX:2:2108:1871:59413_1:85428216",8.2e-21
"7749","HISEQ13:138:C6FWNANXX:2:2103:1962:16772_1:77586340",8.2e-21
"7750","HISEQ13:138:C6FWNANXX:2:1206:5507:90006_1:33428425",8.2e-21
"7751","HISEQ13:138:C6FWNANXX:2:2106:2714:48419_1:82321407",8.2e-21
"7752","HISEQ13:138:C6FWNANXX:2:1115:3719:7323_1:21514668",8.2e-21
"7753","HISEQ13:138:C6FWNANXX:2:1207:18103:87842_1:34898361",8.2e-21
"7754","HISEQ13:138:C6FWNANXX:2:1306:12954:28886_1:57312702",8.2e-21
"7755","HISEQ13:138:C6FWNANXX:2:2307:5311:93046_1:132457273",8.2e-21
"7756","HISEQ13:138:C6FWNANXX:2:1116:8017:96267_1:24725328",8.3e-21
"7757","HISEQ13:138:C6FWNANXX:2:1303:16163:83149_1:53676519",8.3e-21
"7758","HISEQ13:138:C6FWNANXX:2:2112:1885:62789_1:91494421",8.3e-21
"7759","HISEQ13:138:C6FWNANXX:2:1105:18569:35493_1:6365761",8.3e-21
"7760","HISEQ13:138:C6FWNANXX:2:1202:14652:49503_1:26959063",8.3e-21
"7761","HISEQ13:138:C6FWNANXX:2:1102:19900:56262_1:2265627",8.3e-21
"7762","HISEQ13:138:C6FWNANXX:2:2305:7370:43307_1:128817210",8.3e-21
"7763","HISEQ13:138:C6FWNANXX:2:1115:11241:97279_1:23043611",8.4e-21
"7764","HISEQ13:138:C6FWNANXX:2:1205:19710:46640_1:31287236",8.4e-21
"7765","HISEQ13:138:C6FWNANXX:2:2302:13777:84492_1:125165805",8.4e-21
"7766","HISEQ13:138:C6FWNANXX:2:1107:19462:75194_1:9979761",8.4e-21
"7767","HISEQ13:138:C6FWNANXX:2:1306:5810:81036_1:58108892",8.4e-21
"7768","HISEQ13:138:C6FWNANXX:2:2201:8108:62628_1:99389731",8.4e-21
"7769","HISEQ13:138:C6FWNANXX:2:2312:10309:99935_1:140193198",8.4e-21
"7770","HISEQ13:138:C6FWNANXX:2:1104:1505:100401_1:5853379",8.4e-21
"7771","HISEQ13:138:C6FWNANXX:2:1214:12491:52038_1:45357723",8.4e-21
"7772","HISEQ13:138:C6FWNANXX:2:2213:14903:17833_1:116358724",8.4e-21
"7773","HISEQ13:138:C6FWNANXX:2:2315:8112:95052_1:144962129",8.4e-21
"7774","HISEQ13:138:C6FWNANXX:2:1203:15497:70040_1:28713154",8.4e-21
"7775","HISEQ13:138:C6FWNANXX:2:1306:2337:39085_1:57466798",8.4e-21
"7776","HISEQ13:138:C6FWNANXX:2:1310:14748:33753_1:63535300",8.4e-21
"7777","HISEQ13:138:C6FWNANXX:2:2206:18959:45992_1:106242866",8.4e-21
"7778","HISEQ13:138:C6FWNANXX:2:2302:16354:79220_1:125091548",8.4e-21
"7779","HISEQ13:138:C6FWNANXX:2:1109:7872:41465_1:12532104",8.5e-21
"7780","HISEQ13:138:C6FWNANXX:2:1210:9572:18488_1:38420938",8.5e-21
"7781","HISEQ13:138:C6FWNANXX:2:1316:7790:51292_1:73698520",8.5e-21
"7782","HISEQ13:138:C6FWNANXX:2:1101:5170:8398_1:93685",8.5e-21
"7783","HISEQ13:138:C6FWNANXX:2:2101:4939:37975_1:75072690",8.5e-21
"7784","HISEQ13:138:C6FWNANXX:2:2302:3866:61515_1:124840696",8.5e-21
"7785","HISEQ13:138:C6FWNANXX:2:1103:14135:62504_1:3821550",8.5e-21
"7786","HISEQ13:138:C6FWNANXX:2:1116:5989:49933_1:23925749",8.5e-21
"7787","HISEQ13:138:C6FWNANXX:2:2209:7569:91599_1:111352126",8.5e-21
"7788","HISEQ13:138:C6FWNANXX:2:2307:11459:72752_1:132157612",8.5e-21
"7789","HISEQ13:138:C6FWNANXX:2:2214:8747:9805_1:117818518",8.6e-21
"7790","HISEQ13:138:C6FWNANXX:2:1105:7236:67324_1:6842991",8.6e-21
"7791","HISEQ13:138:C6FWNANXX:2:2105:6330:71926_1:81217258",8.6e-21
"7792","HISEQ13:138:C6FWNANXX:2:2302:8736:85365_1:125178960",8.6e-21
"7793","HISEQ13:138:C6FWNANXX:2:2310:14666:95079_1:137000583",8.6e-21
"7794","HISEQ13:138:C6FWNANXX:2:1316:3876:25437_1:73244174",8.7e-21
"7795","HISEQ13:138:C6FWNANXX:2:2204:5341:72301_1:103758719",8.7e-21
"7796","HISEQ13:138:C6FWNANXX:2:2313:14525:46155_1:140919039",8.7e-21
"7797","HISEQ13:138:C6FWNANXX:2:1211:13505:93928_1:41193281",8.8e-21
"7798","HISEQ13:138:C6FWNANXX:2:1102:20669:75825_1:2553631",8.8e-21
"7799","HISEQ13:138:C6FWNANXX:2:2312:16209:71760_1:139747423",8.8e-21
"7800","HISEQ13:138:C6FWNANXX:2:1113:13670:60952_1:19097020",8.8e-21
"7801","HISEQ13:138:C6FWNANXX:2:1208:4480:76220_1:36235193",8.8e-21
"7802","HISEQ13:138:C6FWNANXX:2:1215:9165:7907_1:46276776",8.8e-21
"7803","HISEQ13:138:C6FWNANXX:2:1304:13406:59839_1:54802723",8.8e-21
"7804","HISEQ13:138:C6FWNANXX:2:2202:9441:7066_1:100006334",8.8e-21
"7805","HISEQ13:138:C6FWNANXX:2:2202:8285:45515_1:100553151",8.9e-21
"7806","HISEQ13:138:C6FWNANXX:2:1310:10917:92009_1:64457713",8.9e-21
"7807","HISEQ13:138:C6FWNANXX:2:1311:7455:3995_1:64624197",8.9e-21
"7808","HISEQ13:138:C6FWNANXX:2:1215:19912:48535_1:46968824",8.9e-21
"7809","HISEQ13:138:C6FWNANXX:2:2201:7933:35782_1:99008692",8.9e-21
"7810","HISEQ13:138:C6FWNANXX:2:2201:20534:38028_1:99042580",8.9e-21
"7811","HISEQ13:138:C6FWNANXX:2:1104:6650:57722_1:5214768",8.9e-21
"7812","HISEQ13:138:C6FWNANXX:2:1304:15759:88249_1:55225088",8.9e-21
"7813","HISEQ13:138:C6FWNANXX:2:1215:16067:76535_1:47442265",9e-21
"7814","HISEQ13:138:C6FWNANXX:2:2309:15440:32885_1:134533166",9e-21
"7815","HISEQ13:138:C6FWNANXX:2:1103:7034:83054_1:4124506",9e-21
"7816","HISEQ13:138:C6FWNANXX:2:1210:3864:66558_1:39175415",9e-21
"7817","HISEQ13:138:C6FWNANXX:2:2101:10916:85223_1:75746053",9e-21
"7818","HISEQ13:138:C6FWNANXX:2:2101:18156:7937_1:74646433",9e-21
"7819","HISEQ13:138:C6FWNANXX:2:2204:8052:71930_1:103752058",9e-21
"7820","HISEQ13:138:C6FWNANXX:2:1107:3491:23517_1:9188135",9e-21
"7821","HISEQ13:138:C6FWNANXX:2:2204:9286:84861_1:103938939",9e-21
"7822","HISEQ13:138:C6FWNANXX:2:1203:1772:93350_1:29054285",9e-21
"7823","HISEQ13:138:C6FWNANXX:2:2101:5801:44042_1:75162057",9e-21
"7824","HISEQ13:138:C6FWNANXX:2:2210:3939:47555_1:112186507",9.1e-21
"7825","HISEQ13:138:C6FWNANXX:2:1108:2195:29070_1:10791545",9.1e-21
"7826","HISEQ13:138:C6FWNANXX:2:1111:13124:95684_1:16602298",9.1e-21
"7827","HISEQ13:138:C6FWNANXX:2:2204:17409:55114_1:103513298",9.1e-21
"7828","HISEQ13:138:C6FWNANXX:2:2215:20535:13374_1:119494761",9.1e-21
"7829","HISEQ13:138:C6FWNANXX:2:2309:12852:28883_1:134472234",9.1e-21
"7830","HISEQ13:138:C6FWNANXX:2:2214:3407:14499_1:117891151",9.1e-21
"7831","HISEQ13:138:C6FWNANXX:2:1110:19659:7253_1:13560687",9.2e-21
"7832","HISEQ13:138:C6FWNANXX:2:1206:4307:34748_1:32588235",9.2e-21
"7833","HISEQ13:138:C6FWNANXX:2:1215:15822:3155_1:46197332",9.2e-21
"7834","HISEQ13:138:C6FWNANXX:2:1314:5161:12953_1:69645906",9.2e-21
"7835","HISEQ13:138:C6FWNANXX:2:2101:1505:10031_1:74675893",9.2e-21
"7836","HISEQ13:138:C6FWNANXX:2:2307:20485:71938_1:132144278",9.2e-21
"7837","HISEQ13:138:C6FWNANXX:2:1108:6472:45740_1:11048613",9.2e-21
"7838","HISEQ13:138:C6FWNANXX:2:2306:10388:68132_1:130625764",9.2e-21
"7839","HISEQ13:138:C6FWNANXX:2:2109:13500:99126_1:87534601",9.2e-21
"7840","HISEQ13:138:C6FWNANXX:2:2206:5881:9458_1:105706593",9.3e-21
"7841","HISEQ13:138:C6FWNANXX:2:2109:9631:16225_1:86272211",9.3e-21
"7842","HISEQ13:138:C6FWNANXX:2:1115:20884:42359_1:22110755",9.3e-21
"7843","HISEQ13:138:C6FWNANXX:2:2102:12037:80008_1:77080146",9.3e-21
"7844","HISEQ13:138:C6FWNANXX:2:1210:19574:11692_1:38315952",9.3e-21
"7845","HISEQ13:138:C6FWNANXX:2:2111:5005:48659_1:89791256",9.3e-21
"7846","HISEQ13:138:C6FWNANXX:2:2202:7824:70079_1:100901367",9.3e-21
"7847","HISEQ13:138:C6FWNANXX:2:1213:1549:76815_1:44117504",9.3e-21
"7848","HISEQ13:138:C6FWNANXX:2:2301:14728:76714_1:123659340",9.3e-21
"7849","HISEQ13:138:C6FWNANXX:2:2311:5417:99616_1:138619865",9.3e-21
"7850","HISEQ13:138:C6FWNANXX:2:1309:16302:79053_1:62688766",9.3e-21
"7851","HISEQ13:138:C6FWNANXX:2:2101:4281:60288_1:75392607",9.3e-21
"7852","HISEQ13:138:C6FWNANXX:2:2208:8755:42163_1:109107237",9.4e-21
"7853","HISEQ13:138:C6FWNANXX:2:1114:7156:60331_1:20742282",9.4e-21
"7854","HISEQ13:138:C6FWNANXX:2:2104:11740:25704_1:79123248",9.4e-21
"7855","HISEQ13:138:C6FWNANXX:2:2201:6932:21759_1:98808063",9.4e-21
"7856","HISEQ13:138:C6FWNANXX:2:1313:7987:68427_1:68919547",9.4e-21
"7857","HISEQ13:138:C6FWNANXX:2:1314:12106:22420_1:69808663",9.4e-21
"7858","HISEQ13:138:C6FWNANXX:2:2201:18190:43860_1:99123756",9.4e-21
"7859","HISEQ13:138:C6FWNANXX:2:2212:18922:5733_1:114608861",9.4e-21
"7860","HISEQ13:138:C6FWNANXX:2:2305:13026:82304_1:129385396",9.4e-21
"7861","HISEQ13:138:C6FWNANXX:2:2312:7313:28392_1:139057066",9.4e-21
"7862","HISEQ13:138:C6FWNANXX:2:2115:13428:15055_1:95495903",9.4e-21
"7863","HISEQ13:138:C6FWNANXX:2:1203:11761:45125_1:28345968",9.5e-21
"7864","HISEQ13:138:C6FWNANXX:2:1304:8901:30065_1:54356682",9.5e-21
"7865","HISEQ13:138:C6FWNANXX:2:2315:20768:44610_1:144132388",9.5e-21
"7866","HISEQ13:138:C6FWNANXX:2:1305:15647:20394_1:55692120",9.6e-21
"7867","HISEQ13:138:C6FWNANXX:2:2108:7502:15529_1:84771447",9.7e-21
"7868","HISEQ13:138:C6FWNANXX:2:2112:10812:77624_1:91730375",9.7e-21
"7869","HISEQ13:138:C6FWNANXX:2:1106:4004:36580_1:7875875",9.7e-21
"7870","HISEQ13:138:C6FWNANXX:2:1214:7655:57121_1:45440416",9.7e-21
"7871","HISEQ13:138:C6FWNANXX:2:2109:13212:2203_1:86060055",9.7e-21
"7872","HISEQ13:138:C6FWNANXX:2:2215:16083:44884_1:120012690",9.7e-21
"7873","HISEQ13:138:C6FWNANXX:2:2310:10850:28155_1:135972917",9.7e-21
"7874","HISEQ13:138:C6FWNANXX:2:2205:4854:78128_1:105267947",9.7e-21
"7875","HISEQ13:138:C6FWNANXX:2:2213:9511:24521_1:116464795",9.7e-21
"7876","HISEQ13:138:C6FWNANXX:2:2101:12924:16677_1:74770720",9.7e-21
"7877","HISEQ13:138:C6FWNANXX:2:2115:2387:11149_1:95428111",9.7e-21
"7878","HISEQ13:138:C6FWNANXX:2:1306:11110:71571_1:57965021",9.8e-21
"7879","HISEQ13:138:C6FWNANXX:2:2116:9659:58212_1:97821720",9.8e-21
"7880","HISEQ13:138:C6FWNANXX:2:1101:8036:19189_1:254303",9.8e-21
"7881","HISEQ13:138:C6FWNANXX:2:2211:9584:16633_1:113226757",9.8e-21
"7882","HISEQ13:138:C6FWNANXX:2:1114:17818:80610_1:21085140",9.8e-21
"7883","HISEQ13:138:C6FWNANXX:2:1114:7728:67764_1:20868652",9.8e-21
"7884","HISEQ13:138:C6FWNANXX:2:1208:11876:22599_1:35411168",9.8e-21
"7885","HISEQ13:138:C6FWNANXX:2:2208:17357:49465_1:109217633",9.8e-21
"7886","HISEQ13:138:C6FWNANXX:2:1214:17617:45356_1:45245434",9.8e-21
"7887","HISEQ13:138:C6FWNANXX:2:1303:15840:76741_1:53580381",9.9e-21
"7888","HISEQ13:138:C6FWNANXX:2:2103:12116:84372_1:78547443",9.9e-21
"7889","HISEQ13:138:C6FWNANXX:2:2302:7567:85952_1:125186078",9.9e-21
"7890","HISEQ13:138:C6FWNANXX:2:2307:11395:27895_1:131489475",9.9e-21
"7891","HISEQ13:138:C6FWNANXX:2:1104:3556:16632_1:4603416",9.9e-21
"7892","HISEQ13:138:C6FWNANXX:2:1212:19157:26064_1:41664970",9.9e-21
"7893","HISEQ13:138:C6FWNANXX:2:1315:18538:49420_1:71951007",9.9e-21
"7894","HISEQ13:138:C6FWNANXX:2:2115:15152:87261_1:96672428",9.9e-21
"7895","HISEQ13:138:C6FWNANXX:2:2212:16063:19206_1:114807492",9.9e-21
"7896","HISEQ13:138:C6FWNANXX:2:2302:8142:31457_1:124415731",9.9e-21
"7897","HISEQ13:138:C6FWNANXX:2:1315:7681:83279_1:72533884",9.9e-21
"7898","HISEQ13:138:C6FWNANXX:2:1116:17554:66346_1:24210073",9.9e-21
"7899","HISEQ13:138:C6FWNANXX:2:2305:13318:17202_1:128437816",9.9e-21
"7900","HISEQ13:138:C6FWNANXX:2:1207:15859:17424_1:33826700",9.9e-21
"7901","HISEQ13:138:C6FWNANXX:2:2206:12749:27153_1:105967099",9.9e-21
"7902","HISEQ13:138:C6FWNANXX:2:2216:19059:45447_1:121667670",9.9e-21
"7903","HISEQ13:138:C6FWNANXX:2:1110:4053:41140_1:14090235",9.9e-21
"7904","HISEQ13:138:C6FWNANXX:2:1302:20799:10002_1:51142932",9.9e-21
"7905","HISEQ13:138:C6FWNANXX:2:1314:18843:84360_1:70863864",9.9e-21
"7906","HISEQ13:138:C6FWNANXX:2:2203:8521:35966_1:101824930",1e-20
"7907","HISEQ13:138:C6FWNANXX:2:2111:13302:75708_1:90234002",1e-20
"7908","HISEQ13:138:C6FWNANXX:2:2209:17977:59848_1:110870808",1e-20
"7909","HISEQ13:138:C6FWNANXX:2:1204:14658:99665_1:30601239",1e-20
"7910","HISEQ13:138:C6FWNANXX:2:1111:8072:7476_1:15118020",1e-20
"7911","HISEQ13:138:C6FWNANXX:2:1203:18925:74522_1:28780815",1e-20
"7912","HISEQ13:138:C6FWNANXX:2:1101:16040:5150_1:47721",1e-20
"7913","HISEQ13:138:C6FWNANXX:2:2215:14989:51605_1:120122937",1e-20
"7914","HISEQ13:138:C6FWNANXX:2:2304:14982:81190_1:127935751",1e-20
"7915","HISEQ13:138:C6FWNANXX:2:1211:7782:54048_1:40551341",1e-20
"7916","HISEQ13:138:C6FWNANXX:2:2311:2255:28931_1:137505376",1e-20
"7917","HISEQ13:138:C6FWNANXX:2:2315:21026:89771_1:144876738",1e-20
"7918","HISEQ13:138:C6FWNANXX:2:1109:3518:50206_1:12668986",1e-20
"7919","HISEQ13:138:C6FWNANXX:2:1306:15641:90124_1:58248085",1e-20
"7920","HISEQ13:138:C6FWNANXX:2:1309:10992:31228_1:61927433",1e-20
"7921","HISEQ13:138:C6FWNANXX:2:1314:21161:28597_1:69916707",1e-20
"7922","HISEQ13:138:C6FWNANXX:2:2113:1783:82280_1:93379437",1e-20
"7923","HISEQ13:138:C6FWNANXX:2:2203:3073:5829_1:101395967",1e-20
"7924","HISEQ13:138:C6FWNANXX:2:1314:14072:62871_1:70496593",1e-20
"7925","HISEQ13:138:C6FWNANXX:2:2109:11567:85735_1:87329285",1e-20
"7926","HISEQ13:138:C6FWNANXX:2:2204:17409:55114_1:103513297",1e-20
"7927","HISEQ13:138:C6FWNANXX:2:1306:8445:58619_1:57765692",1e-20
"7928","HISEQ13:138:C6FWNANXX:2:1312:3153:12938_1:66373479",1e-20
"7929","HISEQ13:138:C6FWNANXX:2:2105:19754:79982_1:81336454",1e-20
"7930","HISEQ13:138:C6FWNANXX:2:1304:8769:66654_1:54902783",1e-20
"7931","HISEQ13:138:C6FWNANXX:2:1209:10063:31928_1:37084297",1e-20
"7932","HISEQ13:138:C6FWNANXX:2:2101:12654:43663_1:75156273",1e-20
"7933","HISEQ13:138:C6FWNANXX:2:2116:9441:45596_1:97615879",1e-20
"7934","HISEQ13:138:C6FWNANXX:2:1202:1605:90968_1:27561853",1e-20
"7935","HISEQ13:138:C6FWNANXX:2:1210:4948:12749_1:38328783",1.1e-20
"7936","HISEQ13:138:C6FWNANXX:2:2216:6358:21166_1:121256138",1.1e-20
"7937","HISEQ13:138:C6FWNANXX:2:2311:1944:82820_1:138354998",1.1e-20
"7938","HISEQ13:138:C6FWNANXX:2:1115:2863:58889_1:22385857",1.1e-20
"7939","HISEQ13:138:C6FWNANXX:2:2314:12011:19398_1:142086292",1.1e-20
"7940","HISEQ13:138:C6FWNANXX:2:1214:7485:82519_1:45869854",1.1e-20
"7941","HISEQ13:138:C6FWNANXX:2:1116:16633:69349_1:24262148",1.1e-20
"7942","HISEQ13:138:C6FWNANXX:2:2310:17791:54461_1:136379491",1.1e-20
"7943","HISEQ13:138:C6FWNANXX:2:2216:7268:73589_1:122144965",1.1e-20
"7944","HISEQ13:138:C6FWNANXX:2:2203:1477:80348_1:102459050",1.1e-20
"7945","HISEQ13:138:C6FWNANXX:2:1206:14113:20449_1:32374317",1.1e-20
"7946","HISEQ13:138:C6FWNANXX:2:1106:8849:44720_1:7998917",1.1e-20
"7947","HISEQ13:138:C6FWNANXX:2:1115:9148:46224_1:22170894",1.1e-20
"7948","HISEQ13:138:C6FWNANXX:2:1116:16936:82481_1:24487505",1.1e-20
"7949","HISEQ13:138:C6FWNANXX:2:2110:6902:97390_1:89014431",1.1e-20
"7950","HISEQ13:138:C6FWNANXX:2:2209:17193:12180_1:110146672",1.1e-20
"7951","HISEQ13:138:C6FWNANXX:2:2209:4759:78360_1:111149524",1.1e-20
"7952","HISEQ13:138:C6FWNANXX:2:2210:16744:21146_1:111785225",1.1e-20
"7953","HISEQ13:138:C6FWNANXX:2:2216:3274:87470_1:122377205",1.1e-20
"7954","HISEQ13:138:C6FWNANXX:2:2312:9807:35435_1:139167511",1.1e-20
"7955","HISEQ13:138:C6FWNANXX:2:2209:10217:32979_1:110459603",1.1e-20
"7956","HISEQ13:138:C6FWNANXX:2:1107:19346:41034_1:9458235",1.1e-20
"7957","HISEQ13:138:C6FWNANXX:2:1212:14853:28261_1:41701224",1.1e-20
"7958","HISEQ13:138:C6FWNANXX:2:1306:15783:16521_1:57126202",1.1e-20
"7959","HISEQ13:138:C6FWNANXX:2:2102:6103:87930_1:77190521",1.1e-20
"7960","HISEQ13:138:C6FWNANXX:2:1110:4549:58763_1:14371738",1.1e-20
"7961","HISEQ13:138:C6FWNANXX:2:1205:15828:88519_1:31915484",1.1e-20
"7962","HISEQ13:138:C6FWNANXX:2:2203:14601:80327_1:102461366",1.1e-20
"7963","HISEQ13:138:C6FWNANXX:2:2204:12160:48582_1:103418352",1.1e-20
"7964","HISEQ13:138:C6FWNANXX:2:2305:6618:68704_1:129184158",1.1e-20
"7965","HISEQ13:138:C6FWNANXX:2:2310:12601:50646_1:136319915",1.1e-20
"7966","HISEQ13:138:C6FWNANXX:2:1315:14685:17017_1:71399452",1.1e-20
"7967","HISEQ13:138:C6FWNANXX:2:2314:15539:6230_1:141871465",1.1e-20
"7968","HISEQ13:138:C6FWNANXX:2:1115:15841:74264_1:22650684",1.1e-20
"7969","HISEQ13:138:C6FWNANXX:2:2209:21105:56547_1:110821838",1.1e-20
"7970","HISEQ13:138:C6FWNANXX:2:1111:2139:54949_1:15877416",1.1e-20
"7971","HISEQ13:138:C6FWNANXX:2:1205:16938:67510_1:31600429",1.1e-20
"7972","HISEQ13:138:C6FWNANXX:2:1110:2141:86934_1:14810542",1.1e-20
"7973","HISEQ13:138:C6FWNANXX:2:1206:9623:90337_1:33432947",1.1e-20
"7974","HISEQ13:138:C6FWNANXX:2:1201:3359:69692_1:25799064",1.1e-20
"7975","HISEQ13:138:C6FWNANXX:2:1209:1590:74361_1:37746707",1.1e-20
"7976","HISEQ13:138:C6FWNANXX:2:1303:17842:84070_1:53691832",1.1e-20
"7977","HISEQ13:138:C6FWNANXX:2:1310:13928:45258_1:63718201",1.2e-20
"7978","HISEQ13:138:C6FWNANXX:2:2303:2471:92148_1:126674542",1.2e-20
"7979","HISEQ13:138:C6FWNANXX:2:1110:5073:19332_1:13747470",1.2e-20
"7980","HISEQ13:138:C6FWNANXX:2:2204:9856:21944_1:103034992",1.2e-20
"7981","HISEQ13:138:C6FWNANXX:2:2303:18800:98948_1:126774028",1.2e-20
"7982","HISEQ13:138:C6FWNANXX:2:1306:13822:75461_1:58023137",1.2e-20
"7983","HISEQ13:138:C6FWNANXX:2:1205:6314:26044_1:30978340",1.2e-20
"7984","HISEQ13:138:C6FWNANXX:2:2209:13051:69909_1:111022200",1.2e-20
"7985","HISEQ13:138:C6FWNANXX:2:2316:8996:5629_1:145117473",1.2e-20
"7986","HISEQ13:138:C6FWNANXX:2:1209:21383:76588_1:37785564",1.2e-20
"7987","HISEQ13:138:C6FWNANXX:2:1112:20465:49053_1:17283043",1.2e-20
"7988","HISEQ13:138:C6FWNANXX:2:1207:9554:95096_1:35006907",1.2e-20
"7989","HISEQ13:138:C6FWNANXX:2:2108:18297:23730_1:84892586",1.2e-20
"7990","HISEQ13:138:C6FWNANXX:2:2109:4786:97322_1:87506733",1.2e-20
"7991","HISEQ13:138:C6FWNANXX:2:1303:16163:83149_1:53676518",1.2e-20
"7992","HISEQ13:138:C6FWNANXX:2:1311:14038:32377_1:65083163",1.2e-20
"7993","HISEQ13:138:C6FWNANXX:2:1208:11262:37621_1:35641534",1.2e-20
"7994","HISEQ13:138:C6FWNANXX:2:1110:14652:89665_1:14856812",1.2e-20
"7995","HISEQ13:138:C6FWNANXX:2:1204:14797:33382_1:29616849",1.2e-20
"7996","HISEQ13:138:C6FWNANXX:2:1315:12535:84777_1:72561045",1.2e-20
"7997","HISEQ13:138:C6FWNANXX:2:2111:3548:62437_1:90011670",1.2e-20
"7998","HISEQ13:138:C6FWNANXX:2:2305:16416:77962_1:129320402",1.2e-20
"7999","HISEQ13:138:C6FWNANXX:2:1106:7308:51417_1:8101286",1.2e-20
"8000","HISEQ13:138:C6FWNANXX:2:1204:6587:51408_1:29883026",1.2e-20
"8001","HISEQ13:138:C6FWNANXX:2:1307:9678:62501_1:59342086",1.2e-20
"8002","HISEQ13:138:C6FWNANXX:2:1315:10897:59464_1:72121060",1.2e-20
"8003","HISEQ13:138:C6FWNANXX:2:2209:4940:27363_1:110375558",1.2e-20
"8004","HISEQ13:138:C6FWNANXX:2:2309:2980:14963_1:134257547",1.2e-20
"8005","HISEQ13:138:C6FWNANXX:2:2311:6781:11718_1:137236598",1.2e-20
"8006","HISEQ13:138:C6FWNANXX:2:1312:7074:88911_1:67620297",1.2e-20
"8007","HISEQ13:138:C6FWNANXX:2:1313:1334:32373_1:68318394",1.2e-20
"8008","HISEQ13:138:C6FWNANXX:2:1103:8914:84760_1:4151084",1.2e-20
"8009","HISEQ13:138:C6FWNANXX:2:1104:4355:97307_1:5809111",1.2e-20
"8010","HISEQ13:138:C6FWNANXX:2:2314:2984:28406_1:142230886",1.2e-20
"8011","HISEQ13:138:C6FWNANXX:2:1208:6351:64804_1:36061019",1.2e-20
"8012","HISEQ13:138:C6FWNANXX:2:1101:4992:97916_1:1417380",1.2e-20
"8013","HISEQ13:138:C6FWNANXX:2:1110:4053:41140_1:14090234",1.2e-20
"8014","HISEQ13:138:C6FWNANXX:2:1302:20799:10002_1:51142933",1.2e-20
"8015","HISEQ13:138:C6FWNANXX:2:1107:20831:67640_1:9865373",1.2e-20
"8016","HISEQ13:138:C6FWNANXX:2:2310:7835:17039_1:135801542",1.2e-20
"8017","HISEQ13:138:C6FWNANXX:2:1111:12602:43429_1:15692933",1.2e-20
"8018","HISEQ13:138:C6FWNANXX:2:1106:9652:57194_1:8189452",1.2e-20
"8019","HISEQ13:138:C6FWNANXX:2:2301:10080:90104_1:123849384",1.2e-20
"8020","HISEQ13:138:C6FWNANXX:2:2307:11459:72752_1:132157613",1.2e-20
"8021","HISEQ13:138:C6FWNANXX:2:1116:13237:22368_1:23454905",1.2e-20
"8022","HISEQ13:138:C6FWNANXX:2:1213:14589:40315_1:43515939",1.2e-20
"8023","HISEQ13:138:C6FWNANXX:2:1216:6806:11253_1:48016870",1.2e-20
"8024","HISEQ13:138:C6FWNANXX:2:1309:18199:30376_1:61917115",1.2e-20
"8025","HISEQ13:138:C6FWNANXX:2:2309:17636:31350_1:134510784",1.2e-20
"8026","HISEQ13:138:C6FWNANXX:2:1314:17385:94527_1:71037131",1.2e-20
"8027","HISEQ13:138:C6FWNANXX:2:2103:3457:55103_1:78130700",1.2e-20
"8028","HISEQ13:138:C6FWNANXX:2:2111:4112:27132_1:89455267",1.2e-20
"8029","HISEQ13:138:C6FWNANXX:2:2215:2484:52876_1:120140843",1.2e-20
"8030","HISEQ13:138:C6FWNANXX:2:1112:3237:28592_1:16947245",1.2e-20
"8031","HISEQ13:138:C6FWNANXX:2:1314:5704:66081_1:70550214",1.2e-20
"8032","HISEQ13:138:C6FWNANXX:2:1209:7152:93360_1:38044919",1.2e-20
"8033","HISEQ13:138:C6FWNANXX:2:1215:20621:38280_1:46796175",1.2e-20
"8034","HISEQ13:138:C6FWNANXX:2:2210:17791:47805_1:112192938",1.3e-20
"8035","HISEQ13:138:C6FWNANXX:2:1110:21203:21393_1:13782179",1.3e-20
"8036","HISEQ13:138:C6FWNANXX:2:1115:11241:97279_1:23043610",1.3e-20
"8037","HISEQ13:138:C6FWNANXX:2:1201:6920:82547_1:25990629",1.3e-20
"8038","HISEQ13:138:C6FWNANXX:2:1305:18569:24046_1:55748760",1.3e-20
"8039","HISEQ13:138:C6FWNANXX:2:2208:18721:23922_1:108836582",1.3e-20
"8040","HISEQ13:138:C6FWNANXX:2:1303:13577:84514_1:53698444",1.3e-20
"8041","HISEQ13:138:C6FWNANXX:2:1103:19678:57583_1:3748483",1.3e-20
"8042","HISEQ13:138:C6FWNANXX:2:2114:7371:84956_1:95020624",1.3e-20
"8043","HISEQ13:138:C6FWNANXX:2:2308:12509:52135_1:133327796",1.3e-20
"8044","HISEQ13:138:C6FWNANXX:2:1112:14449:92469_1:17987705",1.3e-20
"8045","HISEQ13:138:C6FWNANXX:2:2114:3729:48781_1:94434044",1.3e-20
"8046","HISEQ13:138:C6FWNANXX:2:2202:3384:11097_1:100062660",1.3e-20
"8047","HISEQ13:138:C6FWNANXX:2:2305:16416:77962_1:129320401",1.3e-20
"8048","HISEQ13:138:C6FWNANXX:2:2201:3766:21091_1:98796760",1.3e-20
"8049","HISEQ13:138:C6FWNANXX:2:2212:9649:69985_1:115609143",1.3e-20
"8050","HISEQ13:138:C6FWNANXX:2:2311:5975:11858_1:137240320",1.3e-20
"8051","HISEQ13:138:C6FWNANXX:2:2313:17475:80980_1:141482983",1.3e-20
"8052","HISEQ13:138:C6FWNANXX:2:2103:14230:43565_1:77969694",1.3e-20
"8053","HISEQ13:138:C6FWNANXX:2:1202:10429:90829_1:27563390",1.3e-20
"8054","HISEQ13:138:C6FWNANXX:2:1313:16132:72670_1:68993113",1.3e-20
"8055","HISEQ13:138:C6FWNANXX:2:2101:12007:27302_1:74924346",1.3e-20
"8056","HISEQ13:138:C6FWNANXX:2:2105:7928:88199_1:81454739",1.3e-20
"8057","HISEQ13:138:C6FWNANXX:2:2203:10970:68259_1:102289925",1.3e-20
"8058","HISEQ13:138:C6FWNANXX:2:2106:10585:64858_1:82566161",1.3e-20
"8059","HISEQ13:138:C6FWNANXX:2:2304:12514:65714_1:127713511",1.3e-20
"8060","HISEQ13:138:C6FWNANXX:2:1107:16000:96771_1:10313225",1.3e-20
"8061","HISEQ13:138:C6FWNANXX:2:1210:2836:4918_1:38206765",1.3e-20
"8062","HISEQ13:138:C6FWNANXX:2:2102:18446:13140_1:76128834",1.3e-20
"8063","HISEQ13:138:C6FWNANXX:2:2309:1796:25548_1:134420810",1.3e-20
"8064","HISEQ13:138:C6FWNANXX:2:1105:20988:85658_1:7120838",1.3e-20
"8065","HISEQ13:138:C6FWNANXX:2:1112:6551:98062_1:18080818",1.3e-20
"8066","HISEQ13:138:C6FWNANXX:2:1204:21361:94131_1:30520643",1.3e-20
"8067","HISEQ13:138:C6FWNANXX:2:1208:2694:20951_1:35382682",1.3e-20
"8068","HISEQ13:138:C6FWNANXX:2:1306:3994:41180_1:57497586",1.3e-20
"8069","HISEQ13:138:C6FWNANXX:2:1307:2151:80027_1:59610153",1.3e-20
"8070","HISEQ13:138:C6FWNANXX:2:2109:11591:49847_1:86784343",1.3e-20
"8071","HISEQ13:138:C6FWNANXX:2:2109:12496:81985_1:87272568",1.3e-20
"8072","HISEQ13:138:C6FWNANXX:2:2213:15395:9429_1:116223435",1.3e-20
"8073","HISEQ13:138:C6FWNANXX:2:2214:17978:42581_1:118354247",1.3e-20
"8074","HISEQ13:138:C6FWNANXX:2:2302:5008:16070_1:124200270",1.3e-20
"8075","HISEQ13:138:C6FWNANXX:2:2113:7346:53501_1:92919601",1.3e-20
"8076","HISEQ13:138:C6FWNANXX:2:1202:6716:91107_1:27566390",1.3e-20
"8077","HISEQ13:138:C6FWNANXX:2:1206:18582:95241_1:33506401",1.3e-20
"8078","HISEQ13:138:C6FWNANXX:2:1310:5786:8688_1:63133210",1.3e-20
"8079","HISEQ13:138:C6FWNANXX:2:2109:11591:49847_1:86784344",1.3e-20
"8080","HISEQ13:138:C6FWNANXX:2:2206:9017:87272_1:106850247",1.3e-20
"8081","HISEQ13:138:C6FWNANXX:2:1109:9432:18623_1:12174590",1.3e-20
"8082","HISEQ13:138:C6FWNANXX:2:1203:4507:5967_1:27766199",1.3e-20
"8083","HISEQ13:138:C6FWNANXX:2:1214:4926:11149_1:44667898",1.3e-20
"8084","HISEQ13:138:C6FWNANXX:2:2101:3590:96493_1:75904272",1.3e-20
"8085","HISEQ13:138:C6FWNANXX:2:2305:17120:51101_1:128932565",1.3e-20
"8086","HISEQ13:138:C6FWNANXX:2:2311:10183:30900_1:137538399",1.3e-20
"8087","HISEQ13:138:C6FWNANXX:2:1204:17339:96911_1:30560794",1.3e-20
"8088","HISEQ13:138:C6FWNANXX:2:2105:17133:25703_1:80549758",1.3e-20
"8089","HISEQ13:138:C6FWNANXX:2:2214:16892:41847_1:118341910",1.3e-20
"8090","HISEQ13:138:C6FWNANXX:2:1315:16067:96220_1:72758632",1.3e-20
"8091","HISEQ13:138:C6FWNANXX:2:2204:16714:39486_1:103286549",1.3e-20
"8092","HISEQ13:138:C6FWNANXX:2:2209:10409:91276_1:111348825",1.3e-20
"8093","HISEQ13:138:C6FWNANXX:2:1303:7525:12017_1:52625597",1.3e-20
"8094","HISEQ13:138:C6FWNANXX:2:2208:2960:45549_1:109158858",1.3e-20
"8095","HISEQ13:138:C6FWNANXX:2:2315:1494:84628_1:144785203",1.3e-20
"8096","HISEQ13:138:C6FWNANXX:2:2102:12726:98295_1:77341137",1.3e-20
"8097","HISEQ13:138:C6FWNANXX:2:2303:2077:91918_1:126670942",1.3e-20
"8098","HISEQ13:138:C6FWNANXX:2:1209:5149:84565_1:37907719",1.3e-20
"8099","HISEQ13:138:C6FWNANXX:2:1309:13732:34170_1:61975477",1.3e-20
"8100","HISEQ13:138:C6FWNANXX:2:2216:8399:11841_1:121102552",1.3e-20
"8101","HISEQ13:138:C6FWNANXX:2:1111:14481:17136_1:15275077",1.4e-20
"8102","HISEQ13:138:C6FWNANXX:2:2206:1795:38852_1:106136782",1.4e-20
"8103","HISEQ13:138:C6FWNANXX:2:1116:10877:98853_1:24768818",1.4e-20
"8104","HISEQ13:138:C6FWNANXX:2:1303:10135:46310_1:53133413",1.4e-20
"8105","HISEQ13:138:C6FWNANXX:2:1313:7202:76121_1:69049638",1.4e-20
"8106","HISEQ13:138:C6FWNANXX:2:2305:12991:32951_1:128665135",1.4e-20
"8107","HISEQ13:138:C6FWNANXX:2:2313:17069:47165_1:140935672",1.4e-20
"8108","HISEQ13:138:C6FWNANXX:2:2315:10703:96379_1:144983596",1.4e-20
"8109","HISEQ13:138:C6FWNANXX:2:1106:2993:18559_1:7601881",1.4e-20
"8110","HISEQ13:138:C6FWNANXX:2:2204:20546:25048_1:103083023",1.4e-20
"8111","HISEQ13:138:C6FWNANXX:2:1209:15066:51341_1:37388976",1.4e-20
"8112","HISEQ13:138:C6FWNANXX:2:1111:15299:77308_1:16266951",1.4e-20
"8113","HISEQ13:138:C6FWNANXX:2:1104:2620:50921_1:5113732",1.4e-20
"8114","HISEQ13:138:C6FWNANXX:2:2109:13163:11343_1:86200111",1.4e-20
"8115","HISEQ13:138:C6FWNANXX:2:2312:9977:38797_1:139223132",1.4e-20
"8116","HISEQ13:138:C6FWNANXX:2:2109:4905:75497_1:87172478",1.4e-20
"8117","HISEQ13:138:C6FWNANXX:2:2211:16360:15800_1:113216367",1.4e-20
"8118","HISEQ13:138:C6FWNANXX:2:2306:5086:68298_1:130628482",1.4e-20
"8119","HISEQ13:138:C6FWNANXX:2:1308:11764:6361_1:59997462",1.4e-20
"8120","HISEQ13:138:C6FWNANXX:2:1301:5538:76700_1:50665341",1.4e-20
"8121","HISEQ13:138:C6FWNANXX:2:1309:19637:37529_1:62032226",1.4e-20
"8122","HISEQ13:138:C6FWNANXX:2:2106:17403:9914_1:81758384",1.4e-20
"8123","HISEQ13:138:C6FWNANXX:2:2203:12812:67131_1:102272408",1.4e-20
"8124","HISEQ13:138:C6FWNANXX:2:2306:2300:72239_1:130683328",1.4e-20
"8125","HISEQ13:138:C6FWNANXX:2:1111:19296:79241_1:16299446",1.4e-20
"8126","HISEQ13:138:C6FWNANXX:2:2305:21001:26227_1:128568824",1.4e-20
"8127","HISEQ13:138:C6FWNANXX:2:1105:2725:89750_1:7181479",1.4e-20
"8128","HISEQ13:138:C6FWNANXX:2:1105:9675:76471_1:6979152",1.4e-20
"8129","HISEQ13:138:C6FWNANXX:2:2102:12037:80008_1:77080147",1.4e-20
"8130","HISEQ13:138:C6FWNANXX:2:2102:15329:62087_1:76823318",1.4e-20
"8131","HISEQ13:138:C6FWNANXX:2:2209:2423:88927_1:111309495",1.4e-20
"8132","HISEQ13:138:C6FWNANXX:2:2312:3309:71336_1:139736809",1.4e-20
"8133","HISEQ13:138:C6FWNANXX:2:1112:15767:32647_1:17014965",1.4e-20
"8134","HISEQ13:138:C6FWNANXX:2:2209:5134:49298_1:110708491",1.4e-20
"8135","HISEQ13:138:C6FWNANXX:2:1307:21319:24096_1:58751825",1.4e-20
"8136","HISEQ13:138:C6FWNANXX:2:1112:1550:76960_1:17731289",1.4e-20
"8137","HISEQ13:138:C6FWNANXX:2:1216:16472:10938_1:48010361",1.4e-20
"8138","HISEQ13:138:C6FWNANXX:2:1308:6168:57299_1:60786732",1.4e-20
"8139","HISEQ13:138:C6FWNANXX:2:2311:4903:10884_1:137224531",1.4e-20
"8140","HISEQ13:138:C6FWNANXX:2:2304:11048:70730_1:127784803",1.4e-20
"8141","HISEQ13:138:C6FWNANXX:2:1316:9775:53542_1:73738448",1.4e-20
"8142","HISEQ13:138:C6FWNANXX:2:2107:9553:58946_1:83940070",1.4e-20
"8143","HISEQ13:138:C6FWNANXX:2:2106:10410:69436_1:82632600",1.4e-20
"8144","HISEQ13:138:C6FWNANXX:2:1108:17444:35682_1:10895199",1.4e-20
"8145","HISEQ13:138:C6FWNANXX:2:2215:10406:62861_1:120308711",1.4e-20
"8146","HISEQ13:138:C6FWNANXX:2:2310:11912:67806_1:136584167",1.4e-20
"8147","HISEQ13:138:C6FWNANXX:2:1211:4050:6380_1:39782291",1.4e-20
"8148","HISEQ13:138:C6FWNANXX:2:2105:9301:54308_1:80966152",1.4e-20
"8149","HISEQ13:138:C6FWNANXX:2:1201:13239:64007_1:25719307",1.4e-20
"8150","HISEQ13:138:C6FWNANXX:2:1216:19831:63474_1:48919546",1.4e-20
"8151","HISEQ13:138:C6FWNANXX:2:2116:18926:11203_1:97046652",1.4e-20
"8152","HISEQ13:138:C6FWNANXX:2:1111:2845:75105_1:16224002",1.4e-20
"8153","HISEQ13:138:C6FWNANXX:2:2107:17880:19486_1:83355908",1.4e-20
"8154","HISEQ13:138:C6FWNANXX:2:2314:10764:97018_1:143364774",1.4e-20
"8155","HISEQ13:138:C6FWNANXX:2:1301:14002:81600_1:50740639",1.5e-20
"8156","HISEQ13:138:C6FWNANXX:2:2308:5307:59048_1:133431591",1.5e-20
"8157","HISEQ13:138:C6FWNANXX:2:1315:3038:72030_1:72339239",1.5e-20
"8158","HISEQ13:138:C6FWNANXX:2:1101:7942:19410_1:258049",1.5e-20
"8159","HISEQ13:138:C6FWNANXX:2:2113:20967:22362_1:92423118",1.5e-20
"8160","HISEQ13:138:C6FWNANXX:2:2311:18346:39554_1:137676880",1.5e-20
"8161","HISEQ13:138:C6FWNANXX:2:2113:5574:40433_1:92707222",1.5e-20
"8162","HISEQ13:138:C6FWNANXX:2:1310:16103:53662_1:63851027",1.5e-20
"8163","HISEQ13:138:C6FWNANXX:2:1114:2606:74665_1:20981295",1.5e-20
"8164","HISEQ13:138:C6FWNANXX:2:1204:17648:54432_1:29930019",1.5e-20
"8165","HISEQ13:138:C6FWNANXX:2:1209:2972:97451_1:38107074",1.5e-20
"8166","HISEQ13:138:C6FWNANXX:2:1305:19201:20503_1:55696541",1.5e-20
"8167","HISEQ13:138:C6FWNANXX:2:1308:18588:94363_1:61370119",1.5e-20
"8168","HISEQ13:138:C6FWNANXX:2:1311:12426:85597_1:65949494",1.5e-20
"8169","HISEQ13:138:C6FWNANXX:2:2316:14717:22512_1:145406268",1.5e-20
"8170","HISEQ13:138:C6FWNANXX:2:1202:14258:47549_1:26929645",1.5e-20
"8171","HISEQ13:138:C6FWNANXX:2:1116:12017:91074_1:24637238",1.5e-20
"8172","HISEQ13:138:C6FWNANXX:2:1209:13599:88066_1:37963928",1.5e-20
"8173","HISEQ13:138:C6FWNANXX:2:2206:6731:76799_1:106697542",1.5e-20
"8174","HISEQ13:138:C6FWNANXX:2:2207:11363:22509_1:107352452",1.5e-20
"8175","HISEQ13:138:C6FWNANXX:2:2215:20727:93182_1:120811985",1.5e-20
"8176","HISEQ13:138:C6FWNANXX:2:2112:5310:75004_1:91689524",1.5e-20
"8177","HISEQ13:138:C6FWNANXX:2:2305:10056:26816_1:128577604",1.5e-20
"8178","HISEQ13:138:C6FWNANXX:2:2110:7883:15070_1:87759857",1.5e-20
"8179","HISEQ13:138:C6FWNANXX:2:1108:16947:77335_1:11547171",1.5e-20
"8180","HISEQ13:138:C6FWNANXX:2:1110:19387:23539_1:13817257",1.5e-20
"8181","HISEQ13:138:C6FWNANXX:2:1303:4112:67859_1:53449565",1.5e-20
"8182","HISEQ13:138:C6FWNANXX:2:2216:12441:43627_1:121637077",1.5e-20
"8183","HISEQ13:138:C6FWNANXX:2:2316:12308:20785_1:145376270",1.5e-20
"8184","HISEQ13:138:C6FWNANXX:2:1202:12246:53303_1:27013475",1.5e-20
"8185","HISEQ13:138:C6FWNANXX:2:1216:3167:79880_1:49203557",1.5e-20
"8186","HISEQ13:138:C6FWNANXX:2:2204:7297:40360_1:103299148",1.5e-20
"8187","HISEQ13:138:C6FWNANXX:2:1301:5538:76700_1:50665340",1.5e-20
"8188","HISEQ13:138:C6FWNANXX:2:1113:17839:48904_1:18899335",1.5e-20
"8189","HISEQ13:138:C6FWNANXX:2:1213:13060:75578_1:44099126",1.5e-20
"8190","HISEQ13:138:C6FWNANXX:2:1216:7135:68522_1:49008018",1.5e-20
"8191","HISEQ13:138:C6FWNANXX:2:1103:5092:50975_1:3645276",1.5e-20
"8192","HISEQ13:138:C6FWNANXX:2:1204:2054:98255_1:30580328",1.5e-20
"8193","HISEQ13:138:C6FWNANXX:2:1212:2127:54780_1:42129379",1.5e-20
"8194","HISEQ13:138:C6FWNANXX:2:2309:3994:86111_1:135344816",1.5e-20
"8195","HISEQ13:138:C6FWNANXX:2:1111:17811:29061_1:15466060",1.5e-20
"8196","HISEQ13:138:C6FWNANXX:2:2301:15179:28258_1:122979659",1.5e-20
"8197","HISEQ13:138:C6FWNANXX:2:1202:15542:23156_1:26571061",1.5e-20
"8198","HISEQ13:138:C6FWNANXX:2:1214:1738:26574_1:44927279",1.5e-20
"8199","HISEQ13:138:C6FWNANXX:2:2303:4221:24325_1:125714779",1.5e-20
"8200","HISEQ13:138:C6FWNANXX:2:2312:5962:5854_1:138700299",1.5e-20
"8201","HISEQ13:138:C6FWNANXX:2:1113:16945:58613_1:19060446",1.5e-20
"8202","HISEQ13:138:C6FWNANXX:2:1107:16111:10609_1:8990764",1.5e-20
"8203","HISEQ13:138:C6FWNANXX:2:1106:10001:11412_1:7492867",1.5e-20
"8204","HISEQ13:138:C6FWNANXX:2:1111:2139:54949_1:15877417",1.5e-20
"8205","HISEQ13:138:C6FWNANXX:2:1209:13849:26867_1:37007417",1.5e-20
"8206","HISEQ13:138:C6FWNANXX:2:1212:15277:13660_1:41473374",1.5e-20
"8207","HISEQ13:138:C6FWNANXX:2:1214:18650:7027_1:44604513",1.5e-20
"8208","HISEQ13:138:C6FWNANXX:2:2111:20778:26498_1:89446973",1.5e-20
"8209","HISEQ13:138:C6FWNANXX:2:2205:20532:6792_1:104240132",1.5e-20
"8210","HISEQ13:138:C6FWNANXX:2:2305:18981:87612_1:129462639",1.5e-20
"8211","HISEQ13:138:C6FWNANXX:2:2305:3850:40288_1:128772735",1.5e-20
"8212","HISEQ13:138:C6FWNANXX:2:2313:14461:89821_1:141628313",1.5e-20
"8213","HISEQ13:138:C6FWNANXX:2:1116:12017:91074_1:24637239",1.5e-20
"8214","HISEQ13:138:C6FWNANXX:2:1204:2254:44041_1:29773674",1.5e-20
"8215","HISEQ13:138:C6FWNANXX:2:2301:2886:34774_1:123069296",1.5e-20
"8216","HISEQ13:138:C6FWNANXX:2:2309:4277:67941_1:135065646",1.5e-20
"8217","HISEQ13:138:C6FWNANXX:2:2214:19520:20430_1:117993000",1.5e-20
"8218","HISEQ13:138:C6FWNANXX:2:2115:4551:39671_1:95892175",1.5e-20
"8219","HISEQ13:138:C6FWNANXX:2:2106:6623:99722_1:83076219",1.5e-20
"8220","HISEQ13:138:C6FWNANXX:2:2105:9861:65901_1:81132039",1.6e-20
"8221","HISEQ13:138:C6FWNANXX:2:2105:7777:17737_1:80431850",1.6e-20
"8222","HISEQ13:138:C6FWNANXX:2:2307:16517:70055_1:132117502",1.6e-20
"8223","HISEQ13:138:C6FWNANXX:2:2116:6660:85623_1:98273171",1.6e-20
"8224","HISEQ13:138:C6FWNANXX:2:1307:4074:3568_1:58433422",1.6e-20
"8225","HISEQ13:138:C6FWNANXX:2:2308:3837:4322_1:132606937",1.6e-20
"8226","HISEQ13:138:C6FWNANXX:2:1316:18295:51212_1:73696466",1.6e-20
"8227","HISEQ13:138:C6FWNANXX:2:2316:10248:12049_1:145228358",1.6e-20
"8228","HISEQ13:138:C6FWNANXX:2:1315:10693:71660_1:72332361",1.6e-20
"8229","HISEQ13:138:C6FWNANXX:2:1113:14179:36217_1:18688738",1.6e-20
"8230","HISEQ13:138:C6FWNANXX:2:2116:16011:52741_1:97732588",1.6e-20
"8231","HISEQ13:138:C6FWNANXX:2:1108:14511:39998_1:10960737",1.6e-20
"8232","HISEQ13:138:C6FWNANXX:2:1207:13854:41944_1:34196511",1.6e-20
"8233","HISEQ13:138:C6FWNANXX:2:1209:3225:18784_1:36881516",1.6e-20
"8234","HISEQ13:138:C6FWNANXX:2:1103:20148:15616_1:3126064",1.6e-20
"8235","HISEQ13:138:C6FWNANXX:2:1213:15012:55872_1:43772319",1.6e-20
"8236","HISEQ13:138:C6FWNANXX:2:1215:14604:3273_1:46201312",1.6e-20
"8237","HISEQ13:138:C6FWNANXX:2:2101:10502:51465_1:75265680",1.6e-20
"8238","HISEQ13:138:C6FWNANXX:2:2214:16555:56499_1:118579053",1.6e-20
"8239","HISEQ13:138:C6FWNANXX:2:1206:4268:34626_1:32588211",1.6e-20
"8240","HISEQ13:138:C6FWNANXX:2:2203:1723:98024_1:102713162",1.6e-20
"8241","HISEQ13:138:C6FWNANXX:2:1206:17171:67037_1:33083632",1.6e-20
"8242","HISEQ13:138:C6FWNANXX:2:2314:11298:16275_1:142037227",1.6e-20
"8243","HISEQ13:138:C6FWNANXX:2:2108:6173:51516_1:85312277",1.6e-20
"8244","HISEQ13:138:C6FWNANXX:2:1312:15742:7391_1:66286398",1.6e-20
"8245","HISEQ13:138:C6FWNANXX:2:1113:19033:37454_1:18710422",1.6e-20
"8246","HISEQ13:138:C6FWNANXX:2:1301:5577:54523_1:50341523",1.6e-20
"8247","HISEQ13:138:C6FWNANXX:2:1314:18274:43306_1:70166577",1.6e-20
"8248","HISEQ13:138:C6FWNANXX:2:2105:17431:48697_1:80883890",1.6e-20
"8249","HISEQ13:138:C6FWNANXX:2:2202:10820:60980_1:100769982",1.6e-20
"8250","HISEQ13:138:C6FWNANXX:2:2206:3379:8213_1:105688042",1.6e-20
"8251","HISEQ13:138:C6FWNANXX:2:2302:15814:48241_1:124651725",1.6e-20
"8252","HISEQ13:138:C6FWNANXX:2:1206:2689:49739_1:32815820",1.6e-20
"8253","HISEQ13:138:C6FWNANXX:2:1215:14370:25430_1:46573932",1.6e-20
"8254","HISEQ13:138:C6FWNANXX:2:1309:18585:34752_1:61988392",1.6e-20
"8255","HISEQ13:138:C6FWNANXX:2:2108:18297:23730_1:84892587",1.6e-20
"8256","HISEQ13:138:C6FWNANXX:2:2310:3231:59572_1:136456951",1.6e-20
"8257","HISEQ13:138:C6FWNANXX:2:1312:16522:82289_1:67514747",1.7e-20
"8258","HISEQ13:138:C6FWNANXX:2:1208:8795:44510_1:35748168",1.7e-20
"8259","HISEQ13:138:C6FWNANXX:2:1115:3456:32147_1:21933583",1.7e-20
"8260","HISEQ13:138:C6FWNANXX:2:1302:17358:27821_1:51402829",1.7e-20
"8261","HISEQ13:138:C6FWNANXX:2:1115:19077:13550_1:21624668",1.7e-20
"8262","HISEQ13:138:C6FWNANXX:2:2106:12649:48065_1:82319647",1.7e-20
"8263","HISEQ13:138:C6FWNANXX:2:1206:15889:64338_1:33041906",1.7e-20
"8264","HISEQ13:138:C6FWNANXX:2:2305:14226:86527_1:129446986",1.7e-20
"8265","HISEQ13:138:C6FWNANXX:2:1111:3294:63058_1:16015654",1.7e-20
"8266","HISEQ13:138:C6FWNANXX:2:2208:3120:37170_1:109031228",1.7e-20
"8267","HISEQ13:138:C6FWNANXX:2:2212:1919:46380_1:115236223",1.7e-20
"8268","HISEQ13:138:C6FWNANXX:2:1314:9114:79943_1:70785200",1.7e-20
"8269","HISEQ13:138:C6FWNANXX:2:2114:15131:19221_1:93954462",1.7e-20
"8270","HISEQ13:138:C6FWNANXX:2:1107:11754:83540_1:10108550",1.7e-20
"8271","HISEQ13:138:C6FWNANXX:2:2209:9969:27807_1:110384216",1.7e-20
"8272","HISEQ13:138:C6FWNANXX:2:2212:12689:8777_1:114655412",1.7e-20
"8273","HISEQ13:138:C6FWNANXX:2:1303:20774:51326_1:53208740",1.7e-20
"8274","HISEQ13:138:C6FWNANXX:2:1314:17370:47963_1:70243142",1.8e-20
"8275","HISEQ13:138:C6FWNANXX:2:2302:2688:60606_1:124826227",1.8e-20
"8276","HISEQ13:138:C6FWNANXX:2:1302:4454:64956_1:51944777",1.8e-20
"8277","HISEQ13:138:C6FWNANXX:2:2105:16515:17920_1:80437028",1.8e-20
"8278","HISEQ13:138:C6FWNANXX:2:1103:8158:13324_1:3090332",1.8e-20
"8279","HISEQ13:138:C6FWNANXX:2:1216:20078:100089_1:49557389",1.8e-20
"8280","HISEQ13:138:C6FWNANXX:2:2308:9359:19040_1:132829885",1.8e-20
"8281","HISEQ13:138:C6FWNANXX:2:1102:18601:17369_1:1691676",1.8e-20
"8282","HISEQ13:138:C6FWNANXX:2:1112:9318:20161_1:16821753",1.8e-20
"8283","HISEQ13:138:C6FWNANXX:2:2209:20387:53385_1:110772391",1.8e-20
"8284","HISEQ13:138:C6FWNANXX:2:2312:5609:13419_1:138819060",1.8e-20
"8285","HISEQ13:138:C6FWNANXX:2:1110:19247:77956_1:14673195",1.8e-20
"8286","HISEQ13:138:C6FWNANXX:2:2216:9368:40774_1:121589480",1.8e-20
"8287","HISEQ13:138:C6FWNANXX:2:2211:1427:5045_1:113046832",1.8e-20
"8288","HISEQ13:138:C6FWNANXX:2:1213:8678:66525_1:43949148",1.8e-20
"8289","HISEQ13:138:C6FWNANXX:2:1216:7775:29013_1:48323687",1.8e-20
"8290","HISEQ13:138:C6FWNANXX:2:1302:8328:63838_1:51930905",1.8e-20
"8291","HISEQ13:138:C6FWNANXX:2:1308:7526:8933_1:60035617",1.8e-20
"8292","HISEQ13:138:C6FWNANXX:2:2109:5006:21745_1:86355048",1.8e-20
"8293","HISEQ13:138:C6FWNANXX:2:1314:19166:57959_1:70412653",1.8e-20
"8294","HISEQ13:138:C6FWNANXX:2:1316:15735:44772_1:73585868",1.8e-20
"8295","HISEQ13:138:C6FWNANXX:2:1103:12362:9057_1:3028504",1.8e-20
"8296","HISEQ13:138:C6FWNANXX:2:1104:19739:14894_1:4580255",1.8e-20
"8297","HISEQ13:138:C6FWNANXX:2:1209:2516:7575_1:36706682",1.8e-20
"8298","HISEQ13:138:C6FWNANXX:2:1211:3517:21285_1:40022786",1.8e-20
"8299","HISEQ13:138:C6FWNANXX:2:1316:16541:60633_1:73862522",1.8e-20
"8300","HISEQ13:138:C6FWNANXX:2:2211:11212:66609_1:114009167",1.8e-20
"8301","HISEQ13:138:C6FWNANXX:2:1311:7444:73386_1:65747162",1.8e-20
"8302","HISEQ13:138:C6FWNANXX:2:2115:11319:51714_1:96088008",1.8e-20
"8303","HISEQ13:138:C6FWNANXX:2:2110:3235:47165_1:88249031",1.9e-20
"8304","HISEQ13:138:C6FWNANXX:2:2116:9304:14500_1:97102628",1.9e-20
"8305","HISEQ13:138:C6FWNANXX:2:1215:13710:74311_1:47403611",1.9e-20
"8306","HISEQ13:138:C6FWNANXX:2:2101:17361:24274_1:74881878",1.9e-20
"8307","HISEQ13:138:C6FWNANXX:2:2115:20891:60337_1:96232632",1.9e-20
"8308","HISEQ13:138:C6FWNANXX:2:2202:10908:98981_1:101314153",1.9e-20
"8309","HISEQ13:138:C6FWNANXX:2:1215:13381:57690_1:47120330",1.9e-20
"8310","HISEQ13:138:C6FWNANXX:2:1111:17204:59623_1:15959434",1.9e-20
"8311","HISEQ13:138:C6FWNANXX:2:1115:3456:32147_1:21933584",1.9e-20
"8312","HISEQ13:138:C6FWNANXX:2:1213:11131:47622_1:43634511",1.9e-20
"8313","HISEQ13:138:C6FWNANXX:2:2108:6490:34844_1:85059306",1.9e-20
"8314","HISEQ13:138:C6FWNANXX:2:1206:18843:50719_1:32834335",1.9e-20
"8315","HISEQ13:138:C6FWNANXX:2:1106:10050:43807_1:7987504",1.9e-20
"8316","HISEQ13:138:C6FWNANXX:2:1112:13778:83008_1:17836173",1.9e-20
"8317","HISEQ13:138:C6FWNANXX:2:2104:14291:7038_1:78857351",1.9e-20
"8318","HISEQ13:138:C6FWNANXX:2:2204:14829:30369_1:103157404",1.9e-20
"8319","HISEQ13:138:C6FWNANXX:2:2306:17315:55115_1:130435306",1.9e-20
"8320","HISEQ13:138:C6FWNANXX:2:1112:3536:45782_1:17227216",1.9e-20
"8321","HISEQ13:138:C6FWNANXX:2:1307:15771:38265_1:58969349",1.9e-20
"8322","HISEQ13:138:C6FWNANXX:2:2204:19089:92841_1:104055656",1.9e-20
"8323","HISEQ13:138:C6FWNANXX:2:1110:19069:27629_1:13880312",1.9e-20
"8324","HISEQ13:138:C6FWNANXX:2:2209:16021:63329_1:110923831",1.9e-20
"8325","HISEQ13:138:C6FWNANXX:2:2307:9133:58934_1:131948250",1.9e-20
"8326","HISEQ13:138:C6FWNANXX:2:1301:13485:67532_1:50534202",1.9e-20
"8327","HISEQ13:138:C6FWNANXX:2:1315:8089:61428_1:72154967",1.9e-20
"8328","HISEQ13:138:C6FWNANXX:2:1206:1596:56342_1:32918082",1.9e-20
"8329","HISEQ13:138:C6FWNANXX:2:1210:13745:3482_1:38185542",1.9e-20
"8330","HISEQ13:138:C6FWNANXX:2:1305:4991:62570_1:56323494",1.9e-20
"8331","HISEQ13:138:C6FWNANXX:2:2203:19841:39381_1:101877282",1.9e-20
"8332","HISEQ13:138:C6FWNANXX:2:2214:6544:63512_1:118696181",1.9e-20
"8333","HISEQ13:138:C6FWNANXX:2:1111:7562:14988_1:15237966",1.9e-20
"8334","HISEQ13:138:C6FWNANXX:2:1212:3293:94226_1:42772937",1.9e-20
"8335","HISEQ13:138:C6FWNANXX:2:2204:16964:92268_1:104048095",1.9e-20
"8336","HISEQ13:138:C6FWNANXX:2:2305:17161:34820_1:128695085",1.9e-20
"8337","HISEQ13:138:C6FWNANXX:2:1311:3494:51196_1:65384958",1.9e-20
"8338","HISEQ13:138:C6FWNANXX:2:2306:21287:7820_1:129740629",1.9e-20
"8339","HISEQ13:138:C6FWNANXX:2:1108:9081:89617_1:11737964",1.9e-20
"8340","HISEQ13:138:C6FWNANXX:2:2313:17623:95658_1:141721040",1.9e-20
"8341","HISEQ13:138:C6FWNANXX:2:2109:8934:91250_1:87412394",2e-20
"8342","HISEQ13:138:C6FWNANXX:2:1313:4621:9707_1:67942831",2e-20
"8343","HISEQ13:138:C6FWNANXX:2:1104:2206:58460_1:5225369",2e-20
"8344","HISEQ13:138:C6FWNANXX:2:2116:8112:57097_1:97804879",2e-20
"8345","HISEQ13:138:C6FWNANXX:2:2109:4417:54692_1:86855905",2e-20
"8346","HISEQ13:138:C6FWNANXX:2:2109:6495:59600_1:86932732",2e-20
"8347","HISEQ13:138:C6FWNANXX:2:1103:14250:95175_1:4303993",2e-20
"8348","HISEQ13:138:C6FWNANXX:2:1311:12877:52269_1:65407347",2e-20
"8349","HISEQ13:138:C6FWNANXX:2:2111:2094:13599_1:89245575",2e-20
"8350","HISEQ13:138:C6FWNANXX:2:2204:7198:38464_1:103270362",2e-20
"8351","HISEQ13:138:C6FWNANXX:2:2214:14696:43705_1:118370032",2e-20
"8352","HISEQ13:138:C6FWNANXX:2:2215:5817:67217_1:120378232",2e-20
"8353","HISEQ13:138:C6FWNANXX:2:2301:5948:72697_1:123600900",2e-20
"8354","HISEQ13:138:C6FWNANXX:2:1214:19095:85617_1:45922632",2e-20
"8355","HISEQ13:138:C6FWNANXX:2:1306:8702:91516_1:58269567",2e-20
"8356","HISEQ13:138:C6FWNANXX:2:1307:4617:60300_1:59306004",2e-20
"8357","HISEQ13:138:C6FWNANXX:2:1313:5219:64070_1:68847484",2e-20
"8358","HISEQ13:138:C6FWNANXX:2:1316:11083:18168_1:73120161",2e-20
"8359","HISEQ13:138:C6FWNANXX:2:2107:19048:34773_1:83585294",2e-20
"8360","HISEQ13:138:C6FWNANXX:2:2115:15474:58503_1:96203104",2e-20
"8361","HISEQ13:138:C6FWNANXX:2:2314:5739:75782_1:143015336",2e-20
"8362","HISEQ13:138:C6FWNANXX:2:2307:1845:22814_1:131413491",2e-20
"8363","HISEQ13:138:C6FWNANXX:2:1114:11564:9796_1:19895857",2e-20
"8364","HISEQ13:138:C6FWNANXX:2:1215:14608:21559_1:46510265",2e-20
"8365","HISEQ13:138:C6FWNANXX:2:2204:10600:63841_1:103637823",2e-20
"8366","HISEQ13:138:C6FWNANXX:2:1315:2632:11251_1:71299360",2e-20
"8367","HISEQ13:138:C6FWNANXX:2:1101:9551:74791_1:1077945",2e-20
"8368","HISEQ13:138:C6FWNANXX:2:2205:8989:56135_1:104951496",2e-20
"8369","HISEQ13:138:C6FWNANXX:2:1105:20651:11596_1:6009641",2e-20
"8370","HISEQ13:138:C6FWNANXX:2:1312:14097:91771_1:67671097",2e-20
"8371","HISEQ13:138:C6FWNANXX:2:2113:2979:24401_1:92451202",2e-20
"8372","HISEQ13:138:C6FWNANXX:2:2307:13438:43535_1:131723377",2.1e-20
"8373","HISEQ13:138:C6FWNANXX:2:1111:15683:13057_1:15211736",2.1e-20
"8374","HISEQ13:138:C6FWNANXX:2:1211:19503:19495_1:39993838",2.1e-20
"8375","HISEQ13:138:C6FWNANXX:2:1213:13203:41724_1:43536569",2.1e-20
"8376","HISEQ13:138:C6FWNANXX:2:2101:9804:31607_1:74984865",2.1e-20
"8377","HISEQ13:138:C6FWNANXX:2:1214:18395:7008_1:44604456",2.1e-20
"8378","HISEQ13:138:C6FWNANXX:2:1306:8370:74036_1:58002828",2.1e-20
"8379","HISEQ13:138:C6FWNANXX:2:1102:1655:21935_1:1754854",2.1e-20
"8380","HISEQ13:138:C6FWNANXX:2:1109:6856:59977_1:12824449",2.1e-20
"8381","HISEQ13:138:C6FWNANXX:2:2204:14974:7329_1:102829856",2.1e-20
"8382","HISEQ13:138:C6FWNANXX:2:2202:10495:68607_1:100880338",2.1e-20
"8383","HISEQ13:138:C6FWNANXX:2:1304:13895:45476_1:54585091",2.1e-20
"8384","HISEQ13:138:C6FWNANXX:2:1306:13975:81747_1:58118127",2.1e-20
"8385","HISEQ13:138:C6FWNANXX:2:1315:15161:65484_1:72225740",2.1e-20
"8386","HISEQ13:138:C6FWNANXX:2:2111:9812:31810_1:89530454",2.1e-20
"8387","HISEQ13:138:C6FWNANXX:2:2114:19813:42696_1:94335974",2.1e-20
"8388","HISEQ13:138:C6FWNANXX:2:2201:18190:43860_1:99123757",2.2e-20
"8389","HISEQ13:138:C6FWNANXX:2:1108:14511:39998_1:10960738",2.2e-20
"8390","HISEQ13:138:C6FWNANXX:2:2213:5690:75671_1:117283709",2.2e-20
"8391","HISEQ13:138:C6FWNANXX:2:1209:7951:3468_1:36641464",2.2e-20
"8392","HISEQ13:138:C6FWNANXX:2:2115:10321:35867_1:95832494",2.2e-20
"8393","HISEQ13:138:C6FWNANXX:2:2208:8755:42163_1:109107236",2.2e-20
"8394","HISEQ13:138:C6FWNANXX:2:1314:6612:72985_1:70665341",2.2e-20
"8395","HISEQ13:138:C6FWNANXX:2:1205:2302:14798_1:30810147",2.2e-20
"8396","HISEQ13:138:C6FWNANXX:2:1205:6871:88181_1:31906311",2.2e-20
"8397","HISEQ13:138:C6FWNANXX:2:1305:8632:71935_1:56463938",2.2e-20
"8398","HISEQ13:138:C6FWNANXX:2:1313:9445:63099_1:68831602",2.2e-20
"8399","HISEQ13:138:C6FWNANXX:2:2202:13040:20919_1:100203952",2.2e-20
"8400","HISEQ13:138:C6FWNANXX:2:2208:20312:53888_1:109285741",2.2e-20
"8401","HISEQ13:138:C6FWNANXX:2:2212:17880:34078_1:115046393",2.2e-20
"8402","HISEQ13:138:C6FWNANXX:2:2113:7596:12456_1:92263110",2.2e-20
"8403","HISEQ13:138:C6FWNANXX:2:1308:16459:85908_1:61236471",2.3e-20
"8404","HISEQ13:138:C6FWNANXX:2:1110:7187:64416_1:14459311",2.3e-20
"8405","HISEQ13:138:C6FWNANXX:2:1307:17743:10200_1:58536041",2.3e-20
"8406","HISEQ13:138:C6FWNANXX:2:2304:15982:76577_1:127871639",2.3e-20
"8407","HISEQ13:138:C6FWNANXX:2:2103:15408:18805_1:77616922",2.3e-20
"8408","HISEQ13:138:C6FWNANXX:2:2108:11026:37496_1:85098186",2.3e-20
"8409","HISEQ13:138:C6FWNANXX:2:1301:5425:65873_1:50507337",2.3e-20
"8410","HISEQ13:138:C6FWNANXX:2:1309:2974:47651_1:62186078",2.3e-20
"8411","HISEQ13:138:C6FWNANXX:2:2311:4920:72776_1:138197248",2.3e-20
"8412","HISEQ13:138:C6FWNANXX:2:1213:16945:93159_1:44388772",2.3e-20
"8413","HISEQ13:138:C6FWNANXX:2:1213:20548:48374_1:43649059",2.3e-20
"8414","HISEQ13:138:C6FWNANXX:2:1105:16211:98902_1:7321089",2.3e-20
"8415","HISEQ13:138:C6FWNANXX:2:2104:15925:81129_1:79923706",2.3e-20
"8416","HISEQ13:138:C6FWNANXX:2:2210:3642:90939_1:112847084",2.3e-20
"8417","HISEQ13:138:C6FWNANXX:2:2212:7569:20924_1:114834233",2.3e-20
"8418","HISEQ13:138:C6FWNANXX:2:2303:4929:69649_1:126357494",2.3e-20
"8419","HISEQ13:138:C6FWNANXX:2:1211:16068:57964_1:40612971",2.4e-20
"8420","HISEQ13:138:C6FWNANXX:2:1215:5394:18535_1:46457553",2.4e-20
"8421","HISEQ13:138:C6FWNANXX:2:1312:20133:70182_1:67313087",2.4e-20
"8422","HISEQ13:138:C6FWNANXX:2:2111:10179:84556_1:90386905",2.4e-20
"8423","HISEQ13:138:C6FWNANXX:2:2103:13518:42565_1:77955476",2.4e-20
"8424","HISEQ13:138:C6FWNANXX:2:2106:9857:32323_1:82086586",2.4e-20
"8425","HISEQ13:138:C6FWNANXX:2:1108:16081:60286_1:11280543",2.4e-20
"8426","HISEQ13:138:C6FWNANXX:2:2203:12244:71530_1:102336289",2.4e-20
"8427","HISEQ13:138:C6FWNANXX:2:1101:19487:87681_1:1268553",2.4e-20
"8428","HISEQ13:138:C6FWNANXX:2:1205:9776:52001_1:31368346",2.4e-20
"8429","HISEQ13:138:C6FWNANXX:2:1211:19482:22109_1:40038007",2.4e-20
"8430","HISEQ13:138:C6FWNANXX:2:2306:15975:59734_1:130500900",2.4e-20
"8431","HISEQ13:138:C6FWNANXX:2:1116:19252:93616_1:24679816",2.4e-20
"8432","HISEQ13:138:C6FWNANXX:2:2204:11815:38841_1:103278337",2.4e-20
"8433","HISEQ13:138:C6FWNANXX:2:1309:9193:16558_1:61699260",2.4e-20
"8434","HISEQ13:138:C6FWNANXX:2:1103:6829:52708_1:3671622",2.4e-20
"8435","HISEQ13:138:C6FWNANXX:2:2213:15429:45277_1:116798380",2.4e-20
"8436","HISEQ13:138:C6FWNANXX:2:1101:13226:28334_1:391704",2.4e-20
"8437","HISEQ13:138:C6FWNANXX:2:1211:18170:28880_1:40146151",2.5e-20
"8438","HISEQ13:138:C6FWNANXX:2:2103:14230:43565_1:77969693",2.5e-20
"8439","HISEQ13:138:C6FWNANXX:2:2115:15474:58503_1:96203103",2.5e-20
"8440","HISEQ13:138:C6FWNANXX:2:2211:11683:64229_1:113970298",2.5e-20
"8441","HISEQ13:138:C6FWNANXX:2:2202:12883:38539_1:100455103",2.5e-20
"8442","HISEQ13:138:C6FWNANXX:2:1310:18807:59291_1:63942740",2.5e-20
"8443","HISEQ13:138:C6FWNANXX:2:2214:3407:14499_1:117891150",2.5e-20
"8444","HISEQ13:138:C6FWNANXX:2:1106:20698:28472_1:7754198",2.5e-20
"8445","HISEQ13:138:C6FWNANXX:2:2302:13513:6640_1:124067057",2.5e-20
"8446","HISEQ13:138:C6FWNANXX:2:1307:9047:45181_1:59071691",2.5e-20
"8447","HISEQ13:138:C6FWNANXX:2:2316:16769:59079_1:146023739",2.5e-20
"8448","HISEQ13:138:C6FWNANXX:2:2109:16662:47609_1:86751332",2.5e-20
"8449","HISEQ13:138:C6FWNANXX:2:1307:9864:87447_1:59722933",2.5e-20
"8450","HISEQ13:138:C6FWNANXX:2:2106:10585:64858_1:82566162",2.5e-20
"8451","HISEQ13:138:C6FWNANXX:2:2115:10660:42371_1:95938246",2.5e-20
"8452","HISEQ13:138:C6FWNANXX:2:1115:12233:77556_1:22705141",2.5e-20
"8453","HISEQ13:138:C6FWNANXX:2:2204:17460:45107_1:103369051",2.5e-20
"8454","HISEQ13:138:C6FWNANXX:2:2108:16825:13423_1:84739476",2.5e-20
"8455","HISEQ13:138:C6FWNANXX:2:2316:6000:92404_1:146581647",2.6e-20
"8456","HISEQ13:138:C6FWNANXX:2:2316:1183:51626_1:145893631",2.6e-20
"8457","HISEQ13:138:C6FWNANXX:2:2104:3998:36768_1:79283802",2.6e-20
"8458","HISEQ13:138:C6FWNANXX:2:2105:6109:30272_1:80616976",2.6e-20
"8459","HISEQ13:138:C6FWNANXX:2:1105:16136:28048_1:6256792",2.6e-20
"8460","HISEQ13:138:C6FWNANXX:2:1313:15939:35230_1:68366856",2.6e-20
"8461","HISEQ13:138:C6FWNANXX:2:1314:16295:76739_1:70731120",2.6e-20
"8462","HISEQ13:138:C6FWNANXX:2:1111:11243:83750_1:16378929",2.6e-20
"8463","HISEQ13:138:C6FWNANXX:2:1316:14125:68343_1:73997695",2.6e-20
"8464","HISEQ13:138:C6FWNANXX:2:2115:13797:98803_1:96861977",2.6e-20
"8465","HISEQ13:138:C6FWNANXX:2:1209:6408:72931_1:37723860",2.6e-20
"8466","HISEQ13:138:C6FWNANXX:2:2213:8750:34366_1:116621018",2.6e-20
"8467","HISEQ13:138:C6FWNANXX:2:1301:8305:39915_1:50126189",2.6e-20
"8468","HISEQ13:138:C6FWNANXX:2:2311:10020:46997_1:137788237",2.6e-20
"8469","HISEQ13:138:C6FWNANXX:2:1311:21395:87858_1:65988149",2.6e-20
"8470","HISEQ13:138:C6FWNANXX:2:1214:1738:26574_1:44927280",2.6e-20
"8471","HISEQ13:138:C6FWNANXX:2:2116:9659:58212_1:97821721",2.6e-20
"8472","HISEQ13:138:C6FWNANXX:2:2315:13314:59959_1:144382138",2.6e-20
"8473","HISEQ13:138:C6FWNANXX:2:1102:6397:9237_1:1567108",2.6e-20
"8474","HISEQ13:138:C6FWNANXX:2:1113:18105:86410_1:19522379",2.6e-20
"8475","HISEQ13:138:C6FWNANXX:2:2109:5314:40264_1:86639154",2.6e-20
"8476","HISEQ13:138:C6FWNANXX:2:1104:16683:36208_1:4896978",2.7e-20
"8477","HISEQ13:138:C6FWNANXX:2:2109:13413:69171_1:87079234",2.7e-20
"8478","HISEQ13:138:C6FWNANXX:2:2305:14657:41006_1:128785763",2.7e-20
"8479","HISEQ13:138:C6FWNANXX:2:1101:20595:78406_1:1131685",2.7e-20
"8480","HISEQ13:138:C6FWNANXX:2:1206:1596:56342_1:32918083",2.7e-20
"8481","HISEQ13:138:C6FWNANXX:2:1113:7271:18100_1:18392204",2.7e-20
"8482","HISEQ13:138:C6FWNANXX:2:1313:10813:96412_1:69389073",2.7e-20
"8483","HISEQ13:138:C6FWNANXX:2:1204:19311:83863_1:30368333",2.7e-20
"8484","HISEQ13:138:C6FWNANXX:2:2211:2300:78476_1:114191048",2.7e-20
"8485","HISEQ13:138:C6FWNANXX:2:1204:21361:94131_1:30520644",2.7e-20
"8486","HISEQ13:138:C6FWNANXX:2:1306:6848:96944_1:58349601",2.7e-20
"8487","HISEQ13:138:C6FWNANXX:2:1304:8769:66654_1:54902782",2.7e-20
"8488","HISEQ13:138:C6FWNANXX:2:2202:16637:21143_1:100208096",2.7e-20
"8489","HISEQ13:138:C6FWNANXX:2:2205:1575:90557_1:105448619",2.7e-20
"8490","HISEQ13:138:C6FWNANXX:2:1115:7570:60161_1:22407959",2.7e-20
"8491","HISEQ13:138:C6FWNANXX:2:2102:10693:25848_1:76308394",2.7e-20
"8492","HISEQ13:138:C6FWNANXX:2:2215:2549:10398_1:119441886",2.7e-20
"8493","HISEQ13:138:C6FWNANXX:2:2302:3470:28229_1:124369427",2.7e-20
"8494","HISEQ13:138:C6FWNANXX:2:1213:16648:98870_1:44484301",2.7e-20
"8495","HISEQ13:138:C6FWNANXX:2:1202:13296:28521_1:26651376",2.7e-20
"8496","HISEQ13:138:C6FWNANXX:2:1103:14495:40289_1:3491903",2.7e-20
"8497","HISEQ13:138:C6FWNANXX:2:1113:12138:42605_1:18795241",2.8e-20
"8498","HISEQ13:138:C6FWNANXX:2:1206:18843:50719_1:32834334",2.8e-20
"8499","HISEQ13:138:C6FWNANXX:2:1301:4816:46822_1:50227573",2.8e-20
"8500","HISEQ13:138:C6FWNANXX:2:1310:17244:47343_1:63750923",2.8e-20
"8501","HISEQ13:138:C6FWNANXX:2:2101:2291:14290_1:74736493",2.8e-20
"8502","HISEQ13:138:C6FWNANXX:2:2109:3557:41478_1:86653960",2.8e-20
"8503","HISEQ13:138:C6FWNANXX:2:1114:14170:25038_1:20152059",2.8e-20
"8504","HISEQ13:138:C6FWNANXX:2:1312:10980:41894_1:66848251",2.8e-20
"8505","HISEQ13:138:C6FWNANXX:2:2204:10097:3987_1:102779994",2.8e-20
"8506","HISEQ13:138:C6FWNANXX:2:2303:14280:13108_1:125557215",2.8e-20
"8507","HISEQ13:138:C6FWNANXX:2:2301:5873:53560_1:123333156",2.8e-20
"8508","HISEQ13:138:C6FWNANXX:2:1102:21240:8646_1:1562565",2.8e-20
"8509","HISEQ13:138:C6FWNANXX:2:2111:12802:71887_1:90170915",2.8e-20
"8510","HISEQ13:138:C6FWNANXX:2:1211:1544:31260_1:40183242",2.8e-20
"8511","HISEQ13:138:C6FWNANXX:2:2104:18245:97926_1:80163548",2.8e-20
"8512","HISEQ13:138:C6FWNANXX:2:1211:8036:59566_1:40639751",2.8e-20
"8513","HISEQ13:138:C6FWNANXX:2:2307:3852:100217_1:132561261",2.8e-20
"8514","HISEQ13:138:C6FWNANXX:2:2307:10335:52423_1:131852628",2.8e-20
"8515","HISEQ13:138:C6FWNANXX:2:2305:3294:31192_1:128637991",2.9e-20
"8516","HISEQ13:138:C6FWNANXX:2:1208:9860:74264_1:36209038",2.9e-20
"8517","HISEQ13:138:C6FWNANXX:2:2115:15762:72593_1:96431588",2.9e-20
"8518","HISEQ13:138:C6FWNANXX:2:1109:11432:77700_1:13106782",2.9e-20
"8519","HISEQ13:138:C6FWNANXX:2:1312:12294:80806_1:67488857",2.9e-20
"8520","HISEQ13:138:C6FWNANXX:2:2116:9829:49567_1:97682417",2.9e-20
"8521","HISEQ13:138:C6FWNANXX:2:2104:11788:67677_1:79727802",2.9e-20
"8522","HISEQ13:138:C6FWNANXX:2:1208:8219:45965_1:35767434",2.9e-20
"8523","HISEQ13:138:C6FWNANXX:2:2301:13188:70849_1:123577599",2.9e-20
"8524","HISEQ13:138:C6FWNANXX:2:2307:5072:32342_1:131555294",2.9e-20
"8525","HISEQ13:138:C6FWNANXX:2:1102:11512:80786_1:2626002",2.9e-20
"8526","HISEQ13:138:C6FWNANXX:2:1203:11761:45125_1:28345967",2.9e-20
"8527","HISEQ13:138:C6FWNANXX:2:1215:2053:62098_1:47194714",2.9e-20
"8528","HISEQ13:138:C6FWNANXX:2:2108:20224:39316_1:85130125",2.9e-20
"8529","HISEQ13:138:C6FWNANXX:2:1102:15876:18427_1:1706028",2.9e-20
"8530","HISEQ13:138:C6FWNANXX:2:1112:15655:44138_1:17201208",2.9e-20
"8531","HISEQ13:138:C6FWNANXX:2:1301:5577:54523_1:50341524",2.9e-20
"8532","HISEQ13:138:C6FWNANXX:2:1305:9608:6439_1:55480899",2.9e-20
"8533","HISEQ13:138:C6FWNANXX:2:1313:3854:78944_1:69095321",2.9e-20
"8534","HISEQ13:138:C6FWNANXX:2:1314:19811:14819_1:69682586",2.9e-20
"8535","HISEQ13:138:C6FWNANXX:2:1115:4998:45508_1:22161567",3e-20
"8536","HISEQ13:138:C6FWNANXX:2:2310:1972:21097_1:135862727",3e-20
"8537","HISEQ13:138:C6FWNANXX:2:1303:6209:26090_1:52832632",3e-20
"8538","HISEQ13:138:C6FWNANXX:2:1311:2437:74805_1:65770835",3e-20
"8539","HISEQ13:138:C6FWNANXX:2:2307:1391:95194_1:132485943",3e-20
"8540","HISEQ13:138:C6FWNANXX:2:1113:2077:54407_1:18987027",3e-20
"8541","HISEQ13:138:C6FWNANXX:2:1201:12276:57010_1:25616187",3e-20
"8542","HISEQ13:138:C6FWNANXX:2:1206:9532:20722_1:32377125",3e-20
"8543","HISEQ13:138:C6FWNANXX:2:1315:20378:50603_1:71972684",3e-20
"8544","HISEQ13:138:C6FWNANXX:2:2116:5795:6842_1:96973753",3e-20
"8545","HISEQ13:138:C6FWNANXX:2:1314:9818:6259_1:69537011",3e-20
"8546","HISEQ13:138:C6FWNANXX:2:2103:19579:3136_1:77393589",3.1e-20
"8547","HISEQ13:138:C6FWNANXX:2:2216:18771:43252_1:121634232",3.1e-20
"8548","HISEQ13:138:C6FWNANXX:2:1209:17487:51773_1:37397386",3.1e-20
"8549","HISEQ13:138:C6FWNANXX:2:2203:15157:65082_1:102244208",3.1e-20
"8550","HISEQ13:138:C6FWNANXX:2:2304:15846:77140_1:127878758",3.1e-20
"8551","HISEQ13:138:C6FWNANXX:2:2306:17630:23039_1:129964065",3.1e-20
"8552","HISEQ13:138:C6FWNANXX:2:1111:13949:5063_1:15083201",3.1e-20
"8553","HISEQ13:138:C6FWNANXX:2:2106:6465:11112_1:81774761",3.1e-20
"8554","HISEQ13:138:C6FWNANXX:2:2115:10321:35867_1:95832493",3.1e-20
"8555","HISEQ13:138:C6FWNANXX:2:2302:14075:67058_1:124920428",3.1e-20
"8556","HISEQ13:138:C6FWNANXX:2:1312:15027:97668_1:67766173",3.1e-20
"8557","HISEQ13:138:C6FWNANXX:2:2103:1399:80645_1:78492039",3.1e-20
"8558","HISEQ13:138:C6FWNANXX:2:2115:8679:96164_1:96815461",3.1e-20
"8559","HISEQ13:138:C6FWNANXX:2:2205:10591:65485_1:105085004",3.1e-20
"8560","HISEQ13:138:C6FWNANXX:2:1312:14124:3957_1:66228416",3.1e-20
"8561","HISEQ13:138:C6FWNANXX:2:2112:4083:45766_1:91228482",3.1e-20
"8562","HISEQ13:138:C6FWNANXX:2:1307:14782:33903_1:58900109",3.1e-20
"8563","HISEQ13:138:C6FWNANXX:2:1109:6856:59977_1:12824450",3.1e-20
"8564","HISEQ13:138:C6FWNANXX:2:2214:16188:100651_1:119303640",3.1e-20
"8565","HISEQ13:138:C6FWNANXX:2:1303:13376:94351_1:53843176",3.2e-20
"8566","HISEQ13:138:C6FWNANXX:2:1314:20314:14756_1:69682706",3.2e-20
"8567","HISEQ13:138:C6FWNANXX:2:2101:5801:44042_1:75162056",3.2e-20
"8568","HISEQ13:138:C6FWNANXX:2:2104:10319:83770_1:79962121",3.2e-20
"8569","HISEQ13:138:C6FWNANXX:2:2104:6677:49591_1:79467494",3.2e-20
"8570","HISEQ13:138:C6FWNANXX:2:1116:1489:34627_1:23662918",3.2e-20
"8571","HISEQ13:138:C6FWNANXX:2:1206:14034:3455_1:32118447",3.2e-20
"8572","HISEQ13:138:C6FWNANXX:2:1208:2694:20951_1:35382683",3.2e-20
"8573","HISEQ13:138:C6FWNANXX:2:1209:9796:50839_1:37380162",3.2e-20
"8574","HISEQ13:138:C6FWNANXX:2:1306:12202:53502_1:57689639",3.2e-20
"8575","HISEQ13:138:C6FWNANXX:2:2302:4274:77496_1:125064465",3.2e-20
"8576","HISEQ13:138:C6FWNANXX:2:2316:18466:62521_1:146083257",3.2e-20
"8577","HISEQ13:138:C6FWNANXX:2:1204:14735:79749_1:30303877",3.2e-20
"8578","HISEQ13:138:C6FWNANXX:2:2313:14525:46155_1:140919038",3.2e-20
"8579","HISEQ13:138:C6FWNANXX:2:1204:12352:4051_1:29198809",3.2e-20
"8580","HISEQ13:138:C6FWNANXX:2:1307:4080:99619_1:59909587",3.2e-20
"8581","HISEQ13:138:C6FWNANXX:2:2301:1322:41194_1:123157222",3.2e-20
"8582","HISEQ13:138:C6FWNANXX:2:2315:7023:98778_1:145024759",3.2e-20
"8583","HISEQ13:138:C6FWNANXX:2:1204:10665:3222_1:29183878",3.2e-20
"8584","HISEQ13:138:C6FWNANXX:2:1216:14078:16103_1:48101018",3.2e-20
"8585","HISEQ13:138:C6FWNANXX:2:2203:11434:38987_1:101868489",3.2e-20
"8586","HISEQ13:138:C6FWNANXX:2:2316:15550:20377_1:145368656",3.2e-20
"8587","HISEQ13:138:C6FWNANXX:2:1215:10393:42201_1:46857401",3.3e-20
"8588","HISEQ13:138:C6FWNANXX:2:1108:1989:10231_1:10498145",3.3e-20
"8589","HISEQ13:138:C6FWNANXX:2:2105:9550:73976_1:81247062",3.3e-20
"8590","HISEQ13:138:C6FWNANXX:2:2102:14320:28294_1:76344381",3.3e-20
"8591","HISEQ13:138:C6FWNANXX:2:2316:20131:35863_1:145632476",3.4e-20
"8592","HISEQ13:138:C6FWNANXX:2:1302:19562:2410_1:51028631",3.4e-20
"8593","HISEQ13:138:C6FWNANXX:2:2307:10630:70277_1:132119995",3.4e-20
"8594","HISEQ13:138:C6FWNANXX:2:1314:7514:51131_1:70296080",3.4e-20
"8595","HISEQ13:138:C6FWNANXX:2:2208:18556:24911_1:108851724",3.4e-20
"8596","HISEQ13:138:C6FWNANXX:2:2206:3523:54555_1:106368257",3.4e-20
"8597","HISEQ13:138:C6FWNANXX:2:2106:18857:92030_1:82967444",3.5e-20
"8598","HISEQ13:138:C6FWNANXX:2:1305:20937:95595_1:56824731",3.5e-20
"8599","HISEQ13:138:C6FWNANXX:2:2101:12877:63945_1:75444032",3.5e-20
"8600","HISEQ13:138:C6FWNANXX:2:2312:2153:37295_1:139197986",3.5e-20
"8601","HISEQ13:138:C6FWNANXX:2:1307:15661:12234_1:58566495",3.5e-20
"8602","HISEQ13:138:C6FWNANXX:2:2213:11782:42375_1:116749712",3.5e-20
"8603","HISEQ13:138:C6FWNANXX:2:2201:15664:18575_1:98763236",3.5e-20
"8604","HISEQ13:138:C6FWNANXX:2:1112:7574:91786_1:17978193",3.5e-20
"8605","HISEQ13:138:C6FWNANXX:2:2113:18874:58950_1:93005815",3.5e-20
"8606","HISEQ13:138:C6FWNANXX:2:2204:5341:72301_1:103758720",3.5e-20
"8607","HISEQ13:138:C6FWNANXX:2:2214:13239:72461_1:118841653",3.5e-20
"8608","HISEQ13:138:C6FWNANXX:2:1111:11006:88007_1:16460696",3.5e-20
"8609","HISEQ13:138:C6FWNANXX:2:2115:20463:62922_1:96273281",3.5e-20
"8610","HISEQ13:138:C6FWNANXX:2:2210:13490:18270_1:111742421",3.5e-20
"8611","HISEQ13:138:C6FWNANXX:2:1211:9874:91985_1:41159895",3.5e-20
"8612","HISEQ13:138:C6FWNANXX:2:2315:4091:89755_1:144873338",3.5e-20
"8613","HISEQ13:138:C6FWNANXX:2:1205:3792:18852_1:30870757",3.5e-20
"8614","HISEQ13:138:C6FWNANXX:2:1215:8300:97238_1:47791037",3.5e-20
"8615","HISEQ13:138:C6FWNANXX:2:1214:14237:11566_1:44678161",3.6e-20
"8616","HISEQ13:138:C6FWNANXX:2:1103:5894:38289_1:3460813",3.6e-20
"8617","HISEQ13:138:C6FWNANXX:2:1210:16355:47711_1:38881210",3.6e-20
"8618","HISEQ13:138:C6FWNANXX:2:1206:11088:28580_1:32498121",3.6e-20
"8619","HISEQ13:138:C6FWNANXX:2:2306:18802:32583_1:130103618",3.6e-20
"8620","HISEQ13:138:C6FWNANXX:2:1109:19058:75652_1:13076465",3.6e-20
"8621","HISEQ13:138:C6FWNANXX:2:1302:16135:91626_1:52340887",3.6e-20
"8622","HISEQ13:138:C6FWNANXX:2:1312:1469:43779_1:66878710",3.6e-20
"8623","HISEQ13:138:C6FWNANXX:2:2105:4108:2834_1:80216727",3.6e-20
"8624","HISEQ13:138:C6FWNANXX:2:1211:2225:8007_1:39809657",3.6e-20
"8625","HISEQ13:138:C6FWNANXX:2:1308:20999:34211_1:60428461",3.6e-20
"8626","HISEQ13:138:C6FWNANXX:2:2216:9615:96963_1:122538523",3.6e-20
"8627","HISEQ13:138:C6FWNANXX:2:1101:13859:82809_1:1197542",3.6e-20
"8628","HISEQ13:138:C6FWNANXX:2:1308:17436:33468_1:60416070",3.7e-20
"8629","HISEQ13:138:C6FWNANXX:2:2204:14477:43373_1:103343131",3.7e-20
"8630","HISEQ13:138:C6FWNANXX:2:2210:2510:35459_1:111999857",3.7e-20
"8631","HISEQ13:138:C6FWNANXX:2:1315:7330:36954_1:71734101",3.7e-20
"8632","HISEQ13:138:C6FWNANXX:2:1103:15474:8668_1:3021535",3.7e-20
"8633","HISEQ13:138:C6FWNANXX:2:1109:9995:6440_1:11982187",3.7e-20
"8634","HISEQ13:138:C6FWNANXX:2:1114:11564:9796_1:19895858",3.7e-20
"8635","HISEQ13:138:C6FWNANXX:2:1211:1948:61373_1:40667038",3.7e-20
"8636","HISEQ13:138:C6FWNANXX:2:2313:18009:31205_1:140676863",3.7e-20
"8637","HISEQ13:138:C6FWNANXX:2:1208:9230:6661_1:35165402",3.8e-20
"8638","HISEQ13:138:C6FWNANXX:2:2313:11048:46207_1:140918339",3.8e-20
"8639","HISEQ13:138:C6FWNANXX:2:1113:2865:24715_1:18497957",3.8e-20
"8640","HISEQ13:138:C6FWNANXX:2:2302:14496:70602_1:124969916",3.8e-20
"8641","HISEQ13:138:C6FWNANXX:2:2110:9457:73130_1:88645566",3.8e-20
"8642","HISEQ13:138:C6FWNANXX:2:1116:5981:18357_1:23384363",3.8e-20
"8643","HISEQ13:138:C6FWNANXX:2:1215:7822:40018_1:46822962",3.8e-20
"8644","HISEQ13:138:C6FWNANXX:2:2306:12329:88564_1:130926217",3.8e-20
"8645","HISEQ13:138:C6FWNANXX:2:1205:14390:29089_1:31024538",3.8e-20
"8646","HISEQ13:138:C6FWNANXX:2:1207:9617:40320_1:34172485",3.9e-20
"8647","HISEQ13:138:C6FWNANXX:2:1304:14182:77491_1:55064318",3.9e-20
"8648","HISEQ13:138:C6FWNANXX:2:1207:15859:17424_1:33826701",3.9e-20
"8649","HISEQ13:138:C6FWNANXX:2:2102:7593:36495_1:76456523",3.9e-20
"8650","HISEQ13:138:C6FWNANXX:2:1211:14932:50535_1:40495838",3.9e-20
"8651","HISEQ13:138:C6FWNANXX:2:1315:8936:63148_1:72185326",3.9e-20
"8652","HISEQ13:138:C6FWNANXX:2:2209:14594:65109_1:110950129",3.9e-20
"8653","HISEQ13:138:C6FWNANXX:2:2215:14248:39766_1:119930153",3.9e-20
"8654","HISEQ13:138:C6FWNANXX:2:2310:4910:91439_1:136942319",3.9e-20
"8655","HISEQ13:138:C6FWNANXX:2:1106:11046:5235_1:7398587",3.9e-20
"8656","HISEQ13:138:C6FWNANXX:2:2108:10321:55446_1:85369552",3.9e-20
"8657","HISEQ13:138:C6FWNANXX:2:2301:6785:55615_1:123361586",3.9e-20
"8658","HISEQ13:138:C6FWNANXX:2:1105:14180:31310_1:6305311",3.9e-20
"8659","HISEQ13:138:C6FWNANXX:2:2107:7495:57354_1:83917629",3.9e-20
"8660","HISEQ13:138:C6FWNANXX:2:2115:3506:34504_1:95810848",3.9e-20
"8661","HISEQ13:138:C6FWNANXX:2:2306:17790:31496_1:130085096",3.9e-20
"8662","HISEQ13:138:C6FWNANXX:2:2308:14195:84560_1:133818406",3.9e-20
"8663","HISEQ13:138:C6FWNANXX:2:2313:14904:42375_1:140858961",3.9e-20
"8664","HISEQ13:138:C6FWNANXX:2:1116:8341:47946_1:23892012",3.9e-20
"8665","HISEQ13:138:C6FWNANXX:2:1111:20353:45423_1:15726688",3.9e-20
"8666","HISEQ13:138:C6FWNANXX:2:1111:6942:45922_1:15732155",3.9e-20
"8667","HISEQ13:138:C6FWNANXX:2:1114:17502:12853_1:19947263",3.9e-20
"8668","HISEQ13:138:C6FWNANXX:2:2205:20335:60429_1:105014180",3.9e-20
"8669","HISEQ13:138:C6FWNANXX:2:1207:17021:17494_1:33826947",3.9e-20
"8670","HISEQ13:138:C6FWNANXX:2:2216:14262:46928_1:121691834",3.9e-20
"8671","HISEQ13:138:C6FWNANXX:2:2205:20909:95062_1:105517718",3.9e-20
"8672","HISEQ13:138:C6FWNANXX:2:2212:9602:74349_1:115681102",3.9e-20
"8673","HISEQ13:138:C6FWNANXX:2:2302:5417:85466_1:125178389",3.9e-20
"8674","HISEQ13:138:C6FWNANXX:2:2101:7950:90801_1:75826433",3.9e-20
"8675","HISEQ13:138:C6FWNANXX:2:1310:2291:44125_1:63696080",3.9e-20
"8676","HISEQ13:138:C6FWNANXX:2:1311:1873:35386_1:65129228",3.9e-20
"8677","HISEQ13:138:C6FWNANXX:2:2112:14167:16713_1:90792953",4e-20
"8678","HISEQ13:138:C6FWNANXX:2:1201:16236:6555_1:24873658",4e-20
"8679","HISEQ13:138:C6FWNANXX:2:1316:12801:9202_1:72963217",4e-20
"8680","HISEQ13:138:C6FWNANXX:2:1114:3126:3206_1:19781052",4e-20
"8681","HISEQ13:138:C6FWNANXX:2:1208:15151:48437_1:35807462",4e-20
"8682","HISEQ13:138:C6FWNANXX:2:1306:18682:11243_1:57042667",4e-20
"8683","HISEQ13:138:C6FWNANXX:2:2110:11404:61755_1:88475467",4e-20
"8684","HISEQ13:138:C6FWNANXX:2:2211:16661:31504_1:113462864",4e-20
"8685","HISEQ13:138:C6FWNANXX:2:1213:5726:78523_1:44147252",4e-20
"8686","HISEQ13:138:C6FWNANXX:2:2211:17885:65611_1:113994735",4e-20
"8687","HISEQ13:138:C6FWNANXX:2:2309:18114:10728_1:134195389",4e-20
"8688","HISEQ13:138:C6FWNANXX:2:2303:12206:100257_1:126794132",4e-20
"8689","HISEQ13:138:C6FWNANXX:2:2315:1925:98134_1:145011133",4e-20
"8690","HISEQ13:138:C6FWNANXX:2:1206:9623:90337_1:33432948",4e-20
"8691","HISEQ13:138:C6FWNANXX:2:1107:19817:81550_1:10079666",4.1e-20
"8692","HISEQ13:138:C6FWNANXX:2:1315:17636:2116_1:71145449",4.1e-20
"8693","HISEQ13:138:C6FWNANXX:2:2216:2393:24123_1:121305691",4.1e-20
"8694","HISEQ13:138:C6FWNANXX:2:2109:17757:35106_1:86561140",4.1e-20
"8695","HISEQ13:138:C6FWNANXX:2:1307:9192:28556_1:58818464",4.1e-20
"8696","HISEQ13:138:C6FWNANXX:2:2315:8451:14730_1:143632681",4.1e-20
"8697","HISEQ13:138:C6FWNANXX:2:1104:6435:39220_1:4939655",4.1e-20
"8698","HISEQ13:138:C6FWNANXX:2:1212:10465:68916_1:42359622",4.1e-20
"8699","HISEQ13:138:C6FWNANXX:2:2116:8587:89872_1:98343583",4.1e-20
"8700","HISEQ13:138:C6FWNANXX:2:2211:11359:38649_1:113571453",4.1e-20
"8701","HISEQ13:138:C6FWNANXX:2:2315:10283:77886_1:144675731",4.1e-20
"8702","HISEQ13:138:C6FWNANXX:2:1203:13691:14800_1:27900471",4.1e-20
"8703","HISEQ13:138:C6FWNANXX:2:1315:12548:16652_1:71390604",4.1e-20
"8704","HISEQ13:138:C6FWNANXX:2:1110:3764:21908_1:13786646",4.1e-20
"8705","HISEQ13:138:C6FWNANXX:2:1210:2517:28865_1:38584868",4.1e-20
"8706","HISEQ13:138:C6FWNANXX:2:1307:10805:26955_1:58791833",4.1e-20
"8707","HISEQ13:138:C6FWNANXX:2:2303:4221:24325_1:125714780",4.1e-20
"8708","HISEQ13:138:C6FWNANXX:2:2313:18882:7453_1:140295692",4.1e-20
"8709","HISEQ13:138:C6FWNANXX:2:1315:4088:32224_1:71651893",4.1e-20
"8710","HISEQ13:138:C6FWNANXX:2:2208:2542:78121_1:109648340",4.1e-20
"8711","HISEQ13:138:C6FWNANXX:2:1213:19413:43869_1:43574918",4.1e-20
"8712","HISEQ13:138:C6FWNANXX:2:1212:15903:99261_1:42861014",4.1e-20
"8713","HISEQ13:138:C6FWNANXX:2:2102:7821:67832_1:76903700",4.2e-20
"8714","HISEQ13:138:C6FWNANXX:2:1113:17842:73312_1:19305733",4.2e-20
"8715","HISEQ13:138:C6FWNANXX:2:1210:17989:67473_1:39189371",4.2e-20
"8716","HISEQ13:138:C6FWNANXX:2:2315:20207:8785_1:143540802",4.2e-20
"8717","HISEQ13:138:C6FWNANXX:2:2202:13048:29122_1:100320220",4.2e-20
"8718","HISEQ13:138:C6FWNANXX:2:1215:12821:36501_1:46765412",4.2e-20
"8719","HISEQ13:138:C6FWNANXX:2:1109:19971:91666_1:13329239",4.2e-20
"8720","HISEQ13:138:C6FWNANXX:2:1203:10313:8175_1:27800304",4.2e-20
"8721","HISEQ13:138:C6FWNANXX:2:2113:16589:15089_1:92308253",4.2e-20
"8722","HISEQ13:138:C6FWNANXX:2:2203:8388:81216_1:102471057",4.2e-20
"8723","HISEQ13:138:C6FWNANXX:2:1210:7572:67378_1:39187455",4.3e-20
"8724","HISEQ13:138:C6FWNANXX:2:1303:6555:4293_1:52510416",4.3e-20
"8725","HISEQ13:138:C6FWNANXX:2:1314:4413:28387_1:69908989",4.3e-20
"8726","HISEQ13:138:C6FWNANXX:2:2316:4376:68733_1:146181764",4.3e-20
"8727","HISEQ13:138:C6FWNANXX:2:1106:11317:72992_1:8431294",4.3e-20
"8728","HISEQ13:138:C6FWNANXX:2:1202:10761:46934_1:26918042",4.3e-20
"8729","HISEQ13:138:C6FWNANXX:2:2116:3081:24332_1:97262975",4.3e-20
"8730","HISEQ13:138:C6FWNANXX:2:2205:8008:55660_1:104944286",4.3e-20
"8731","HISEQ13:138:C6FWNANXX:2:1212:6418:6610_1:41377186",4.3e-20
"8732","HISEQ13:138:C6FWNANXX:2:1308:20187:86131_1:61241231",4.3e-20
"8733","HISEQ13:138:C6FWNANXX:2:2315:10568:16209_1:143657854",4.3e-20
"8734","HISEQ13:138:C6FWNANXX:2:1111:17458:99466_1:16675484",4.3e-20
"8735","HISEQ13:138:C6FWNANXX:2:1103:6278:38539_1:3464648",4.3e-20
"8736","HISEQ13:138:C6FWNANXX:2:1215:11375:45844_1:46920606",4.3e-20
"8737","HISEQ13:138:C6FWNANXX:2:2306:3632:29935_1:130060459",4.3e-20
"8738","HISEQ13:138:C6FWNANXX:2:1313:15247:5037_1:67870317",4.3e-20
"8739","HISEQ13:138:C6FWNANXX:2:2213:12022:15702_1:116322478",4.3e-20
"8740","HISEQ13:138:C6FWNANXX:2:1201:15840:12108_1:24954588",4.3e-20
"8741","HISEQ13:138:C6FWNANXX:2:1102:11464:28227_1:1848416",4.3e-20
"8742","HISEQ13:138:C6FWNANXX:2:1201:14088:49021_1:25498458",4.3e-20
"8743","HISEQ13:138:C6FWNANXX:2:2209:19795:49732_1:110714968",4.3e-20
"8744","HISEQ13:138:C6FWNANXX:2:2305:15241:54441_1:128979706",4.3e-20
"8745","HISEQ13:138:C6FWNANXX:2:2310:10170:24361_1:135914873",4.3e-20
"8746","HISEQ13:138:C6FWNANXX:2:1115:15138:91680_1:22945646",4.4e-20
"8747","HISEQ13:138:C6FWNANXX:2:1313:15841:39607_1:68441986",4.4e-20
"8748","HISEQ13:138:C6FWNANXX:2:2114:16204:35695_1:94221983",4.4e-20
"8749","HISEQ13:138:C6FWNANXX:2:2110:20207:29789_1:87987684",4.4e-20
"8750","HISEQ13:138:C6FWNANXX:2:1311:17447:16515_1:64832572",4.4e-20
"8751","HISEQ13:138:C6FWNANXX:2:2108:13325:85072_1:85820210",4.4e-20
"8752","HISEQ13:138:C6FWNANXX:2:2112:4208:8775_1:90738387",4.4e-20
"8753","HISEQ13:138:C6FWNANXX:2:2212:7569:20924_1:114834232",4.4e-20
"8754","HISEQ13:138:C6FWNANXX:2:2102:1889:71457_1:76952569",4.4e-20
"8755","HISEQ13:138:C6FWNANXX:2:2313:16203:6689_1:140283203",4.4e-20
"8756","HISEQ13:138:C6FWNANXX:2:2206:19553:61082_1:106467083",4.4e-20
"8757","HISEQ13:138:C6FWNANXX:2:1216:12632:81964_1:49241150",4.5e-20
"8758","HISEQ13:138:C6FWNANXX:2:2116:9143:79138_1:98165451",4.5e-20
"8759","HISEQ13:138:C6FWNANXX:2:2208:7603:59269_1:109366012",4.5e-20
"8760","HISEQ13:138:C6FWNANXX:2:2301:15179:28258_1:122979660",4.5e-20
"8761","HISEQ13:138:C6FWNANXX:2:1107:10741:21020_1:9151544",4.5e-20
"8762","HISEQ13:138:C6FWNANXX:2:1306:8643:59890_1:57784806",4.5e-20
"8763","HISEQ13:138:C6FWNANXX:2:1308:18934:23044_1:60257374",4.5e-20
"8764","HISEQ13:138:C6FWNANXX:2:2305:16671:81807_1:129378719",4.5e-20
"8765","HISEQ13:138:C6FWNANXX:2:2309:4633:14129_1:134246314",4.5e-20
"8766","HISEQ13:138:C6FWNANXX:2:2310:4615:33689_1:136056348",4.5e-20
"8767","HISEQ13:138:C6FWNANXX:2:1102:18142:37652_1:1988946",4.5e-20
"8768","HISEQ13:138:C6FWNANXX:2:2209:5262:82692_1:111214853",4.5e-20
"8769","HISEQ13:138:C6FWNANXX:2:2302:5769:37087_1:124495798",4.5e-20
"8770","HISEQ13:138:C6FWNANXX:2:1202:21348:99899_1:27697959",4.5e-20
"8771","HISEQ13:138:C6FWNANXX:2:1215:19912:48535_1:46968825",4.5e-20
"8772","HISEQ13:138:C6FWNANXX:2:2213:14351:63868_1:117096295",4.5e-20
"8773","HISEQ13:138:C6FWNANXX:2:1307:2609:7932_1:58498442",4.6e-20
"8774","HISEQ13:138:C6FWNANXX:2:2113:4411:23226_1:92431651",4.6e-20
"8775","HISEQ13:138:C6FWNANXX:2:1301:1877:50100_1:50274601",4.6e-20
"8776","HISEQ13:138:C6FWNANXX:2:2304:12514:65714_1:127713510",4.6e-20
"8777","HISEQ13:138:C6FWNANXX:2:2311:17673:34862_1:137602509",4.6e-20
"8778","HISEQ13:138:C6FWNANXX:2:1104:17502:32945_1:4848572",4.6e-20
"8779","HISEQ13:138:C6FWNANXX:2:1209:20066:93342_1:38047394",4.6e-20
"8780","HISEQ13:138:C6FWNANXX:2:2316:4812:45179_1:145784578",4.6e-20
"8781","HISEQ13:138:C6FWNANXX:2:2316:9492:19733_1:145355026",4.6e-20
"8782","HISEQ13:138:C6FWNANXX:2:1304:2011:84279_1:55166572",4.6e-20
"8783","HISEQ13:138:C6FWNANXX:2:2106:3771:10156_1:81759602",4.6e-20
"8784","HISEQ13:138:C6FWNANXX:2:1107:1990:67408_1:9857763",4.6e-20
"8785","HISEQ13:138:C6FWNANXX:2:1212:10104:37586_1:41850196",4.6e-20
"8786","HISEQ13:138:C6FWNANXX:2:2110:10668:66988_1:88551507",4.6e-20
"8787","HISEQ13:138:C6FWNANXX:2:1316:7301:47426_1:73628153",4.6e-20
"8788","HISEQ13:138:C6FWNANXX:2:2316:2217:31473_1:145551902",4.6e-20
"8789","HISEQ13:138:C6FWNANXX:2:1215:5092:42093_1:46856184",4.7e-20
"8790","HISEQ13:138:C6FWNANXX:2:1216:10430:35539_1:48437039",4.7e-20
"8791","HISEQ13:138:C6FWNANXX:2:2102:14320:28294_1:76344382",4.7e-20
"8792","HISEQ13:138:C6FWNANXX:2:2310:7741:71914_1:136644734",4.7e-20
"8793","HISEQ13:138:C6FWNANXX:2:2212:13902:80233_1:115774065",4.7e-20
"8794","HISEQ13:138:C6FWNANXX:2:2301:11007:44584_1:123207680",4.7e-20
"8795","HISEQ13:138:C6FWNANXX:2:2310:16509:25182_1:135927923",4.7e-20
"8796","HISEQ13:138:C6FWNANXX:2:2313:4172:88074_1:141597851",4.7e-20
"8797","HISEQ13:138:C6FWNANXX:2:1109:9112:33093_1:12401771",4.7e-20
"8798","HISEQ13:138:C6FWNANXX:2:2113:11776:54206_1:92928364",4.7e-20
"8799","HISEQ13:138:C6FWNANXX:2:1201:8387:24213_1:25129864",4.7e-20
"8800","HISEQ13:138:C6FWNANXX:2:1215:17100:49282_1:46981117",4.7e-20
"8801","HISEQ13:138:C6FWNANXX:2:2105:3793:53397_1:80950957",4.7e-20
"8802","HISEQ13:138:C6FWNANXX:2:2203:8065:42608_1:101922030",4.7e-20
"8803","HISEQ13:138:C6FWNANXX:2:1111:19331:26144_1:15419245",4.7e-20
"8804","HISEQ13:138:C6FWNANXX:2:1201:5502:10584_1:24930455",4.8e-20
"8805","HISEQ13:138:C6FWNANXX:2:2201:9688:21949_1:98808661",4.8e-20
"8806","HISEQ13:138:C6FWNANXX:2:2112:18328:76243_1:91708334",4.8e-20
"8807","HISEQ13:138:C6FWNANXX:2:1209:11820:11556_1:36770628",4.8e-20
"8808","HISEQ13:138:C6FWNANXX:2:2314:8786:62683_1:142797484",4.8e-20
"8809","HISEQ13:138:C6FWNANXX:2:2212:13902:80233_1:115774064",4.8e-20
"8810","HISEQ13:138:C6FWNANXX:2:1104:11839:95630_1:5784440",4.8e-20
"8811","HISEQ13:138:C6FWNANXX:2:1101:11366:55922_1:797732",4.8e-20
"8812","HISEQ13:138:C6FWNANXX:2:1205:2919:77416_1:31745133",4.9e-20
"8813","HISEQ13:138:C6FWNANXX:2:1201:20087:35637_1:25301424",4.9e-20
"8814","HISEQ13:138:C6FWNANXX:2:2214:8747:9805_1:117818517",4.9e-20
"8815","HISEQ13:138:C6FWNANXX:2:2204:19595:43663_1:103347666",4.9e-20
"8816","HISEQ13:138:C6FWNANXX:2:1110:5254:61903_1:14418989",4.9e-20
"8817","HISEQ13:138:C6FWNANXX:2:1204:6587:51408_1:29883027",4.9e-20
"8818","HISEQ13:138:C6FWNANXX:2:2105:14692:89181_1:81470554",4.9e-20
"8819","HISEQ13:138:C6FWNANXX:2:2303:10333:65108_1:126294310",4.9e-20
"8820","HISEQ13:138:C6FWNANXX:2:1308:14602:36608_1:60466086",4.9e-20
"8821","HISEQ13:138:C6FWNANXX:2:2303:19232:42387_1:125973196",4.9e-20
"8822","HISEQ13:138:C6FWNANXX:2:2210:5390:94696_1:112903726",5e-20
"8823","HISEQ13:138:C6FWNANXX:2:2216:18122:17179_1:121192174",5e-20
"8824","HISEQ13:138:C6FWNANXX:2:2109:7955:30948_1:86495221",5e-20
"8825","HISEQ13:138:C6FWNANXX:2:2113:18191:25579_1:92474145",5e-20
"8826","HISEQ13:138:C6FWNANXX:2:2116:17905:32578_1:97403666",5e-20
"8827","HISEQ13:138:C6FWNANXX:2:2306:19992:91979_1:130976147",5e-20
"8828","HISEQ13:138:C6FWNANXX:2:1214:1643:14915_1:44730118",5e-20
"8829","HISEQ13:138:C6FWNANXX:2:2113:17034:95256_1:93590859",5e-20
"8830","HISEQ13:138:C6FWNANXX:2:2111:17080:41926_1:89687268",5e-20
"8831","HISEQ13:138:C6FWNANXX:2:2312:16481:78272_1:139850970",5e-20
"8832","HISEQ13:138:C6FWNANXX:2:2112:8488:59497_1:91440717",5.1e-20
"8833","HISEQ13:138:C6FWNANXX:2:2208:9751:69027_1:109513496",5.1e-20
"8834","HISEQ13:138:C6FWNANXX:2:2216:20342:40444_1:121583421",5.1e-20
"8835","HISEQ13:138:C6FWNANXX:2:2313:10185:8386_1:140309994",5.1e-20
"8836","HISEQ13:138:C6FWNANXX:2:1308:2842:54564_1:60743233",5.1e-20
"8837","HISEQ13:138:C6FWNANXX:2:1101:7896:99815_1:1447527",5.1e-20
"8838","HISEQ13:138:C6FWNANXX:2:1115:12699:7142_1:21512366",5.1e-20
"8839","HISEQ13:138:C6FWNANXX:2:2109:11423:42437_1:86670772",5.1e-20
"8840","HISEQ13:138:C6FWNANXX:2:2113:15371:41916_1:92732806",5.1e-20
"8841","HISEQ13:138:C6FWNANXX:2:2105:8527:7656_1:80287161",5.1e-20
"8842","HISEQ13:138:C6FWNANXX:2:1307:2996:25697_1:58771244",5.1e-20
"8843","HISEQ13:138:C6FWNANXX:2:1309:6607:28744_1:61887632",5.1e-20
"8844","HISEQ13:138:C6FWNANXX:2:2210:6590:82976_1:112725122",5.1e-20
"8845","HISEQ13:138:C6FWNANXX:2:1209:21453:53360_1:37421335",5.2e-20
"8846","HISEQ13:138:C6FWNANXX:2:2115:9867:32198_1:95771172",5.2e-20
"8847","HISEQ13:138:C6FWNANXX:2:2204:16723:98401_1:104134431",5.2e-20
"8848","HISEQ13:138:C6FWNANXX:2:2313:20629:23986_1:140560494",5.2e-20
"8849","HISEQ13:138:C6FWNANXX:2:1209:20066:93342_1:38047393",5.2e-20
"8850","HISEQ13:138:C6FWNANXX:2:1312:9812:55739_1:67073033",5.2e-20
"8851","HISEQ13:138:C6FWNANXX:2:1315:4088:32224_1:71651894",5.2e-20
"8852","HISEQ13:138:C6FWNANXX:2:2111:4364:88621_1:90454867",5.2e-20
"8853","HISEQ13:138:C6FWNANXX:2:1116:6777:91998_1:24648351",5.3e-20
"8854","HISEQ13:138:C6FWNANXX:2:2210:16744:21146_1:111785224",5.3e-20
"8855","HISEQ13:138:C6FWNANXX:2:2312:9807:35435_1:139167512",5.3e-20
"8856","HISEQ13:138:C6FWNANXX:2:1208:14783:60346_1:35993490",5.3e-20
"8857","HISEQ13:138:C6FWNANXX:2:1104:20004:15676_1:4591697",5.3e-20
"8858","HISEQ13:138:C6FWNANXX:2:2209:17977:59848_1:110870809",5.4e-20
"8859","HISEQ13:138:C6FWNANXX:2:1303:16230:85550_1:53713878",5.4e-20
"8860","HISEQ13:138:C6FWNANXX:2:1106:7655:31542_1:7800700",5.4e-20
"8861","HISEQ13:138:C6FWNANXX:2:2109:14169:78626_1:87223305",5.4e-20
"8862","HISEQ13:138:C6FWNANXX:2:2109:9947:67492_1:87051857",5.4e-20
"8863","HISEQ13:138:C6FWNANXX:2:2307:7440:27458_1:131481308",5.4e-20
"8864","HISEQ13:138:C6FWNANXX:2:2308:20456:11660_1:132718991",5.4e-20
"8865","HISEQ13:138:C6FWNANXX:2:1215:16081:20004_1:46485245",5.4e-20
"8866","HISEQ13:138:C6FWNANXX:2:2109:19163:9247_1:86167334",5.4e-20
"8867","HISEQ13:138:C6FWNANXX:2:1316:18243:92739_1:74420548",5.5e-20
"8868","HISEQ13:138:C6FWNANXX:2:2113:17843:71284_1:93205564",5.5e-20
"8869","HISEQ13:138:C6FWNANXX:2:1102:19612:21779_1:1758210",5.5e-20
"8870","HISEQ13:138:C6FWNANXX:2:1113:12361:89157_1:19567147",5.5e-20
"8871","HISEQ13:138:C6FWNANXX:2:1304:19935:9970_1:54058002",5.5e-20
"8872","HISEQ13:138:C6FWNANXX:2:1313:15939:35230_1:68366855",5.5e-20
"8873","HISEQ13:138:C6FWNANXX:2:1104:17595:21080_1:4673211",5.5e-20
"8874","HISEQ13:138:C6FWNANXX:2:1111:6460:10265_1:15165512",5.5e-20
"8875","HISEQ13:138:C6FWNANXX:2:1115:5989:12422_1:21600419",5.5e-20
"8876","HISEQ13:138:C6FWNANXX:2:2305:5307:14738_1:128400162",5.5e-20
"8877","HISEQ13:138:C6FWNANXX:2:1111:1772:89827_1:16491242",5.5e-20
"8878","HISEQ13:138:C6FWNANXX:2:1207:18103:87842_1:34898360",5.5e-20
"8879","HISEQ13:138:C6FWNANXX:2:2108:21024:12935_1:84732824",5.5e-20
"8880","HISEQ13:138:C6FWNANXX:2:1206:12973:69893_1:33124592",5.5e-20
"8881","HISEQ13:138:C6FWNANXX:2:1110:15869:59226_1:14378057",5.5e-20
"8882","HISEQ13:138:C6FWNANXX:2:1208:14383:5107_1:35143143",5.5e-20
"8883","HISEQ13:138:C6FWNANXX:2:2213:9288:26994_1:116500636",5.5e-20
"8884","HISEQ13:138:C6FWNANXX:2:2313:18882:7453_1:140295691",5.5e-20
"8885","HISEQ13:138:C6FWNANXX:2:1109:3722:39257_1:12499633",5.6e-20
"8886","HISEQ13:138:C6FWNANXX:2:1112:19998:92050_1:17984663",5.6e-20
"8887","HISEQ13:138:C6FWNANXX:2:2103:3546:11007_1:77504491",5.6e-20
"8888","HISEQ13:138:C6FWNANXX:2:2303:20522:64304_1:126285560",5.6e-20
"8889","HISEQ13:138:C6FWNANXX:2:1311:19086:89573_1:66016374",5.6e-20
"8890","HISEQ13:138:C6FWNANXX:2:2102:4635:69259_1:76924200",5.6e-20
"8891","HISEQ13:138:C6FWNANXX:2:1114:2064:26742_1:20174806",5.7e-20
"8892","HISEQ13:138:C6FWNANXX:2:2111:15461:98190_1:90625540",5.7e-20
"8893","HISEQ13:138:C6FWNANXX:2:2201:2614:78087_1:99609525",5.7e-20
"8894","HISEQ13:138:C6FWNANXX:2:1113:3813:98443_1:19719762",5.7e-20
"8895","HISEQ13:138:C6FWNANXX:2:2101:18580:19547_1:74814277",5.8e-20
"8896","HISEQ13:138:C6FWNANXX:2:2113:7393:84163_1:93408661",5.8e-20
"8897","HISEQ13:138:C6FWNANXX:2:2316:7956:25823_1:145459903",5.8e-20
"8898","HISEQ13:138:C6FWNANXX:2:2204:21290:33266_1:103201320",5.8e-20
"8899","HISEQ13:138:C6FWNANXX:2:1314:7668:60701_1:70457093",5.9e-20
"8900","HISEQ13:138:C6FWNANXX:2:1305:15833:4428_1:55451850",5.9e-20
"8901","HISEQ13:138:C6FWNANXX:2:1306:13058:12728_1:57064614",5.9e-20
"8902","HISEQ13:138:C6FWNANXX:2:1115:14530:40610_1:22079621",5.9e-20
"8903","HISEQ13:138:C6FWNANXX:2:1113:4007:38758_1:18732056",5.9e-20
"8904","HISEQ13:138:C6FWNANXX:2:1302:11321:43151_1:51625636",5.9e-20
"8905","HISEQ13:138:C6FWNANXX:2:2315:15912:48120_1:144189178",5.9e-20
"8906","HISEQ13:138:C6FWNANXX:2:1309:18610:29500_1:61901832",6e-20
"8907","HISEQ13:138:C6FWNANXX:2:1106:8760:14354_1:7538537",6e-20
"8908","HISEQ13:138:C6FWNANXX:2:1307:13749:9948_1:58531417",6e-20
"8909","HISEQ13:138:C6FWNANXX:2:2204:12268:79490_1:103859657",6e-20
"8910","HISEQ13:138:C6FWNANXX:2:1209:13359:85206_1:37916867",6e-20
"8911","HISEQ13:138:C6FWNANXX:2:2309:1593:37426_1:134598870",6e-20
"8912","HISEQ13:138:C6FWNANXX:2:1110:19659:7253_1:13560688",6e-20
"8913","HISEQ13:138:C6FWNANXX:2:1211:7769:53180_1:40535202",6e-20
"8914","HISEQ13:138:C6FWNANXX:2:1216:15076:62230_1:48896672",6e-20
"8915","HISEQ13:138:C6FWNANXX:2:2106:12664:95732_1:83018294",6e-20
"8916","HISEQ13:138:C6FWNANXX:2:2314:17187:63006_1:142807295",6e-20
"8917","HISEQ13:138:C6FWNANXX:2:1204:10483:17566_1:29382329",6e-20
"8918","HISEQ13:138:C6FWNANXX:2:1208:12998:22392_1:35407539",6e-20
"8919","HISEQ13:138:C6FWNANXX:2:2116:16011:52741_1:97732589",6e-20
"8920","HISEQ13:138:C6FWNANXX:2:2202:17796:46280_1:100565320",6e-20
"8921","HISEQ13:138:C6FWNANXX:2:2308:14270:8871_1:132676205",6e-20
"8922","HISEQ13:138:C6FWNANXX:2:1111:12762:62763_1:16013428",6.1e-20
"8923","HISEQ13:138:C6FWNANXX:2:1212:19490:32269_1:41767229",6.1e-20
"8924","HISEQ13:138:C6FWNANXX:2:1309:13166:43640_1:62125127",6.1e-20
"8925","HISEQ13:138:C6FWNANXX:2:2111:4528:34313_1:89567949",6.1e-20
"8926","HISEQ13:138:C6FWNANXX:2:2212:15485:95451_1:116018011",6.1e-20
"8927","HISEQ13:138:C6FWNANXX:2:1210:2014:64155_1:39136522",6.1e-20
"8928","HISEQ13:138:C6FWNANXX:2:2104:11740:25704_1:79123249",6.2e-20
"8929","HISEQ13:138:C6FWNANXX:2:2105:10132:69073_1:81178387",6.2e-20
"8930","HISEQ13:138:C6FWNANXX:2:1103:19889:89158_1:4216080",6.2e-20
"8931","HISEQ13:138:C6FWNANXX:2:1202:2667:40149_1:26817428",6.2e-20
"8932","HISEQ13:138:C6FWNANXX:2:1306:20991:69027_1:57928758",6.2e-20
"8933","HISEQ13:138:C6FWNANXX:2:1109:12781:50074_1:12670871",6.3e-20
"8934","HISEQ13:138:C6FWNANXX:2:1212:15903:99261_1:42861015",6.3e-20
"8935","HISEQ13:138:C6FWNANXX:2:1202:16145:44343_1:26882335",6.3e-20
"8936","HISEQ13:138:C6FWNANXX:2:2115:20057:95615_1:96809470",6.3e-20
"8937","HISEQ13:138:C6FWNANXX:2:1305:9608:6439_1:55480898",6.3e-20
"8938","HISEQ13:138:C6FWNANXX:2:2305:7999:27839_1:128591586",6.3e-20
"8939","HISEQ13:138:C6FWNANXX:2:2210:2776:24401_1:111832252",6.3e-20
"8940","HISEQ13:138:C6FWNANXX:2:1115:16082:94283_1:22992752",6.3e-20
"8941","HISEQ13:138:C6FWNANXX:2:1210:1435:20462_1:38450797",6.3e-20
"8942","HISEQ13:138:C6FWNANXX:2:1107:13230:91811_1:10235939",6.4e-20
"8943","HISEQ13:138:C6FWNANXX:2:1111:18899:72289_1:16178782",6.4e-20
"8944","HISEQ13:138:C6FWNANXX:2:1303:14206:30939_1:52904389",6.4e-20
"8945","HISEQ13:138:C6FWNANXX:2:1311:16998:90314_1:66028235",6.4e-20
"8946","HISEQ13:138:C6FWNANXX:2:2311:7509:24090_1:137432401",6.4e-20
"8947","HISEQ13:138:C6FWNANXX:2:1207:13105:57496_1:34431727",6.4e-20
"8948","HISEQ13:138:C6FWNANXX:2:1111:16559:89392_1:16485494",6.5e-20
"8949","HISEQ13:138:C6FWNANXX:2:1306:11110:71571_1:57965022",6.5e-20
"8950","HISEQ13:138:C6FWNANXX:2:2316:4659:2566_1:145066689",6.6e-20
"8951","HISEQ13:138:C6FWNANXX:2:1107:19089:54034_1:9658240",6.6e-20
"8952","HISEQ13:138:C6FWNANXX:2:1114:17818:80610_1:21085139",6.6e-20
"8953","HISEQ13:138:C6FWNANXX:2:1209:8177:85031_1:37915833",6.6e-20
"8954","HISEQ13:138:C6FWNANXX:2:1214:6167:81115_1:45844383",6.7e-20
"8955","HISEQ13:138:C6FWNANXX:2:1311:17336:3273_1:64618020",6.7e-20
"8956","HISEQ13:138:C6FWNANXX:2:1114:10411:72862_1:20953551",6.7e-20
"8957","HISEQ13:138:C6FWNANXX:2:2102:18446:13140_1:76128833",6.7e-20
"8958","HISEQ13:138:C6FWNANXX:2:2105:3768:75538_1:81271466",6.7e-20
"8959","HISEQ13:138:C6FWNANXX:2:2115:20322:17909_1:95542270",6.7e-20
"8960","HISEQ13:138:C6FWNANXX:2:2201:2614:78087_1:99609526",6.7e-20
"8961","HISEQ13:138:C6FWNANXX:2:1205:13636:11256_1:30759447",6.7e-20
"8962","HISEQ13:138:C6FWNANXX:2:2106:16351:94444_1:83000450",6.7e-20
"8963","HISEQ13:138:C6FWNANXX:2:2207:14051:8902_1:107150969",6.7e-20
"8964","HISEQ13:138:C6FWNANXX:2:2315:2117:60044_1:144383935",6.7e-20
"8965","HISEQ13:138:C6FWNANXX:2:1315:16608:75795_1:72406060",6.7e-20
"8966","HISEQ13:138:C6FWNANXX:2:1203:17082:32555_1:28162764",6.8e-20
"8967","HISEQ13:138:C6FWNANXX:2:1108:12953:7340_1:10457680",6.8e-20
"8968","HISEQ13:138:C6FWNANXX:2:2313:3831:10256_1:140340859",6.8e-20
"8969","HISEQ13:138:C6FWNANXX:2:1107:13883:67162_1:9856176",6.8e-20
"8970","HISEQ13:138:C6FWNANXX:2:1113:3671:80279_1:19419568",6.8e-20
"8971","HISEQ13:138:C6FWNANXX:2:1213:1549:76815_1:44117503",6.8e-20
"8972","HISEQ13:138:C6FWNANXX:2:1312:8345:69504_1:67302456",6.8e-20
"8973","HISEQ13:138:C6FWNANXX:2:1203:11860:94895_1:29078315",6.9e-20
"8974","HISEQ13:138:C6FWNANXX:2:1114:2430:89516_1:21233556",6.9e-20
"8975","HISEQ13:138:C6FWNANXX:2:1116:20639:86742_1:24561875",6.9e-20
"8976","HISEQ13:138:C6FWNANXX:2:1308:20999:34211_1:60428462",6.9e-20
"8977","HISEQ13:138:C6FWNANXX:2:1313:18058:55051_1:68699953",6.9e-20
"8978","HISEQ13:138:C6FWNANXX:2:2205:14009:9773_1:104282726",6.9e-20
"8979","HISEQ13:138:C6FWNANXX:2:2316:5609:22119_1:145395943",6.9e-20
"8980","HISEQ13:138:C6FWNANXX:2:1314:8712:79453_1:70776493",7.1e-20
"8981","HISEQ13:138:C6FWNANXX:2:1216:10227:20961_1:48181691",7.2e-20
"8982","HISEQ13:138:C6FWNANXX:2:2208:19873:94439_1:109896727",7.2e-20
"8983","HISEQ13:138:C6FWNANXX:2:2216:5943:12009_1:121106087",7.2e-20
"8984","HISEQ13:138:C6FWNANXX:2:1106:16385:64540_1:8306380",7.2e-20
"8985","HISEQ13:138:C6FWNANXX:2:2213:16531:29743_1:116546400",7.2e-20
"8986","HISEQ13:138:C6FWNANXX:2:1314:5274:4712_1:69506515",7.3e-20
"8987","HISEQ13:138:C6FWNANXX:2:1316:2847:58525_1:73824389",7.3e-20
"8988","HISEQ13:138:C6FWNANXX:2:1206:14034:3455_1:32118446",7.4e-20
"8989","HISEQ13:138:C6FWNANXX:2:1213:7432:52087_1:43708627",7.4e-20
"8990","HISEQ13:138:C6FWNANXX:2:1215:4486:79165_1:47482347",7.4e-20
"8991","HISEQ13:138:C6FWNANXX:2:2209:10407:19751_1:110262971",7.4e-20
"8992","HISEQ13:138:C6FWNANXX:2:1104:10559:4736_1:4427062",7.4e-20
"8993","HISEQ13:138:C6FWNANXX:2:1208:16358:40225_1:35680613",7.4e-20
"8994","HISEQ13:138:C6FWNANXX:2:1211:17610:45927_1:40419282",7.4e-20
"8995","HISEQ13:138:C6FWNANXX:2:2113:18304:80587_1:93354558",7.4e-20
"8996","HISEQ13:138:C6FWNANXX:2:1103:6829:52708_1:3671621",7.5e-20
"8997","HISEQ13:138:C6FWNANXX:2:1112:6294:99455_1:18101283",7.5e-20
"8998","HISEQ13:138:C6FWNANXX:2:2305:17120:51101_1:128932564",7.6e-20
"8999","HISEQ13:138:C6FWNANXX:2:1201:2787:65764_1:25743269",7.7e-20
"9000","HISEQ13:138:C6FWNANXX:2:1316:11083:18168_1:73120162",7.7e-20
"9001","HISEQ13:138:C6FWNANXX:2:2313:10248:43038_1:140869974",7.7e-20
"9002","HISEQ13:138:C6FWNANXX:2:1205:12795:79589_1:31780768",7.8e-20
"9003","HISEQ13:138:C6FWNANXX:2:2205:20532:6792_1:104240133",7.8e-20
"9004","HISEQ13:138:C6FWNANXX:2:2104:18470:9785_1:78897946",7.8e-20
"9005","HISEQ13:138:C6FWNANXX:2:1109:12963:6647_1:11986612",7.8e-20
"9006","HISEQ13:138:C6FWNANXX:2:2214:7373:71350_1:118823952",7.8e-20
"9007","HISEQ13:138:C6FWNANXX:2:2302:14496:70602_1:124969917",7.8e-20
"9008","HISEQ13:138:C6FWNANXX:2:1204:6703:22981_1:29458929",7.9e-20
"9009","HISEQ13:138:C6FWNANXX:2:2113:13871:9452_1:92216472",7.9e-20
"9010","HISEQ13:138:C6FWNANXX:2:2305:10600:93795_1:129552216",7.9e-20
"9011","HISEQ13:138:C6FWNANXX:2:1105:6779:100183_1:7338247",7.9e-20
"9012","HISEQ13:138:C6FWNANXX:2:2101:21067:100065_1:75960648",7.9e-20
"9013","HISEQ13:138:C6FWNANXX:2:1301:1821:11944_1:49712828",8e-20
"9014","HISEQ13:138:C6FWNANXX:2:1309:9832:21227_1:61770425",8e-20
"9015","HISEQ13:138:C6FWNANXX:2:1109:3173:76711_1:13089199",8e-20
"9016","HISEQ13:138:C6FWNANXX:2:1215:11278:2236_1:46179503",8.1e-20
"9017","HISEQ13:138:C6FWNANXX:2:2201:16618:65532_1:99433946",8.1e-20
"9018","HISEQ13:138:C6FWNANXX:2:2310:9021:70540_1:136625536",8.1e-20
"9019","HISEQ13:138:C6FWNANXX:2:2216:1508:26317_1:121343462",8.1e-20
"9020","HISEQ13:138:C6FWNANXX:2:1201:7492:53809_1:25567437",8.1e-20
"9021","HISEQ13:138:C6FWNANXX:2:1209:15632:11421_1:36767420",8.2e-20
"9022","HISEQ13:138:C6FWNANXX:2:1102:6199:92240_1:2791788",8.2e-20
"9023","HISEQ13:138:C6FWNANXX:2:2312:20346:99462_1:140187197",8.2e-20
"9024","HISEQ13:138:C6FWNANXX:2:1205:2231:26925_1:30988676",8.2e-20
"9025","HISEQ13:138:C6FWNANXX:2:1310:10917:92009_1:64457712",8.4e-20
"9026","HISEQ13:138:C6FWNANXX:2:1106:1385:43687_1:7982157",8.4e-20
"9027","HISEQ13:138:C6FWNANXX:2:1202:6547:92461_1:27584598",8.4e-20
"9028","HISEQ13:138:C6FWNANXX:2:1314:10709:18872_1:69748452",8.4e-20
"9029","HISEQ13:138:C6FWNANXX:2:2213:21109:15049_1:116316231",8.4e-20
"9030","HISEQ13:138:C6FWNANXX:2:2203:1382:60250_1:102173321",8.5e-20
"9031","HISEQ13:138:C6FWNANXX:2:2104:7816:83968_1:79961759",8.5e-20
"9032","HISEQ13:138:C6FWNANXX:2:1201:4512:71320_1:25824711",8.5e-20
"9033","HISEQ13:138:C6FWNANXX:2:2201:18427:30039_1:98928029",8.5e-20
"9034","HISEQ13:138:C6FWNANXX:2:2204:5575:88630_1:103992027",8.5e-20
"9035","HISEQ13:138:C6FWNANXX:2:2210:9874:3597_1:111516827",8.5e-20
"9036","HISEQ13:138:C6FWNANXX:2:2301:8699:3168_1:122620688",8.5e-20
"9037","HISEQ13:138:C6FWNANXX:2:2301:8712:3158_1:122620684",8.5e-20
"9038","HISEQ13:138:C6FWNANXX:2:1206:7405:92874_1:33469810",8.7e-20
"9039","HISEQ13:138:C6FWNANXX:2:2303:20961:85425_1:126582322",8.7e-20
"9040","HISEQ13:138:C6FWNANXX:2:1113:3813:98443_1:19719763",8.7e-20
"9041","HISEQ13:138:C6FWNANXX:2:1102:2462:44742_1:2088847",8.7e-20
"9042","HISEQ13:138:C6FWNANXX:2:2110:13999:62741_1:88487315",8.7e-20
"9043","HISEQ13:138:C6FWNANXX:2:2216:17543:23322_1:121296300",8.7e-20
"9044","HISEQ13:138:C6FWNANXX:2:1311:8987:47421_1:65324834",8.8e-20
"9045","HISEQ13:138:C6FWNANXX:2:2315:6678:49780_1:144216137",8.8e-20
"9046","HISEQ13:138:C6FWNANXX:2:2116:9705:37400_1:97480165",8.9e-20
"9047","HISEQ13:138:C6FWNANXX:2:1205:9425:63263_1:31535904",8.9e-20
"9048","HISEQ13:138:C6FWNANXX:2:1202:3463:27969_1:26638353",9e-20
"9049","HISEQ13:138:C6FWNANXX:2:2105:13382:83643_1:81390585",9e-20
"9050","HISEQ13:138:C6FWNANXX:2:1204:2054:98255_1:30580327",9e-20
"9051","HISEQ13:138:C6FWNANXX:2:1108:17444:35682_1:10895200",9e-20
"9052","HISEQ13:138:C6FWNANXX:2:1114:6860:85131_1:21158013",9e-20
"9053","HISEQ13:138:C6FWNANXX:2:1302:8328:63838_1:51930906",9e-20
"9054","HISEQ13:138:C6FWNANXX:2:2116:19761:98360_1:98486003",9e-20
"9055","HISEQ13:138:C6FWNANXX:2:2204:13389:15830_1:102948640",9e-20
"9056","HISEQ13:138:C6FWNANXX:2:2215:14820:24027_1:119670546",9e-20
"9057","HISEQ13:138:C6FWNANXX:2:2306:12869:40526_1:130220158",9e-20
"9058","HISEQ13:138:C6FWNANXX:2:1111:10658:92426_1:16540039",9e-20
"9059","HISEQ13:138:C6FWNANXX:2:1215:7621:16071_1:46415857",9e-20
"9060","HISEQ13:138:C6FWNANXX:2:2115:15520:68437_1:96362217",9e-20
"9061","HISEQ13:138:C6FWNANXX:2:2306:8228:10067_1:129771309",9e-20
"9062","HISEQ13:138:C6FWNANXX:2:2316:13280:84290_1:146449168",9e-20
"9063","HISEQ13:138:C6FWNANXX:2:1207:4911:81452_1:34796879",9e-20
"9064","HISEQ13:138:C6FWNANXX:2:2107:18088:83425_1:84306945",9e-20
"9065","HISEQ13:138:C6FWNANXX:2:2202:13514:92515_1:101224214",9e-20
"9066","HISEQ13:138:C6FWNANXX:2:1309:16112:31303_1:61932398",9e-20
"9067","HISEQ13:138:C6FWNANXX:2:2104:15019:1938_1:78782309",9e-20
"9068","HISEQ13:138:C6FWNANXX:2:2111:12724:68194_1:90108151",9e-20
"9069","HISEQ13:138:C6FWNANXX:2:2210:5343:60625_1:112386314",9e-20
"9070","HISEQ13:138:C6FWNANXX:2:1108:10922:39179_1:10948288",9.1e-20
"9071","HISEQ13:138:C6FWNANXX:2:1102:14540:97086_1:2867311",9.1e-20
"9072","HISEQ13:138:C6FWNANXX:2:1315:15161:65484_1:72225739",9.1e-20
"9073","HISEQ13:138:C6FWNANXX:2:2210:3333:57864_1:112343908",9.1e-20
"9074","HISEQ13:138:C6FWNANXX:2:2306:19043:63432_1:130556838",9.1e-20
"9075","HISEQ13:138:C6FWNANXX:2:2315:10236:74475_1:144618301",9.1e-20
"9076","HISEQ13:138:C6FWNANXX:2:1303:15657:13574_1:52649347",9.2e-20
"9077","HISEQ13:138:C6FWNANXX:2:2302:16790:76806_1:125059593",9.2e-20
"9078","HISEQ13:138:C6FWNANXX:2:2316:7972:61855_1:146068394",9.2e-20
"9079","HISEQ13:138:C6FWNANXX:2:1116:14514:30193_1:23589174",9.2e-20
"9080","HISEQ13:138:C6FWNANXX:2:2216:17543:55975_1:121845068",9.2e-20
"9081","HISEQ13:138:C6FWNANXX:2:2115:21112:71155_1:96408330",9.3e-20
"9082","HISEQ13:138:C6FWNANXX:2:1108:4099:43781_1:11020665",9.4e-20
"9083","HISEQ13:138:C6FWNANXX:2:1210:10089:64403_1:39141923",9.4e-20
"9084","HISEQ13:138:C6FWNANXX:2:1315:7608:26394_1:71554511",9.4e-20
"9085","HISEQ13:138:C6FWNANXX:2:2306:18067:41706_1:130236031",9.4e-20
"9086","HISEQ13:138:C6FWNANXX:2:2313:11988:85332_1:141554942",9.4e-20
"9087","HISEQ13:138:C6FWNANXX:2:1304:12455:38246_1:54475834",9.5e-20
"9088","HISEQ13:138:C6FWNANXX:2:1306:18700:38049_1:57454392",9.5e-20
"9089","HISEQ13:138:C6FWNANXX:2:2116:18963:54186_1:97757593",9.5e-20
"9090","HISEQ13:138:C6FWNANXX:2:1316:5607:79859_1:74197535",9.6e-20
"9091","HISEQ13:138:C6FWNANXX:2:1110:18170:84962_1:14782264",9.6e-20
"9092","HISEQ13:138:C6FWNANXX:2:1103:3913:8805_1:3023045",9.7e-20
"9093","HISEQ13:138:C6FWNANXX:2:1108:11644:32025_1:10839678",9.7e-20
"9094","HISEQ13:138:C6FWNANXX:2:1207:5025:11041_1:33730109",9.7e-20
"9095","HISEQ13:138:C6FWNANXX:2:1307:2151:80027_1:59610152",9.7e-20
"9096","HISEQ13:138:C6FWNANXX:2:2113:10517:58605_1:93000057",9.7e-20
"9097","HISEQ13:138:C6FWNANXX:2:1202:2667:40149_1:26817427",9.7e-20
"9098","HISEQ13:138:C6FWNANXX:2:2104:2840:36814_1:79283613",9.7e-20
"9099","HISEQ13:138:C6FWNANXX:2:1114:5804:74840_1:20985996",9.7e-20
"9100","HISEQ13:138:C6FWNANXX:2:1314:5429:80332_1:70792855",9.7e-20
"9101","HISEQ13:138:C6FWNANXX:2:1314:5582:42943_1:70155359",9.7e-20
"9102","HISEQ13:138:C6FWNANXX:2:1316:9172:45079_1:73588755",9.7e-20
"9103","HISEQ13:138:C6FWNANXX:2:2103:8909:5655_1:77427130",9.9e-20
"9104","HISEQ13:138:C6FWNANXX:2:1202:4242:31024_1:26686220",9.9e-20
"9105","HISEQ13:138:C6FWNANXX:2:2112:3687:58613_1:91427821",9.9e-20
"9106","HISEQ13:138:C6FWNANXX:2:1203:9006:95525_1:29089035",9.9e-20
"9107","HISEQ13:138:C6FWNANXX:2:2105:10312:42859_1:80799135",9.9e-20
"9108","HISEQ13:138:C6FWNANXX:2:1102:6598:62953_1:2358943",9.9e-20
"9109","HISEQ13:138:C6FWNANXX:2:1106:1869:77359_1:8498572",9.9e-20
"9110","HISEQ13:138:C6FWNANXX:2:1108:17379:47764_1:11085846",9.9e-20
"9111","HISEQ13:138:C6FWNANXX:2:1113:14179:36217_1:18688737",9.9e-20
"9112","HISEQ13:138:C6FWNANXX:2:1113:7271:18100_1:18392203",9.9e-20
"9113","HISEQ13:138:C6FWNANXX:2:1204:13866:96713_1:30556428",9.9e-20
"9114","HISEQ13:138:C6FWNANXX:2:1311:13347:54542_1:65443965",9.9e-20
"9115","HISEQ13:138:C6FWNANXX:2:2106:7876:83867_1:82844679",9.9e-20
"9116","HISEQ13:138:C6FWNANXX:2:2109:4905:75497_1:87172479",9.9e-20
"9117","HISEQ13:138:C6FWNANXX:2:2306:10832:38689_1:130190451",9.9e-20
"9118","HISEQ13:138:C6FWNANXX:2:2310:20046:9677_1:135688762",9.9e-20
"9119","HISEQ13:138:C6FWNANXX:2:1201:17091:99870_1:26245690",1e-19
"9120","HISEQ13:138:C6FWNANXX:2:2213:18553:23259_1:116446512",1e-19
"9121","HISEQ13:138:C6FWNANXX:2:1203:20609:27848_1:28093688",1e-19
"9122","HISEQ13:138:C6FWNANXX:2:1111:2550:5538_1:15089127",1e-19
"9123","HISEQ13:138:C6FWNANXX:2:1116:3631:91361_1:24639589",1e-19
"9124","HISEQ13:138:C6FWNANXX:2:2208:5002:62190_1:109406951",1e-19
"9125","HISEQ13:138:C6FWNANXX:2:1104:7446:22932_1:4697433",1e-19
"9126","HISEQ13:138:C6FWNANXX:2:2208:19241:56514_1:109326730",1e-19
"9127","HISEQ13:138:C6FWNANXX:2:1212:5191:64254_1:42284895",1e-19
"9128","HISEQ13:138:C6FWNANXX:2:1214:16136:88710_1:45971930",1e-19
"9129","HISEQ13:138:C6FWNANXX:2:1302:3699:81989_1:52195266",1e-19
"9130","HISEQ13:138:C6FWNANXX:2:2209:1312:54560_1:110787768",1e-19
"9131","HISEQ13:138:C6FWNANXX:2:1107:8867:49660_1:9587094",1.1e-19
"9132","HISEQ13:138:C6FWNANXX:2:2203:3516:5572_1:101392455",1.1e-19
"9133","HISEQ13:138:C6FWNANXX:2:1115:9948:31246_1:21917748",1.1e-19
"9134","HISEQ13:138:C6FWNANXX:2:1103:15266:61331_1:3803302",1.1e-19
"9135","HISEQ13:138:C6FWNANXX:2:1108:1992:85025_1:11665583",1.1e-19
"9136","HISEQ13:138:C6FWNANXX:2:2211:15721:20049_1:113281989",1.1e-19
"9137","HISEQ13:138:C6FWNANXX:2:1316:20418:46027_1:73608908",1.1e-19
"9138","HISEQ13:138:C6FWNANXX:2:2210:4791:36284_1:112015372",1.1e-19
"9139","HISEQ13:138:C6FWNANXX:2:2114:10563:95726_1:95195893",1.1e-19
"9140","HISEQ13:138:C6FWNANXX:2:2102:5138:8845_1:76066109",1.1e-19
"9141","HISEQ13:138:C6FWNANXX:2:1212:18647:21051_1:41584619",1.1e-19
"9142","HISEQ13:138:C6FWNANXX:2:1206:3574:24227_1:32428741",1.1e-19
"9143","HISEQ13:138:C6FWNANXX:2:2207:6918:7351_1:107127695",1.1e-19
"9144","HISEQ13:138:C6FWNANXX:2:2203:1382:60250_1:102173322",1.1e-19
"9145","HISEQ13:138:C6FWNANXX:2:2212:6353:54478_1:115363111",1.1e-19
"9146","HISEQ13:138:C6FWNANXX:2:2311:20550:48660_1:137817878",1.1e-19
"9147","HISEQ13:138:C6FWNANXX:2:1106:15001:77591_1:8504726",1.1e-19
"9148","HISEQ13:138:C6FWNANXX:2:2208:16887:38139_1:109048875",1.1e-19
"9149","HISEQ13:138:C6FWNANXX:2:1313:12880:44056_1:68516173",1.1e-19
"9150","HISEQ13:138:C6FWNANXX:2:2311:7639:37985_1:137647551",1.1e-19
"9151","HISEQ13:138:C6FWNANXX:2:2105:7879:14345_1:80384997",1.1e-19
"9152","HISEQ13:138:C6FWNANXX:2:2211:6000:62908_1:113950030",1.1e-19
"9153","HISEQ13:138:C6FWNANXX:2:2105:5732:53581_1:80954803",1.2e-19
"9154","HISEQ13:138:C6FWNANXX:2:2112:8007:26969_1:90932966",1.2e-19
"9155","HISEQ13:138:C6FWNANXX:2:1309:11246:25880_1:61845169",1.2e-19
"9156","HISEQ13:138:C6FWNANXX:2:2307:12308:61129_1:131982599",1.2e-19
"9157","HISEQ13:138:C6FWNANXX:2:1212:18054:36747_1:41835502",1.2e-19
"9158","HISEQ13:138:C6FWNANXX:2:2304:18193:29177_1:127191035",1.2e-19
"9159","HISEQ13:138:C6FWNANXX:2:1314:13027:12437_1:69639120",1.2e-19
"9160","HISEQ13:138:C6FWNANXX:2:2203:17465:49995_1:102026898",1.2e-19
"9161","HISEQ13:138:C6FWNANXX:2:1204:10698:6897_1:29238007",1.2e-19
"9162","HISEQ13:138:C6FWNANXX:2:1104:8160:62341_1:5286148",1.2e-19
"9163","HISEQ13:138:C6FWNANXX:2:1108:21183:57468_1:11234961",1.2e-19
"9164","HISEQ13:138:C6FWNANXX:2:1301:2132:76170_1:50657131",1.2e-19
"9165","HISEQ13:138:C6FWNANXX:2:1103:6278:38539_1:3464647",1.2e-19
"9166","HISEQ13:138:C6FWNANXX:2:2201:7699:79019_1:99624611",1.2e-19
"9167","HISEQ13:138:C6FWNANXX:2:1310:12399:78362_1:64240751",1.2e-19
"9168","HISEQ13:138:C6FWNANXX:2:1214:16710:34468_1:45060270",1.2e-19
"9169","HISEQ13:138:C6FWNANXX:2:2102:20149:9274_1:76076158",1.2e-19
"9170","HISEQ13:138:C6FWNANXX:2:2314:12000:77216_1:143037243",1.2e-19
"9171","HISEQ13:138:C6FWNANXX:2:1115:9226:48647_1:22213077",1.2e-19
"9172","HISEQ13:138:C6FWNANXX:2:1209:19687:98452_1:38125951",1.2e-19
"9173","HISEQ13:138:C6FWNANXX:2:1305:20937:95595_1:56824730",1.2e-19
"9174","HISEQ13:138:C6FWNANXX:2:1314:15859:7437_1:69555311",1.2e-19
"9175","HISEQ13:138:C6FWNANXX:2:1316:4493:46766_1:73618562",1.2e-19
"9176","HISEQ13:138:C6FWNANXX:2:1209:3297:26126_1:36993996",1.2e-19
"9177","HISEQ13:138:C6FWNANXX:2:2309:1930:83378_1:135302731",1.2e-19
"9178","HISEQ13:138:C6FWNANXX:2:2115:15762:72593_1:96431589",1.3e-19
"9179","HISEQ13:138:C6FWNANXX:2:1304:10349:99378_1:55393509",1.3e-19
"9180","HISEQ13:138:C6FWNANXX:2:2212:17480:64748_1:115527184",1.3e-19
"9181","HISEQ13:138:C6FWNANXX:2:2303:13667:80356_1:126510395",1.3e-19
"9182","HISEQ13:138:C6FWNANXX:2:2305:2280:52254_1:128948032",1.3e-19
"9183","HISEQ13:138:C6FWNANXX:2:2316:20493:14759_1:145276947",1.3e-19
"9184","HISEQ13:138:C6FWNANXX:2:2313:8434:90254_1:141634926",1.3e-19
"9185","HISEQ13:138:C6FWNANXX:2:1211:14682:26866_1:40113511",1.3e-19
"9186","HISEQ13:138:C6FWNANXX:2:1102:18601:17369_1:1691677",1.3e-19
"9187","HISEQ13:138:C6FWNANXX:2:2309:18598:12433_1:134222139",1.3e-19
"9188","HISEQ13:138:C6FWNANXX:2:2312:5609:13419_1:138819059",1.3e-19
"9189","HISEQ13:138:C6FWNANXX:2:1103:19630:8529_1:3022284",1.3e-19
"9190","HISEQ13:138:C6FWNANXX:2:2111:7640:58297_1:89947025",1.3e-19
"9191","HISEQ13:138:C6FWNANXX:2:2112:5683:100431_1:92089416",1.3e-19
"9192","HISEQ13:138:C6FWNANXX:2:2302:13572:21148_1:124272934",1.3e-19
"9193","HISEQ13:138:C6FWNANXX:2:1201:10077:36597_1:25314339",1.3e-19
"9194","HISEQ13:138:C6FWNANXX:2:1305:18781:97441_1:56851372",1.3e-19
"9195","HISEQ13:138:C6FWNANXX:2:2303:18982:7512_1:125479782",1.3e-19
"9196","HISEQ13:138:C6FWNANXX:2:1306:16911:93508_1:58301719",1.3e-19
"9197","HISEQ13:138:C6FWNANXX:2:2214:7042:21074_1:118002450",1.3e-19
"9198","HISEQ13:138:C6FWNANXX:2:1107:12255:87005_1:10162871",1.3e-19
"9199","HISEQ13:138:C6FWNANXX:2:1107:18320:43906_1:9500188",1.3e-19
"9200","HISEQ13:138:C6FWNANXX:2:2209:12423:59176_1:110858324",1.3e-19
"9201","HISEQ13:138:C6FWNANXX:2:2216:19506:30156_1:121410486",1.3e-19
"9202","HISEQ13:138:C6FWNANXX:2:1106:10609:83127_1:8586861",1.3e-19
"9203","HISEQ13:138:C6FWNANXX:2:1203:15804:12134_1:27860175",1.3e-19
"9204","HISEQ13:138:C6FWNANXX:2:1211:15178:96319_1:41234457",1.3e-19
"9205","HISEQ13:138:C6FWNANXX:2:2114:5945:14463_1:93876220",1.3e-19
"9206","HISEQ13:138:C6FWNANXX:2:2114:6212:55133_1:94536661",1.3e-19
"9207","HISEQ13:138:C6FWNANXX:2:2306:10565:81741_1:130823258",1.3e-19
"9208","HISEQ13:138:C6FWNANXX:2:2310:13822:48483_1:136285478",1.3e-19
"9209","HISEQ13:138:C6FWNANXX:2:2310:4390:15280_1:135774092",1.3e-19
"9210","HISEQ13:138:C6FWNANXX:2:2316:19544:57380_1:145994711",1.3e-19
"9211","HISEQ13:138:C6FWNANXX:2:2105:5732:53581_1:80954802",1.3e-19
"9212","HISEQ13:138:C6FWNANXX:2:2309:7289:81169_1:135269041",1.3e-19
"9213","HISEQ13:138:C6FWNANXX:2:1108:14017:84719_1:11660311",1.3e-19
"9214","HISEQ13:138:C6FWNANXX:2:1113:18117:60356_1:19089661",1.3e-19
"9215","HISEQ13:138:C6FWNANXX:2:1214:13053:54673_1:45399599",1.3e-19
"9216","HISEQ13:138:C6FWNANXX:2:1107:8924:94449_1:10273433",1.3e-19
"9217","HISEQ13:138:C6FWNANXX:2:1304:11887:22631_1:54245972",1.3e-19
"9218","HISEQ13:138:C6FWNANXX:2:2114:15645:11237_1:93825892",1.3e-19
"9219","HISEQ13:138:C6FWNANXX:2:2301:15617:32784_1:123043231",1.3e-19
"9220","HISEQ13:138:C6FWNANXX:2:1106:7393:7452_1:7431647",1.3e-19
"9221","HISEQ13:138:C6FWNANXX:2:1111:14454:99036_1:16669749",1.3e-19
"9222","HISEQ13:138:C6FWNANXX:2:2101:15182:60757_1:75401654",1.3e-19
"9223","HISEQ13:138:C6FWNANXX:2:1113:17361:24537_1:18500979",1.3e-19
"9224","HISEQ13:138:C6FWNANXX:2:1214:7485:82519_1:45869853",1.3e-19
"9225","HISEQ13:138:C6FWNANXX:2:1304:6797:7695_1:54021635",1.3e-19
"9226","HISEQ13:138:C6FWNANXX:2:1105:13745:40885_1:6448074",1.4e-19
"9227","HISEQ13:138:C6FWNANXX:2:1110:5526:74229_1:14612331",1.4e-19
"9228","HISEQ13:138:C6FWNANXX:2:2108:9579:76606_1:85690936",1.4e-19
"9229","HISEQ13:138:C6FWNANXX:2:2114:2743:67674_1:94740308",1.4e-19
"9230","HISEQ13:138:C6FWNANXX:2:1115:7259:56229_1:22340520",1.4e-19
"9231","HISEQ13:138:C6FWNANXX:2:1206:5785:36654_1:32619221",1.4e-19
"9232","HISEQ13:138:C6FWNANXX:2:1214:15656:79768_1:45824962",1.4e-19
"9233","HISEQ13:138:C6FWNANXX:2:1314:2314:61811_1:70477024",1.4e-19
"9234","HISEQ13:138:C6FWNANXX:2:2307:10335:52423_1:131852629",1.4e-19
"9235","HISEQ13:138:C6FWNANXX:2:2111:16214:67262_1:90096403",1.4e-19
"9236","HISEQ13:138:C6FWNANXX:2:2203:18301:25543_1:101680273",1.4e-19
"9237","HISEQ13:138:C6FWNANXX:2:1308:12526:83828_1:61204444",1.4e-19
"9238","HISEQ13:138:C6FWNANXX:2:1114:11590:6669_1:19841541",1.4e-19
"9239","HISEQ13:138:C6FWNANXX:2:1105:7898:60002_1:6735270",1.4e-19
"9240","HISEQ13:138:C6FWNANXX:2:2303:12883:98223_1:126762122",1.4e-19
"9241","HISEQ13:138:C6FWNANXX:2:1111:14326:37955_1:15605423",1.4e-19
"9242","HISEQ13:138:C6FWNANXX:2:2211:9257:96749_1:114479560",1.4e-19
"9243","HISEQ13:138:C6FWNANXX:2:1209:17076:43996_1:37272037",1.4e-19
"9244","HISEQ13:138:C6FWNANXX:2:1212:20466:97189_1:42825631",1.4e-19
"9245","HISEQ13:138:C6FWNANXX:2:2102:2945:57196_1:76750217",1.4e-19
"9246","HISEQ13:138:C6FWNANXX:2:1305:17936:11264_1:55557996",1.4e-19
"9247","HISEQ13:138:C6FWNANXX:2:2216:12466:73220_1:122137531",1.4e-19
"9248","HISEQ13:138:C6FWNANXX:2:2312:6193:78082_1:139844995",1.4e-19
"9249","HISEQ13:138:C6FWNANXX:2:2104:15550:16366_1:78990832",1.4e-19
"9250","HISEQ13:138:C6FWNANXX:2:1213:11088:31319_1:43365802",1.4e-19
"9251","HISEQ13:138:C6FWNANXX:2:2301:10754:71552_1:123587796",1.4e-19
"9252","HISEQ13:138:C6FWNANXX:2:1316:5850:28900_1:73305340",1.5e-19
"9253","HISEQ13:138:C6FWNANXX:2:1106:10050:43807_1:7987503",1.5e-19
"9254","HISEQ13:138:C6FWNANXX:2:1311:20067:62059_1:65566574",1.5e-19
"9255","HISEQ13:138:C6FWNANXX:2:1114:11590:6669_1:19841540",1.5e-19
"9256","HISEQ13:138:C6FWNANXX:2:1312:16163:58439_1:67119586",1.5e-19
"9257","HISEQ13:138:C6FWNANXX:2:1205:15199:92869_1:31978869",1.5e-19
"9258","HISEQ13:138:C6FWNANXX:2:2203:4797:45362_1:101960787",1.5e-19
"9259","HISEQ13:138:C6FWNANXX:2:2211:14771:55115_1:113830890",1.5e-19
"9260","HISEQ13:138:C6FWNANXX:2:2213:1299:75378_1:117278677",1.5e-19
"9261","HISEQ13:138:C6FWNANXX:2:1301:5425:65873_1:50507336",1.5e-19
"9262","HISEQ13:138:C6FWNANXX:2:1105:15273:38178_1:6406791",1.5e-19
"9263","HISEQ13:138:C6FWNANXX:2:1207:4587:35026_1:34092874",1.5e-19
"9264","HISEQ13:138:C6FWNANXX:2:1306:7449:52596_1:57673325",1.5e-19
"9265","HISEQ13:138:C6FWNANXX:2:2216:4940:41139_1:121592738",1.5e-19
"9266","HISEQ13:138:C6FWNANXX:2:2312:16862:26443_1:139027112",1.5e-19
"9267","HISEQ13:138:C6FWNANXX:2:2313:5080:11226_1:140353315",1.5e-19
"9268","HISEQ13:138:C6FWNANXX:2:2314:14635:20112_1:142099042",1.5e-19
"9269","HISEQ13:138:C6FWNANXX:2:2303:14478:27730_1:125762820",1.5e-19
"9270","HISEQ13:138:C6FWNANXX:2:2210:6590:82976_1:112725121",1.5e-19
"9271","HISEQ13:138:C6FWNANXX:2:2210:4763:14966_1:111687139",1.5e-19
"9272","HISEQ13:138:C6FWNANXX:2:1216:16016:94755_1:49464488",1.5e-19
"9273","HISEQ13:138:C6FWNANXX:2:2105:15457:30595_1:80622298",1.5e-19
"9274","HISEQ13:138:C6FWNANXX:2:1103:14495:40289_1:3491904",1.5e-19
"9275","HISEQ13:138:C6FWNANXX:2:2110:5467:39321_1:88130507",1.5e-19
"9276","HISEQ13:138:C6FWNANXX:2:1101:20336:16392_1:215624",1.5e-19
"9277","HISEQ13:138:C6FWNANXX:2:2111:6651:12922_1:89234797",1.5e-19
"9278","HISEQ13:138:C6FWNANXX:2:2116:5795:6842_1:96973752",1.5e-19
"9279","HISEQ13:138:C6FWNANXX:2:1302:2836:5369_1:51069411",1.5e-19
"9280","HISEQ13:138:C6FWNANXX:2:2309:12902:49750_1:134786608",1.6e-19
"9281","HISEQ13:138:C6FWNANXX:2:1203:20205:92421_1:29043001",1.6e-19
"9282","HISEQ13:138:C6FWNANXX:2:1303:2459:98096_1:53897197",1.6e-19
"9283","HISEQ13:138:C6FWNANXX:2:1304:14861:23833_1:54264993",1.6e-19
"9284","HISEQ13:138:C6FWNANXX:2:2110:4267:78544_1:88728274",1.6e-19
"9285","HISEQ13:138:C6FWNANXX:2:2106:3685:3892_1:81667059",1.6e-19
"9286","HISEQ13:138:C6FWNANXX:2:1202:13296:28521_1:26651377",1.6e-19
"9287","HISEQ13:138:C6FWNANXX:2:1115:18401:52952_1:22287708",1.6e-19
"9288","HISEQ13:138:C6FWNANXX:2:1209:15327:14287_1:36814469",1.6e-19
"9289","HISEQ13:138:C6FWNANXX:2:1213:16209:98592_1:44480198",1.6e-19
"9290","HISEQ13:138:C6FWNANXX:2:2115:18793:56284_1:96166842",1.6e-19
"9291","HISEQ13:138:C6FWNANXX:2:2310:7043:15751_1:135782246",1.6e-19
"9292","HISEQ13:138:C6FWNANXX:2:2107:20585:63717_1:84013199",1.6e-19
"9293","HISEQ13:138:C6FWNANXX:2:2214:16598:7206_1:117775146",1.6e-19
"9294","HISEQ13:138:C6FWNANXX:2:2105:6165:64589_1:81113321",1.6e-19
"9295","HISEQ13:138:C6FWNANXX:2:1213:4830:89483_1:44324637",1.6e-19
"9296","HISEQ13:138:C6FWNANXX:2:1201:19300:10245_1:24925612",1.6e-19
"9297","HISEQ13:138:C6FWNANXX:2:1209:6623:13120_1:36793186",1.6e-19
"9298","HISEQ13:138:C6FWNANXX:2:1104:3411:12186_1:4536559",1.6e-19
"9299","HISEQ13:138:C6FWNANXX:2:2308:3010:6795_1:132643942",1.6e-19
"9300","HISEQ13:138:C6FWNANXX:2:2312:7740:96224_1:140132567",1.6e-19
"9301","HISEQ13:138:C6FWNANXX:2:2307:2859:12379_1:131258342",1.7e-19
"9302","HISEQ13:138:C6FWNANXX:2:1105:9675:76471_1:6979151",1.7e-19
"9303","HISEQ13:138:C6FWNANXX:2:1205:5779:55857_1:31422941",1.7e-19
"9304","HISEQ13:138:C6FWNANXX:2:2103:3821:9940_1:77486698",1.7e-19
"9305","HISEQ13:138:C6FWNANXX:2:2109:3708:79205_1:87228819",1.7e-19
"9306","HISEQ13:138:C6FWNANXX:2:2109:9336:38771_1:86616550",1.7e-19
"9307","HISEQ13:138:C6FWNANXX:2:2207:5970:37798_1:107575039",1.7e-19
"9308","HISEQ13:138:C6FWNANXX:2:1209:6623:13120_1:36793185",1.7e-19
"9309","HISEQ13:138:C6FWNANXX:2:1109:18461:25946_1:12290147",1.7e-19
"9310","HISEQ13:138:C6FWNANXX:2:1315:20378:50603_1:71972685",1.7e-19
"9311","HISEQ13:138:C6FWNANXX:2:2304:20244:79228_1:127907952",1.7e-19
"9312","HISEQ13:138:C6FWNANXX:2:2306:12869:40526_1:130220157",1.7e-19
"9313","HISEQ13:138:C6FWNANXX:2:1206:20058:87850_1:33396926",1.7e-19
"9314","HISEQ13:138:C6FWNANXX:2:1108:14013:63358_1:11326582",1.7e-19
"9315","HISEQ13:138:C6FWNANXX:2:1201:4123:83550_1:26004581",1.7e-19
"9316","HISEQ13:138:C6FWNANXX:2:1312:9820:91525_1:67666302",1.7e-19
"9317","HISEQ13:138:C6FWNANXX:2:2109:14169:78626_1:87223306",1.7e-19
"9318","HISEQ13:138:C6FWNANXX:2:2109:9947:67492_1:87051856",1.7e-19
"9319","HISEQ13:138:C6FWNANXX:2:2111:20130:83947_1:90376584",1.7e-19
"9320","HISEQ13:138:C6FWNANXX:2:2206:14701:32854_1:106050878",1.7e-19
"9321","HISEQ13:138:C6FWNANXX:2:1301:13487:43443_1:50178530",1.7e-19
"9322","HISEQ13:138:C6FWNANXX:2:1111:2107:60899_1:15977308",1.7e-19
"9323","HISEQ13:138:C6FWNANXX:2:2115:11732:31398_1:95759411",1.7e-19
"9324","HISEQ13:138:C6FWNANXX:2:1108:2195:29070_1:10791546",1.8e-19
"9325","HISEQ13:138:C6FWNANXX:2:2105:12746:3512_1:80229389",1.8e-19
"9326","HISEQ13:138:C6FWNANXX:2:2116:12976:22166_1:97227505",1.8e-19
"9327","HISEQ13:138:C6FWNANXX:2:2209:9229:52614_1:110758883",1.8e-19
"9328","HISEQ13:138:C6FWNANXX:2:1108:7883:59643_1:11267245",1.8e-19
"9329","HISEQ13:138:C6FWNANXX:2:2101:9815:75162_1:75603755",1.8e-19
"9330","HISEQ13:138:C6FWNANXX:2:1209:7882:39910_1:37207934",1.8e-19
"9331","HISEQ13:138:C6FWNANXX:2:2315:11054:4237_1:143460270",1.8e-19
"9332","HISEQ13:138:C6FWNANXX:2:1311:3264:58106_1:65498744",1.8e-19
"9333","HISEQ13:138:C6FWNANXX:2:1212:11283:36167_1:41826228",1.8e-19
"9334","HISEQ13:138:C6FWNANXX:2:1102:4183:27710_1:1839794",1.9e-19
"9335","HISEQ13:138:C6FWNANXX:2:1102:14540:97086_1:2867310",1.9e-19
"9336","HISEQ13:138:C6FWNANXX:2:1108:17350:70589_1:11441240",1.9e-19
"9337","HISEQ13:138:C6FWNANXX:2:1308:10291:85387_1:61227540",1.9e-19
"9338","HISEQ13:138:C6FWNANXX:2:2301:5830:72110_1:123593897",1.9e-19
"9339","HISEQ13:138:C6FWNANXX:2:1208:19487:9186_1:35205337",1.9e-19
"9340","HISEQ13:138:C6FWNANXX:2:2302:19540:96542_1:125340665",1.9e-19
"9341","HISEQ13:138:C6FWNANXX:2:2307:5622:84995_1:132334673",1.9e-19
"9342","HISEQ13:138:C6FWNANXX:2:2211:18896:54305_1:113819868",1.9e-19
"9343","HISEQ13:138:C6FWNANXX:2:1212:8752:70256_1:42383960",1.9e-19
"9344","HISEQ13:138:C6FWNANXX:2:1214:15926:71786_1:45690556",1.9e-19
"9345","HISEQ13:138:C6FWNANXX:2:1216:10826:35192_1:48428389",1.9e-19
"9346","HISEQ13:138:C6FWNANXX:2:1215:17363:27011_1:46604959",1.9e-19
"9347","HISEQ13:138:C6FWNANXX:2:1314:4413:28387_1:69908988",1.9e-19
"9348","HISEQ13:138:C6FWNANXX:2:1315:8793:72713_1:72348803",1.9e-19
"9349","HISEQ13:138:C6FWNANXX:2:1109:19279:35114_1:12435496",1.9e-19
"9350","HISEQ13:138:C6FWNANXX:2:1206:5785:36654_1:32619220",1.9e-19
"9351","HISEQ13:138:C6FWNANXX:2:2311:12550:44007_1:137745774",1.9e-19
"9352","HISEQ13:138:C6FWNANXX:2:1116:14810:58936_1:24081270",1.9e-19
"9353","HISEQ13:138:C6FWNANXX:2:1312:10449:44527_1:66892786",1.9e-19
"9354","HISEQ13:138:C6FWNANXX:2:2104:8273:60035_1:79618491",1.9e-19
"9355","HISEQ13:138:C6FWNANXX:2:2203:19487:95891_1:102684185",1.9e-19
"9356","HISEQ13:138:C6FWNANXX:2:1308:2917:38666_1:60494747",1.9e-19
"9357","HISEQ13:138:C6FWNANXX:2:2310:20147:91721_1:136948827",1.9e-19
"9358","HISEQ13:138:C6FWNANXX:2:2113:18697:12812_1:92273138",1.9e-19
"9359","HISEQ13:138:C6FWNANXX:2:1308:6005:99800_1:61453756",2e-19
"9360","HISEQ13:138:C6FWNANXX:2:2102:6103:87930_1:77190522",2e-19
"9361","HISEQ13:138:C6FWNANXX:2:2104:6367:61526_1:79640027",2e-19
"9362","HISEQ13:138:C6FWNANXX:2:1108:17519:55518_1:11206460",2e-19
"9363","HISEQ13:138:C6FWNANXX:2:2108:16138:9008_1:84675776",2e-19
"9364","HISEQ13:138:C6FWNANXX:2:1212:2127:54780_1:42129378",2e-19
"9365","HISEQ13:138:C6FWNANXX:2:1202:10120:36358_1:26764016",2e-19
"9366","HISEQ13:138:C6FWNANXX:2:1204:9272:21004_1:29433284",2e-19
"9367","HISEQ13:138:C6FWNANXX:2:1206:5651:24131_1:32429099",2e-19
"9368","HISEQ13:138:C6FWNANXX:2:2202:5537:49385_1:100605387",2e-19
"9369","HISEQ13:138:C6FWNANXX:2:1309:13209:88113_1:62830644",2e-19
"9370","HISEQ13:138:C6FWNANXX:2:2214:15169:76082_1:118903658",2e-19
"9371","HISEQ13:138:C6FWNANXX:2:2214:2032:89611_1:119121410",2e-19
"9372","HISEQ13:138:C6FWNANXX:2:1311:8121:33000_1:65089860",2e-19
"9373","HISEQ13:138:C6FWNANXX:2:2314:1676:83936_1:143145354",2e-19
"9374","HISEQ13:138:C6FWNANXX:2:1202:9873:71634_1:27280853",2.1e-19
"9375","HISEQ13:138:C6FWNANXX:2:1205:8999:43068_1:31232408",2.1e-19
"9376","HISEQ13:138:C6FWNANXX:2:1316:12893:100421_1:74554266",2.1e-19
"9377","HISEQ13:138:C6FWNANXX:2:2116:10078:97132_1:98463211",2.1e-19
"9378","HISEQ13:138:C6FWNANXX:2:2206:1610:64985_1:106519244",2.1e-19
"9379","HISEQ13:138:C6FWNANXX:2:1108:9585:27347_1:10766132",2.1e-19
"9380","HISEQ13:138:C6FWNANXX:2:1201:18758:3791_1:24833439",2.1e-19
"9381","HISEQ13:138:C6FWNANXX:2:2115:8207:78577_1:96527386",2.1e-19
"9382","HISEQ13:138:C6FWNANXX:2:2202:2704:82941_1:101082836",2.1e-19
"9383","HISEQ13:138:C6FWNANXX:2:2307:3279:13641_1:131276914",2.1e-19
"9384","HISEQ13:138:C6FWNANXX:2:1214:9167:34920_1:45067039",2.1e-19
"9385","HISEQ13:138:C6FWNANXX:2:2204:17323:42840_1:103336465",2.1e-19
"9386","HISEQ13:138:C6FWNANXX:2:2303:12042:63157_1:126266386",2.1e-19
"9387","HISEQ13:138:C6FWNANXX:2:2209:10217:32979_1:110459602",2.1e-19
"9388","HISEQ13:138:C6FWNANXX:2:1111:19579:88202_1:16462952",2.1e-19
"9389","HISEQ13:138:C6FWNANXX:2:1215:17424:77406_1:47455019",2.1e-19
"9390","HISEQ13:138:C6FWNANXX:2:2213:7404:20091_1:116392709",2.1e-19
"9391","HISEQ13:138:C6FWNANXX:2:1103:12188:34890_1:3410751",2.1e-19
"9392","HISEQ13:138:C6FWNANXX:2:1106:4378:16134_1:7564336",2.1e-19
"9393","HISEQ13:138:C6FWNANXX:2:1211:10318:82930_1:41014849",2.1e-19
"9394","HISEQ13:138:C6FWNANXX:2:1215:13557:50033_1:46993237",2.1e-19
"9395","HISEQ13:138:C6FWNANXX:2:1306:8723:63951_1:57845647",2.1e-19
"9396","HISEQ13:138:C6FWNANXX:2:2215:2181:44455_1:120001987",2.1e-19
"9397","HISEQ13:138:C6FWNANXX:2:2213:6297:45623_1:116800580",2.1e-19
"9398","HISEQ13:138:C6FWNANXX:2:1103:15850:86156_1:4171176",2.1e-19
"9399","HISEQ13:138:C6FWNANXX:2:1101:9320:56817_1:812157",2.2e-19
"9400","HISEQ13:138:C6FWNANXX:2:1202:15898:9010_1:26365165",2.2e-19
"9401","HISEQ13:138:C6FWNANXX:2:2209:10138:10032_1:110114893",2.2e-19
"9402","HISEQ13:138:C6FWNANXX:2:2305:17140:46019_1:128859214",2.2e-19
"9403","HISEQ13:138:C6FWNANXX:2:2316:18271:59342_1:146028266",2.2e-19
"9404","HISEQ13:138:C6FWNANXX:2:1111:13666:95376_1:16597635",2.2e-19
"9405","HISEQ13:138:C6FWNANXX:2:2212:14437:7030_1:114630423",2.2e-19
"9406","HISEQ13:138:C6FWNANXX:2:1307:2895:71243_1:59471696",2.2e-19
"9407","HISEQ13:138:C6FWNANXX:2:2301:16428:39837_1:123142514",2.2e-19
"9408","HISEQ13:138:C6FWNANXX:2:1315:2632:11251_1:71299361",2.2e-19
"9409","HISEQ13:138:C6FWNANXX:2:1103:17547:18723_1:3170317",2.2e-19
"9410","HISEQ13:138:C6FWNANXX:2:1306:8370:74036_1:58002827",2.2e-19
"9411","HISEQ13:138:C6FWNANXX:2:1112:17717:94447_1:18021224",2.2e-19
"9412","HISEQ13:138:C6FWNANXX:2:1316:4654:26170_1:73257388",2.2e-19
"9413","HISEQ13:138:C6FWNANXX:2:1306:14865:5583_1:56957869",2.2e-19
"9414","HISEQ13:138:C6FWNANXX:2:1313:5371:61327_1:68801942",2.2e-19
"9415","HISEQ13:138:C6FWNANXX:2:1316:2068:43408_1:73556690",2.2e-19
"9416","HISEQ13:138:C6FWNANXX:2:2208:9877:11081_1:108644139",2.2e-19
"9417","HISEQ13:138:C6FWNANXX:2:2112:19172:79174_1:91755980",2.3e-19
"9418","HISEQ13:138:C6FWNANXX:2:2302:18163:80537_1:125113325",2.3e-19
"9419","HISEQ13:138:C6FWNANXX:2:2306:8721:69580_1:130647653",2.3e-19
"9420","HISEQ13:138:C6FWNANXX:2:1209:17444:52501_1:37408886",2.3e-19
"9421","HISEQ13:138:C6FWNANXX:2:1313:2609:34205_1:68347645",2.3e-19
"9422","HISEQ13:138:C6FWNANXX:2:1213:10793:77474_1:44127583",2.3e-19
"9423","HISEQ13:138:C6FWNANXX:2:2102:10751:79922_1:77076416",2.3e-19
"9424","HISEQ13:138:C6FWNANXX:2:1307:15980:97058_1:59873535",2.3e-19
"9425","HISEQ13:138:C6FWNANXX:2:1214:17288:53461_1:45379513",2.3e-19
"9426","HISEQ13:138:C6FWNANXX:2:2101:7950:90801_1:75826432",2.3e-19
"9427","HISEQ13:138:C6FWNANXX:2:2205:17775:24588_1:104497163",2.3e-19
"9428","HISEQ13:138:C6FWNANXX:2:1113:12361:89157_1:19567146",2.3e-19
"9429","HISEQ13:138:C6FWNANXX:2:2314:19631:52811_1:142638255",2.3e-19
"9430","HISEQ13:138:C6FWNANXX:2:1313:15923:46692_1:68558118",2.3e-19
"9431","HISEQ13:138:C6FWNANXX:2:1115:20884:42359_1:22110756",2.4e-19
"9432","HISEQ13:138:C6FWNANXX:2:1114:7862:99078_1:21395185",2.4e-19
"9433","HISEQ13:138:C6FWNANXX:2:1301:17806:5744_1:49623075",2.4e-19
"9434","HISEQ13:138:C6FWNANXX:2:2112:16011:83745_1:91827434",2.4e-19
"9435","HISEQ13:138:C6FWNANXX:2:2115:4677:10945_1:95424439",2.4e-19
"9436","HISEQ13:138:C6FWNANXX:2:2309:16907:73699_1:135156488",2.4e-19
"9437","HISEQ13:138:C6FWNANXX:2:1301:13485:67532_1:50534203",2.4e-19
"9438","HISEQ13:138:C6FWNANXX:2:2111:4364:88621_1:90454866",2.4e-19
"9439","HISEQ13:138:C6FWNANXX:2:2310:18391:42056_1:136190479",2.4e-19
"9440","HISEQ13:138:C6FWNANXX:2:1106:7393:7452_1:7431646",2.4e-19
"9441","HISEQ13:138:C6FWNANXX:2:1302:12387:30497_1:51438324",2.4e-19
"9442","HISEQ13:138:C6FWNANXX:2:1201:20897:89387_1:26091899",2.5e-19
"9443","HISEQ13:138:C6FWNANXX:2:1209:12538:54180_1:37431534",2.5e-19
"9444","HISEQ13:138:C6FWNANXX:2:1111:5665:54615_1:15873947",2.5e-19
"9445","HISEQ13:138:C6FWNANXX:2:1116:12587:59708_1:24093724",2.5e-19
"9446","HISEQ13:138:C6FWNANXX:2:1213:3010:28275_1:43314794",2.5e-19
"9447","HISEQ13:138:C6FWNANXX:2:2214:10116:70472_1:118808289",2.5e-19
"9448","HISEQ13:138:C6FWNANXX:2:1103:10023:20909_1:3202635",2.5e-19
"9449","HISEQ13:138:C6FWNANXX:2:1116:7005:5724_1:23165462",2.5e-19
"9450","HISEQ13:138:C6FWNANXX:2:1208:9167:60935_1:36000200",2.5e-19
"9451","HISEQ13:138:C6FWNANXX:2:2103:13438:71187_1:78358457",2.5e-19
"9452","HISEQ13:138:C6FWNANXX:2:2212:10224:19834_1:114818565",2.5e-19
"9453","HISEQ13:138:C6FWNANXX:2:2205:15566:21865_1:104457902",2.6e-19
"9454","HISEQ13:138:C6FWNANXX:2:1311:1296:62108_1:65562632",2.6e-19
"9455","HISEQ13:138:C6FWNANXX:2:1208:8219:45965_1:35767433",2.6e-19
"9456","HISEQ13:138:C6FWNANXX:2:2301:13188:70849_1:123577600",2.6e-19
"9457","HISEQ13:138:C6FWNANXX:2:1207:1381:55990_1:34406921",2.6e-19
"9458","HISEQ13:138:C6FWNANXX:2:2205:3798:20732_1:104437391",2.6e-19
"9459","HISEQ13:138:C6FWNANXX:2:2308:9212:26944_1:132946346",2.6e-19
"9460","HISEQ13:138:C6FWNANXX:2:2209:1312:54560_1:110787769",2.6e-19
"9461","HISEQ13:138:C6FWNANXX:2:1108:19412:12169_1:10532574",2.7e-19
"9462","HISEQ13:138:C6FWNANXX:2:1206:4307:34748_1:32588236",2.7e-19
"9463","HISEQ13:138:C6FWNANXX:2:1304:5324:69391_1:54943616",2.7e-19
"9464","HISEQ13:138:C6FWNANXX:2:2206:11091:83320_1:106792946",2.7e-19
"9465","HISEQ13:138:C6FWNANXX:2:2209:6314:62920_1:110914411",2.7e-19
"9466","HISEQ13:138:C6FWNANXX:2:2212:15707:23778_1:114883283",2.7e-19
"9467","HISEQ13:138:C6FWNANXX:2:2204:17916:93908_1:104069430",2.7e-19
"9468","HISEQ13:138:C6FWNANXX:2:1112:9479:24664_1:16883961",2.7e-19
"9469","HISEQ13:138:C6FWNANXX:2:1209:7152:93360_1:38044920",2.7e-19
"9470","HISEQ13:138:C6FWNANXX:2:1215:20621:38280_1:46796174",2.7e-19
"9471","HISEQ13:138:C6FWNANXX:2:1304:6902:49050_1:54640147",2.7e-19
"9472","HISEQ13:138:C6FWNANXX:2:1216:3574:43011_1:48565209",2.7e-19
"9473","HISEQ13:138:C6FWNANXX:2:1302:12391:75452_1:52100858",2.7e-19
"9474","HISEQ13:138:C6FWNANXX:2:2108:13301:21969_1:84865712",2.7e-19
"9475","HISEQ13:138:C6FWNANXX:2:2301:10730:33469_1:123049295",2.7e-19
"9476","HISEQ13:138:C6FWNANXX:2:1213:3862:71114_1:44023088",2.7e-19
"9477","HISEQ13:138:C6FWNANXX:2:1209:15066:51341_1:37388977",2.8e-19
"9478","HISEQ13:138:C6FWNANXX:2:2316:8996:5629_1:145117472",2.8e-19
"9479","HISEQ13:138:C6FWNANXX:2:1111:3294:63058_1:16015655",2.8e-19
"9480","HISEQ13:138:C6FWNANXX:2:2313:21144:74164_1:141374198",2.8e-19
"9481","HISEQ13:138:C6FWNANXX:2:2302:14715:14713_1:124180507",2.8e-19
"9482","HISEQ13:138:C6FWNANXX:2:1209:3473:43699_1:37265484",2.9e-19
"9483","HISEQ13:138:C6FWNANXX:2:1314:6612:72985_1:70665340",2.9e-19
"9484","HISEQ13:138:C6FWNANXX:2:2211:10855:38169_1:113563602",2.9e-19
"9485","HISEQ13:138:C6FWNANXX:2:2110:8777:84328_1:88817327",2.9e-19
"9486","HISEQ13:138:C6FWNANXX:2:2111:14205:88747_1:90457079",2.9e-19
"9487","HISEQ13:138:C6FWNANXX:2:2111:16341:77961_1:90272439",2.9e-19
"9488","HISEQ13:138:C6FWNANXX:2:2116:5182:50204_1:97689609",2.9e-19
"9489","HISEQ13:138:C6FWNANXX:2:2303:5948:2950_1:125409142",2.9e-19
"9490","HISEQ13:138:C6FWNANXX:2:1112:10871:67831_1:17584860",2.9e-19
"9491","HISEQ13:138:C6FWNANXX:2:1308:7638:31375_1:60382842",2.9e-19
"9492","HISEQ13:138:C6FWNANXX:2:2104:13967:10694_1:78907885",2.9e-19
"9493","HISEQ13:138:C6FWNANXX:2:2109:10555:43589_1:86689599",2.9e-19
"9494","HISEQ13:138:C6FWNANXX:2:2212:20831:53310_1:115350405",2.9e-19
"9495","HISEQ13:138:C6FWNANXX:2:2216:2955:84414_1:122326139",2.9e-19
"9496","HISEQ13:138:C6FWNANXX:2:1204:1615:47695_1:29826045",2.9e-19
"9497","HISEQ13:138:C6FWNANXX:2:2113:13776:7089_1:92180667",2.9e-19
"9498","HISEQ13:138:C6FWNANXX:2:2116:16835:81714_1:98209202",2.9e-19
"9499","HISEQ13:138:C6FWNANXX:2:2210:11131:27068_1:111875676",2.9e-19
"9500","HISEQ13:138:C6FWNANXX:2:1113:10758:99569_1:19741987",2.9e-19
"9501","HISEQ13:138:C6FWNANXX:2:2307:5311:93046_1:132457272",2.9e-19
"9502","HISEQ13:138:C6FWNANXX:2:1103:10023:20909_1:3202636",2.9e-19
"9503","HISEQ13:138:C6FWNANXX:2:1208:9323:12116_1:35249438",2.9e-19
"9504","HISEQ13:138:C6FWNANXX:2:1313:21144:14780_1:68032341",2.9e-19
"9505","HISEQ13:138:C6FWNANXX:2:2104:17453:78976_1:79891913",2.9e-19
"9506","HISEQ13:138:C6FWNANXX:2:2213:20486:76481_1:117298781",2.9e-19
"9507","HISEQ13:138:C6FWNANXX:2:2216:1407:30022_1:121406696",2.9e-19
"9508","HISEQ13:138:C6FWNANXX:2:2306:9656:58543_1:130485026",2.9e-19
"9509","HISEQ13:138:C6FWNANXX:2:2313:15973:90401_1:141636446",2.9e-19
"9510","HISEQ13:138:C6FWNANXX:2:2212:7987:91517_1:115956939",2.9e-19
"9511","HISEQ13:138:C6FWNANXX:2:1108:16894:20669_1:10663148",2.9e-19
"9512","HISEQ13:138:C6FWNANXX:2:1312:13822:94469_1:67712458",2.9e-19
"9513","HISEQ13:138:C6FWNANXX:2:2202:21086:91490_1:101208022",2.9e-19
"9514","HISEQ13:138:C6FWNANXX:2:2202:9013:71420_1:100919351",2.9e-19
"9515","HISEQ13:138:C6FWNANXX:2:2204:8046:7637_1:102832299",2.9e-19
"9516","HISEQ13:138:C6FWNANXX:2:2309:1970:80637_1:135260365",2.9e-19
"9517","HISEQ13:138:C6FWNANXX:2:2312:15319:78380_1:139850766",2.9e-19
"9518","HISEQ13:138:C6FWNANXX:2:1112:9270:80395_1:17790512",3e-19
"9519","HISEQ13:138:C6FWNANXX:2:1201:6990:87822_1:26067084",3e-19
"9520","HISEQ13:138:C6FWNANXX:2:2106:13727:75686_1:82725659",3e-19
"9521","HISEQ13:138:C6FWNANXX:2:2111:5030:94065_1:90550608",3e-19
"9522","HISEQ13:138:C6FWNANXX:2:2209:13536:50569_1:110729077",3e-19
"9523","HISEQ13:138:C6FWNANXX:2:2302:5596:14290_1:124175256",3e-19
"9524","HISEQ13:138:C6FWNANXX:2:2307:3852:100217_1:132561260",3e-19
"9525","HISEQ13:138:C6FWNANXX:2:1114:16210:46696_1:20512839",3e-19
"9526","HISEQ13:138:C6FWNANXX:2:1102:13392:43398_1:2072530",3e-19
"9527","HISEQ13:138:C6FWNANXX:2:2201:18213:98878_1:99906148",3e-19
"9528","HISEQ13:138:C6FWNANXX:2:1108:8708:52594_1:11157858",3e-19
"9529","HISEQ13:138:C6FWNANXX:2:1314:14333:40367_1:70114976",3e-19
"9530","HISEQ13:138:C6FWNANXX:2:2214:5208:65691_1:118728908",3e-19
"9531","HISEQ13:138:C6FWNANXX:2:1201:15302:31137_1:25233974",3e-19
"9532","HISEQ13:138:C6FWNANXX:2:2209:4940:27363_1:110375559",3e-19
"9533","HISEQ13:138:C6FWNANXX:2:1112:4473:98318_1:18084458",3e-19
"9534","HISEQ13:138:C6FWNANXX:2:1314:7514:51131_1:70296081",3e-19
"9535","HISEQ13:138:C6FWNANXX:2:2109:19584:4576_1:86098981",3e-19
"9536","HISEQ13:138:C6FWNANXX:2:2212:6335:54796_1:115370912",3e-19
"9537","HISEQ13:138:C6FWNANXX:2:1103:3801:15364_1:3119252",3e-19
"9538","HISEQ13:138:C6FWNANXX:2:2309:10720:2656_1:134072617",3e-19
"9539","HISEQ13:138:C6FWNANXX:2:1205:1982:85502_1:31867983",3e-19
"9540","HISEQ13:138:C6FWNANXX:2:2210:9248:10885_1:111626967",3e-19
"9541","HISEQ13:138:C6FWNANXX:2:1315:18777:48625_1:71938138",3e-19
"9542","HISEQ13:138:C6FWNANXX:2:2313:17224:83904_1:141531914",3.1e-19
"9543","HISEQ13:138:C6FWNANXX:2:1109:7224:52805_1:12713214",3.1e-19
"9544","HISEQ13:138:C6FWNANXX:2:2305:3849:85401_1:129427343",3.1e-19
"9545","HISEQ13:138:C6FWNANXX:2:2113:11979:85277_1:93429457",3.1e-19
"9546","HISEQ13:138:C6FWNANXX:2:2216:4372:44446_1:121647873",3.1e-19
"9547","HISEQ13:138:C6FWNANXX:2:2315:2825:42118_1:144087413",3.1e-19
"9548","HISEQ13:138:C6FWNANXX:2:1105:7723:22049_1:6165155",3.1e-19
"9549","HISEQ13:138:C6FWNANXX:2:1303:2851:60889_1:53346025",3.1e-19
"9550","HISEQ13:138:C6FWNANXX:2:1314:15886:27619_1:69898668",3.1e-19
"9551","HISEQ13:138:C6FWNANXX:2:2309:18093:32641_1:134529833",3.1e-19
"9552","HISEQ13:138:C6FWNANXX:2:1308:15074:24134_1:60272200",3.1e-19
"9553","HISEQ13:138:C6FWNANXX:2:2111:7014:16502_1:89293088",3.1e-19
"9554","HISEQ13:138:C6FWNANXX:2:1111:5220:28485_1:15451790",3.1e-19
"9555","HISEQ13:138:C6FWNANXX:2:2111:7007:35129_1:89579858",3.1e-19
"9556","HISEQ13:138:C6FWNANXX:2:2210:14565:6956_1:111567154",3.1e-19
"9557","HISEQ13:138:C6FWNANXX:2:1212:17825:16261_1:41512316",3.1e-19
"9558","HISEQ13:138:C6FWNANXX:2:2310:13149:25506_1:135934886",3.1e-19
"9559","HISEQ13:138:C6FWNANXX:2:2313:21144:74164_1:141374199",3.1e-19
"9560","HISEQ13:138:C6FWNANXX:2:1206:4827:72127_1:33157374",3.1e-19
"9561","HISEQ13:138:C6FWNANXX:2:2104:5409:6742_1:78848381",3.1e-19
"9562","HISEQ13:138:C6FWNANXX:2:2207:9089:19666_1:107308224",3.1e-19
"9563","HISEQ13:138:C6FWNANXX:2:2312:5996:76594_1:139820977",3.1e-19
"9564","HISEQ13:138:C6FWNANXX:2:2201:9025:70046_1:99497057",3.1e-19
"9565","HISEQ13:138:C6FWNANXX:2:1105:8047:92240_1:7216524",3.1e-19
"9566","HISEQ13:138:C6FWNANXX:2:1307:15980:97058_1:59873536",3.1e-19
"9567","HISEQ13:138:C6FWNANXX:2:2108:17627:92598_1:85934300",3.1e-19
"9568","HISEQ13:138:C6FWNANXX:2:2302:11649:85269_1:125179470",3.1e-19
"9569","HISEQ13:138:C6FWNANXX:2:2309:7173:72357_1:135135515",3.2e-19
"9570","HISEQ13:138:C6FWNANXX:2:2104:12699:37663_1:79296164",3.2e-19
"9571","HISEQ13:138:C6FWNANXX:2:1112:17717:94447_1:18021223",3.2e-19
"9572","HISEQ13:138:C6FWNANXX:2:1213:3560:72690_1:44047840",3.2e-19
"9573","HISEQ13:138:C6FWNANXX:2:2203:14474:81108_1:102472065",3.2e-19
"9574","HISEQ13:138:C6FWNANXX:2:1309:5516:49173_1:62210523",3.2e-19
"9575","HISEQ13:138:C6FWNANXX:2:2115:18198:84052_1:96619637",3.2e-19
"9576","HISEQ13:138:C6FWNANXX:2:2206:4254:48232_1:106273210",3.2e-19
"9577","HISEQ13:138:C6FWNANXX:2:2111:5761:61803_1:90003807",3.2e-19
"9578","HISEQ13:138:C6FWNANXX:2:2106:2328:20105_1:81905847",3.3e-19
"9579","HISEQ13:138:C6FWNANXX:2:2315:14870:45552_1:144147405",3.3e-19
"9580","HISEQ13:138:C6FWNANXX:2:2203:6530:33830_1:101796093",3.3e-19
"9581","HISEQ13:138:C6FWNANXX:2:2212:14437:7030_1:114630424",3.3e-19
"9582","HISEQ13:138:C6FWNANXX:2:2216:15760:98037_1:122560828",3.3e-19
"9583","HISEQ13:138:C6FWNANXX:2:1102:21240:8646_1:1562566",3.3e-19
"9584","HISEQ13:138:C6FWNANXX:2:1210:2014:64155_1:39136523",3.3e-19
"9585","HISEQ13:138:C6FWNANXX:2:1103:14776:95119_1:4304081",3.3e-19
"9586","HISEQ13:138:C6FWNANXX:2:1112:14826:45636_1:17225426",3.3e-19
"9587","HISEQ13:138:C6FWNANXX:2:1315:8696:23575_1:71507961",3.3e-19
"9588","HISEQ13:138:C6FWNANXX:2:2310:20851:83415_1:136822093",3.3e-19
"9589","HISEQ13:138:C6FWNANXX:2:1314:13226:90021_1:70960567",3.3e-19
"9590","HISEQ13:138:C6FWNANXX:2:2109:19027:50384_1:86793380",3.4e-19
"9591","HISEQ13:138:C6FWNANXX:2:1215:10599:41538_1:46849098",3.4e-19
"9592","HISEQ13:138:C6FWNANXX:2:1311:3464:65000_1:65611873",3.4e-19
"9593","HISEQ13:138:C6FWNANXX:2:2313:8537:4578_1:140249778",3.4e-19
"9594","HISEQ13:138:C6FWNANXX:2:2314:12000:77216_1:143037244",3.4e-19
"9595","HISEQ13:138:C6FWNANXX:2:1204:2581:32111_1:29596157",3.4e-19
"9596","HISEQ13:138:C6FWNANXX:2:1211:1463:87631_1:41089373",3.4e-19
"9597","HISEQ13:138:C6FWNANXX:2:2310:6188:56687_1:136411700",3.4e-19
"9598","HISEQ13:138:C6FWNANXX:2:1112:14697:38670_1:17112107",3.5e-19
"9599","HISEQ13:138:C6FWNANXX:2:1310:5715:39432_1:63621339",3.5e-19
"9600","HISEQ13:138:C6FWNANXX:2:1315:5134:36913_1:71733613",3.5e-19
"9601","HISEQ13:138:C6FWNANXX:2:2206:4914:34782_1:106078816",3.5e-19
"9602","HISEQ13:138:C6FWNANXX:2:2214:9498:38619_1:118287380",3.5e-19
"9603","HISEQ13:138:C6FWNANXX:2:1107:3312:74414_1:9965237",3.5e-19
"9604","HISEQ13:138:C6FWNANXX:2:2104:2154:26627_1:79135631",3.5e-19
"9605","HISEQ13:138:C6FWNANXX:2:2110:13066:37385_1:88101496",3.5e-19
"9606","HISEQ13:138:C6FWNANXX:2:2308:18496:85715_1:133834137",3.5e-19
"9607","HISEQ13:138:C6FWNANXX:2:2108:1689:88032_1:85863229",3.5e-19
"9608","HISEQ13:138:C6FWNANXX:2:2214:8030:52857_1:118519473",3.5e-19
"9609","HISEQ13:138:C6FWNANXX:2:1209:9679:74897_1:37756254",3.5e-19
"9610","HISEQ13:138:C6FWNANXX:2:1211:14682:26866_1:40113512",3.6e-19
"9611","HISEQ13:138:C6FWNANXX:2:1115:9992:53456_1:22294272",3.6e-19
"9612","HISEQ13:138:C6FWNANXX:2:1204:10483:17566_1:29382328",3.6e-19
"9613","HISEQ13:138:C6FWNANXX:2:1310:5750:53975_1:63852837",3.6e-19
"9614","HISEQ13:138:C6FWNANXX:2:2313:5252:81990_1:141496984",3.6e-19
"9615","HISEQ13:138:C6FWNANXX:2:1208:2482:68357_1:36115088",3.6e-19
"9616","HISEQ13:138:C6FWNANXX:2:2114:12935:46567_1:94399604",3.6e-19
"9617","HISEQ13:138:C6FWNANXX:2:2309:7289:81169_1:135269040",3.6e-19
"9618","HISEQ13:138:C6FWNANXX:2:1206:15837:16127_1:32311268",3.6e-19
"9619","HISEQ13:138:C6FWNANXX:2:1216:20153:67120_1:48984659",3.6e-19
"9620","HISEQ13:138:C6FWNANXX:2:2102:15329:62087_1:76823317",3.6e-19
"9621","HISEQ13:138:C6FWNANXX:2:2103:15100:14148_1:77549439",3.6e-19
"9622","HISEQ13:138:C6FWNANXX:2:2103:20962:81668_1:78509890",3.6e-19
"9623","HISEQ13:138:C6FWNANXX:2:2216:17210:35970_1:121506358",3.6e-19
"9624","HISEQ13:138:C6FWNANXX:2:2316:6460:80484_1:146379841",3.6e-19
"9625","HISEQ13:138:C6FWNANXX:2:1103:5262:37362_1:3446220",3.6e-19
"9626","HISEQ13:138:C6FWNANXX:2:1212:15830:37626_1:41851321",3.6e-19
"9627","HISEQ13:138:C6FWNANXX:2:1310:14667:95196_1:64505092",3.7e-19
"9628","HISEQ13:138:C6FWNANXX:2:1201:10682:74707_1:25873603",3.7e-19
"9629","HISEQ13:138:C6FWNANXX:2:2106:1868:24914_1:81975353",3.7e-19
"9630","HISEQ13:138:C6FWNANXX:2:2208:17343:24248_1:108840147",3.7e-19
"9631","HISEQ13:138:C6FWNANXX:2:2207:2001:22597_1:107350811",3.7e-19
"9632","HISEQ13:138:C6FWNANXX:2:1113:19939:97246_1:19702206",3.8e-19
"9633","HISEQ13:138:C6FWNANXX:2:2214:12699:47207_1:118426642",3.9e-19
"9634","HISEQ13:138:C6FWNANXX:2:1315:16515:97455_1:72780500",3.9e-19
"9635","HISEQ13:138:C6FWNANXX:2:2103:9474:66614_1:78294355",3.9e-19
"9636","HISEQ13:138:C6FWNANXX:2:1102:21106:96819_1:2864785",3.9e-19
"9637","HISEQ13:138:C6FWNANXX:2:1108:11316:37383_1:10921279",3.9e-19
"9638","HISEQ13:138:C6FWNANXX:2:2206:5168:91364_1:106907859",3.9e-19
"9639","HISEQ13:138:C6FWNANXX:2:2313:10443:65194_1:141226588",3.9e-19
"9640","HISEQ13:138:C6FWNANXX:2:1107:17458:54930_1:9669195",4e-19
"9641","HISEQ13:138:C6FWNANXX:2:1108:2079:47908_1:11082863",4e-19
"9642","HISEQ13:138:C6FWNANXX:2:1206:10809:96883_1:33531699",4e-19
"9643","HISEQ13:138:C6FWNANXX:2:1103:1481:86253_1:4172176",4e-19
"9644","HISEQ13:138:C6FWNANXX:2:1111:17013:89382_1:16485620",4e-19
"9645","HISEQ13:138:C6FWNANXX:2:1312:3902:68762_1:67289216",4e-19
"9646","HISEQ13:138:C6FWNANXX:2:2101:12877:63945_1:75444031",4e-19
"9647","HISEQ13:138:C6FWNANXX:2:2108:7158:87493_1:85853145",4e-19
"9648","HISEQ13:138:C6FWNANXX:2:2108:7158:87493_1:85853146",4e-19
"9649","HISEQ13:138:C6FWNANXX:2:1115:10620:17524_1:21689931",4e-19
"9650","HISEQ13:138:C6FWNANXX:2:1114:7154:37266_1:20355580",4e-19
"9651","HISEQ13:138:C6FWNANXX:2:1208:17797:17009_1:35328104",4e-19
"9652","HISEQ13:138:C6FWNANXX:2:2204:6263:100206_1:104157595",4e-19
"9653","HISEQ13:138:C6FWNANXX:2:2209:19559:71529_1:111049676",4e-19
"9654","HISEQ13:138:C6FWNANXX:2:2209:9952:78235_1:111146678",4e-19
"9655","HISEQ13:138:C6FWNANXX:2:2315:9485:34411_1:143960711",4e-19
"9656","HISEQ13:138:C6FWNANXX:2:2312:18364:86970_1:139987455",4.1e-19
"9657","HISEQ13:138:C6FWNANXX:2:2303:1577:37380_1:125898887",4.1e-19
"9658","HISEQ13:138:C6FWNANXX:2:2305:19268:81271_1:129372080",4.1e-19
"9659","HISEQ13:138:C6FWNANXX:2:2305:7163:6626_1:128284152",4.1e-19
"9660","HISEQ13:138:C6FWNANXX:2:1211:17256:39363_1:40315081",4.1e-19
"9661","HISEQ13:138:C6FWNANXX:2:1313:19323:96252_1:69390757",4.1e-19
"9662","HISEQ13:138:C6FWNANXX:2:2101:20769:8908_1:74661304",4.1e-19
"9663","HISEQ13:138:C6FWNANXX:2:1216:14056:14574_1:48075056",4.1e-19
"9664","HISEQ13:138:C6FWNANXX:2:1310:16050:21686_1:63340936",4.1e-19
"9665","HISEQ13:138:C6FWNANXX:2:2204:19130:62641_1:103621688",4.1e-19
"9666","HISEQ13:138:C6FWNANXX:2:1110:6716:84054_1:14768482",4.1e-19
"9667","HISEQ13:138:C6FWNANXX:2:1216:12632:81964_1:49241149",4.1e-19
"9668","HISEQ13:138:C6FWNANXX:2:1308:16597:2540_1:59940156",4.1e-19
"9669","HISEQ13:138:C6FWNANXX:2:1101:21217:39892_1:563379",4.1e-19
"9670","HISEQ13:138:C6FWNANXX:2:1104:2702:78680_1:5527950",4.1e-19
"9671","HISEQ13:138:C6FWNANXX:2:1311:13283:64428_1:65601820",4.1e-19
"9672","HISEQ13:138:C6FWNANXX:2:1313:20321:81069_1:69136190",4.1e-19
"9673","HISEQ13:138:C6FWNANXX:2:1316:11860:95562_1:74471808",4.1e-19
"9674","HISEQ13:138:C6FWNANXX:2:2112:16709:55201_1:91375395",4.1e-19
"9675","HISEQ13:138:C6FWNANXX:2:2215:8399:59805_1:120259043",4.1e-19
"9676","HISEQ13:138:C6FWNANXX:2:2114:11801:9119_1:93792592",4.1e-19
"9677","HISEQ13:138:C6FWNANXX:2:2316:4045:26783_1:145475681",4.1e-19
"9678","HISEQ13:138:C6FWNANXX:2:1113:8167:31456_1:18609873",4.1e-19
"9679","HISEQ13:138:C6FWNANXX:2:1209:16364:60548_1:37534480",4.1e-19
"9680","HISEQ13:138:C6FWNANXX:2:1315:14219:90400_1:72657813",4.1e-19
"9681","HISEQ13:138:C6FWNANXX:2:2110:13324:77017_1:88707731",4.1e-19
"9682","HISEQ13:138:C6FWNANXX:2:1102:17591:80680_1:2623434",4.2e-19
"9683","HISEQ13:138:C6FWNANXX:2:1309:13166:43640_1:62125126",4.2e-19
"9684","HISEQ13:138:C6FWNANXX:2:2114:19813:42696_1:94335975",4.2e-19
"9685","HISEQ13:138:C6FWNANXX:2:2201:15986:37985_1:99038159",4.2e-19
"9686","HISEQ13:138:C6FWNANXX:2:1115:3972:18152_1:21696875",4.2e-19
"9687","HISEQ13:138:C6FWNANXX:2:1213:17016:51271_1:43698348",4.2e-19
"9688","HISEQ13:138:C6FWNANXX:2:1115:7128:95448_1:23008037",4.2e-19
"9689","HISEQ13:138:C6FWNANXX:2:2210:17784:44929_1:112147184",4.2e-19
"9690","HISEQ13:138:C6FWNANXX:2:2316:14601:98969_1:146693990",4.2e-19
"9691","HISEQ13:138:C6FWNANXX:2:1214:15621:6377_1:44591348",4.2e-19
"9692","HISEQ13:138:C6FWNANXX:2:2110:16495:43972_1:88201413",4.2e-19
"9693","HISEQ13:138:C6FWNANXX:2:2313:11443:41169_1:140837933",4.2e-19
"9694","HISEQ13:138:C6FWNANXX:2:1103:18924:42265_1:3522420",4.3e-19
"9695","HISEQ13:138:C6FWNANXX:2:1212:19216:80462_1:42549950",4.3e-19
"9696","HISEQ13:138:C6FWNANXX:2:2209:10407:19751_1:110262972",4.3e-19
"9697","HISEQ13:138:C6FWNANXX:2:1102:16676:2333_1:1469944",4.3e-19
"9698","HISEQ13:138:C6FWNANXX:2:2315:19928:72834_1:144595909",4.3e-19
"9699","HISEQ13:138:C6FWNANXX:2:2304:5884:66282_1:127723071",4.3e-19
"9700","HISEQ13:138:C6FWNANXX:2:1111:11885:19930_1:15318590",4.3e-19
"9701","HISEQ13:138:C6FWNANXX:2:2102:16412:88197_1:77195959",4.3e-19
"9702","HISEQ13:138:C6FWNANXX:2:1104:16891:91063_1:5718103",4.3e-19
"9703","HISEQ13:138:C6FWNANXX:2:2216:13392:32923_1:121455375",4.4e-19
"9704","HISEQ13:138:C6FWNANXX:2:1103:15474:8668_1:3021534",4.4e-19
"9705","HISEQ13:138:C6FWNANXX:2:1208:6192:74048_1:36204428",4.4e-19
"9706","HISEQ13:138:C6FWNANXX:2:1211:1948:61373_1:40667039",4.4e-19
"9707","HISEQ13:138:C6FWNANXX:2:1209:9433:30986_1:37068703",4.4e-19
"9708","HISEQ13:138:C6FWNANXX:2:1301:14236:76326_1:50663133",4.4e-19
"9709","HISEQ13:138:C6FWNANXX:2:1307:4988:23911_1:58744881",4.4e-19
"9710","HISEQ13:138:C6FWNANXX:2:1312:10913:1929_1:66196365",4.4e-19
"9711","HISEQ13:138:C6FWNANXX:2:2305:2280:52254_1:128948031",4.4e-19
"9712","HISEQ13:138:C6FWNANXX:2:1216:10084:13279_1:48052302",4.4e-19
"9713","HISEQ13:138:C6FWNANXX:2:2108:12939:41314_1:85159262",4.4e-19
"9714","HISEQ13:138:C6FWNANXX:2:2306:8776:54995_1:130430065",4.4e-19
"9715","HISEQ13:138:C6FWNANXX:2:1112:17316:78229_1:17755060",4.5e-19
"9716","HISEQ13:138:C6FWNANXX:2:2207:9782:48051_1:107726383",4.5e-19
"9717","HISEQ13:138:C6FWNANXX:2:1108:17443:94734_1:11817299",4.5e-19
"9718","HISEQ13:138:C6FWNANXX:2:1109:18974:31958_1:12384307",4.5e-19
"9719","HISEQ13:138:C6FWNANXX:2:1202:2334:96336_1:27642824",4.5e-19
"9720","HISEQ13:138:C6FWNANXX:2:1313:10239:71447_1:68970764",4.5e-19
"9721","HISEQ13:138:C6FWNANXX:2:2210:6918:4155_1:111523783",4.5e-19
"9722","HISEQ13:138:C6FWNANXX:2:2213:12419:57969_1:116999813",4.5e-19
"9723","HISEQ13:138:C6FWNANXX:2:1109:8121:40951_1:12524373",4.5e-19
"9724","HISEQ13:138:C6FWNANXX:2:1216:9934:69439_1:49021848",4.5e-19
"9725","HISEQ13:138:C6FWNANXX:2:2304:19825:9875_1:126914959",4.5e-19
"9726","HISEQ13:138:C6FWNANXX:2:1315:2010:56091_1:72063658",4.6e-19
"9727","HISEQ13:138:C6FWNANXX:2:1103:16840:83889_1:4137637",4.6e-19
"9728","HISEQ13:138:C6FWNANXX:2:1204:13428:94637_1:30526681",4.6e-19
"9729","HISEQ13:138:C6FWNANXX:2:1207:5028:32239_1:34047753",4.6e-19
"9730","HISEQ13:138:C6FWNANXX:2:2208:15466:95426_1:109911035",4.6e-19
"9731","HISEQ13:138:C6FWNANXX:2:2305:2185:85945_1:129434270",4.6e-19
"9732","HISEQ13:138:C6FWNANXX:2:2209:11906:51477_1:110740267",4.6e-19
"9733","HISEQ13:138:C6FWNANXX:2:1202:6671:58076_1:27082034",4.7e-19
"9734","HISEQ13:138:C6FWNANXX:2:2110:20318:42551_1:88182882",4.7e-19
"9735","HISEQ13:138:C6FWNANXX:2:2105:7928:88199_1:81454740",4.8e-19
"9736","HISEQ13:138:C6FWNANXX:2:2104:18470:9785_1:78897945",4.8e-19
"9737","HISEQ13:138:C6FWNANXX:2:2205:9598:64662_1:105073937",4.8e-19
"9738","HISEQ13:138:C6FWNANXX:2:2302:5417:85466_1:125178390",4.8e-19
"9739","HISEQ13:138:C6FWNANXX:2:2316:1183:51626_1:145893630",4.8e-19
"9740","HISEQ13:138:C6FWNANXX:2:1209:1683:61477_1:37543270",4.8e-19
"9741","HISEQ13:138:C6FWNANXX:2:1108:11480:8078_1:10469166",4.8e-19
"9742","HISEQ13:138:C6FWNANXX:2:1201:14805:57381_1:25620354",4.8e-19
"9743","HISEQ13:138:C6FWNANXX:2:1316:9775:53542_1:73738447",4.8e-19
"9744","HISEQ13:138:C6FWNANXX:2:2202:7111:54001_1:100673058",4.8e-19
"9745","HISEQ13:138:C6FWNANXX:2:1305:20591:26231_1:55778509",4.9e-19
"9746","HISEQ13:138:C6FWNANXX:2:1305:2210:96786_1:56840424",4.9e-19
"9747","HISEQ13:138:C6FWNANXX:2:2108:10845:62068_1:85471766",5e-19
"9748","HISEQ13:138:C6FWNANXX:2:1305:10667:98779_1:56872452",5e-19
"9749","HISEQ13:138:C6FWNANXX:2:1316:12893:100421_1:74554265",5e-19
"9750","HISEQ13:138:C6FWNANXX:2:2109:15987:2513_1:86068138",5e-19
"9751","HISEQ13:138:C6FWNANXX:2:2213:2786:78024_1:117323490",5e-19
"9752","HISEQ13:138:C6FWNANXX:2:1203:12856:84041_1:28919396",5e-19
"9753","HISEQ13:138:C6FWNANXX:2:1113:14050:62228_1:19117976",5e-19
"9754","HISEQ13:138:C6FWNANXX:2:1115:6303:13539_1:21622012",5e-19
"9755","HISEQ13:138:C6FWNANXX:2:2116:8034:68829_1:97997650",5e-19
"9756","HISEQ13:138:C6FWNANXX:2:1215:17746:98259_1:47814373",5e-19
"9757","HISEQ13:138:C6FWNANXX:2:2314:20968:90224_1:143251469",5e-19
"9758","HISEQ13:138:C6FWNANXX:2:1106:7445:33945_1:7834811",5.1e-19
"9759","HISEQ13:138:C6FWNANXX:2:1211:21054:32270_1:40203379",5.1e-19
"9760","HISEQ13:138:C6FWNANXX:2:1211:2473:89456_1:41118031",5.1e-19
"9761","HISEQ13:138:C6FWNANXX:2:2109:10188:2428_1:86063308",5.1e-19
"9762","HISEQ13:138:C6FWNANXX:2:1211:2343:41321_1:40344402",5.1e-19
"9763","HISEQ13:138:C6FWNANXX:2:2115:20581:93228_1:96767904",5.1e-19
"9764","HISEQ13:138:C6FWNANXX:2:1207:16746:91145_1:34947768",5.1e-19
"9765","HISEQ13:138:C6FWNANXX:2:1308:17682:63353_1:60883201",5.1e-19
"9766","HISEQ13:138:C6FWNANXX:2:2108:11849:23128_1:84883937",5.1e-19
"9767","HISEQ13:138:C6FWNANXX:2:2208:4318:16658_1:108725417",5.1e-19
"9768","HISEQ13:138:C6FWNANXX:2:2309:18093:32641_1:134529832",5.1e-19
"9769","HISEQ13:138:C6FWNANXX:2:2309:3994:86111_1:135344815",5.1e-19
"9770","HISEQ13:138:C6FWNANXX:2:1206:10511:60016_1:32976972",5.2e-19
"9771","HISEQ13:138:C6FWNANXX:2:2211:6245:38132_1:113562699",5.2e-19
"9772","HISEQ13:138:C6FWNANXX:2:1206:15545:75321_1:33208542",5.2e-19
"9773","HISEQ13:138:C6FWNANXX:2:1311:6405:47739_1:65328320",5.2e-19
"9774","HISEQ13:138:C6FWNANXX:2:1315:11219:52385_1:72000949",5.2e-19
"9775","HISEQ13:138:C6FWNANXX:2:1310:12399:78362_1:64240752",5.2e-19
"9776","HISEQ13:138:C6FWNANXX:2:1312:3902:68762_1:67289215",5.2e-19
"9777","HISEQ13:138:C6FWNANXX:2:1102:15491:75554_1:2548875",5.2e-19
"9778","HISEQ13:138:C6FWNANXX:2:1308:4740:32764_1:60405657",5.2e-19
"9779","HISEQ13:138:C6FWNANXX:2:1309:13419:61665_1:62410516",5.2e-19
"9780","HISEQ13:138:C6FWNANXX:2:2113:14087:31258_1:92565155",5.2e-19
"9781","HISEQ13:138:C6FWNANXX:2:2201:13287:23869_1:98837854",5.3e-19
"9782","HISEQ13:138:C6FWNANXX:2:1108:16340:59943_1:11272690",5.3e-19
"9783","HISEQ13:138:C6FWNANXX:2:1309:4881:92995_1:62904393",5.3e-19
"9784","HISEQ13:138:C6FWNANXX:2:2206:12178:35588_1:106091333",5.3e-19
"9785","HISEQ13:138:C6FWNANXX:2:2116:1650:52497_1:97725559",5.3e-19
"9786","HISEQ13:138:C6FWNANXX:2:2311:12162:96706_1:138574392",5.3e-19
"9787","HISEQ13:138:C6FWNANXX:2:2216:5400:27239_1:121356853",5.4e-19
"9788","HISEQ13:138:C6FWNANXX:2:2101:19756:32991_1:75004175",5.4e-19
"9789","HISEQ13:138:C6FWNANXX:2:2209:13986:31499_1:110437758",5.4e-19
"9790","HISEQ13:138:C6FWNANXX:2:1204:5273:36882_1:29666825",5.4e-19
"9791","HISEQ13:138:C6FWNANXX:2:2105:12356:26503_1:80563381",5.4e-19
"9792","HISEQ13:138:C6FWNANXX:2:2308:15847:51303_1:133317130",5.4e-19
"9793","HISEQ13:138:C6FWNANXX:2:1305:3119:41751_1:56011361",5.5e-19
"9794","HISEQ13:138:C6FWNANXX:2:2116:3606:28718_1:97333835",5.5e-19
"9795","HISEQ13:138:C6FWNANXX:2:2208:7114:42445_1:109110660",5.5e-19
"9796","HISEQ13:138:C6FWNANXX:2:2213:3980:19183_1:116376314",5.5e-19
"9797","HISEQ13:138:C6FWNANXX:2:1212:11980:65069_1:42298665",5.5e-19
"9798","HISEQ13:138:C6FWNANXX:2:1213:11562:3270_1:42907093",5.5e-19
"9799","HISEQ13:138:C6FWNANXX:2:2105:14326:51002_1:80919925",5.5e-19
"9800","HISEQ13:138:C6FWNANXX:2:2201:2056:37788_1:99035850",5.5e-19
"9801","HISEQ13:138:C6FWNANXX:2:1309:20985:95392_1:62946388",5.5e-19
"9802","HISEQ13:138:C6FWNANXX:2:2203:5363:90298_1:102602755",5.5e-19
"9803","HISEQ13:138:C6FWNANXX:2:2212:10935:97414_1:116049161",5.5e-19
"9804","HISEQ13:138:C6FWNANXX:2:1206:1977:75950_1:33213480",5.6e-19
"9805","HISEQ13:138:C6FWNANXX:2:1207:2120:71687_1:34647072",5.6e-19
"9806","HISEQ13:138:C6FWNANXX:2:1116:3761:72217_1:24306020",5.6e-19
"9807","HISEQ13:138:C6FWNANXX:2:1211:4130:93218_1:41178992",5.6e-19
"9808","HISEQ13:138:C6FWNANXX:2:2210:18452:87709_1:112800030",5.6e-19
"9809","HISEQ13:138:C6FWNANXX:2:1302:12549:49476_1:51718132",5.6e-19
"9810","HISEQ13:138:C6FWNANXX:2:1316:4493:46766_1:73618561",5.6e-19
"9811","HISEQ13:138:C6FWNANXX:2:2307:9031:7014_1:131182000",5.6e-19
"9812","HISEQ13:138:C6FWNANXX:2:1101:4519:25517_1:349264",5.7e-19
"9813","HISEQ13:138:C6FWNANXX:2:2105:3592:70298_1:81195379",5.7e-19
"9814","HISEQ13:138:C6FWNANXX:2:2304:5340:59979_1:127630035",5.7e-19
"9815","HISEQ13:138:C6FWNANXX:2:1211:13505:93928_1:41193280",5.7e-19
"9816","HISEQ13:138:C6FWNANXX:2:1109:10630:11814_1:12068519",5.7e-19
"9817","HISEQ13:138:C6FWNANXX:2:1113:6967:57759_1:19046007",5.7e-19
"9818","HISEQ13:138:C6FWNANXX:2:1114:17233:5319_1:19821664",5.7e-19
"9819","HISEQ13:138:C6FWNANXX:2:1114:5846:14682_1:19974293",5.7e-19
"9820","HISEQ13:138:C6FWNANXX:2:2213:18553:23259_1:116446511",5.7e-19
"9821","HISEQ13:138:C6FWNANXX:2:1204:11226:60525_1:30021412",5.8e-19
"9822","HISEQ13:138:C6FWNANXX:2:2110:13188:79873_1:88749103",5.8e-19
"9823","HISEQ13:138:C6FWNANXX:2:2204:12837:76913_1:103824357",5.8e-19
"9824","HISEQ13:138:C6FWNANXX:2:2301:3293:59194_1:123410209",5.8e-19
"9825","HISEQ13:138:C6FWNANXX:2:2215:9299:87827_1:120722459",5.8e-19
"9826","HISEQ13:138:C6FWNANXX:2:1314:21161:28597_1:69916706",5.9e-19
"9827","HISEQ13:138:C6FWNANXX:2:2315:19821:59324_1:144375219",5.9e-19
"9828","HISEQ13:138:C6FWNANXX:2:1112:14826:45636_1:17225427",5.9e-19
"9829","HISEQ13:138:C6FWNANXX:2:2109:13604:76357_1:87189289",5.9e-19
"9830","HISEQ13:138:C6FWNANXX:2:2211:7018:5678_1:113055969",5.9e-19
"9831","HISEQ13:138:C6FWNANXX:2:2313:17069:47165_1:140935673",5.9e-19
"9832","HISEQ13:138:C6FWNANXX:2:2106:8326:37524_1:82163508",6e-19
"9833","HISEQ13:138:C6FWNANXX:2:2307:11293:80280_1:132269022",6e-19
"9834","HISEQ13:138:C6FWNANXX:2:1303:20774:51326_1:53208741",6e-19
"9835","HISEQ13:138:C6FWNANXX:2:2115:20581:93228_1:96767905",6e-19
"9836","HISEQ13:138:C6FWNANXX:2:2213:2080:33868_1:116611562",6e-19
"9837","HISEQ13:138:C6FWNANXX:2:2102:18675:91420_1:77242584",6.1e-19
"9838","HISEQ13:138:C6FWNANXX:2:2215:12465:53784_1:120159603",6.1e-19
"9839","HISEQ13:138:C6FWNANXX:2:1208:8110:86726_1:36398696",6.1e-19
"9840","HISEQ13:138:C6FWNANXX:2:1310:1380:21856_1:63341925",6.1e-19
"9841","HISEQ13:138:C6FWNANXX:2:2207:4532:76886_1:108151775",6.1e-19
"9842","HISEQ13:138:C6FWNANXX:2:2307:9031:7014_1:131181999",6.1e-19
"9843","HISEQ13:138:C6FWNANXX:2:2310:17433:83285_1:136821462",6.1e-19
"9844","HISEQ13:138:C6FWNANXX:2:2205:19104:52909_1:104906560",6.1e-19
"9845","HISEQ13:138:C6FWNANXX:2:1203:20016:51523_1:28441793",6.1e-19
"9846","HISEQ13:138:C6FWNANXX:2:1214:7146:17070_1:44768493",6.1e-19
"9847","HISEQ13:138:C6FWNANXX:2:2303:12010:23653_1:125705750",6.1e-19
"9848","HISEQ13:138:C6FWNANXX:2:1107:10942:2237_1:8859034",6.2e-19
"9849","HISEQ13:138:C6FWNANXX:2:1109:6071:23450_1:12248369",6.2e-19
"9850","HISEQ13:138:C6FWNANXX:2:1113:16049:28471_1:18562244",6.2e-19
"9851","HISEQ13:138:C6FWNANXX:2:1203:11363:94074_1:29067241",6.2e-19
"9852","HISEQ13:138:C6FWNANXX:2:1214:18990:44054_1:45224605",6.2e-19
"9853","HISEQ13:138:C6FWNANXX:2:1304:11011:62688_1:54843613",6.2e-19
"9854","HISEQ13:138:C6FWNANXX:2:1304:11645:6284_1:54003815",6.2e-19
"9855","HISEQ13:138:C6FWNANXX:2:2303:19690:83298_1:126553577",6.2e-19
"9856","HISEQ13:138:C6FWNANXX:2:2304:4079:58090_1:127604814",6.2e-19
"9857","HISEQ13:138:C6FWNANXX:2:1103:5467:62222_1:3812530",6.2e-19
"9858","HISEQ13:138:C6FWNANXX:2:2212:6780:68667_1:115588483",6.2e-19
"9859","HISEQ13:138:C6FWNANXX:2:2311:2255:28931_1:137505375",6.2e-19
"9860","HISEQ13:138:C6FWNANXX:2:2315:21026:89771_1:144876739",6.2e-19
"9861","HISEQ13:138:C6FWNANXX:2:1315:8696:23575_1:71507962",6.2e-19
"9862","HISEQ13:138:C6FWNANXX:2:2106:12065:67595_1:82607163",6.2e-19
"9863","HISEQ13:138:C6FWNANXX:2:2211:20034:31494_1:113459552",6.2e-19
"9864","HISEQ13:138:C6FWNANXX:2:2307:11416:93096_1:132458407",6.2e-19
"9865","HISEQ13:138:C6FWNANXX:2:2311:2004:8251_1:137185199",6.2e-19
"9866","HISEQ13:138:C6FWNANXX:2:2106:5611:5252_1:81689587",6.2e-19
"9867","HISEQ13:138:C6FWNANXX:2:2305:19600:56497_1:129009245",6.2e-19
"9868","HISEQ13:138:C6FWNANXX:2:2104:19571:83952_1:79963784",6.2e-19
"9869","HISEQ13:138:C6FWNANXX:2:1102:20557:60400_1:2324580",6.2e-19
"9870","HISEQ13:138:C6FWNANXX:2:1105:18200:74072_1:6946833",6.2e-19
"9871","HISEQ13:138:C6FWNANXX:2:1202:8751:95732_1:27632785",6.2e-19
"9872","HISEQ13:138:C6FWNANXX:2:1306:9569:5846_1:56960630",6.2e-19
"9873","HISEQ13:138:C6FWNANXX:2:1314:6008:49577_1:70270491",6.2e-19
"9874","HISEQ13:138:C6FWNANXX:2:2104:15990:43553_1:79382938",6.2e-19
"9875","HISEQ13:138:C6FWNANXX:2:1212:20466:97189_1:42825632",6.3e-19
"9876","HISEQ13:138:C6FWNANXX:2:2105:12207:94819_1:81553655",6.3e-19
"9877","HISEQ13:138:C6FWNANXX:2:1208:16442:74859_1:36218114",6.4e-19
"9878","HISEQ13:138:C6FWNANXX:2:2114:2992:93907_1:95165765",6.4e-19
"9879","HISEQ13:138:C6FWNANXX:2:1304:8984:74333_1:55018376",6.4e-19
"9880","HISEQ13:138:C6FWNANXX:2:1315:15616:53064_1:72014804",6.4e-19
"9881","HISEQ13:138:C6FWNANXX:2:1315:15847:85808_1:72578963",6.4e-19
"9882","HISEQ13:138:C6FWNANXX:2:2311:2509:34655_1:137595676",6.4e-19
"9883","HISEQ13:138:C6FWNANXX:2:2208:18561:97507_1:109945928",6.5e-19
"9884","HISEQ13:138:C6FWNANXX:2:1108:9616:44717_1:11033413",6.5e-19
"9885","HISEQ13:138:C6FWNANXX:2:1302:12811:10717_1:51149076",6.5e-19
"9886","HISEQ13:138:C6FWNANXX:2:1309:20506:4769_1:61516653",6.5e-19
"9887","HISEQ13:138:C6FWNANXX:2:2106:17181:78963_1:82773285",6.5e-19
"9888","HISEQ13:138:C6FWNANXX:2:2113:7452:18540_1:92362131",6.5e-19
"9889","HISEQ13:138:C6FWNANXX:2:2216:13620:5578_1:120999222",6.5e-19
"9890","HISEQ13:138:C6FWNANXX:2:1312:19675:96141_1:67742417",6.5e-19
"9891","HISEQ13:138:C6FWNANXX:2:2204:10696:59887_1:103580133",6.5e-19
"9892","HISEQ13:138:C6FWNANXX:2:1310:1897:47689_1:63751827",6.5e-19
"9893","HISEQ13:138:C6FWNANXX:2:1310:3368:48102_1:63760132",6.5e-19
"9894","HISEQ13:138:C6FWNANXX:2:2216:19614:97586_1:122553174",6.6e-19
"9895","HISEQ13:138:C6FWNANXX:2:1207:17769:79799_1:34776803",6.6e-19
"9896","HISEQ13:138:C6FWNANXX:2:2302:3866:61515_1:124840695",6.6e-19
"9897","HISEQ13:138:C6FWNANXX:2:2314:14559:3180_1:141823051",6.7e-19
"9898","HISEQ13:138:C6FWNANXX:2:1101:18667:60720_1:869789",6.8e-19
"9899","HISEQ13:138:C6FWNANXX:2:1205:16367:86066_1:31878073",6.8e-19
"9900","HISEQ13:138:C6FWNANXX:2:1316:9673:67652_1:73983492",6.8e-19
"9901","HISEQ13:138:C6FWNANXX:2:2309:9693:65318_1:135027973",6.8e-19
"9902","HISEQ13:138:C6FWNANXX:2:1304:15666:27983_1:54324451",6.8e-19
"9903","HISEQ13:138:C6FWNANXX:2:1207:6851:19186_1:33851516",6.8e-19
"9904","HISEQ13:138:C6FWNANXX:2:1214:13302:14038_1:44719980",6.8e-19
"9905","HISEQ13:138:C6FWNANXX:2:1302:3192:75095_1:52095303",6.8e-19
"9906","HISEQ13:138:C6FWNANXX:2:1304:20395:5065_1:53986726",6.8e-19
"9907","HISEQ13:138:C6FWNANXX:2:2115:14670:98651_1:96858178",6.8e-19
"9908","HISEQ13:138:C6FWNANXX:2:2203:14601:80327_1:102461365",6.8e-19
"9909","HISEQ13:138:C6FWNANXX:2:2209:9147:85953_1:111265010",6.8e-19
"9910","HISEQ13:138:C6FWNANXX:2:2307:11833:95016_1:132487933",6.8e-19
"9911","HISEQ13:138:C6FWNANXX:2:1109:21174:23260_1:12251312",6.8e-19
"9912","HISEQ13:138:C6FWNANXX:2:1301:16099:34091_1:50042768",6.8e-19
"9913","HISEQ13:138:C6FWNANXX:2:2101:18968:15271_1:74753975",6.8e-19
"9914","HISEQ13:138:C6FWNANXX:2:2304:12259:37544_1:127311166",6.9e-19
"9915","HISEQ13:138:C6FWNANXX:2:2209:13624:59215_1:110858543",6.9e-19
"9916","HISEQ13:138:C6FWNANXX:2:2111:14888:67612_1:90100319",6.9e-19
"9917","HISEQ13:138:C6FWNANXX:2:2310:4199:95258_1:137002418",6.9e-19
"9918","HISEQ13:138:C6FWNANXX:2:1102:9985:100494_1:2914535",7e-19
"9919","HISEQ13:138:C6FWNANXX:2:2103:18881:79160_1:78473549",7e-19
"9920","HISEQ13:138:C6FWNANXX:2:2213:1223:11233_1:116248390",7e-19
"9921","HISEQ13:138:C6FWNANXX:2:1216:9234:14633_1:48073943",7e-19
"9922","HISEQ13:138:C6FWNANXX:2:1315:4500:90118_1:72651133",7e-19
"9923","HISEQ13:138:C6FWNANXX:2:2105:12522:6467_1:80269677",7e-19
"9924","HISEQ13:138:C6FWNANXX:2:2115:3493:43305_1:95952649",7e-19
"9925","HISEQ13:138:C6FWNANXX:2:2116:1579:18255_1:97163833",7e-19
"9926","HISEQ13:138:C6FWNANXX:2:2206:12024:61983_1:106476739",7e-19
"9927","HISEQ13:138:C6FWNANXX:2:1309:8414:78921_1:62683452",7e-19
"9928","HISEQ13:138:C6FWNANXX:2:2108:11134:23088_1:84883794",7e-19
"9929","HISEQ13:138:C6FWNANXX:2:2113:4277:17707_1:92345646",7e-19
"9930","HISEQ13:138:C6FWNANXX:2:2207:8366:85478_1:108279870",7e-19
"9931","HISEQ13:138:C6FWNANXX:2:2216:21004:48104_1:121714366",7e-19
"9932","HISEQ13:138:C6FWNANXX:2:1102:9537:65157_1:2392659",7.1e-19
"9933","HISEQ13:138:C6FWNANXX:2:1202:1594:22695_1:26561102",7.1e-19
"9934","HISEQ13:138:C6FWNANXX:2:1209:20855:46661_1:37315502",7.1e-19
"9935","HISEQ13:138:C6FWNANXX:2:2106:15728:97910_1:83052286",7.1e-19
"9936","HISEQ13:138:C6FWNANXX:2:2212:8310:8782_1:114654582",7.1e-19
"9937","HISEQ13:138:C6FWNANXX:2:2308:5133:51755_1:133322483",7.1e-19
"9938","HISEQ13:138:C6FWNANXX:2:2313:11044:21627_1:140522170",7.1e-19
"9939","HISEQ13:138:C6FWNANXX:2:1208:11762:44493_1:35744861",7.1e-19
"9940","HISEQ13:138:C6FWNANXX:2:2301:20951:94802_1:123918605",7.1e-19
"9941","HISEQ13:138:C6FWNANXX:2:1114:9795:25773_1:20163782",7.1e-19
"9942","HISEQ13:138:C6FWNANXX:2:1116:3395:13893_1:23306743",7.1e-19
"9943","HISEQ13:138:C6FWNANXX:2:2112:1378:93006_1:91974027",7.1e-19
"9944","HISEQ13:138:C6FWNANXX:2:2101:7367:48446_1:75222603",7.1e-19
"9945","HISEQ13:138:C6FWNANXX:2:2107:16235:10906_1:83229405",7.1e-19
"9946","HISEQ13:138:C6FWNANXX:2:2301:10937:83713_1:123757359",7.1e-19
"9947","HISEQ13:138:C6FWNANXX:2:1101:5541:53801_1:766991",7.2e-19
"9948","HISEQ13:138:C6FWNANXX:2:2213:5401:29405_1:116540058",7.2e-19
"9949","HISEQ13:138:C6FWNANXX:2:1210:1435:20462_1:38450798",7.2e-19
"9950","HISEQ13:138:C6FWNANXX:2:2111:16270:97391_1:90611899",7.2e-19
"9951","HISEQ13:138:C6FWNANXX:2:1306:16941:3710_1:56927759",7.2e-19
"9952","HISEQ13:138:C6FWNANXX:2:2101:10080:51262_1:75265564",7.2e-19
"9953","HISEQ13:138:C6FWNANXX:2:2103:16290:98148_1:78744705",7.2e-19
"9954","HISEQ13:138:C6FWNANXX:2:2201:14563:12550_1:98677608",7.2e-19
"9955","HISEQ13:138:C6FWNANXX:2:1313:11709:75706_1:69042170",7.2e-19
"9956","HISEQ13:138:C6FWNANXX:2:1102:2612:88947_1:2742897",7.3e-19
"9957","HISEQ13:138:C6FWNANXX:2:1108:3009:11217_1:10513997",7.3e-19
"9958","HISEQ13:138:C6FWNANXX:2:1308:20550:5530_1:59987569",7.3e-19
"9959","HISEQ13:138:C6FWNANXX:2:2204:15472:41225_1:103311289",7.3e-19
"9960","HISEQ13:138:C6FWNANXX:2:2304:13862:91016_1:128079439",7.3e-19
"9961","HISEQ13:138:C6FWNANXX:2:1105:10825:67804_1:6851141",7.3e-19
"9962","HISEQ13:138:C6FWNANXX:2:1201:8387:24213_1:25129865",7.3e-19
"9963","HISEQ13:138:C6FWNANXX:2:1107:7367:11976_1:9008514",7.3e-19
"9964","HISEQ13:138:C6FWNANXX:2:1108:14062:93210_1:11793127",7.3e-19
"9965","HISEQ13:138:C6FWNANXX:2:1313:1417:54869_1:68692480",7.3e-19
"9966","HISEQ13:138:C6FWNANXX:2:1210:10089:64403_1:39141922",7.3e-19
"9967","HISEQ13:138:C6FWNANXX:2:1303:10015:49516_1:53180986",7.4e-19
"9968","HISEQ13:138:C6FWNANXX:2:1115:20632:14396_1:21637961",7.4e-19
"9969","HISEQ13:138:C6FWNANXX:2:2210:19905:38046_1:112044652",7.4e-19
"9970","HISEQ13:138:C6FWNANXX:2:1205:1644:24691_1:30955442",7.4e-19
"9971","HISEQ13:138:C6FWNANXX:2:2314:10764:97018_1:143364773",7.4e-19
"9972","HISEQ13:138:C6FWNANXX:2:2108:4439:60441_1:85443907",7.4e-19
"9973","HISEQ13:138:C6FWNANXX:2:2111:17755:56906_1:89924987",7.4e-19
"9974","HISEQ13:138:C6FWNANXX:2:1202:5344:12975_1:26418084",7.5e-19
"9975","HISEQ13:138:C6FWNANXX:2:1307:11455:78310_1:59585050",7.5e-19
"9976","HISEQ13:138:C6FWNANXX:2:1310:6689:79273_1:64255230",7.5e-19
"9977","HISEQ13:138:C6FWNANXX:2:2111:9812:31810_1:89530455",7.5e-19
"9978","HISEQ13:138:C6FWNANXX:2:1111:17811:29061_1:15466059",7.5e-19
"9979","HISEQ13:138:C6FWNANXX:2:1112:6551:98062_1:18080817",7.5e-19
"9980","HISEQ13:138:C6FWNANXX:2:1311:8372:69224_1:65678186",7.5e-19
"9981","HISEQ13:138:C6FWNANXX:2:2115:9664:84790_1:96630267",7.5e-19
"9982","HISEQ13:138:C6FWNANXX:2:2309:4277:67941_1:135065645",7.5e-19
"9983","HISEQ13:138:C6FWNANXX:2:2310:15771:29229_1:135989557",7.5e-19
"9984","HISEQ13:138:C6FWNANXX:2:1105:12635:62084_1:6766057",7.5e-19
"9985","HISEQ13:138:C6FWNANXX:2:1103:11898:16111_1:3132028",7.6e-19
"9986","HISEQ13:138:C6FWNANXX:2:1205:17197:10028_1:30741492",7.6e-19
"9987","HISEQ13:138:C6FWNANXX:2:1212:19557:74757_1:42460002",7.6e-19
"9988","HISEQ13:138:C6FWNANXX:2:2105:17252:14927_1:80393870",7.6e-19
"9989","HISEQ13:138:C6FWNANXX:2:2310:14379:71339_1:136638359",7.6e-19
"9990","HISEQ13:138:C6FWNANXX:2:1312:15742:7391_1:66286397",7.6e-19
"9991","HISEQ13:138:C6FWNANXX:2:1206:15038:14208_1:32281327",7.7e-19
"9992","HISEQ13:138:C6FWNANXX:2:2308:12883:97564_1:134015801",7.7e-19
"9993","HISEQ13:138:C6FWNANXX:2:1310:7869:84979_1:64342453",7.7e-19
"9994","HISEQ13:138:C6FWNANXX:2:2316:8841:82408_1:146414713",7.7e-19
"9995","HISEQ13:138:C6FWNANXX:2:1102:5822:9332_1:1570587",7.9e-19
"9996","HISEQ13:138:C6FWNANXX:2:2111:17080:41926_1:89687269",7.9e-19
"9997","HISEQ13:138:C6FWNANXX:2:1116:17826:81323_1:24470085",7.9e-19
"9998","HISEQ13:138:C6FWNANXX:2:2208:14655:58804_1:109359762",7.9e-19
"9999","HISEQ13:138:C6FWNANXX:2:1106:10377:86634_1:8639788",8e-19
"10000","HISEQ13:138:C6FWNANXX:2:2204:21085:10183_1:102870456",8e-19
"10001","HISEQ13:138:C6FWNANXX:2:1103:4491:52337_1:3667362",8e-19
"10002","HISEQ13:138:C6FWNANXX:2:1113:19939:97246_1:19702205",8e-19
"10003","HISEQ13:138:C6FWNANXX:2:1204:17818:41376_1:29736174",8e-19
"10004","HISEQ13:138:C6FWNANXX:2:2314:5642:18676_1:142072740",8e-19
"10005","HISEQ13:138:C6FWNANXX:2:2205:4927:81487_1:105315089",8.1e-19
"10006","HISEQ13:138:C6FWNANXX:2:2212:9480:53099_1:115344214",8.1e-19
"10007","HISEQ13:138:C6FWNANXX:2:1211:7028:42963_1:40369416",8.1e-19
"10008","HISEQ13:138:C6FWNANXX:2:2203:7396:26487_1:101688863",8.1e-19
"10009","HISEQ13:138:C6FWNANXX:2:1202:18519:45578_1:26900920",8.2e-19
"10010","HISEQ13:138:C6FWNANXX:2:2302:15807:28218_1:124371707",8.2e-19
"10011","HISEQ13:138:C6FWNANXX:2:1106:3398:50771_1:8093007",8.2e-19
"10012","HISEQ13:138:C6FWNANXX:2:2306:5035:45368_1:130289121",8.2e-19
"10013","HISEQ13:138:C6FWNANXX:2:1112:11330:24002_1:16876168",8.2e-19
"10014","HISEQ13:138:C6FWNANXX:2:1204:4471:55263_1:29942452",8.2e-19
"10015","HISEQ13:138:C6FWNANXX:2:1208:20277:47516_1:35796809",8.2e-19
"10016","HISEQ13:138:C6FWNANXX:2:2115:6910:58831_1:96205362",8.2e-19
"10017","HISEQ13:138:C6FWNANXX:2:2211:9681:41021_1:113610134",8.2e-19
"10018","HISEQ13:138:C6FWNANXX:2:2308:14368:83453_1:133799816",8.2e-19
"10019","HISEQ13:138:C6FWNANXX:2:2201:21141:13657_1:98693261",8.3e-19
"10020","HISEQ13:138:C6FWNANXX:2:1310:4052:67955_1:64073603",8.3e-19
"10021","HISEQ13:138:C6FWNANXX:2:1314:2314:61811_1:70477025",8.3e-19
"10022","HISEQ13:138:C6FWNANXX:2:2108:10489:10758_1:84700634",8.3e-19
"10023","HISEQ13:138:C6FWNANXX:2:2112:14167:16713_1:90792954",8.3e-19
"10024","HISEQ13:138:C6FWNANXX:2:2115:9664:84790_1:96630266",8.3e-19
"10025","HISEQ13:138:C6FWNANXX:2:2211:4842:84332_1:114285980",8.3e-19
"10026","HISEQ13:138:C6FWNANXX:2:1306:6848:96944_1:58349602",8.4e-19
"10027","HISEQ13:138:C6FWNANXX:2:2306:11072:89938_1:130944398",8.4e-19
"10028","HISEQ13:138:C6FWNANXX:2:1201:20689:85892_1:26040465",8.5e-19
"10029","HISEQ13:138:C6FWNANXX:2:2107:6289:45520_1:83742753",8.5e-19
"10030","HISEQ13:138:C6FWNANXX:2:2116:10078:97132_1:98463210",8.5e-19
"10031","HISEQ13:138:C6FWNANXX:2:2312:16481:78272_1:139850969",8.5e-19
"10032","HISEQ13:138:C6FWNANXX:2:2314:5871:74880_1:142999007",8.5e-19
"10033","HISEQ13:138:C6FWNANXX:2:1214:20011:45320_1:45245981",8.5e-19
"10034","HISEQ13:138:C6FWNANXX:2:1307:17714:4525_1:58451507",8.5e-19
"10035","HISEQ13:138:C6FWNANXX:2:1313:7881:63519_1:68839535",8.5e-19
"10036","HISEQ13:138:C6FWNANXX:2:2111:5030:94065_1:90550609",8.5e-19
"10037","HISEQ13:138:C6FWNANXX:2:2116:19969:66418_1:97958506",8.5e-19
"10038","HISEQ13:138:C6FWNANXX:2:1205:16178:19659_1:30884197",8.6e-19
"10039","HISEQ13:138:C6FWNANXX:2:1102:10048:19337_1:1719528",8.6e-19
"10040","HISEQ13:138:C6FWNANXX:2:2104:11765:74485_1:79825362",8.6e-19
"10041","HISEQ13:138:C6FWNANXX:2:2303:9291:100730_1:126797180",8.6e-19
"10042","HISEQ13:138:C6FWNANXX:2:1116:3355:85906_1:24545144",8.6e-19
"10043","HISEQ13:138:C6FWNANXX:2:1113:12777:28497_1:18561570",8.7e-19
"10044","HISEQ13:138:C6FWNANXX:2:1104:9497:51821_1:5129834",8.8e-19
"10045","HISEQ13:138:C6FWNANXX:2:1207:5025:11041_1:33730110",8.8e-19
"10046","HISEQ13:138:C6FWNANXX:2:2105:20976:100574_1:81638618",8.8e-19
"10047","HISEQ13:138:C6FWNANXX:2:2304:16152:60722_1:127642804",8.8e-19
"10048","HISEQ13:138:C6FWNANXX:2:1116:1810:13771_1:23306413",8.8e-19
"10049","HISEQ13:138:C6FWNANXX:2:1312:14340:52368_1:67020371",8.8e-19
"10050","HISEQ13:138:C6FWNANXX:2:2109:11705:57103_1:86895666",8.8e-19
"10051","HISEQ13:138:C6FWNANXX:2:2202:14092:94672_1:101253620",8.8e-19
"10052","HISEQ13:138:C6FWNANXX:2:2301:20673:99475_1:123982517",8.8e-19
"10053","HISEQ13:138:C6FWNANXX:2:2303:17265:17043_1:125614360",8.8e-19
"10054","HISEQ13:138:C6FWNANXX:2:2305:8756:19477_1:128469449",8.9e-19
"10055","HISEQ13:138:C6FWNANXX:2:1214:18981:45751_1:45254270",8.9e-19
"10056","HISEQ13:138:C6FWNANXX:2:1201:14805:57381_1:25620355",8.9e-19
"10057","HISEQ13:138:C6FWNANXX:2:1111:12937:49184_1:15785996",9e-19
"10058","HISEQ13:138:C6FWNANXX:2:1309:15606:3456_1:61492288",9e-19
"10059","HISEQ13:138:C6FWNANXX:2:1310:9962:22716_1:63355389",9e-19
"10060","HISEQ13:138:C6FWNANXX:2:2303:4468:32399_1:125828198",9e-19
"10061","HISEQ13:138:C6FWNANXX:2:2104:9325:40972_1:79342127",9e-19
"10062","HISEQ13:138:C6FWNANXX:2:1207:14901:48725_1:34299495",9e-19
"10063","HISEQ13:138:C6FWNANXX:2:1304:18273:53171_1:54702835",9e-19
"10064","HISEQ13:138:C6FWNANXX:2:1309:15902:97675_1:62980658",9e-19
"10065","HISEQ13:138:C6FWNANXX:2:2106:9923:28163_1:82024630",9e-19
"10066","HISEQ13:138:C6FWNANXX:2:2110:4552:90908_1:88915966",9e-19
"10067","HISEQ13:138:C6FWNANXX:2:2112:11851:67380_1:91567381",9e-19
"10068","HISEQ13:138:C6FWNANXX:2:2304:1354:85115_1:127991089",9e-19
"10069","HISEQ13:138:C6FWNANXX:2:1304:11086:90675_1:55261673",9e-19
"10070","HISEQ13:138:C6FWNANXX:2:2216:4181:11664_1:121097469",9e-19
"10071","HISEQ13:138:C6FWNANXX:2:2309:9768:60589_1:134954443",9e-19
"10072","HISEQ13:138:C6FWNANXX:2:1112:17941:98863_1:18095516",9.1e-19
"10073","HISEQ13:138:C6FWNANXX:2:2204:9456:62767_1:103623377",9.1e-19
"10074","HISEQ13:138:C6FWNANXX:2:2312:18364:86970_1:139987454",9.2e-19
"10075","HISEQ13:138:C6FWNANXX:2:1116:5737:86014_1:24549892",9.2e-19
"10076","HISEQ13:138:C6FWNANXX:2:1104:12190:15202_1:4582632",9.2e-19
"10077","HISEQ13:138:C6FWNANXX:2:2303:10810:45134_1:126011331",9.2e-19
"10078","HISEQ13:138:C6FWNANXX:2:2310:14501:42059_1:136189754",9.2e-19
"10079","HISEQ13:138:C6FWNANXX:2:1107:14203:77515_1:10016990",9.2e-19
"10080","HISEQ13:138:C6FWNANXX:2:1301:17828:5277_1:49619457",9.2e-19
"10081","HISEQ13:138:C6FWNANXX:2:1202:6376:26876_1:26624017",9.3e-19
"10082","HISEQ13:138:C6FWNANXX:2:1315:20630:42081_1:71827192",9.3e-19
"10083","HISEQ13:138:C6FWNANXX:2:2307:1626:85920_1:132348893",9.3e-19
"10084","HISEQ13:138:C6FWNANXX:2:1312:7568:33538_1:66713114",9.5e-19
"10085","HISEQ13:138:C6FWNANXX:2:2109:5102:50160_1:86786881",9.5e-19
"10086","HISEQ13:138:C6FWNANXX:2:1116:9200:31246_1:23604907",9.6e-19
"10087","HISEQ13:138:C6FWNANXX:2:1314:14690:97335_1:71083954",9.6e-19
"10088","HISEQ13:138:C6FWNANXX:2:1315:12619:5170_1:71195330",9.6e-19
"10089","HISEQ13:138:C6FWNANXX:2:2114:13327:6722_1:93752634",9.6e-19
"10090","HISEQ13:138:C6FWNANXX:2:1102:21225:58102_1:2291264",9.6e-19
"10091","HISEQ13:138:C6FWNANXX:2:1215:18559:33800_1:46719659",9.6e-19
"10092","HISEQ13:138:C6FWNANXX:2:1212:12987:6554_1:41378519",9.7e-19
"10093","HISEQ13:138:C6FWNANXX:2:2202:9302:30599_1:100340986",9.7e-19
"10094","HISEQ13:138:C6FWNANXX:2:1115:21333:73138_1:22630618",9.8e-19
"10095","HISEQ13:138:C6FWNANXX:2:1305:20777:47270_1:56097510",9.8e-19
"10096","HISEQ13:138:C6FWNANXX:2:1209:2141:16478_1:36842868",9.8e-19
"10097","HISEQ13:138:C6FWNANXX:2:1308:15889:12185_1:60087506",9.8e-19
"10098","HISEQ13:138:C6FWNANXX:2:1312:20340:4542_1:66242027",9.8e-19
"10099","HISEQ13:138:C6FWNANXX:2:1211:13640:82495_1:41007383",9.9e-19
"10100","HISEQ13:138:C6FWNANXX:2:1214:2434:93102_1:46044965",9.9e-19
"10101","HISEQ13:138:C6FWNANXX:2:2206:6457:20484_1:105867388",9.9e-19
"10102","HISEQ13:138:C6FWNANXX:2:1105:2725:89750_1:7181478",9.9e-19
"10103","HISEQ13:138:C6FWNANXX:2:1204:12184:9264_1:29272171",1e-18
"10104","HISEQ13:138:C6FWNANXX:2:1110:6716:84054_1:14768483",1e-18
"10105","HISEQ13:138:C6FWNANXX:2:2204:20363:74004_1:103786228",1e-18
"10106","HISEQ13:138:C6FWNANXX:2:1111:4502:49716_1:15792278",1e-18
"10107","HISEQ13:138:C6FWNANXX:2:1201:20931:49006_1:25499638",1e-18
"10108","HISEQ13:138:C6FWNANXX:2:2105:15011:63798_1:81104130",1e-18
"10109","HISEQ13:138:C6FWNANXX:2:1105:12843:51755_1:6613005",1e-18
"10110","HISEQ13:138:C6FWNANXX:2:2309:11902:49916_1:134790064",1e-18
"10111","HISEQ13:138:C6FWNANXX:2:2310:14501:42059_1:136189753",1e-18
"10112","HISEQ13:138:C6FWNANXX:2:2104:6325:11527_1:78920711",1e-18
"10113","HISEQ13:138:C6FWNANXX:2:2115:14882:22933_1:95622143",1e-18
"10114","HISEQ13:138:C6FWNANXX:2:2314:9270:18696_1:142073483",1e-18
"10115","HISEQ13:138:C6FWNANXX:2:1106:15450:6063_1:7414285",1e-18
"10116","HISEQ13:138:C6FWNANXX:2:1306:2803:30864_1:57341709",1e-18
"10117","HISEQ13:138:C6FWNANXX:2:1214:15499:78238_1:45795624",1e-18
"10118","HISEQ13:138:C6FWNANXX:2:2104:1492:69896_1:79758532",1e-18
"10119","HISEQ13:138:C6FWNANXX:2:2110:18241:89384_1:88895627",1e-18
"10120","HISEQ13:138:C6FWNANXX:2:2112:9914:99186_1:92070558",1e-18
"10121","HISEQ13:138:C6FWNANXX:2:2310:18520:33683_1:136059069",1e-18
"10122","HISEQ13:138:C6FWNANXX:2:2109:12305:22587_1:86371774",1e-18
"10123","HISEQ13:138:C6FWNANXX:2:1109:1904:22026_1:12227747",1e-18
"10124","HISEQ13:138:C6FWNANXX:2:1112:20063:51660_1:17323678",1e-18
"10125","HISEQ13:138:C6FWNANXX:2:1310:1546:76094_1:64203268",1e-18
"10126","HISEQ13:138:C6FWNANXX:2:1216:6806:11253_1:48016871",1e-18
"10127","HISEQ13:138:C6FWNANXX:2:1212:13814:50391_1:42058621",1e-18
"10128","HISEQ13:138:C6FWNANXX:2:1113:5919:47972_1:18880064",1.1e-18
"10129","HISEQ13:138:C6FWNANXX:2:2116:5183:99218_1:98495165",1.1e-18
"10130","HISEQ13:138:C6FWNANXX:2:2316:9267:29715_1:145523730",1.1e-18
"10131","HISEQ13:138:C6FWNANXX:2:1203:17188:19942_1:27974664",1.1e-18
"10132","HISEQ13:138:C6FWNANXX:2:2106:2936:96892_1:83035110",1.1e-18
"10133","HISEQ13:138:C6FWNANXX:2:2107:11720:67255_1:84067650",1.1e-18
"10134","HISEQ13:138:C6FWNANXX:2:2314:10863:48797_1:142570519",1.1e-18
"10135","HISEQ13:138:C6FWNANXX:2:2104:8273:60035_1:79618490",1.1e-18
"10136","HISEQ13:138:C6FWNANXX:2:2114:1463:19569_1:93959650",1.1e-18
"10137","HISEQ13:138:C6FWNANXX:2:2215:7557:41273_1:119954055",1.1e-18
"10138","HISEQ13:138:C6FWNANXX:2:2216:20787:60002_1:121917954",1.1e-18
"10139","HISEQ13:138:C6FWNANXX:2:2201:9907:95258_1:99855319",1.1e-18
"10140","HISEQ13:138:C6FWNANXX:2:2314:2079:45140_1:142506663",1.1e-18
"10141","HISEQ13:138:C6FWNANXX:2:1116:18350:71610_1:24300718",1.1e-18
"10142","HISEQ13:138:C6FWNANXX:2:2207:10754:74883_1:108123277",1.1e-18
"10143","HISEQ13:138:C6FWNANXX:2:1116:15787:7004_1:23193271",1.1e-18
"10144","HISEQ13:138:C6FWNANXX:2:1205:16554:93651_1:31990566",1.1e-18
"10145","HISEQ13:138:C6FWNANXX:2:1213:19815:21714_1:43207701",1.1e-18
"10146","HISEQ13:138:C6FWNANXX:2:2206:2361:55623_1:106382864",1.1e-18
"10147","HISEQ13:138:C6FWNANXX:2:2311:11196:22392_1:137405596",1.1e-18
"10148","HISEQ13:138:C6FWNANXX:2:1315:7643:82858_1:72525073",1.1e-18
"10149","HISEQ13:138:C6FWNANXX:2:1216:7119:39498_1:48501366",1.1e-18
"10150","HISEQ13:138:C6FWNANXX:2:1108:13525:92554_1:11785339",1.1e-18
"10151","HISEQ13:138:C6FWNANXX:2:1310:11655:55348_1:63877644",1.1e-18
"10152","HISEQ13:138:C6FWNANXX:2:1202:2038:70892_1:27268537",1.2e-18
"10153","HISEQ13:138:C6FWNANXX:2:1312:18594:14846_1:66409589",1.2e-18
"10154","HISEQ13:138:C6FWNANXX:2:2104:19571:83952_1:79963785",1.2e-18
"10155","HISEQ13:138:C6FWNANXX:2:1113:18415:45027_1:18837688",1.2e-18
"10156","HISEQ13:138:C6FWNANXX:2:2101:8413:40334_1:75109054",1.2e-18
"10157","HISEQ13:138:C6FWNANXX:2:2114:18158:94242_1:95173025",1.2e-18
"10158","HISEQ13:138:C6FWNANXX:2:2106:16351:94444_1:83000451",1.2e-18
"10159","HISEQ13:138:C6FWNANXX:2:2115:2601:88638_1:96690078",1.2e-18
"10160","HISEQ13:138:C6FWNANXX:2:2307:11897:23628_1:131426388",1.2e-18
"10161","HISEQ13:138:C6FWNANXX:2:2309:12852:28883_1:134472233",1.2e-18
"10162","HISEQ13:138:C6FWNANXX:2:1107:10741:21020_1:9151543",1.2e-18
"10163","HISEQ13:138:C6FWNANXX:2:1313:16132:72670_1:68993114",1.2e-18
"10164","HISEQ13:138:C6FWNANXX:2:2108:8414:62323_1:85475190",1.2e-18
"10165","HISEQ13:138:C6FWNANXX:2:2206:20551:54082_1:106364051",1.2e-18
"10166","HISEQ13:138:C6FWNANXX:2:1206:10511:60016_1:32976973",1.2e-18
"10167","HISEQ13:138:C6FWNANXX:2:1302:1709:61559_1:51896466",1.2e-18
"10168","HISEQ13:138:C6FWNANXX:2:2103:13438:71187_1:78358456",1.2e-18
"10169","HISEQ13:138:C6FWNANXX:2:1211:8757:20412_1:40007613",1.2e-18
"10170","HISEQ13:138:C6FWNANXX:2:2102:17208:14412_1:76146178",1.2e-18
"10171","HISEQ13:138:C6FWNANXX:2:2316:1573:87222_1:146493519",1.2e-18
"10172","HISEQ13:138:C6FWNANXX:2:1308:14865:46689_1:60621176",1.2e-18
"10173","HISEQ13:138:C6FWNANXX:2:2203:17262:14614_1:101523305",1.2e-18
"10174","HISEQ13:138:C6FWNANXX:2:2305:12991:32951_1:128665136",1.2e-18
"10175","HISEQ13:138:C6FWNANXX:2:1101:15346:94759_1:1375281",1.2e-18
"10176","HISEQ13:138:C6FWNANXX:2:2304:9663:36200_1:127289826",1.2e-18
"10177","HISEQ13:138:C6FWNANXX:2:1315:10897:59464_1:72121061",1.2e-18
"10178","HISEQ13:138:C6FWNANXX:2:1309:8789:93881_1:62920662",1.2e-18
"10179","HISEQ13:138:C6FWNANXX:2:2115:14751:33599_1:95796787",1.2e-18
"10180","HISEQ13:138:C6FWNANXX:2:1206:7815:50664_1:32832146",1.2e-18
"10181","HISEQ13:138:C6FWNANXX:2:1108:17519:55518_1:11206461",1.2e-18
"10182","HISEQ13:138:C6FWNANXX:2:1215:5394:18535_1:46457554",1.2e-18
"10183","HISEQ13:138:C6FWNANXX:2:2111:10179:84556_1:90386904",1.2e-18
"10184","HISEQ13:138:C6FWNANXX:2:2204:12943:36444_1:103242954",1.2e-18
"10185","HISEQ13:138:C6FWNANXX:2:1210:21208:45065_1:38843543",1.2e-18
"10186","HISEQ13:138:C6FWNANXX:2:2310:12898:39979_1:136154992",1.2e-18
"10187","HISEQ13:138:C6FWNANXX:2:1108:19017:66908_1:11382187",1.2e-18
"10188","HISEQ13:138:C6FWNANXX:2:1203:19635:75109_1:28788333",1.2e-18
"10189","HISEQ13:138:C6FWNANXX:2:2203:11981:44020_1:101944421",1.2e-18
"10190","HISEQ13:138:C6FWNANXX:2:1116:15641:17580_1:23373919",1.2e-18
"10191","HISEQ13:138:C6FWNANXX:2:2311:13039:56897_1:137945676",1.3e-18
"10192","HISEQ13:138:C6FWNANXX:2:1112:12980:97672_1:18073876",1.3e-18
"10193","HISEQ13:138:C6FWNANXX:2:2105:11541:90647_1:81492271",1.3e-18
"10194","HISEQ13:138:C6FWNANXX:2:1206:3014:51342_1:32842580",1.3e-18
"10195","HISEQ13:138:C6FWNANXX:2:2310:5584:78048_1:136739306",1.3e-18
"10196","HISEQ13:138:C6FWNANXX:2:1315:19614:35775_1:71719763",1.3e-18
"10197","HISEQ13:138:C6FWNANXX:2:1102:5244:100256_1:2913564",1.3e-18
"10198","HISEQ13:138:C6FWNANXX:2:1111:2587:85995_1:16417641",1.3e-18
"10199","HISEQ13:138:C6FWNANXX:2:2114:5371:75866_1:94874988",1.3e-18
"10200","HISEQ13:138:C6FWNANXX:2:2210:19473:37227_1:112029444",1.3e-18
"10201","HISEQ13:138:C6FWNANXX:2:1107:19720:78891_1:10037601",1.3e-18
"10202","HISEQ13:138:C6FWNANXX:2:1107:20856:86091_1:10149147",1.3e-18
"10203","HISEQ13:138:C6FWNANXX:2:2302:12353:55187_1:124750273",1.3e-18
"10204","HISEQ13:138:C6FWNANXX:2:2110:2731:3199_1:87575797",1.3e-18
"10205","HISEQ13:138:C6FWNANXX:2:1311:8372:69224_1:65678187",1.3e-18
"10206","HISEQ13:138:C6FWNANXX:2:2312:9385:83908_1:139937804",1.3e-18
"10207","HISEQ13:138:C6FWNANXX:2:1211:2473:89456_1:41118032",1.3e-18
"10208","HISEQ13:138:C6FWNANXX:2:2303:16626:49095_1:126069115",1.3e-18
"10209","HISEQ13:138:C6FWNANXX:2:2104:15692:65962_1:79703089",1.3e-18
"10210","HISEQ13:138:C6FWNANXX:2:1202:11401:28622_1:26651006",1.4e-18
"10211","HISEQ13:138:C6FWNANXX:2:2316:9189:84763_1:146456729",1.4e-18
"10212","HISEQ13:138:C6FWNANXX:2:1111:14454:99036_1:16669748",1.4e-18
"10213","HISEQ13:138:C6FWNANXX:2:1111:7239:70733_1:16145503",1.4e-18
"10214","HISEQ13:138:C6FWNANXX:2:1313:4131:83641_1:69174715",1.4e-18
"10215","HISEQ13:138:C6FWNANXX:2:2103:8221:68000_1:78311701",1.4e-18
"10216","HISEQ13:138:C6FWNANXX:2:2215:10406:62861_1:120308712",1.4e-18
"10217","HISEQ13:138:C6FWNANXX:2:1209:19144:71417_1:37703097",1.4e-18
"10218","HISEQ13:138:C6FWNANXX:2:2215:21214:42180_1:119969111",1.4e-18
"10219","HISEQ13:138:C6FWNANXX:2:1306:5104:65995_1:57876070",1.4e-18
"10220","HISEQ13:138:C6FWNANXX:2:2101:11540:64460_1:75450880",1.4e-18
"10221","HISEQ13:138:C6FWNANXX:2:2203:4055:99538_1:102734661",1.4e-18
"10222","HISEQ13:138:C6FWNANXX:2:2311:21089:39987_1:137681356",1.4e-18
"10223","HISEQ13:138:C6FWNANXX:2:1304:4286:39663_1:54496530",1.4e-18
"10224","HISEQ13:138:C6FWNANXX:2:1306:14490:11888_1:57053324",1.4e-18
"10225","HISEQ13:138:C6FWNANXX:2:2201:9379:95574_1:99858824",1.4e-18
"10226","HISEQ13:138:C6FWNANXX:2:1111:19957:22619_1:15363916",1.4e-18
"10227","HISEQ13:138:C6FWNANXX:2:1208:8110:86726_1:36398695",1.4e-18
"10228","HISEQ13:138:C6FWNANXX:2:2209:7570:53353_1:110770015",1.4e-18
"10229","HISEQ13:138:C6FWNANXX:2:2314:9044:65352_1:142842794",1.4e-18
"10230","HISEQ13:138:C6FWNANXX:2:2114:7323:14167_1:93872487",1.4e-18
"10231","HISEQ13:138:C6FWNANXX:2:1202:17881:43096_1:26863901",1.4e-18
"10232","HISEQ13:138:C6FWNANXX:2:1208:7003:49518_1:35824998",1.4e-18
"10233","HISEQ13:138:C6FWNANXX:2:2110:18694:60565_1:88458147",1.4e-18
"10234","HISEQ13:138:C6FWNANXX:2:2216:16020:70609_1:122095539",1.4e-18
"10235","HISEQ13:138:C6FWNANXX:2:1108:5134:28518_1:10784493",1.4e-18
"10236","HISEQ13:138:C6FWNANXX:2:1114:12836:56327_1:20675855",1.4e-18
"10237","HISEQ13:138:C6FWNANXX:2:2107:4594:37126_1:83616119",1.4e-18
"10238","HISEQ13:138:C6FWNANXX:2:2113:8977:31532_1:92568005",1.4e-18
"10239","HISEQ13:138:C6FWNANXX:2:2205:2812:72101_1:105180345",1.4e-18
"10240","HISEQ13:138:C6FWNANXX:2:2216:14398:50584_1:121755618",1.4e-18
"10241","HISEQ13:138:C6FWNANXX:2:2310:20932:64723_1:136536940",1.4e-18
"10242","HISEQ13:138:C6FWNANXX:2:1111:19334:42757_1:15686431",1.4e-18
"10243","HISEQ13:138:C6FWNANXX:2:1105:12843:51755_1:6613004",1.4e-18
"10244","HISEQ13:138:C6FWNANXX:2:1205:3172:35306_1:31115124",1.5e-18
"10245","HISEQ13:138:C6FWNANXX:2:1302:18154:85817_1:52256903",1.5e-18
"10246","HISEQ13:138:C6FWNANXX:2:2310:18520:33683_1:136059068",1.5e-18
"10247","HISEQ13:138:C6FWNANXX:2:1104:16714:6873_1:4462056",1.5e-18
"10248","HISEQ13:138:C6FWNANXX:2:1303:13706:36677_1:52989442",1.5e-18
"10249","HISEQ13:138:C6FWNANXX:2:1303:3034:76205_1:53570669",1.5e-18
"10250","HISEQ13:138:C6FWNANXX:2:1301:15544:29731_1:49976661",1.5e-18
"10251","HISEQ13:138:C6FWNANXX:2:2311:1515:2379_1:137090930",1.5e-18
"10252","HISEQ13:138:C6FWNANXX:2:1106:4280:9617_1:7465282",1.5e-18
"10253","HISEQ13:138:C6FWNANXX:2:1305:10543:84079_1:56649162",1.5e-18
"10254","HISEQ13:138:C6FWNANXX:2:1305:20006:76718_1:56537585",1.5e-18
"10255","HISEQ13:138:C6FWNANXX:2:1109:19058:75652_1:13076464",1.5e-18
"10256","HISEQ13:138:C6FWNANXX:2:2305:2216:13160_1:128377878",1.5e-18
"10257","HISEQ13:138:C6FWNANXX:2:1101:21217:39892_1:563378",1.5e-18
"10258","HISEQ13:138:C6FWNANXX:2:1113:3620:64365_1:19153226",1.5e-18
"10259","HISEQ13:138:C6FWNANXX:2:1214:7146:17070_1:44768492",1.5e-18
"10260","HISEQ13:138:C6FWNANXX:2:1109:10953:27011_1:12308596",1.5e-18
"10261","HISEQ13:138:C6FWNANXX:2:2113:11761:63525_1:93080212",1.5e-18
"10262","HISEQ13:138:C6FWNANXX:2:1209:17323:47816_1:37334567",1.5e-18
"10263","HISEQ13:138:C6FWNANXX:2:1305:14833:38765_1:55968320",1.5e-18
"10264","HISEQ13:138:C6FWNANXX:2:2111:20860:91237_1:90502105",1.5e-18
"10265","HISEQ13:138:C6FWNANXX:2:2213:14279:68769_1:117176832",1.5e-18
"10266","HISEQ13:138:C6FWNANXX:2:1112:2030:23080_1:16858440",1.5e-18
"10267","HISEQ13:138:C6FWNANXX:2:1304:2011:84279_1:55166571",1.5e-18
"10268","HISEQ13:138:C6FWNANXX:2:2115:11772:54626_1:96136839",1.5e-18
"10269","HISEQ13:138:C6FWNANXX:2:2308:12475:22517_1:132882980",1.5e-18
"10270","HISEQ13:138:C6FWNANXX:2:1112:2531:18478_1:16805584",1.5e-18
"10271","HISEQ13:138:C6FWNANXX:2:1204:8110:54097_1:29924466",1.5e-18
"10272","HISEQ13:138:C6FWNANXX:2:1303:20206:86220_1:53721889",1.5e-18
"10273","HISEQ13:138:C6FWNANXX:2:1310:20883:70863_1:64124331",1.5e-18
"10274","HISEQ13:138:C6FWNANXX:2:2102:15231:31966_1:76394116",1.5e-18
"10275","HISEQ13:138:C6FWNANXX:2:2103:3480:69310_1:78332035",1.5e-18
"10276","HISEQ13:138:C6FWNANXX:2:2109:8747:79136_1:87229747",1.5e-18
"10277","HISEQ13:138:C6FWNANXX:2:2212:18619:23028_1:114872115",1.5e-18
"10278","HISEQ13:138:C6FWNANXX:2:2216:16303:72414_1:122125277",1.5e-18
"10279","HISEQ13:138:C6FWNANXX:2:2314:19714:9983_1:141933054",1.5e-18
"10280","HISEQ13:138:C6FWNANXX:2:2313:7718:23002_1:140545812",1.5e-18
"10281","HISEQ13:138:C6FWNANXX:2:1105:8365:98936_1:7319591",1.5e-18
"10282","HISEQ13:138:C6FWNANXX:2:1307:6626:31025_1:58856470",1.5e-18
"10283","HISEQ13:138:C6FWNANXX:2:1109:9019:67752_1:12952128",1.5e-18
"10284","HISEQ13:138:C6FWNANXX:2:1113:5525:69795_1:19244939",1.5e-18
"10285","HISEQ13:138:C6FWNANXX:2:2208:17012:39486_1:109067322",1.5e-18
"10286","HISEQ13:138:C6FWNANXX:2:2210:11775:64999_1:112452876",1.5e-18
"10287","HISEQ13:138:C6FWNANXX:2:2316:15520:31908_1:145563255",1.5e-18
"10288","HISEQ13:138:C6FWNANXX:2:1205:2231:26925_1:30988677",1.5e-18
"10289","HISEQ13:138:C6FWNANXX:2:1210:7720:87397_1:39501990",1.5e-18
"10290","HISEQ13:138:C6FWNANXX:2:1302:20214:51284_1:51749235",1.5e-18
"10291","HISEQ13:138:C6FWNANXX:2:2212:12854:86230_1:115869720",1.5e-18
"10292","HISEQ13:138:C6FWNANXX:2:2308:5307:59048_1:133431590",1.5e-18
"10293","HISEQ13:138:C6FWNANXX:2:1211:14422:51935_1:40516361",1.6e-18
"10294","HISEQ13:138:C6FWNANXX:2:2112:4240:6762_1:90725373",1.6e-18
"10295","HISEQ13:138:C6FWNANXX:2:2316:12563:87181_1:146495843",1.6e-18
"10296","HISEQ13:138:C6FWNANXX:2:2210:2278:41425_1:112090924",1.6e-18
"10297","HISEQ13:138:C6FWNANXX:2:2312:8240:77365_1:139833342",1.6e-18
"10298","HISEQ13:138:C6FWNANXX:2:1105:6706:22285_1:6168543",1.6e-18
"10299","HISEQ13:138:C6FWNANXX:2:2103:13518:42565_1:77955477",1.6e-18
"10300","HISEQ13:138:C6FWNANXX:2:2205:17063:54720_1:104931381",1.6e-18
"10301","HISEQ13:138:C6FWNANXX:2:2312:2036:52330_1:139434920",1.6e-18
"10302","HISEQ13:138:C6FWNANXX:2:1314:17541:69522_1:70612450",1.6e-18
"10303","HISEQ13:138:C6FWNANXX:2:2111:9657:87860_1:90442783",1.6e-18
"10304","HISEQ13:138:C6FWNANXX:2:2115:3693:27679_1:95697097",1.6e-18
"10305","HISEQ13:138:C6FWNANXX:2:2302:2823:70080_1:124960738",1.6e-18
"10306","HISEQ13:138:C6FWNANXX:2:2307:11347:90769_1:132424779",1.6e-18
"10307","HISEQ13:138:C6FWNANXX:2:2312:21221:59215_1:139545829",1.6e-18
"10308","HISEQ13:138:C6FWNANXX:2:2208:7603:59269_1:109366013",1.6e-18
"10309","HISEQ13:138:C6FWNANXX:2:2309:3433:27015_1:134443993",1.6e-18
"10310","HISEQ13:138:C6FWNANXX:2:1107:17353:33437_1:9339250",1.6e-18
"10311","HISEQ13:138:C6FWNANXX:2:1313:4032:28305_1:68252969",1.6e-18
"10312","HISEQ13:138:C6FWNANXX:2:2101:3174:69413_1:75520700",1.6e-18
"10313","HISEQ13:138:C6FWNANXX:2:2313:6469:51064_1:140998240",1.6e-18
"10314","HISEQ13:138:C6FWNANXX:2:1207:3174:77189_1:34731619",1.7e-18
"10315","HISEQ13:138:C6FWNANXX:2:1308:18062:31217_1:60381028",1.7e-18
"10316","HISEQ13:138:C6FWNANXX:2:2101:19105:53195_1:75292341",1.7e-18
"10317","HISEQ13:138:C6FWNANXX:2:2206:4309:15381_1:105794046",1.7e-18
"10318","HISEQ13:138:C6FWNANXX:2:2210:5343:60625_1:112386315",1.7e-18
"10319","HISEQ13:138:C6FWNANXX:2:2205:2362:70541_1:105158329",1.7e-18
"10320","HISEQ13:138:C6FWNANXX:2:2306:12329:88564_1:130926216",1.7e-18
"10321","HISEQ13:138:C6FWNANXX:2:2302:8019:94438_1:125306537",1.7e-18
"10322","HISEQ13:138:C6FWNANXX:2:2110:6008:30123_1:87988814",1.7e-18
"10323","HISEQ13:138:C6FWNANXX:2:2309:1323:59422_1:134933517",1.7e-18
"10324","HISEQ13:138:C6FWNANXX:2:1309:20944:94623_1:62934584",1.7e-18
"10325","HISEQ13:138:C6FWNANXX:2:1304:11529:76669_1:55052791",1.7e-18
"10326","HISEQ13:138:C6FWNANXX:2:1305:20746:36942_1:55939293",1.7e-18
"10327","HISEQ13:138:C6FWNANXX:2:1310:4105:28989_1:63453635",1.7e-18
"10328","HISEQ13:138:C6FWNANXX:2:1101:8227:31800_1:442588",1.7e-18
"10329","HISEQ13:138:C6FWNANXX:2:2102:7345:30944_1:76378409",1.7e-18
"10330","HISEQ13:138:C6FWNANXX:2:1205:16924:98425_1:32061535",1.7e-18
"10331","HISEQ13:138:C6FWNANXX:2:1202:4556:100103_1:27698557",1.7e-18
"10332","HISEQ13:138:C6FWNANXX:2:1302:13324:57202_1:51832681",1.7e-18
"10333","HISEQ13:138:C6FWNANXX:2:2209:12790:22635_1:110305235",1.7e-18
"10334","HISEQ13:138:C6FWNANXX:2:2206:18303:48426_1:106279461",1.7e-18
"10335","HISEQ13:138:C6FWNANXX:2:1314:7668:60701_1:70457094",1.7e-18
"10336","HISEQ13:138:C6FWNANXX:2:2112:9977:19931_1:90824817",1.8e-18
"10337","HISEQ13:138:C6FWNANXX:2:2111:19374:87860_1:90445117",1.8e-18
"10338","HISEQ13:138:C6FWNANXX:2:2109:19591:94393_1:87463553",1.8e-18
"10339","HISEQ13:138:C6FWNANXX:2:2213:1256:42084_1:116743494",1.8e-18
"10340","HISEQ13:138:C6FWNANXX:2:2207:8058:7729_1:107131696",1.8e-18
"10341","HISEQ13:138:C6FWNANXX:2:2213:2423:81445_1:117375614",1.8e-18
"10342","HISEQ13:138:C6FWNANXX:2:2108:3163:92106_1:85923950",1.8e-18
"10343","HISEQ13:138:C6FWNANXX:2:1315:18777:48625_1:71938139",1.8e-18
"10344","HISEQ13:138:C6FWNANXX:2:2312:6623:65321_1:139641305",1.8e-18
"10345","HISEQ13:138:C6FWNANXX:2:1102:12599:35719_1:1958677",1.8e-18
"10346","HISEQ13:138:C6FWNANXX:2:1307:6626:31025_1:58856471",1.8e-18
"10347","HISEQ13:138:C6FWNANXX:2:1310:12571:13720_1:63213436",1.8e-18
"10348","HISEQ13:138:C6FWNANXX:2:2310:20094:2250_1:135574175",1.8e-18
"10349","HISEQ13:138:C6FWNANXX:2:2209:2896:41825_1:110594730",1.8e-18
"10350","HISEQ13:138:C6FWNANXX:2:2315:16603:7255_1:143515224",1.8e-18
"10351","HISEQ13:138:C6FWNANXX:2:2107:7671:4759_1:83137605",1.8e-18
"10352","HISEQ13:138:C6FWNANXX:2:2312:9265:76941_1:139825772",1.8e-18
"10353","HISEQ13:138:C6FWNANXX:2:1304:21175:70083_1:54957950",1.8e-18
"10354","HISEQ13:138:C6FWNANXX:2:2112:9977:19931_1:90824818",1.8e-18
"10355","HISEQ13:138:C6FWNANXX:2:2312:6623:65321_1:139641304",1.8e-18
"10356","HISEQ13:138:C6FWNANXX:2:2212:8237:48677_1:115272714",1.8e-18
"10357","HISEQ13:138:C6FWNANXX:2:1108:16947:77335_1:11547170",1.9e-18
"10358","HISEQ13:138:C6FWNANXX:2:2203:14036:27193_1:101700651",1.9e-18
"10359","HISEQ13:138:C6FWNANXX:2:1209:19452:86199_1:37933651",1.9e-18
"10360","HISEQ13:138:C6FWNANXX:2:1311:11843:41640_1:65232662",1.9e-18
"10361","HISEQ13:138:C6FWNANXX:2:2207:2548:90088_1:108348558",1.9e-18
"10362","HISEQ13:138:C6FWNANXX:2:2211:10230:36256_1:113536129",1.9e-18
"10363","HISEQ13:138:C6FWNANXX:2:2311:4506:52425_1:137873397",1.9e-18
"10364","HISEQ13:138:C6FWNANXX:2:2306:16757:65067_1:130582474",1.9e-18
"10365","HISEQ13:138:C6FWNANXX:2:1201:18933:63324_1:25709315",1.9e-18
"10366","HISEQ13:138:C6FWNANXX:2:2310:12820:76400_1:136714082",1.9e-18
"10367","HISEQ13:138:C6FWNANXX:2:2302:15807:28218_1:124371706",1.9e-18
"10368","HISEQ13:138:C6FWNANXX:2:1114:15832:34580_1:20311655",1.9e-18
"10369","HISEQ13:138:C6FWNANXX:2:2208:10123:100133_1:109982395",1.9e-18
"10370","HISEQ13:138:C6FWNANXX:2:2210:6244:38779_1:112053438",1.9e-18
"10371","HISEQ13:138:C6FWNANXX:2:1216:20284:100336_1:49561840",1.9e-18
"10372","HISEQ13:138:C6FWNANXX:2:1311:15835:13852_1:64787748",1.9e-18
"10373","HISEQ13:138:C6FWNANXX:2:2207:9782:48051_1:107726384",1.9e-18
"10374","HISEQ13:138:C6FWNANXX:2:2302:11464:39846_1:124535216",1.9e-18
"10375","HISEQ13:138:C6FWNANXX:2:1114:13164:63081_1:20789742",1.9e-18
"10376","HISEQ13:138:C6FWNANXX:2:2312:4728:24625_1:138997161",1.9e-18
"10377","HISEQ13:138:C6FWNANXX:2:1207:5906:79743_1:34770587",1.9e-18
"10378","HISEQ13:138:C6FWNANXX:2:2110:14086:26657_1:87936920",1.9e-18
"10379","HISEQ13:138:C6FWNANXX:2:1315:5135:74837_1:72386307",1.9e-18
"10380","HISEQ13:138:C6FWNANXX:2:2207:12026:46507_1:107705113",2e-18
"10381","HISEQ13:138:C6FWNANXX:2:2302:16973:7548_1:124081561",2e-18
"10382","HISEQ13:138:C6FWNANXX:2:2311:1532:5257_1:137137598",2e-18
"10383","HISEQ13:138:C6FWNANXX:2:1109:10953:27011_1:12308595",2e-18
"10384","HISEQ13:138:C6FWNANXX:2:1115:13537:11612_1:21589138",2e-18
"10385","HISEQ13:138:C6FWNANXX:2:1212:4934:38847_1:41869431",2e-18
"10386","HISEQ13:138:C6FWNANXX:2:1102:17674:55780_1:2257601",2e-18
"10387","HISEQ13:138:C6FWNANXX:2:1312:19675:96141_1:67742416",2e-18
"10388","HISEQ13:138:C6FWNANXX:2:1204:9070:24114_1:29478038",2e-18
"10389","HISEQ13:138:C6FWNANXX:2:2203:17262:14614_1:101523306",2e-18
"10390","HISEQ13:138:C6FWNANXX:2:1101:13859:82809_1:1197541",2e-18
"10391","HISEQ13:138:C6FWNANXX:2:1104:17595:21080_1:4673210",2e-18
"10392","HISEQ13:138:C6FWNANXX:2:1304:8181:69887_1:54951693",2e-18
"10393","HISEQ13:138:C6FWNANXX:2:1306:20056:33480_1:57383018",2e-18
"10394","HISEQ13:138:C6FWNANXX:2:1306:10159:47674_1:57597584",2e-18
"10395","HISEQ13:138:C6FWNANXX:2:1301:17500:3165_1:49586374",2e-18
"10396","HISEQ13:138:C6FWNANXX:2:1305:16803:77556_1:56552375",2e-18
"10397","HISEQ13:138:C6FWNANXX:2:2115:7001:97513_1:96839981",2e-18
"10398","HISEQ13:138:C6FWNANXX:2:1103:6175:91453_1:4246729",2e-18
"10399","HISEQ13:138:C6FWNANXX:2:1314:16511:54495_1:70352990",2e-18
"10400","HISEQ13:138:C6FWNANXX:2:2114:20224:34588_1:94206772",2e-18
"10401","HISEQ13:138:C6FWNANXX:2:1106:17566:40323_1:7935548",2e-18
"10402","HISEQ13:138:C6FWNANXX:2:1313:13856:90264_1:69289555",2e-18
"10403","HISEQ13:138:C6FWNANXX:2:2214:7698:7127_1:117773268",2e-18
"10404","HISEQ13:138:C6FWNANXX:2:1201:10350:84375_1:26016718",2e-18
"10405","HISEQ13:138:C6FWNANXX:2:2207:6941:61778_1:107929555",2e-18
"10406","HISEQ13:138:C6FWNANXX:2:2211:10295:15124_1:113203521",2e-18
"10407","HISEQ13:138:C6FWNANXX:2:2311:4467:91898_1:138497763",2e-18
"10408","HISEQ13:138:C6FWNANXX:2:1314:5582:42943_1:70155360",2e-18
"10409","HISEQ13:138:C6FWNANXX:2:2216:3510:90581_1:122432539",2e-18
"10410","HISEQ13:138:C6FWNANXX:2:2110:12934:83157_1:88799253",2e-18
"10411","HISEQ13:138:C6FWNANXX:2:2202:5279:7635_1:100012842",2e-18
"10412","HISEQ13:138:C6FWNANXX:2:2312:20362:77380_1:139835851",2e-18
"10413","HISEQ13:138:C6FWNANXX:2:2303:15131:11573_1:125535965",2e-18
"10414","HISEQ13:138:C6FWNANXX:2:1315:5107:85151_1:72563753",2e-18
"10415","HISEQ13:138:C6FWNANXX:2:2101:20512:29628_1:74958250",2e-18
"10416","HISEQ13:138:C6FWNANXX:2:2213:18187:59833_1:117032966",2e-18
"10417","HISEQ13:138:C6FWNANXX:2:1305:13894:53785_1:56194467",2e-18
"10418","HISEQ13:138:C6FWNANXX:2:2304:13932:99823_1:128205780",2e-18
"10419","HISEQ13:138:C6FWNANXX:2:2208:14998:25946_1:108866030",2.1e-18
"10420","HISEQ13:138:C6FWNANXX:2:1314:6347:7842_1:69561852",2.1e-18
"10421","HISEQ13:138:C6FWNANXX:2:2315:11349:43189_1:144106010",2.1e-18
"10422","HISEQ13:138:C6FWNANXX:2:2315:4927:47095_1:144170029",2.1e-18
"10423","HISEQ13:138:C6FWNANXX:2:2103:19251:34418_1:77839162",2.1e-18
"10424","HISEQ13:138:C6FWNANXX:2:2206:7145:29903_1:106005742",2.1e-18
"10425","HISEQ13:138:C6FWNANXX:2:2301:11854:36289_1:123092114",2.1e-18
"10426","HISEQ13:138:C6FWNANXX:2:2303:14309:75079_1:126436306",2.1e-18
"10427","HISEQ13:138:C6FWNANXX:2:2107:15651:50967_1:83822832",2.1e-18
"10428","HISEQ13:138:C6FWNANXX:2:1106:16757:68917_1:8371270",2.1e-18
"10429","HISEQ13:138:C6FWNANXX:2:1313:10570:23420_1:68171122",2.1e-18
"10430","HISEQ13:138:C6FWNANXX:2:2311:13848:11155_1:137230275",2.1e-18
"10431","HISEQ13:138:C6FWNANXX:2:2202:3644:29846_1:100329304",2.1e-18
"10432","HISEQ13:138:C6FWNANXX:2:1109:11940:35997_1:12446012",2.1e-18
"10433","HISEQ13:138:C6FWNANXX:2:2304:4847:65577_1:127712092",2.1e-18
"10434","HISEQ13:138:C6FWNANXX:2:2101:10458:7960_1:74645051",2.1e-18
"10435","HISEQ13:138:C6FWNANXX:2:2208:18556:24911_1:108851725",2.1e-18
"10436","HISEQ13:138:C6FWNANXX:2:2305:1723:22850_1:128519272",2.1e-18
"10437","HISEQ13:138:C6FWNANXX:2:2305:1723:22850_1:128519273",2.1e-18
"10438","HISEQ13:138:C6FWNANXX:2:2205:4339:62140_1:105036533",2.1e-18
"10439","HISEQ13:138:C6FWNANXX:2:1114:7966:10667_1:19907507",2.1e-18
"10440","HISEQ13:138:C6FWNANXX:2:1203:11001:50166_1:28418553",2.1e-18
"10441","HISEQ13:138:C6FWNANXX:2:1214:12081:17482_1:44773689",2.1e-18
"10442","HISEQ13:138:C6FWNANXX:2:2111:18681:12470_1:89229494",2.1e-18
"10443","HISEQ13:138:C6FWNANXX:2:1107:5679:92817_1:10249779",2.1e-18
"10444","HISEQ13:138:C6FWNANXX:2:1310:12824:87169_1:64379484",2.1e-18
"10445","HISEQ13:138:C6FWNANXX:2:2115:4686:60709_1:96233331",2.1e-18
"10446","HISEQ13:138:C6FWNANXX:2:1112:2531:18478_1:16805583",2.1e-18
"10447","HISEQ13:138:C6FWNANXX:2:1201:6645:59585_1:25652033",2.1e-18
"10448","HISEQ13:138:C6FWNANXX:2:2216:2273:80900_1:122266522",2.1e-18
"10449","HISEQ13:138:C6FWNANXX:2:2308:5041:32997_1:133035673",2.1e-18
"10450","HISEQ13:138:C6FWNANXX:2:1213:5891:19523_1:43172451",2.1e-18
"10451","HISEQ13:138:C6FWNANXX:2:2206:9433:11142_1:105732442",2.1e-18
"10452","HISEQ13:138:C6FWNANXX:2:2207:9318:57770_1:107871035",2.1e-18
"10453","HISEQ13:138:C6FWNANXX:2:1303:18306:29124_1:52879339",2.1e-18
"10454","HISEQ13:138:C6FWNANXX:2:2101:3590:96493_1:75904273",2.1e-18
"10455","HISEQ13:138:C6FWNANXX:2:1102:3663:34833_1:1945995",2.1e-18
"10456","HISEQ13:138:C6FWNANXX:2:1115:19504:8799_1:21543785",2.1e-18
"10457","HISEQ13:138:C6FWNANXX:2:1304:9255:42692_1:54542796",2.1e-18
"10458","HISEQ13:138:C6FWNANXX:2:2304:14514:33853_1:127258621",2.1e-18
"10459","HISEQ13:138:C6FWNANXX:2:2316:13681:97101_1:146664483",2.1e-18
"10460","HISEQ13:138:C6FWNANXX:2:1215:10612:17120_1:46433220",2.1e-18
"10461","HISEQ13:138:C6FWNANXX:2:1302:4325:72810_1:52062055",2.2e-18
"10462","HISEQ13:138:C6FWNANXX:2:2114:16557:26023_1:94068927",2.2e-18
"10463","HISEQ13:138:C6FWNANXX:2:2314:10661:33618_1:142319034",2.2e-18
"10464","HISEQ13:138:C6FWNANXX:2:2102:6458:20243_1:76225682",2.2e-18
"10465","HISEQ13:138:C6FWNANXX:2:1210:17888:30059_1:38607356",2.2e-18
"10466","HISEQ13:138:C6FWNANXX:2:1311:4464:60940_1:65542808",2.2e-18
"10467","HISEQ13:138:C6FWNANXX:2:2209:16705:72136_1:111056812",2.2e-18
"10468","HISEQ13:138:C6FWNANXX:2:2212:9964:75047_1:115693121",2.2e-18
"10469","HISEQ13:138:C6FWNANXX:2:1215:19371:47661_1:46951846",2.2e-18
"10470","HISEQ13:138:C6FWNANXX:2:2115:8377:48152_1:96030511",2.2e-18
"10471","HISEQ13:138:C6FWNANXX:2:1110:18390:14562_1:13674710",2.2e-18
"10472","HISEQ13:138:C6FWNANXX:2:1207:17804:91757_1:34959488",2.2e-18
"10473","HISEQ13:138:C6FWNANXX:2:2212:7987:91517_1:115956940",2.3e-18
"10474","HISEQ13:138:C6FWNANXX:2:2208:9869:100499_1:109986016",2.3e-18
"10475","HISEQ13:138:C6FWNANXX:2:2210:18975:19516_1:111762766",2.3e-18
"10476","HISEQ13:138:C6FWNANXX:2:2310:2723:67673_1:136578544",2.3e-18
"10477","HISEQ13:138:C6FWNANXX:2:2306:6894:16599_1:129866657",2.3e-18
"10478","HISEQ13:138:C6FWNANXX:2:1307:12356:86953_1:59715657",2.3e-18
"10479","HISEQ13:138:C6FWNANXX:2:2212:20622:68753_1:115595210",2.3e-18
"10480","HISEQ13:138:C6FWNANXX:2:1113:4337:59595_1:19074144",2.3e-18
"10481","HISEQ13:138:C6FWNANXX:2:1207:14901:48725_1:34299494",2.3e-18
"10482","HISEQ13:138:C6FWNANXX:2:2305:10666:5790_1:128273786",2.3e-18
"10483","HISEQ13:138:C6FWNANXX:2:1106:8388:92273_1:8726387",2.3e-18
"10484","HISEQ13:138:C6FWNANXX:2:1309:18910:15491_1:61681863",2.3e-18
"10485","HISEQ13:138:C6FWNANXX:2:2209:4420:88567_1:111306065",2.3e-18
"10486","HISEQ13:138:C6FWNANXX:2:1108:13909:7763_1:10465709",2.4e-18
"10487","HISEQ13:138:C6FWNANXX:2:2209:2423:88927_1:111309494",2.4e-18
"10488","HISEQ13:138:C6FWNANXX:2:1304:2322:29495_1:54344420",2.4e-18
"10489","HISEQ13:138:C6FWNANXX:2:2208:20674:63316_1:109428922",2.4e-18
"10490","HISEQ13:138:C6FWNANXX:2:1304:19935:9970_1:54058003",2.4e-18
"10491","HISEQ13:138:C6FWNANXX:2:1312:18842:48522_1:66959813",2.4e-18
"10492","HISEQ13:138:C6FWNANXX:2:2115:11772:54626_1:96136840",2.4e-18
"10493","HISEQ13:138:C6FWNANXX:2:2212:17813:28781_1:114962951",2.4e-18
"10494","HISEQ13:138:C6FWNANXX:2:2301:15123:58798_1:123408871",2.4e-18
"10495","HISEQ13:138:C6FWNANXX:2:1213:13596:68032_1:43975067",2.4e-18
"10496","HISEQ13:138:C6FWNANXX:2:2211:5695:51186_1:113766563",2.4e-18
"10497","HISEQ13:138:C6FWNANXX:2:1214:16975:71284_1:45682414",2.4e-18
"10498","HISEQ13:138:C6FWNANXX:2:1301:10080:33768_1:50037987",2.4e-18
"10499","HISEQ13:138:C6FWNANXX:2:1313:13317:92630_1:69326711",2.4e-18
"10500","HISEQ13:138:C6FWNANXX:2:2207:17538:21555_1:107339155",2.4e-18
"10501","HISEQ13:138:C6FWNANXX:2:2303:7614:89233_1:126633196",2.4e-18
"10502","HISEQ13:138:C6FWNANXX:2:1102:4764:69946_1:2461948",2.4e-18
"10503","HISEQ13:138:C6FWNANXX:2:1211:4435:41063_1:40340749",2.4e-18
"10504","HISEQ13:138:C6FWNANXX:2:1209:12811:21041_1:36918293",2.5e-18
"10505","HISEQ13:138:C6FWNANXX:2:1307:21105:31863_1:58870831",2.5e-18
"10506","HISEQ13:138:C6FWNANXX:2:1201:5447:76492_1:25898386",2.5e-18
"10507","HISEQ13:138:C6FWNANXX:2:1207:14882:66700_1:34572713",2.5e-18
"10508","HISEQ13:138:C6FWNANXX:2:1303:17310:71694_1:53507238",2.5e-18
"10509","HISEQ13:138:C6FWNANXX:2:1313:19147:75990_1:69048005",2.5e-18
"10510","HISEQ13:138:C6FWNANXX:2:2207:2092:38523_1:107585225",2.5e-18
"10511","HISEQ13:138:C6FWNANXX:2:2109:15200:16154_1:86273207",2.5e-18
"10512","HISEQ13:138:C6FWNANXX:2:2113:5954:28350_1:92515611",2.5e-18
"10513","HISEQ13:138:C6FWNANXX:2:2111:18627:23448_1:89400216",2.5e-18
"10514","HISEQ13:138:C6FWNANXX:2:2208:9551:2080_1:108510496",2.5e-18
"10515","HISEQ13:138:C6FWNANXX:2:2111:16507:68099_1:90109062",2.5e-18
"10516","HISEQ13:138:C6FWNANXX:2:1116:17694:6147_1:23176440",2.5e-18
"10517","HISEQ13:138:C6FWNANXX:2:1113:8646:49942_1:18914218",2.5e-18
"10518","HISEQ13:138:C6FWNANXX:2:1204:2254:44041_1:29773675",2.5e-18
"10519","HISEQ13:138:C6FWNANXX:2:1213:13013:49726_1:43668247",2.5e-18
"10520","HISEQ13:138:C6FWNANXX:2:1214:17575:11440_1:44674653",2.5e-18
"10521","HISEQ13:138:C6FWNANXX:2:1308:2842:54564_1:60743232",2.5e-18
"10522","HISEQ13:138:C6FWNANXX:2:1104:11839:95630_1:5784439",2.5e-18
"10523","HISEQ13:138:C6FWNANXX:2:1111:20785:85478_1:16412942",2.5e-18
"10524","HISEQ13:138:C6FWNANXX:2:2211:9424:76405_1:114160934",2.5e-18
"10525","HISEQ13:138:C6FWNANXX:2:1110:20034:87629_1:14826006",2.5e-18
"10526","HISEQ13:138:C6FWNANXX:2:2103:9727:37137_1:77876377",2.5e-18
"10527","HISEQ13:138:C6FWNANXX:2:2106:18924:56768_1:82449886",2.5e-18
"10528","HISEQ13:138:C6FWNANXX:2:1215:18815:51055_1:47010956",2.6e-18
"10529","HISEQ13:138:C6FWNANXX:2:2306:6249:95823_1:131032711",2.6e-18
"10530","HISEQ13:138:C6FWNANXX:2:1115:14936:56474_1:22346525",2.6e-18
"10531","HISEQ13:138:C6FWNANXX:2:1108:15736:74889_1:11508002",2.6e-18
"10532","HISEQ13:138:C6FWNANXX:2:1205:6984:39999_1:31183240",2.6e-18
"10533","HISEQ13:138:C6FWNANXX:2:1102:20480:46015_1:2114061",2.6e-18
"10534","HISEQ13:138:C6FWNANXX:2:2203:11393:37012_1:101843465",2.6e-18
"10535","HISEQ13:138:C6FWNANXX:2:1308:9685:25053_1:60286707",2.6e-18
"10536","HISEQ13:138:C6FWNANXX:2:2204:6900:93334_1:104060462",2.6e-18
"10537","HISEQ13:138:C6FWNANXX:2:2211:9779:83291_1:114271138",2.6e-18
"10538","HISEQ13:138:C6FWNANXX:2:2111:18627:23448_1:89400215",2.6e-18
"10539","HISEQ13:138:C6FWNANXX:2:2111:21036:6068_1:89132761",2.6e-18
"10540","HISEQ13:138:C6FWNANXX:2:1111:18812:29257_1:15470351",2.6e-18
"10541","HISEQ13:138:C6FWNANXX:2:1115:3639:25048_1:21815233",2.6e-18
"10542","HISEQ13:138:C6FWNANXX:2:1207:9163:30841_1:34029257",2.6e-18
"10543","HISEQ13:138:C6FWNANXX:2:2101:3510:71862_1:75556446",2.6e-18
"10544","HISEQ13:138:C6FWNANXX:2:1110:19900:80954_1:14720497",2.6e-18
"10545","HISEQ13:138:C6FWNANXX:2:1215:4930:77096_1:47448305",2.6e-18
"10546","HISEQ13:138:C6FWNANXX:2:2106:10003:19299_1:81896167",2.6e-18
"10547","HISEQ13:138:C6FWNANXX:2:1110:19069:27629_1:13880311",2.7e-18
"10548","HISEQ13:138:C6FWNANXX:2:1304:9175:8636_1:54037304",2.7e-18
"10549","HISEQ13:138:C6FWNANXX:2:1311:18275:18786_1:64868843",2.7e-18
"10550","HISEQ13:138:C6FWNANXX:2:1115:19438:52003_1:22275072",2.7e-18
"10551","HISEQ13:138:C6FWNANXX:2:1214:18208:7670_1:44612734",2.7e-18
"10552","HISEQ13:138:C6FWNANXX:2:1216:14230:68091_1:49000881",2.7e-18
"10553","HISEQ13:138:C6FWNANXX:2:2113:1671:95805_1:93595877",2.7e-18
"10554","HISEQ13:138:C6FWNANXX:2:2304:15019:23127_1:127105047",2.7e-18
"10555","HISEQ13:138:C6FWNANXX:2:1107:17092:44545_1:9511504",2.7e-18
"10556","HISEQ13:138:C6FWNANXX:2:1115:20490:2937_1:21441987",2.7e-18
"10557","HISEQ13:138:C6FWNANXX:2:2208:4781:49652_1:109218944",2.7e-18
"10558","HISEQ13:138:C6FWNANXX:2:2207:14969:78733_1:108179738",2.7e-18
"10559","HISEQ13:138:C6FWNANXX:2:1216:7119:39498_1:48501367",2.7e-18
"10560","HISEQ13:138:C6FWNANXX:2:1204:2777:52523_1:29901126",2.7e-18
"10561","HISEQ13:138:C6FWNANXX:2:2214:8147:30665_1:118157041",2.7e-18
"10562","HISEQ13:138:C6FWNANXX:2:2315:2825:42118_1:144087414",2.7e-18
"10563","HISEQ13:138:C6FWNANXX:2:1203:6339:63169_1:28608486",2.7e-18
"10564","HISEQ13:138:C6FWNANXX:2:1211:11315:62899_1:40692927",2.7e-18
"10565","HISEQ13:138:C6FWNANXX:2:1312:5061:62319_1:67183131",2.7e-18
"10566","HISEQ13:138:C6FWNANXX:2:1204:15779:71237_1:30178403",2.7e-18
"10567","HISEQ13:138:C6FWNANXX:2:1204:18576:91370_1:30479481",2.8e-18
"10568","HISEQ13:138:C6FWNANXX:2:1213:3652:91248_1:44352969",2.8e-18
"10569","HISEQ13:138:C6FWNANXX:2:1315:9194:9964_1:71275221",2.8e-18
"10570","HISEQ13:138:C6FWNANXX:2:2206:12868:90960_1:106902226",2.8e-18
"10571","HISEQ13:138:C6FWNANXX:2:2207:21261:54034_1:107817479",2.8e-18
"10572","HISEQ13:138:C6FWNANXX:2:2301:6409:35896_1:123084101",2.8e-18
"10573","HISEQ13:138:C6FWNANXX:2:2306:17586:39046_1:130199178",2.8e-18
"10574","HISEQ13:138:C6FWNANXX:2:1302:5119:85351_1:52247038",2.8e-18
"10575","HISEQ13:138:C6FWNANXX:2:2213:18612:60075_1:117037006",2.8e-18
"10576","HISEQ13:138:C6FWNANXX:2:1312:19654:80537_1:67486213",2.8e-18
"10577","HISEQ13:138:C6FWNANXX:2:1103:16085:90281_1:4233792",2.8e-18
"10578","HISEQ13:138:C6FWNANXX:2:1114:5584:12975_1:19944697",2.8e-18
"10579","HISEQ13:138:C6FWNANXX:2:2107:21068:76529_1:84206917",2.8e-18
"10580","HISEQ13:138:C6FWNANXX:2:2110:14196:14991_1:87757316",2.8e-18
"10581","HISEQ13:138:C6FWNANXX:2:2103:14042:70702_1:78351789",2.8e-18
"10582","HISEQ13:138:C6FWNANXX:2:2116:10103:10397_1:97032410",2.8e-18
"10583","HISEQ13:138:C6FWNANXX:2:1311:20558:93666_1:66081972",2.8e-18
"10584","HISEQ13:138:C6FWNANXX:2:2304:10072:82191_1:127949251",2.8e-18
"10585","HISEQ13:138:C6FWNANXX:2:1314:5356:31703_1:69963895",2.8e-18
"10586","HISEQ13:138:C6FWNANXX:2:1305:15613:27971_1:55803959",2.8e-18
"10587","HISEQ13:138:C6FWNANXX:2:1202:18888:17673_1:26490365",2.8e-18
"10588","HISEQ13:138:C6FWNANXX:2:1101:14923:33839_1:473220",2.9e-18
"10589","HISEQ13:138:C6FWNANXX:2:1212:13787:100373_1:42877111",2.9e-18
"10590","HISEQ13:138:C6FWNANXX:2:2204:10600:63841_1:103637824",2.9e-18
"10591","HISEQ13:138:C6FWNANXX:2:1106:11604:97529_1:8807759",2.9e-18
"10592","HISEQ13:138:C6FWNANXX:2:1215:3709:62634_1:47203479",2.9e-18
"10593","HISEQ13:138:C6FWNANXX:2:1109:17566:75348_1:13072174",2.9e-18
"10594","HISEQ13:138:C6FWNANXX:2:2108:7974:37163_1:85093726",2.9e-18
"10595","HISEQ13:138:C6FWNANXX:2:2110:8945:81469_1:88771529",2.9e-18
"10596","HISEQ13:138:C6FWNANXX:2:2201:11707:54035_1:99268320",2.9e-18
"10597","HISEQ13:138:C6FWNANXX:2:2315:5096:84263_1:144781739",2.9e-18
"10598","HISEQ13:138:C6FWNANXX:2:1109:17408:95171_1:13384334",2.9e-18
"10599","HISEQ13:138:C6FWNANXX:2:1101:4736:84057_1:1214029",2.9e-18
"10600","HISEQ13:138:C6FWNANXX:2:2114:11922:24766_1:94047338",2.9e-18
"10601","HISEQ13:138:C6FWNANXX:2:1209:14233:92450_1:38030845",2.9e-18
"10602","HISEQ13:138:C6FWNANXX:2:1112:1889:33389_1:17024335",3e-18
"10603","HISEQ13:138:C6FWNANXX:2:2315:19651:76787_1:144661155",3e-18
"10604","HISEQ13:138:C6FWNANXX:2:2201:15986:37985_1:99038158",3e-18
"10605","HISEQ13:138:C6FWNANXX:2:2215:12519:41227_1:119950968",3e-18
"10606","HISEQ13:138:C6FWNANXX:2:1205:19536:82763_1:31830950",3e-18
"10607","HISEQ13:138:C6FWNANXX:2:1316:4264:97079_1:74496296",3e-18
"10608","HISEQ13:138:C6FWNANXX:2:2313:3877:48746_1:140957241",3e-18
"10609","HISEQ13:138:C6FWNANXX:2:1101:20992:86328_1:1250325",3e-18
"10610","HISEQ13:138:C6FWNANXX:2:1109:15910:50098_1:12671535",3e-18
"10611","HISEQ13:138:C6FWNANXX:2:1213:18267:2546_1:42896222",3e-18
"10612","HISEQ13:138:C6FWNANXX:2:1314:15828:34324_1:70012835",3e-18
"10613","HISEQ13:138:C6FWNANXX:2:1214:13188:47510_1:45282448",3e-18
"10614","HISEQ13:138:C6FWNANXX:2:1214:14831:23353_1:44875550",3e-18
"10615","HISEQ13:138:C6FWNANXX:2:1310:19242:83352_1:64321080",3e-18
"10616","HISEQ13:138:C6FWNANXX:2:2301:1835:38972_1:123125725",3e-18
"10617","HISEQ13:138:C6FWNANXX:2:1112:9270:80395_1:17790511",3e-18
"10618","HISEQ13:138:C6FWNANXX:2:1308:17682:63353_1:60883200",3e-18
"10619","HISEQ13:138:C6FWNANXX:2:2209:13536:50569_1:110729078",3e-18
"10620","HISEQ13:138:C6FWNANXX:2:2214:15563:15010_1:117905534",3e-18
"10621","HISEQ13:138:C6FWNANXX:2:2311:1515:2379_1:137090931",3e-18
"10622","HISEQ13:138:C6FWNANXX:2:2213:7243:86875_1:117465280",3e-18
"10623","HISEQ13:138:C6FWNANXX:2:2310:11649:8384_1:135668028",3e-18
"10624","HISEQ13:138:C6FWNANXX:2:2207:10754:74883_1:108123278",3e-18
"10625","HISEQ13:138:C6FWNANXX:2:1110:13538:40948_1:14088267",3e-18
"10626","HISEQ13:138:C6FWNANXX:2:1306:4127:61786_1:57814651",3e-18
"10627","HISEQ13:138:C6FWNANXX:2:2209:1899:12117_1:110143817",3e-18
"10628","HISEQ13:138:C6FWNANXX:2:2306:12900:76723_1:130751797",3e-18
"10629","HISEQ13:138:C6FWNANXX:2:1108:3009:11217_1:10513998",3e-18
"10630","HISEQ13:138:C6FWNANXX:2:1304:12455:38246_1:54475833",3.1e-18
"10631","HISEQ13:138:C6FWNANXX:2:2308:1345:49043_1:133280229",3.1e-18
"10632","HISEQ13:138:C6FWNANXX:2:2312:13492:11495_1:138788989",3.1e-18
"10633","HISEQ13:138:C6FWNANXX:2:1115:17991:55245_1:22325568",3.1e-18
"10634","HISEQ13:138:C6FWNANXX:2:2202:14991:56093_1:100702521",3.1e-18
"10635","HISEQ13:138:C6FWNANXX:2:2212:9325:17576_1:114782140",3.1e-18
"10636","HISEQ13:138:C6FWNANXX:2:1112:20419:42534_1:17177379",3.1e-18
"10637","HISEQ13:138:C6FWNANXX:2:2206:16829:56610_1:106400439",3.1e-18
"10638","HISEQ13:138:C6FWNANXX:2:1206:1607:23979_1:32424737",3.1e-18
"10639","HISEQ13:138:C6FWNANXX:2:2301:19069:46410_1:123233899",3.1e-18
"10640","HISEQ13:138:C6FWNANXX:2:2307:10013:73003_1:132161054",3.1e-18
"10641","HISEQ13:138:C6FWNANXX:2:1115:10963:58927_1:22387545",3.2e-18
"10642","HISEQ13:138:C6FWNANXX:2:2208:9756:2058_1:108510537",3.2e-18
"10643","HISEQ13:138:C6FWNANXX:2:2101:16093:4024_1:74592535",3.2e-18
"10644","HISEQ13:138:C6FWNANXX:2:1305:15106:94969_1:56812327",3.2e-18
"10645","HISEQ13:138:C6FWNANXX:2:2211:10110:64303_1:113973851",3.2e-18
"10646","HISEQ13:138:C6FWNANXX:2:2311:19786:18615_1:137348568",3.2e-18
"10647","HISEQ13:138:C6FWNANXX:2:1115:6069:80678_1:22755235",3.2e-18
"10648","HISEQ13:138:C6FWNANXX:2:1113:18415:45027_1:18837689",3.2e-18
"10649","HISEQ13:138:C6FWNANXX:2:1309:13732:34170_1:61975478",3.2e-18
"10650","HISEQ13:138:C6FWNANXX:2:2111:5399:46584_1:89759711",3.2e-18
"10651","HISEQ13:138:C6FWNANXX:2:2213:5690:75671_1:117283710",3.2e-18
"10652","HISEQ13:138:C6FWNANXX:2:2203:18301:25543_1:101680274",3.2e-18
"10653","HISEQ13:138:C6FWNANXX:2:2305:12140:74163_1:129264791",3.2e-18
"10654","HISEQ13:138:C6FWNANXX:2:1116:19214:64244_1:24171929",3.2e-18
"10655","HISEQ13:138:C6FWNANXX:2:1116:10975:39974_1:23755324",3.2e-18
"10656","HISEQ13:138:C6FWNANXX:2:1116:13586:24751_1:23498126",3.2e-18
"10657","HISEQ13:138:C6FWNANXX:2:2110:9468:98419_1:89029822",3.2e-18
"10658","HISEQ13:138:C6FWNANXX:2:2302:20896:15497_1:124192466",3.2e-18
"10659","HISEQ13:138:C6FWNANXX:2:1214:5165:78329_1:45797631",3.3e-18
"10660","HISEQ13:138:C6FWNANXX:2:2101:6471:80972_1:75684842",3.3e-18
"10661","HISEQ13:138:C6FWNANXX:2:2303:15969:3468_1:125418212",3.3e-18
"10662","HISEQ13:138:C6FWNANXX:2:1201:19812:96198_1:26191544",3.3e-18
"10663","HISEQ13:138:C6FWNANXX:2:2110:14086:26657_1:87936921",3.3e-18
"10664","HISEQ13:138:C6FWNANXX:2:1215:2915:44005_1:46889692",3.3e-18
"10665","HISEQ13:138:C6FWNANXX:2:2302:3133:64305_1:124879138",3.4e-18
"10666","HISEQ13:138:C6FWNANXX:2:1203:6238:99376_1:29144129",3.4e-18
"10667","HISEQ13:138:C6FWNANXX:2:1305:10032:59964_1:56283483",3.4e-18
"10668","HISEQ13:138:C6FWNANXX:2:2114:16887:96476_1:95209431",3.4e-18
"10669","HISEQ13:138:C6FWNANXX:2:1209:15252:8424_1:36720705",3.4e-18
"10670","HISEQ13:138:C6FWNANXX:2:2315:3461:64652_1:144458188",3.4e-18
"10671","HISEQ13:138:C6FWNANXX:2:1201:12240:22497_1:25104991",3.4e-18
"10672","HISEQ13:138:C6FWNANXX:2:1211:7936:4024_1:39747091",3.4e-18
"10673","HISEQ13:138:C6FWNANXX:2:1213:8935:88866_1:44317192",3.4e-18
"10674","HISEQ13:138:C6FWNANXX:2:2213:6826:99002_1:117661705",3.4e-18
"10675","HISEQ13:138:C6FWNANXX:2:1209:8177:85031_1:37915832",3.4e-18
"10676","HISEQ13:138:C6FWNANXX:2:1213:21085:93906_1:44401983",3.4e-18
"10677","HISEQ13:138:C6FWNANXX:2:1108:11753:8037_1:10469259",3.4e-18
"10678","HISEQ13:138:C6FWNANXX:2:2207:19900:19604_1:107310197",3.4e-18
"10679","HISEQ13:138:C6FWNANXX:2:1110:7590:7354_1:13558318",3.4e-18
"10680","HISEQ13:138:C6FWNANXX:2:1312:12161:41472_1:66840434",3.4e-18
"10681","HISEQ13:138:C6FWNANXX:2:2311:15778:8726_1:137191686",3.5e-18
"10682","HISEQ13:138:C6FWNANXX:2:1102:20701:99769_1:2909131",3.5e-18
"10683","HISEQ13:138:C6FWNANXX:2:1305:14833:38765_1:55968319",3.5e-18
"10684","HISEQ13:138:C6FWNANXX:2:1103:8454:7049_1:2998053",3.5e-18
"10685","HISEQ13:138:C6FWNANXX:2:1314:18660:34128_1:70009216",3.5e-18
"10686","HISEQ13:138:C6FWNANXX:2:1107:16002:43487_1:9492264",3.5e-18
"10687","HISEQ13:138:C6FWNANXX:2:1207:21219:12155_1:33748427",3.5e-18
"10688","HISEQ13:138:C6FWNANXX:2:1314:5356:31703_1:69963896",3.5e-18
"10689","HISEQ13:138:C6FWNANXX:2:1215:15419:59948_1:47159263",3.5e-18
"10690","HISEQ13:138:C6FWNANXX:2:1307:6145:100168_1:59917582",3.5e-18
"10691","HISEQ13:138:C6FWNANXX:2:2304:13674:88101_1:128036071",3.5e-18
"10692","HISEQ13:138:C6FWNANXX:2:2306:9532:64305_1:130569904",3.5e-18
"10693","HISEQ13:138:C6FWNANXX:2:2309:11547:6193_1:134125799",3.5e-18
"10694","HISEQ13:138:C6FWNANXX:2:2114:10115:59012_1:94602711",3.5e-18
"10695","HISEQ13:138:C6FWNANXX:2:1112:12869:99361_1:18102685",3.5e-18
"10696","HISEQ13:138:C6FWNANXX:2:1116:12882:35536_1:23682719",3.5e-18
"10697","HISEQ13:138:C6FWNANXX:2:1215:15091:88062_1:47637704",3.5e-18
"10698","HISEQ13:138:C6FWNANXX:2:2301:15103:35142_1:123075106",3.5e-18
"10699","HISEQ13:138:C6FWNANXX:2:1306:5276:88940_1:58226791",3.5e-18
"10700","HISEQ13:138:C6FWNANXX:2:2214:9117:67407_1:118758308",3.5e-18
"10701","HISEQ13:138:C6FWNANXX:2:1113:5993:57983_1:19045801",3.5e-18
"10702","HISEQ13:138:C6FWNANXX:2:1216:9148:97116_1:49502909",3.5e-18
"10703","HISEQ13:138:C6FWNANXX:2:2210:19407:41657_1:112097961",3.5e-18
"10704","HISEQ13:138:C6FWNANXX:2:2313:15309:30492_1:140664298",3.5e-18
"10705","HISEQ13:138:C6FWNANXX:2:1303:12182:83485_1:53679606",3.5e-18
"10706","HISEQ13:138:C6FWNANXX:2:2206:5619:16245_1:105805315",3.5e-18
"10707","HISEQ13:138:C6FWNANXX:2:2206:7198:10348_1:105721330",3.5e-18
"10708","HISEQ13:138:C6FWNANXX:2:2308:19683:70677_1:133608616",3.5e-18
"10709","HISEQ13:138:C6FWNANXX:2:1315:8628:5439_1:71198795",3.6e-18
"10710","HISEQ13:138:C6FWNANXX:2:1302:13829:10895_1:51152947",3.6e-18
"10711","HISEQ13:138:C6FWNANXX:2:2115:6839:57649_1:96184853",3.6e-18
"10712","HISEQ13:138:C6FWNANXX:2:2206:8541:19974_1:105860688",3.6e-18
"10713","HISEQ13:138:C6FWNANXX:2:1208:11262:37621_1:35641535",3.6e-18
"10714","HISEQ13:138:C6FWNANXX:2:1212:11959:57205_1:42168153",3.6e-18
"10715","HISEQ13:138:C6FWNANXX:2:1309:6549:62623_1:62425198",3.6e-18
"10716","HISEQ13:138:C6FWNANXX:2:1206:18328:69884_1:33125653",3.6e-18
"10717","HISEQ13:138:C6FWNANXX:2:2101:7854:30934_1:74973869",3.6e-18
"10718","HISEQ13:138:C6FWNANXX:2:2113:19255:97017_1:93619910",3.6e-18
"10719","HISEQ13:138:C6FWNANXX:2:1201:16216:71846_1:25834247",3.6e-18
"10720","HISEQ13:138:C6FWNANXX:2:2304:6199:64258_1:127694581",3.6e-18
"10721","HISEQ13:138:C6FWNANXX:2:2313:10853:70556_1:141315295",3.6e-18
"10722","HISEQ13:138:C6FWNANXX:2:2213:18985:23700_1:116450691",3.6e-18
"10723","HISEQ13:138:C6FWNANXX:2:2313:14381:94505_1:141703833",3.6e-18
"10724","HISEQ13:138:C6FWNANXX:2:1109:14472:19450_1:12187438",3.6e-18
"10725","HISEQ13:138:C6FWNANXX:2:1212:5344:24183_1:41630080",3.6e-18
"10726","HISEQ13:138:C6FWNANXX:2:1313:4642:10181_1:67951163",3.6e-18
"10727","HISEQ13:138:C6FWNANXX:2:2205:9717:27708_1:104538940",3.6e-18
"10728","HISEQ13:138:C6FWNANXX:2:1216:13975:49196_1:48671178",3.6e-18
"10729","HISEQ13:138:C6FWNANXX:2:1210:8518:34583_1:38676815",3.6e-18
"10730","HISEQ13:138:C6FWNANXX:2:1302:3731:21717_1:51309160",3.6e-18
"10731","HISEQ13:138:C6FWNANXX:2:2206:5319:73414_1:106645673",3.6e-18
"10732","HISEQ13:138:C6FWNANXX:2:1303:15840:76741_1:53580382",3.6e-18
"10733","HISEQ13:138:C6FWNANXX:2:2116:4155:24941_1:97271640",3.6e-18
"10734","HISEQ13:138:C6FWNANXX:2:1207:11170:5090_1:33639308",3.7e-18
"10735","HISEQ13:138:C6FWNANXX:2:1311:19203:78869_1:65840149",3.7e-18
"10736","HISEQ13:138:C6FWNANXX:2:2213:10217:8754_1:116214365",3.7e-18
"10737","HISEQ13:138:C6FWNANXX:2:2309:3869:10192_1:134184998",3.7e-18
"10738","HISEQ13:138:C6FWNANXX:2:1108:9081:89617_1:11737965",3.7e-18
"10739","HISEQ13:138:C6FWNANXX:2:2307:12308:61129_1:131982600",3.7e-18
"10740","HISEQ13:138:C6FWNANXX:2:2115:8759:5224_1:95331272",3.7e-18
"10741","HISEQ13:138:C6FWNANXX:2:2214:17448:41651_1:118337938",3.7e-18
"10742","HISEQ13:138:C6FWNANXX:2:2302:14501:92544_1:125282599",3.7e-18
"10743","HISEQ13:138:C6FWNANXX:2:2304:14799:17238_1:127018509",3.7e-18
"10744","HISEQ13:138:C6FWNANXX:2:1311:15689:24615_1:64959604",3.7e-18
"10745","HISEQ13:138:C6FWNANXX:2:1314:17541:69522_1:70612449",3.7e-18
"10746","HISEQ13:138:C6FWNANXX:2:2112:1967:15647_1:90782748",3.7e-18
"10747","HISEQ13:138:C6FWNANXX:2:2302:7118:70348_1:124965188",3.7e-18
"10748","HISEQ13:138:C6FWNANXX:2:2304:8465:99206_1:128194150",3.7e-18
"10749","HISEQ13:138:C6FWNANXX:2:1108:13256:82370_1:11624786",3.7e-18
"10750","HISEQ13:138:C6FWNANXX:2:1108:15267:63187_1:11322972",3.7e-18
"10751","HISEQ13:138:C6FWNANXX:2:1310:19705:58972_1:63935102",3.7e-18
"10752","HISEQ13:138:C6FWNANXX:2:2104:7513:32444_1:79219433",3.7e-18
"10753","HISEQ13:138:C6FWNANXX:2:2111:10084:82601_1:90352383",3.7e-18
"10754","HISEQ13:138:C6FWNANXX:2:1108:21269:70879_1:11445808",3.7e-18
"10755","HISEQ13:138:C6FWNANXX:2:1313:2520:12761_1:67996253",3.7e-18
"10756","HISEQ13:138:C6FWNANXX:2:1201:17296:91346_1:26121147",3.7e-18
"10757","HISEQ13:138:C6FWNANXX:2:2210:20381:83391_1:112735178",3.7e-18
"10758","HISEQ13:138:C6FWNANXX:2:1306:20575:8346_1:57000775",3.8e-18
"10759","HISEQ13:138:C6FWNANXX:2:2204:7997:60929_1:103594171",3.8e-18
"10760","HISEQ13:138:C6FWNANXX:2:2316:10121:73592_1:146266976",3.8e-18
"10761","HISEQ13:138:C6FWNANXX:2:1108:5002:3953_1:10401600",3.8e-18
"10762","HISEQ13:138:C6FWNANXX:2:1109:4377:7879_1:12004727",3.8e-18
"10763","HISEQ13:138:C6FWNANXX:2:1314:8231:41956_1:70139153",3.8e-18
"10764","HISEQ13:138:C6FWNANXX:2:2101:13619:22044_1:74848884",3.8e-18
"10765","HISEQ13:138:C6FWNANXX:2:2107:10609:23243_1:83410090",3.8e-18
"10766","HISEQ13:138:C6FWNANXX:2:2108:16549:68944_1:85575163",3.8e-18
"10767","HISEQ13:138:C6FWNANXX:2:2202:17736:19464_1:100183187",3.8e-18
"10768","HISEQ13:138:C6FWNANXX:2:2203:17976:59528_1:102165598",3.8e-18
"10769","HISEQ13:138:C6FWNANXX:2:1204:14868:6241_1:29228243",3.8e-18
"10770","HISEQ13:138:C6FWNANXX:2:1108:14062:93210_1:11793126",3.8e-18
"10771","HISEQ13:138:C6FWNANXX:2:2107:14415:94777_1:84478910",3.8e-18
"10772","HISEQ13:138:C6FWNANXX:2:2312:9385:83908_1:139937803",3.8e-18
"10773","HISEQ13:138:C6FWNANXX:2:1111:1862:23014_1:15368202",3.8e-18
"10774","HISEQ13:138:C6FWNANXX:2:1216:13317:59869_1:48857139",3.9e-18
"10775","HISEQ13:138:C6FWNANXX:2:1312:10175:33794_1:66717841",3.9e-18
"10776","HISEQ13:138:C6FWNANXX:2:1215:8271:47914_1:46953806",3.9e-18
"10777","HISEQ13:138:C6FWNANXX:2:2213:19100:49372_1:116863382",3.9e-18
"10778","HISEQ13:138:C6FWNANXX:2:2213:15395:9429_1:116223434",3.9e-18
"10779","HISEQ13:138:C6FWNANXX:2:1108:15824:47789_1:11085528",3.9e-18
"10780","HISEQ13:138:C6FWNANXX:2:1115:11637:17428_1:21686008",3.9e-18
"10781","HISEQ13:138:C6FWNANXX:2:2106:20594:87085_1:82893758",3.9e-18
"10782","HISEQ13:138:C6FWNANXX:2:2211:5712:78652_1:114195573",3.9e-18
"10783","HISEQ13:138:C6FWNANXX:2:2315:13409:6178_1:143494117",3.9e-18
"10784","HISEQ13:138:C6FWNANXX:2:1101:9687:81141_1:1170729",3.9e-18
"10785","HISEQ13:138:C6FWNANXX:2:1311:2518:43982_1:65267436",3.9e-18
"10786","HISEQ13:138:C6FWNANXX:2:2112:15118:47824_1:91261653",3.9e-18
"10787","HISEQ13:138:C6FWNANXX:2:2307:12386:24278_1:131437361",3.9e-18
"10788","HISEQ13:138:C6FWNANXX:2:2308:12850:77199_1:133705262",3.9e-18
"10789","HISEQ13:138:C6FWNANXX:2:1315:9328:74216_1:72374539",4e-18
"10790","HISEQ13:138:C6FWNANXX:2:2111:16683:65477_1:90063407",4e-18
"10791","HISEQ13:138:C6FWNANXX:2:2211:16568:72227_1:114095839",4e-18
"10792","HISEQ13:138:C6FWNANXX:2:2316:2412:22648_1:145403621",4e-18
"10793","HISEQ13:138:C6FWNANXX:2:2112:18723:68965_1:91592661",4e-18
"10794","HISEQ13:138:C6FWNANXX:2:2204:17456:24519_1:103075311",4e-18
"10795","HISEQ13:138:C6FWNANXX:2:2107:10481:96223_1:84496898",4e-18
"10796","HISEQ13:138:C6FWNANXX:2:2209:9117:5623_1:110046857",4e-18
"10797","HISEQ13:138:C6FWNANXX:2:2213:8210:23426_1:116444422",4e-18
"10798","HISEQ13:138:C6FWNANXX:2:1207:13105:57496_1:34431728",4e-18
"10799","HISEQ13:138:C6FWNANXX:2:1216:1597:79541_1:49198914",4e-18
"10800","HISEQ13:138:C6FWNANXX:2:1216:8359:14527_1:48073753",4e-18
"10801","HISEQ13:138:C6FWNANXX:2:1113:17361:24537_1:18500978",4e-18
"10802","HISEQ13:138:C6FWNANXX:2:1314:4646:96456_1:71064534",4e-18
"10803","HISEQ13:138:C6FWNANXX:2:2114:20807:14070_1:93875227",4e-18
"10804","HISEQ13:138:C6FWNANXX:2:1203:16382:20403_1:27981953",4e-18
"10805","HISEQ13:138:C6FWNANXX:2:1214:19452:24017_1:44888996",4e-18
"10806","HISEQ13:138:C6FWNANXX:2:1201:15400:50049_1:25513259",4e-18
"10807","HISEQ13:138:C6FWNANXX:2:1211:7702:19283_1:39991479",4e-18
"10808","HISEQ13:138:C6FWNANXX:2:2114:14590:37442_1:94249727",4e-18
"10809","HISEQ13:138:C6FWNANXX:2:2316:10298:72987_1:146254478",4.1e-18
"10810","HISEQ13:138:C6FWNANXX:2:1215:6421:77648_1:47456873",4.1e-18
"10811","HISEQ13:138:C6FWNANXX:2:1312:9662:46268_1:66920983",4.1e-18
"10812","HISEQ13:138:C6FWNANXX:2:1313:10558:59008_1:68765120",4.1e-18
"10813","HISEQ13:138:C6FWNANXX:2:1313:4207:82723_1:69158124",4.1e-18
"10814","HISEQ13:138:C6FWNANXX:2:2105:9899:47243_1:80860684",4.1e-18
"10815","HISEQ13:138:C6FWNANXX:2:2106:19736:25815_1:81993065",4.1e-18
"10816","HISEQ13:138:C6FWNANXX:2:2209:9550:62457_1:110907381",4.1e-18
"10817","HISEQ13:138:C6FWNANXX:2:2210:1742:28448_1:111892760",4.1e-18
"10818","HISEQ13:138:C6FWNANXX:2:2114:3171:14031_1:93871553",4.1e-18
"10819","HISEQ13:138:C6FWNANXX:2:2311:13550:12887_1:137257731",4.1e-18
"10820","HISEQ13:138:C6FWNANXX:2:1312:14472:3444_1:66220446",4.1e-18
"10821","HISEQ13:138:C6FWNANXX:2:2113:5339:10531_1:92234927",4.1e-18
"10822","HISEQ13:138:C6FWNANXX:2:1107:11133:84865_1:10127889",4.1e-18
"10823","HISEQ13:138:C6FWNANXX:2:1108:11544:41124_1:10979605",4.2e-18
"10824","HISEQ13:138:C6FWNANXX:2:1208:2334:91158_1:36467601",4.2e-18
"10825","HISEQ13:138:C6FWNANXX:2:1214:1490:14625_1:44725846",4.2e-18
"10826","HISEQ13:138:C6FWNANXX:2:1310:8709:72076_1:64141733",4.2e-18
"10827","HISEQ13:138:C6FWNANXX:2:2212:8316:28137_1:114949282",4.2e-18
"10828","HISEQ13:138:C6FWNANXX:2:2305:11355:21532_1:128502837",4.2e-18
"10829","HISEQ13:138:C6FWNANXX:2:1209:3585:39507_1:37203193",4.2e-18
"10830","HISEQ13:138:C6FWNANXX:2:2116:2965:10265_1:97030866",4.2e-18
"10831","HISEQ13:138:C6FWNANXX:2:2201:5915:64135_1:99410658",4.2e-18
"10832","HISEQ13:138:C6FWNANXX:2:1202:12326:3800_1:26287155",4.2e-18
"10833","HISEQ13:138:C6FWNANXX:2:1204:2270:72143_1:30190683",4.2e-18
"10834","HISEQ13:138:C6FWNANXX:2:2303:15361:2981_1:125410908",4.3e-18
"10835","HISEQ13:138:C6FWNANXX:2:1212:15277:13660_1:41473375",4.3e-18
"10836","HISEQ13:138:C6FWNANXX:2:1201:3928:69455_1:25795497",4.3e-18
"10837","HISEQ13:138:C6FWNANXX:2:1101:7281:58161_1:830557",4.3e-18
"10838","HISEQ13:138:C6FWNANXX:2:1101:9949:57187_1:816047",4.3e-18
"10839","HISEQ13:138:C6FWNANXX:2:1209:9100:63326_1:37575918",4.3e-18
"10840","HISEQ13:138:C6FWNANXX:2:1102:8507:27761_1:1844258",4.3e-18
"10841","HISEQ13:138:C6FWNANXX:2:1313:12756:13922_1:68014270",4.3e-18
"10842","HISEQ13:138:C6FWNANXX:2:1101:19003:36977_1:518462",4.3e-18
"10843","HISEQ13:138:C6FWNANXX:2:1208:2672:15326_1:35298194",4.3e-18
"10844","HISEQ13:138:C6FWNANXX:2:1210:6012:79743_1:39378992",4.3e-18
"10845","HISEQ13:138:C6FWNANXX:2:1315:17315:50793_1:71976358",4.3e-18
"10846","HISEQ13:138:C6FWNANXX:2:2307:9627:85256_1:132342786",4.3e-18
"10847","HISEQ13:138:C6FWNANXX:2:1115:15552:40749_1:22079866",4.3e-18
"10848","HISEQ13:138:C6FWNANXX:2:2311:15967:2666_1:137097807",4.3e-18
"10849","HISEQ13:138:C6FWNANXX:2:2105:9051:11041_1:80338084",4.3e-18
"10850","HISEQ13:138:C6FWNANXX:2:1112:19600:82163_1:17821261",4.3e-18
"10851","HISEQ13:138:C6FWNANXX:2:1306:20180:85797_1:58183606",4.3e-18
"10852","HISEQ13:138:C6FWNANXX:2:2114:19955:15416_1:93894808",4.3e-18
"10853","HISEQ13:138:C6FWNANXX:2:1203:5502:93049_1:29051264",4.3e-18
"10854","HISEQ13:138:C6FWNANXX:2:2316:17804:19558_1:145356686",4.3e-18
"10855","HISEQ13:138:C6FWNANXX:2:2115:4553:89910_1:96711035",4.4e-18
"10856","HISEQ13:138:C6FWNANXX:2:1105:17943:81568_1:7060142",4.4e-18
"10857","HISEQ13:138:C6FWNANXX:2:2303:19904:55053_1:126153924",4.4e-18
"10858","HISEQ13:138:C6FWNANXX:2:1206:11043:24505_1:32437567",4.4e-18
"10859","HISEQ13:138:C6FWNANXX:2:1314:6051:59281_1:70435668",4.4e-18
"10860","HISEQ13:138:C6FWNANXX:2:2316:9540:83568_1:146435713",4.4e-18
"10861","HISEQ13:138:C6FWNANXX:2:1207:14382:28673_1:33996374",4.4e-18
"10862","HISEQ13:138:C6FWNANXX:2:2207:9265:32955_1:107502814",4.4e-18
"10863","HISEQ13:138:C6FWNANXX:2:1302:9346:84343_1:52233097",4.4e-18
"10864","HISEQ13:138:C6FWNANXX:2:2204:8337:83391_1:103917148",4.4e-18
"10865","HISEQ13:138:C6FWNANXX:2:1107:11613:100554_1:10369810",4.4e-18
"10866","HISEQ13:138:C6FWNANXX:2:1115:1970:35572_1:21992372",4.4e-18
"10867","HISEQ13:138:C6FWNANXX:2:2205:21190:98907_1:105572606",4.4e-18
"10868","HISEQ13:138:C6FWNANXX:2:1313:11347:29520_1:68275200",4.4e-18
"10869","HISEQ13:138:C6FWNANXX:2:1302:12549:49476_1:51718133",4.4e-18
"10870","HISEQ13:138:C6FWNANXX:2:2309:14813:99618_1:135553697",4.4e-18
"10871","HISEQ13:138:C6FWNANXX:2:1110:9749:3869_1:13503456",4.4e-18
"10872","HISEQ13:138:C6FWNANXX:2:1211:17971:90036_1:41133262",4.4e-18
"10873","HISEQ13:138:C6FWNANXX:2:2301:14407:11120_1:122735197",4.4e-18
"10874","HISEQ13:138:C6FWNANXX:2:2310:15740:23688_1:135904377",4.4e-18
"10875","HISEQ13:138:C6FWNANXX:2:1111:13896:82523_1:16361323",4.4e-18
"10876","HISEQ13:138:C6FWNANXX:2:2212:12510:87514_1:115893720",4.4e-18
"10877","HISEQ13:138:C6FWNANXX:2:2311:7509:24090_1:137432402",4.4e-18
"10878","HISEQ13:138:C6FWNANXX:2:2304:5645:13712_1:126966350",4.4e-18
"10879","HISEQ13:138:C6FWNANXX:2:1101:15346:94759_1:1375280",4.4e-18
"10880","HISEQ13:138:C6FWNANXX:2:1311:12877:52269_1:65407348",4.4e-18
"10881","HISEQ13:138:C6FWNANXX:2:2114:20196:91336_1:95129106",4.4e-18
"10882","HISEQ13:138:C6FWNANXX:2:2203:8209:81984_1:102481656",4.4e-18
"10883","HISEQ13:138:C6FWNANXX:2:1315:14229:86121_1:72583026",4.4e-18
"10884","HISEQ13:138:C6FWNANXX:2:2111:7011:53487_1:89866698",4.4e-18
"10885","HISEQ13:138:C6FWNANXX:2:1110:12625:22160_1:13792385",4.5e-18
"10886","HISEQ13:138:C6FWNANXX:2:2201:5722:87020_1:99737554",4.5e-18
"10887","HISEQ13:138:C6FWNANXX:2:2203:2166:17138_1:101556582",4.5e-18
"10888","HISEQ13:138:C6FWNANXX:2:2209:6314:62920_1:110914412",4.5e-18
"10889","HISEQ13:138:C6FWNANXX:2:1214:16133:75772_1:45757811",4.5e-18
"10890","HISEQ13:138:C6FWNANXX:2:2307:1391:95194_1:132485944",4.5e-18
"10891","HISEQ13:138:C6FWNANXX:2:1215:12821:36501_1:46765413",4.5e-18
"10892","HISEQ13:138:C6FWNANXX:2:1301:8661:99155_1:50996409",4.5e-18
"10893","HISEQ13:138:C6FWNANXX:2:1311:12055:60342_1:65536388",4.6e-18
"10894","HISEQ13:138:C6FWNANXX:2:2205:3798:6477_1:104229938",4.6e-18
"10895","HISEQ13:138:C6FWNANXX:2:1102:9016:55173_1:2244894",4.6e-18
"10896","HISEQ13:138:C6FWNANXX:2:1113:13304:98115_1:19717616",4.6e-18
"10897","HISEQ13:138:C6FWNANXX:2:1209:17076:43996_1:37272036",4.6e-18
"10898","HISEQ13:138:C6FWNANXX:2:2102:5558:5649_1:76020015",4.6e-18
"10899","HISEQ13:138:C6FWNANXX:2:1202:17399:61495_1:27131846",4.6e-18
"10900","HISEQ13:138:C6FWNANXX:2:1213:10542:6969_1:42964881",4.6e-18
"10901","HISEQ13:138:C6FWNANXX:2:2205:5681:32994_1:104613192",4.6e-18
"10902","HISEQ13:138:C6FWNANXX:2:2216:5013:43033_1:121626959",4.6e-18
"10903","HISEQ13:138:C6FWNANXX:2:1109:5749:84021_1:13208271",4.6e-18
"10904","HISEQ13:138:C6FWNANXX:2:1204:19531:69049_1:30148894",4.6e-18
"10905","HISEQ13:138:C6FWNANXX:2:2110:2499:9243_1:87667166",4.6e-18
"10906","HISEQ13:138:C6FWNANXX:2:2305:1408:94092_1:129554247",4.6e-18
"10907","HISEQ13:138:C6FWNANXX:2:2302:18011:54906_1:124747755",4.6e-18
"10908","HISEQ13:138:C6FWNANXX:2:1204:17710:45494_1:29795635",4.6e-18
"10909","HISEQ13:138:C6FWNANXX:2:1315:14038:80379_1:72483238",4.6e-18
"10910","HISEQ13:138:C6FWNANXX:2:2201:13184:49737_1:99204518",4.6e-18
"10911","HISEQ13:138:C6FWNANXX:2:1204:15181:56276_1:29959659",4.6e-18
"10912","HISEQ13:138:C6FWNANXX:2:1212:15286:42005_1:41924060",4.6e-18
"10913","HISEQ13:138:C6FWNANXX:2:1304:4286:39663_1:54496529",4.6e-18
"10914","HISEQ13:138:C6FWNANXX:2:2211:20075:26232_1:113377215",4.6e-18
"10915","HISEQ13:138:C6FWNANXX:2:2302:17452:42361_1:124571316",4.6e-18
"10916","HISEQ13:138:C6FWNANXX:2:1311:9948:88893_1:66002110",4.6e-18
"10917","HISEQ13:138:C6FWNANXX:2:2207:20056:82041_1:108233110",4.6e-18
"10918","HISEQ13:138:C6FWNANXX:2:2308:16704:91911_1:133928773",4.6e-18
"10919","HISEQ13:138:C6FWNANXX:2:1201:19272:66676_1:25757381",4.7e-18
"10920","HISEQ13:138:C6FWNANXX:2:1212:19557:74757_1:42460003",4.7e-18
"10921","HISEQ13:138:C6FWNANXX:2:1302:3196:55656_1:51808900",4.7e-18
"10922","HISEQ13:138:C6FWNANXX:2:1316:9172:45079_1:73588754",4.7e-18
"10923","HISEQ13:138:C6FWNANXX:2:1116:15156:12502_1:23287771",4.7e-18
"10924","HISEQ13:138:C6FWNANXX:2:2209:18509:97956_1:111448935",4.7e-18
"10925","HISEQ13:138:C6FWNANXX:2:2309:10167:73551_1:135155159",4.7e-18
"10926","HISEQ13:138:C6FWNANXX:2:2309:4425:46655_1:134739032",4.7e-18
"10927","HISEQ13:138:C6FWNANXX:2:1114:10642:21381_1:20088720",4.7e-18
"10928","HISEQ13:138:C6FWNANXX:2:2116:10233:70387_1:98022280",4.7e-18
"10929","HISEQ13:138:C6FWNANXX:2:1109:2464:88804_1:13282613",4.7e-18
"10930","HISEQ13:138:C6FWNANXX:2:2212:7105:81909_1:115800668",4.7e-18
"10931","HISEQ13:138:C6FWNANXX:2:1103:20193:80107_1:4082360",4.8e-18
"10932","HISEQ13:138:C6FWNANXX:2:1303:3549:88388_1:53752000",4.8e-18
"10933","HISEQ13:138:C6FWNANXX:2:2306:2596:56945_1:130457987",4.8e-18
"10934","HISEQ13:138:C6FWNANXX:2:1102:16833:5307_1:1513949",4.8e-18
"10935","HISEQ13:138:C6FWNANXX:2:1211:1534:15204_1:39922059",4.8e-18
"10936","HISEQ13:138:C6FWNANXX:2:1106:19277:84904_1:8615084",4.8e-18
"10937","HISEQ13:138:C6FWNANXX:2:1204:15507:84116_1:30371408",4.8e-18
"10938","HISEQ13:138:C6FWNANXX:2:1308:1475:87068_1:61253342",4.8e-18
"10939","HISEQ13:138:C6FWNANXX:2:1313:17613:11900_1:67982742",4.8e-18
"10940","HISEQ13:138:C6FWNANXX:2:2207:17511:55758_1:107842937",4.8e-18
"10941","HISEQ13:138:C6FWNANXX:2:1214:12232:18375_1:44790598",4.8e-18
"10942","HISEQ13:138:C6FWNANXX:2:1106:18488:15673_1:7559446",4.8e-18
"10943","HISEQ13:138:C6FWNANXX:2:1104:9206:43795_1:5010852",4.8e-18
"10944","HISEQ13:138:C6FWNANXX:2:1202:18484:41260_1:26838584",4.8e-18
"10945","HISEQ13:138:C6FWNANXX:2:1214:11377:80145_1:45828358",4.8e-18
"10946","HISEQ13:138:C6FWNANXX:2:1307:17743:10200_1:58536040",4.8e-18
"10947","HISEQ13:138:C6FWNANXX:2:1104:12198:93486_1:5751039",4.8e-18
"10948","HISEQ13:138:C6FWNANXX:2:1110:12988:7590_1:13563246",4.9e-18
"10949","HISEQ13:138:C6FWNANXX:2:1113:19884:43672_1:18813643",4.9e-18
"10950","HISEQ13:138:C6FWNANXX:2:1205:1952:70325_1:31638945",4.9e-18
"10951","HISEQ13:138:C6FWNANXX:2:1214:8397:56898_1:45436456",4.9e-18
"10952","HISEQ13:138:C6FWNANXX:2:2113:6230:84155_1:93408363",4.9e-18
"10953","HISEQ13:138:C6FWNANXX:2:1114:2268:46620_1:20509858",4.9e-18
"10954","HISEQ13:138:C6FWNANXX:2:2306:12861:100447_1:131100401",4.9e-18
"10955","HISEQ13:138:C6FWNANXX:2:1307:2996:25697_1:58771245",4.9e-18
"10956","HISEQ13:138:C6FWNANXX:2:2105:12522:6467_1:80269676",4.9e-18
"10957","HISEQ13:138:C6FWNANXX:2:2213:4948:2382_1:116108881",4.9e-18
"10958","HISEQ13:138:C6FWNANXX:2:1204:13239:87329_1:30419030",4.9e-18
"10959","HISEQ13:138:C6FWNANXX:2:2315:10283:77886_1:144675730",4.9e-18
"10960","HISEQ13:138:C6FWNANXX:2:1114:8873:94471_1:21314687",4.9e-18
"10961","HISEQ13:138:C6FWNANXX:2:1114:8881:68400_1:20877504",4.9e-18
"10962","HISEQ13:138:C6FWNANXX:2:2115:12090:18470_1:95548624",4.9e-18
"10963","HISEQ13:138:C6FWNANXX:2:2116:7860:68355_1:97989361",4.9e-18
"10964","HISEQ13:138:C6FWNANXX:2:2315:17561:57826_1:144350213",4.9e-18
"10965","HISEQ13:138:C6FWNANXX:2:1105:9113:38505_1:6412969",5e-18
"10966","HISEQ13:138:C6FWNANXX:2:1111:3907:54492_1:15869561",5e-18
"10967","HISEQ13:138:C6FWNANXX:2:1203:19333:74749_1:28780941",5e-18
"10968","HISEQ13:138:C6FWNANXX:2:2207:4583:4871_1:107090190",5e-18
"10969","HISEQ13:138:C6FWNANXX:2:2211:12089:87882_1:114341849",5e-18
"10970","HISEQ13:138:C6FWNANXX:2:1214:18650:7027_1:44604512",5e-18
"10971","HISEQ13:138:C6FWNANXX:2:1310:12215:3358_1:63050702",5e-18
"10972","HISEQ13:138:C6FWNANXX:2:2116:3465:29105_1:97342151",5e-18
"10973","HISEQ13:138:C6FWNANXX:2:1101:9614:97875_1:1418297",5e-18
"10974","HISEQ13:138:C6FWNANXX:2:2303:16028:38508_1:125919004",5e-18
"10975","HISEQ13:138:C6FWNANXX:2:1314:20975:43792_1:70175393",5e-18
"10976","HISEQ13:138:C6FWNANXX:2:1101:11278:34637_1:483485",5e-18
"10977","HISEQ13:138:C6FWNANXX:2:1203:20492:81374_1:28879948",5e-18
"10978","HISEQ13:138:C6FWNANXX:2:2106:11685:44074_1:82259743",5e-18
"10979","HISEQ13:138:C6FWNANXX:2:1209:9969:59651_1:37516991",5e-18
"10980","HISEQ13:138:C6FWNANXX:2:1202:21297:78587_1:27385685",5e-18
"10981","HISEQ13:138:C6FWNANXX:2:1310:7192:65881_1:64042713",5e-18
"10982","HISEQ13:138:C6FWNANXX:2:1313:15666:27710_1:68242848",5e-18
"10983","HISEQ13:138:C6FWNANXX:2:1315:5370:57688_1:72090139",5e-18
"10984","HISEQ13:138:C6FWNANXX:2:2310:13196:43931_1:136215917",5e-18
"10985","HISEQ13:138:C6FWNANXX:2:1115:13755:99597_1:23082516",5.1e-18
"10986","HISEQ13:138:C6FWNANXX:2:1316:4917:33009_1:73378596",5.1e-18
"10987","HISEQ13:138:C6FWNANXX:2:1104:4875:70305_1:5405144",5.1e-18
"10988","HISEQ13:138:C6FWNANXX:2:1316:11157:74676_1:74106451",5.1e-18
"10989","HISEQ13:138:C6FWNANXX:2:2313:14773:35843_1:140753312",5.1e-18
"10990","HISEQ13:138:C6FWNANXX:2:2205:7578:99293_1:105577355",5.1e-18
"10991","HISEQ13:138:C6FWNANXX:2:2102:6850:68394_1:76910489",5.1e-18
"10992","HISEQ13:138:C6FWNANXX:2:2106:12400:66126_1:82585165",5.1e-18
"10993","HISEQ13:138:C6FWNANXX:2:1109:20136:41527_1:12538513",5.1e-18
"10994","HISEQ13:138:C6FWNANXX:2:1110:11147:83172_1:14753888",5.1e-18
"10995","HISEQ13:138:C6FWNANXX:2:1113:7684:35133_1:18670871",5.1e-18
"10996","HISEQ13:138:C6FWNANXX:2:2215:12386:16379_1:119542165",5.1e-18
"10997","HISEQ13:138:C6FWNANXX:2:2216:17478:33611_1:121468646",5.1e-18
"10998","HISEQ13:138:C6FWNANXX:2:2202:10419:74023_1:100959256",5.1e-18
"10999","HISEQ13:138:C6FWNANXX:2:2111:1532:11006_1:89206770",5.2e-18
"11000","HISEQ13:138:C6FWNANXX:2:2303:18371:96028_1:126734692",5.2e-18
"11001","HISEQ13:138:C6FWNANXX:2:2305:17509:67796_1:129175344",5.2e-18
"11002","HISEQ13:138:C6FWNANXX:2:2110:11058:29166_1:87974345",5.2e-18
"11003","HISEQ13:138:C6FWNANXX:2:2114:7064:82948_1:94988195",5.2e-18
"11004","HISEQ13:138:C6FWNANXX:2:2301:4446:84238_1:123763081",5.2e-18
"11005","HISEQ13:138:C6FWNANXX:2:1115:18218:8967_1:21543505",5.2e-18
"11006","HISEQ13:138:C6FWNANXX:2:1316:12672:77878_1:74163855",5.2e-18
"11007","HISEQ13:138:C6FWNANXX:2:1313:6045:48070_1:68580959",5.2e-18
"11008","HISEQ13:138:C6FWNANXX:2:2309:19782:52836_1:134837225",5.2e-18
"11009","HISEQ13:138:C6FWNANXX:2:1112:6377:61963_1:17486774",5.2e-18
"11010","HISEQ13:138:C6FWNANXX:2:2205:11184:19496_1:104420509",5.2e-18
"11011","HISEQ13:138:C6FWNANXX:2:2315:2219:82966_1:144756569",5.2e-18
"11012","HISEQ13:138:C6FWNANXX:2:1211:15835:43274_1:40379017",5.2e-18
"11013","HISEQ13:138:C6FWNANXX:2:2307:17218:100633_1:132571218",5.2e-18
"11014","HISEQ13:138:C6FWNANXX:2:1113:7098:45333_1:18839417",5.2e-18
"11015","HISEQ13:138:C6FWNANXX:2:2210:2472:97360_1:112946347",5.3e-18
"11016","HISEQ13:138:C6FWNANXX:2:1110:17926:7897_1:13568144",5.3e-18
"11017","HISEQ13:138:C6FWNANXX:2:2106:20037:72670_1:82682560",5.3e-18
"11018","HISEQ13:138:C6FWNANXX:2:2305:20638:39044_1:128757808",5.3e-18
"11019","HISEQ13:138:C6FWNANXX:2:1302:10921:41962_1:51607240",5.4e-18
"11020","HISEQ13:138:C6FWNANXX:2:2216:11113:38507_1:121551459",5.4e-18
"11021","HISEQ13:138:C6FWNANXX:2:2306:16894:62792_1:130548988",5.4e-18
"11022","HISEQ13:138:C6FWNANXX:2:1101:3289:79289_1:1143157",5.4e-18
"11023","HISEQ13:138:C6FWNANXX:2:1213:4535:95074_1:44419322",5.4e-18
"11024","HISEQ13:138:C6FWNANXX:2:1308:14784:40909_1:60531829",5.4e-18
"11025","HISEQ13:138:C6FWNANXX:2:2206:18927:42648_1:106194948",5.4e-18
"11026","HISEQ13:138:C6FWNANXX:2:2214:5373:61077_1:118655009",5.4e-18
"11027","HISEQ13:138:C6FWNANXX:2:1314:4340:96304_1:71064448",5.4e-18
"11028","HISEQ13:138:C6FWNANXX:2:2313:20285:48628_1:140960546",5.4e-18
"11029","HISEQ13:138:C6FWNANXX:2:2215:16401:57055_1:120214682",5.4e-18
"11030","HISEQ13:138:C6FWNANXX:2:1112:20465:49053_1:17283042",5.4e-18
"11031","HISEQ13:138:C6FWNANXX:2:2203:2166:17138_1:101556581",5.5e-18
"11032","HISEQ13:138:C6FWNANXX:2:1115:8497:47915_1:22200306",5.5e-18
"11033","HISEQ13:138:C6FWNANXX:2:1211:5212:54702_1:40558855",5.5e-18
"11034","HISEQ13:138:C6FWNANXX:2:2302:1314:11719_1:124135416",5.5e-18
"11035","HISEQ13:138:C6FWNANXX:2:1303:10467:33102_1:52936612",5.5e-18
"11036","HISEQ13:138:C6FWNANXX:2:2307:6066:63255_1:132014792",5.5e-18
"11037","HISEQ13:138:C6FWNANXX:2:2212:12131:83123_1:115821614",5.5e-18
"11038","HISEQ13:138:C6FWNANXX:2:2305:10683:100400_1:129646901",5.5e-18
"11039","HISEQ13:138:C6FWNANXX:2:1206:2689:49739_1:32815819",5.5e-18
"11040","HISEQ13:138:C6FWNANXX:2:2110:19113:81986_1:88781271",5.5e-18
"11041","HISEQ13:138:C6FWNANXX:2:2314:8886:9489_1:141922830",5.5e-18
"11042","HISEQ13:138:C6FWNANXX:2:1115:13537:11612_1:21589137",5.5e-18
"11043","HISEQ13:138:C6FWNANXX:2:1206:10821:70390_1:33131939",5.5e-18
"11044","HISEQ13:138:C6FWNANXX:2:1212:4934:38847_1:41869432",5.5e-18
"11045","HISEQ13:138:C6FWNANXX:2:2308:12475:22517_1:132882979",5.5e-18
"11046","HISEQ13:138:C6FWNANXX:2:2108:2935:54134_1:85349085",5.6e-18
"11047","HISEQ13:138:C6FWNANXX:2:2101:10721:94424_1:75876910",5.6e-18
"11048","HISEQ13:138:C6FWNANXX:2:2310:4391:32874_1:136044762",5.6e-18
"11049","HISEQ13:138:C6FWNANXX:2:1301:12315:73045_1:50614687",5.6e-18
"11050","HISEQ13:138:C6FWNANXX:2:2303:16848:27358_1:125759670",5.6e-18
"11051","HISEQ13:138:C6FWNANXX:2:2106:16342:94981_1:83007751",5.7e-18
"11052","HISEQ13:138:C6FWNANXX:2:1205:20501:21856_1:30918468",5.7e-18
"11053","HISEQ13:138:C6FWNANXX:2:1113:6458:66850_1:19195061",5.7e-18
"11054","HISEQ13:138:C6FWNANXX:2:2201:10090:75785_1:99578981",5.7e-18
"11055","HISEQ13:138:C6FWNANXX:2:2203:4931:67140_1:102271031",5.7e-18
"11056","HISEQ13:138:C6FWNANXX:2:1107:12345:47049_1:9548824",5.7e-18
"11057","HISEQ13:138:C6FWNANXX:2:1310:11062:21276_1:63335863",5.7e-18
"11058","HISEQ13:138:C6FWNANXX:2:2305:14210:24702_1:128546294",5.7e-18
"11059","HISEQ13:138:C6FWNANXX:2:2307:16745:24329_1:131438171",5.7e-18
"11060","HISEQ13:138:C6FWNANXX:2:1207:11091:57881_1:34438725",5.7e-18
"11061","HISEQ13:138:C6FWNANXX:2:1312:20311:100566_1:67816580",5.7e-18
"11062","HISEQ13:138:C6FWNANXX:2:1314:15517:56172_1:70382205",5.8e-18
"11063","HISEQ13:138:C6FWNANXX:2:1102:17591:80680_1:2623433",5.8e-18
"11064","HISEQ13:138:C6FWNANXX:2:2111:6281:98758_1:90637685",5.9e-18
"11065","HISEQ13:138:C6FWNANXX:2:2205:8989:56135_1:104951497",5.9e-18
"11066","HISEQ13:138:C6FWNANXX:2:2209:9229:52614_1:110758884",5.9e-18
"11067","HISEQ13:138:C6FWNANXX:2:1202:11144:74466_1:27321535",5.9e-18
"11068","HISEQ13:138:C6FWNANXX:2:1103:2129:22446_1:3223416",5.9e-18
"11069","HISEQ13:138:C6FWNANXX:2:1211:14351:67496_1:40766169",5.9e-18
"11070","HISEQ13:138:C6FWNANXX:2:2116:8619:21653_1:97218078",5.9e-18
"11071","HISEQ13:138:C6FWNANXX:2:2302:19771:84512_1:125170337",5.9e-18
"11072","HISEQ13:138:C6FWNANXX:2:2316:20468:71242_1:146226982",5.9e-18
"11073","HISEQ13:138:C6FWNANXX:2:1101:4070:63904_1:915077",6e-18
"11074","HISEQ13:138:C6FWNANXX:2:1312:4240:11038_1:66344682",6e-18
"11075","HISEQ13:138:C6FWNANXX:2:2304:13876:30276_1:127208343",6e-18
"11076","HISEQ13:138:C6FWNANXX:2:1115:11573:99094_1:23073596",6e-18
"11077","HISEQ13:138:C6FWNANXX:2:2209:5534:57936_1:110838066",6e-18
"11078","HISEQ13:138:C6FWNANXX:2:1112:15760:37398_1:17092327",6e-18
"11079","HISEQ13:138:C6FWNANXX:2:2202:17771:24739_1:100257827",6e-18
"11080","HISEQ13:138:C6FWNANXX:2:2310:1414:26910_1:135951809",6e-18
"11081","HISEQ13:138:C6FWNANXX:2:2115:8301:31723_1:95762818",6e-18
"11082","HISEQ13:138:C6FWNANXX:2:1104:7273:90264_1:5705017",6.1e-18
"11083","HISEQ13:138:C6FWNANXX:2:1111:1885:28141_1:15447235",6.1e-18
"11084","HISEQ13:138:C6FWNANXX:2:1212:5405:69615_1:42370789",6.1e-18
"11085","HISEQ13:138:C6FWNANXX:2:2216:12414:23376_1:121295165",6.1e-18
"11086","HISEQ13:138:C6FWNANXX:2:1316:6367:24889_1:73236078",6.1e-18
"11087","HISEQ13:138:C6FWNANXX:2:2215:2810:26836_1:119713555",6.1e-18
"11088","HISEQ13:138:C6FWNANXX:2:1209:21383:76588_1:37785565",6.1e-18
"11089","HISEQ13:138:C6FWNANXX:2:1215:19371:47661_1:46951845",6.1e-18
"11090","HISEQ13:138:C6FWNANXX:2:2312:4728:24625_1:138997160",6.1e-18
"11091","HISEQ13:138:C6FWNANXX:2:1312:3451:22638_1:66533701",6.1e-18
"11092","HISEQ13:138:C6FWNANXX:2:2203:19383:36089_1:101830385",6.1e-18
"11093","HISEQ13:138:C6FWNANXX:2:1209:3225:18784_1:36881517",6.1e-18
"11094","HISEQ13:138:C6FWNANXX:2:1302:17265:89119_1:52304640",6.1e-18
"11095","HISEQ13:138:C6FWNANXX:2:2311:4699:71790_1:138181325",6.1e-18
"11096","HISEQ13:138:C6FWNANXX:2:2315:16269:46390_1:144159999",6.1e-18
"11097","HISEQ13:138:C6FWNANXX:2:1109:18870:95665_1:13392661",6.2e-18
"11098","HISEQ13:138:C6FWNANXX:2:1205:7402:40750_1:31198207",6.2e-18
"11099","HISEQ13:138:C6FWNANXX:2:2302:16173:57596_1:124786216",6.2e-18
"11100","HISEQ13:138:C6FWNANXX:2:1111:6454:32227_1:15511810",6.2e-18
"11101","HISEQ13:138:C6FWNANXX:2:2313:1225:38221_1:140787024",6.2e-18
"11102","HISEQ13:138:C6FWNANXX:2:1314:16055:89980_1:70956931",6.2e-18
"11103","HISEQ13:138:C6FWNANXX:2:2207:20511:64668_1:107973207",6.2e-18
"11104","HISEQ13:138:C6FWNANXX:2:2215:8446:30837_1:119780973",6.2e-18
"11105","HISEQ13:138:C6FWNANXX:2:1206:18608:75969_1:33216773",6.2e-18
"11106","HISEQ13:138:C6FWNANXX:2:1204:2270:72143_1:30190684",6.2e-18
"11107","HISEQ13:138:C6FWNANXX:2:2116:4094:26335_1:97296762",6.2e-18
"11108","HISEQ13:138:C6FWNANXX:2:2212:6353:54478_1:115363110",6.2e-18
"11109","HISEQ13:138:C6FWNANXX:2:1111:7424:29016_1:15463947",6.2e-18
"11110","HISEQ13:138:C6FWNANXX:2:2211:10696:47106_1:113704479",6.2e-18
"11111","HISEQ13:138:C6FWNANXX:2:2215:20061:53697_1:120157091",6.3e-18
"11112","HISEQ13:138:C6FWNANXX:2:2306:14651:48595_1:130338545",6.3e-18
"11113","HISEQ13:138:C6FWNANXX:2:2312:17583:79659_1:139871343",6.3e-18
"11114","HISEQ13:138:C6FWNANXX:2:1114:16866:55634_1:20664146",6.3e-18
"11115","HISEQ13:138:C6FWNANXX:2:2104:6728:42671_1:79366950",6.3e-18
"11116","HISEQ13:138:C6FWNANXX:2:2311:19786:18615_1:137348567",6.3e-18
"11117","HISEQ13:138:C6FWNANXX:2:2213:20873:28238_1:116523231",6.3e-18
"11118","HISEQ13:138:C6FWNANXX:2:1313:13211:70963_1:68962989",6.3e-18
"11119","HISEQ13:138:C6FWNANXX:2:2216:15241:4751_1:120986856",6.3e-18
"11120","HISEQ13:138:C6FWNANXX:2:2314:16742:16706_1:142042470",6.3e-18
"11121","HISEQ13:138:C6FWNANXX:2:2202:16480:41362_1:100494589",6.4e-18
"11122","HISEQ13:138:C6FWNANXX:2:1115:9886:63125_1:22459547",6.4e-18
"11123","HISEQ13:138:C6FWNANXX:2:1205:17053:46980_1:31290406",6.4e-18
"11124","HISEQ13:138:C6FWNANXX:2:1102:15076:83390_1:2663537",6.4e-18
"11125","HISEQ13:138:C6FWNANXX:2:2314:14963:91028_1:143266762",6.4e-18
"11126","HISEQ13:138:C6FWNANXX:2:2306:16595:6530_1:129721443",6.5e-18
"11127","HISEQ13:138:C6FWNANXX:2:1207:11176:11595_1:33739024",6.5e-18
"11128","HISEQ13:138:C6FWNANXX:2:1215:16615:13350_1:46371133",6.5e-18
"11129","HISEQ13:138:C6FWNANXX:2:2305:1835:8432_1:128308764",6.5e-18
"11130","HISEQ13:138:C6FWNANXX:2:1211:2320:68939_1:40787871",6.5e-18
"11131","HISEQ13:138:C6FWNANXX:2:2107:10316:4659_1:83134522",6.5e-18
"11132","HISEQ13:138:C6FWNANXX:2:2114:16983:22700_1:94012156",6.6e-18
"11133","HISEQ13:138:C6FWNANXX:2:1208:11504:64733_1:36058204",6.6e-18
"11134","HISEQ13:138:C6FWNANXX:2:1308:16638:38612_1:60497436",6.6e-18
"11135","HISEQ13:138:C6FWNANXX:2:2108:15061:49065_1:85276338",6.6e-18
"11136","HISEQ13:138:C6FWNANXX:2:1109:17082:14415_1:12109288",6.6e-18
"11137","HISEQ13:138:C6FWNANXX:2:1306:12970:93487_1:58297102",6.6e-18
"11138","HISEQ13:138:C6FWNANXX:2:2106:4128:77925_1:82756654",6.6e-18
"11139","HISEQ13:138:C6FWNANXX:2:2208:4113:74691_1:109595730",6.6e-18
"11140","HISEQ13:138:C6FWNANXX:2:2106:17801:20668_1:81916118",6.6e-18
"11141","HISEQ13:138:C6FWNANXX:2:2114:19378:66251_1:94723432",6.6e-18
"11142","HISEQ13:138:C6FWNANXX:2:1216:20078:100089_1:49557388",6.7e-18
"11143","HISEQ13:138:C6FWNANXX:2:1201:4169:24774_1:25140153",6.7e-18
"11144","HISEQ13:138:C6FWNANXX:2:1110:20122:34764_1:13994487",6.7e-18
"11145","HISEQ13:138:C6FWNANXX:2:1214:12581:58868_1:45470862",6.7e-18
"11146","HISEQ13:138:C6FWNANXX:2:1315:7795:69008_1:72289111",6.7e-18
"11147","HISEQ13:138:C6FWNANXX:2:2101:16416:2407_1:74567391",6.7e-18
"11148","HISEQ13:138:C6FWNANXX:2:2115:14389:44359_1:95971129",6.7e-18
"11149","HISEQ13:138:C6FWNANXX:2:2206:19214:55131_1:106378537",6.7e-18
"11150","HISEQ13:138:C6FWNANXX:2:2213:12785:7269_1:116190724",6.7e-18
"11151","HISEQ13:138:C6FWNANXX:2:2302:12345:43606_1:124587963",6.7e-18
"11152","HISEQ13:138:C6FWNANXX:2:1116:12587:59708_1:24093723",6.7e-18
"11153","HISEQ13:138:C6FWNANXX:2:2212:5201:12474_1:114703573",6.7e-18
"11154","HISEQ13:138:C6FWNANXX:2:2215:9456:84564_1:120668498",6.7e-18
"11155","HISEQ13:138:C6FWNANXX:2:1113:6967:57759_1:19046006",6.8e-18
"11156","HISEQ13:138:C6FWNANXX:2:1215:3996:58201_1:47126803",6.8e-18
"11157","HISEQ13:138:C6FWNANXX:2:2104:15445:42066_1:79361201",6.8e-18
"11158","HISEQ13:138:C6FWNANXX:2:1108:3288:59309_1:11262222",6.8e-18
"11159","HISEQ13:138:C6FWNANXX:2:2213:7929:83826_1:117417255",6.8e-18
"11160","HISEQ13:138:C6FWNANXX:2:2307:6252:10865_1:131236814",6.9e-18
"11161","HISEQ13:138:C6FWNANXX:2:1110:7187:64416_1:14459310",6.9e-18
"11162","HISEQ13:138:C6FWNANXX:2:1108:19083:91737_1:11770981",6.9e-18
"11163","HISEQ13:138:C6FWNANXX:2:1209:13383:84853_1:37912945",6.9e-18
"11164","HISEQ13:138:C6FWNANXX:2:2302:1280:22313_1:124288118",7e-18
"11165","HISEQ13:138:C6FWNANXX:2:1115:16456:66416_1:22516256",7e-18
"11166","HISEQ13:138:C6FWNANXX:2:2302:12587:16968_1:124212316",7e-18
"11167","HISEQ13:138:C6FWNANXX:2:1308:21392:6595_1:60003267",7e-18
"11168","HISEQ13:138:C6FWNANXX:2:1114:5846:14682_1:19974294",7e-18
"11169","HISEQ13:138:C6FWNANXX:2:2109:8366:85609_1:87328582",7e-18
"11170","HISEQ13:138:C6FWNANXX:2:1204:5738:21848_1:29443850",7e-18
"11171","HISEQ13:138:C6FWNANXX:2:1207:14926:73773_1:34684403",7.1e-18
"11172","HISEQ13:138:C6FWNANXX:2:2301:18383:91025_1:123864983",7.1e-18
"11173","HISEQ13:138:C6FWNANXX:2:2201:7909:37322_1:99029833",7.1e-18
"11174","HISEQ13:138:C6FWNANXX:2:1311:5635:67687_1:65653156",7.1e-18
"11175","HISEQ13:138:C6FWNANXX:2:1112:10237:93367_1:18003229",7.1e-18
"11176","HISEQ13:138:C6FWNANXX:2:1212:17411:59655_1:42210230",7.1e-18
"11177","HISEQ13:138:C6FWNANXX:2:2102:11942:13933_1:76138222",7.1e-18
"11178","HISEQ13:138:C6FWNANXX:2:2312:18003:41623_1:139268034",7.1e-18
"11179","HISEQ13:138:C6FWNANXX:2:2111:17134:13079_1:89240797",7.1e-18
"11180","HISEQ13:138:C6FWNANXX:2:1105:12107:16060_1:6075991",7.1e-18
"11181","HISEQ13:138:C6FWNANXX:2:1204:10707:99151_1:30593112",7.1e-18
"11182","HISEQ13:138:C6FWNANXX:2:1112:7147:59021_1:17442305",7.1e-18
"11183","HISEQ13:138:C6FWNANXX:2:1110:5003:80486_1:14709653",7.1e-18
"11184","HISEQ13:138:C6FWNANXX:2:1112:2890:32227_1:17004221",7.1e-18
"11185","HISEQ13:138:C6FWNANXX:2:1311:10177:21585_1:64910813",7.1e-18
"11186","HISEQ13:138:C6FWNANXX:2:2112:2053:32282_1:91017501",7.1e-18
"11187","HISEQ13:138:C6FWNANXX:2:2308:3606:90128_1:133899708",7.1e-18
"11188","HISEQ13:138:C6FWNANXX:2:1305:10667:98779_1:56872453",7.2e-18
"11189","HISEQ13:138:C6FWNANXX:2:1303:10628:43496_1:53088984",7.2e-18
"11190","HISEQ13:138:C6FWNANXX:2:2108:16825:13423_1:84739475",7.2e-18
"11191","HISEQ13:138:C6FWNANXX:2:1108:8701:27570_1:10769728",7.2e-18
"11192","HISEQ13:138:C6FWNANXX:2:1206:4823:87150_1:33382437",7.2e-18
"11193","HISEQ13:138:C6FWNANXX:2:1101:19114:46588_1:662454",7.2e-18
"11194","HISEQ13:138:C6FWNANXX:2:1314:4742:11553_1:69624715",7.2e-18
"11195","HISEQ13:138:C6FWNANXX:2:1102:2914:84721_1:2679709",7.3e-18
"11196","HISEQ13:138:C6FWNANXX:2:1103:19119:38909_1:3470841",7.3e-18
"11197","HISEQ13:138:C6FWNANXX:2:1109:19669:54457_1:12739866",7.3e-18
"11198","HISEQ13:138:C6FWNANXX:2:1215:11006:92408_1:47710098",7.3e-18
"11199","HISEQ13:138:C6FWNANXX:2:1111:15683:13057_1:15211735",7.3e-18
"11200","HISEQ13:138:C6FWNANXX:2:2202:14854:24873_1:100260732",7.3e-18
"11201","HISEQ13:138:C6FWNANXX:2:1303:16567:90275_1:53784517",7.3e-18
"11202","HISEQ13:138:C6FWNANXX:2:2101:14311:15209_1:74749570",7.3e-18
"11203","HISEQ13:138:C6FWNANXX:2:2102:2558:74871_1:77003072",7.3e-18
"11204","HISEQ13:138:C6FWNANXX:2:2216:7764:69075_1:122068452",7.3e-18
"11205","HISEQ13:138:C6FWNANXX:2:2108:1857:54209_1:85348914",7.3e-18
"11206","HISEQ13:138:C6FWNANXX:2:2216:16618:98724_1:122569460",7.3e-18
"11207","HISEQ13:138:C6FWNANXX:2:2305:10063:18048_1:128451533",7.3e-18
"11208","HISEQ13:138:C6FWNANXX:2:1312:15015:52667_1:67024656",7.3e-18
"11209","HISEQ13:138:C6FWNANXX:2:1315:7938:88840_1:72629942",7.3e-18
"11210","HISEQ13:138:C6FWNANXX:2:2306:18597:75331_1:130734492",7.3e-18
"11211","HISEQ13:138:C6FWNANXX:2:2316:12218:78493_1:146347051",7.3e-18
"11212","HISEQ13:138:C6FWNANXX:2:1105:18637:94701_1:7256690",7.3e-18
"11213","HISEQ13:138:C6FWNANXX:2:1213:7846:28332_1:43315795",7.3e-18
"11214","HISEQ13:138:C6FWNANXX:2:1305:13894:53785_1:56194466",7.4e-18
"11215","HISEQ13:138:C6FWNANXX:2:2108:8968:90809_1:85906283",7.4e-18
"11216","HISEQ13:138:C6FWNANXX:2:2208:12735:91888_1:109857262",7.4e-18
"11217","HISEQ13:138:C6FWNANXX:2:2208:14998:25946_1:108866031",7.4e-18
"11218","HISEQ13:138:C6FWNANXX:2:2216:17355:79373_1:122244225",7.4e-18
"11219","HISEQ13:138:C6FWNANXX:2:2307:5655:71336_1:132134102",7.4e-18
"11220","HISEQ13:138:C6FWNANXX:2:1207:1745:32114_1:34047061",7.4e-18
"11221","HISEQ13:138:C6FWNANXX:2:2101:5322:60823_1:75399845",7.4e-18
"11222","HISEQ13:138:C6FWNANXX:2:2110:4670:20723_1:87843814",7.4e-18
"11223","HISEQ13:138:C6FWNANXX:2:1305:14010:31310_1:55855815",7.4e-18
"11224","HISEQ13:138:C6FWNANXX:2:2303:9291:100730_1:126797179",7.4e-18
"11225","HISEQ13:138:C6FWNANXX:2:1102:5466:65414_1:2395616",7.4e-18
"11226","HISEQ13:138:C6FWNANXX:2:1214:14137:29504_1:44979686",7.4e-18
"11227","HISEQ13:138:C6FWNANXX:2:2116:14298:42344_1:97564135",7.4e-18
"11228","HISEQ13:138:C6FWNANXX:2:2103:3303:81255_1:78503139",7.4e-18
"11229","HISEQ13:138:C6FWNANXX:2:2211:6453:97831_1:114498485",7.4e-18
"11230","HISEQ13:138:C6FWNANXX:2:2304:4718:44415_1:127405874",7.4e-18
"11231","HISEQ13:138:C6FWNANXX:2:2310:1808:83331_1:136818500",7.4e-18
"11232","HISEQ13:138:C6FWNANXX:2:1203:3206:83132_1:28902749",7.5e-18
"11233","HISEQ13:138:C6FWNANXX:2:1309:15738:90993_1:62874798",7.5e-18
"11234","HISEQ13:138:C6FWNANXX:2:1313:5774:4223_1:67851835",7.5e-18
"11235","HISEQ13:138:C6FWNANXX:2:2109:11180:92213_1:87427902",7.5e-18
"11236","HISEQ13:138:C6FWNANXX:2:1211:3580:41151_1:40340591",7.5e-18
"11237","HISEQ13:138:C6FWNANXX:2:2101:13872:62815_1:75430081",7.5e-18
"11238","HISEQ13:138:C6FWNANXX:2:2104:11450:90212_1:80051749",7.5e-18
"11239","HISEQ13:138:C6FWNANXX:2:2105:13881:88267_1:81459372",7.5e-18
"11240","HISEQ13:138:C6FWNANXX:2:2205:20951:18359_1:104407516",7.5e-18
"11241","HISEQ13:138:C6FWNANXX:2:2307:15783:6020_1:131168334",7.5e-18
"11242","HISEQ13:138:C6FWNANXX:2:2310:10722:69673_1:136610617",7.5e-18
"11243","HISEQ13:138:C6FWNANXX:2:1313:3825:84657_1:69191173",7.5e-18
"11244","HISEQ13:138:C6FWNANXX:2:2303:14707:57131_1:126181839",7.5e-18
"11245","HISEQ13:138:C6FWNANXX:2:2303:15261:60647_1:126231764",7.5e-18
"11246","HISEQ13:138:C6FWNANXX:2:2104:18027:24924_1:79113411",7.5e-18
"11247","HISEQ13:138:C6FWNANXX:2:2309:12447:97479_1:135518935",7.5e-18
"11248","HISEQ13:138:C6FWNANXX:2:2113:6882:18182_1:92354037",7.5e-18
"11249","HISEQ13:138:C6FWNANXX:2:2115:17275:11458_1:95435364",7.5e-18
"11250","HISEQ13:138:C6FWNANXX:2:1116:8666:43016_1:23810631",7.5e-18
"11251","HISEQ13:138:C6FWNANXX:2:2304:3688:48316_1:127463512",7.6e-18
"11252","HISEQ13:138:C6FWNANXX:2:1101:13133:59913_1:857772",7.7e-18
"11253","HISEQ13:138:C6FWNANXX:2:1309:16112:31303_1:61932399",7.7e-18
"11254","HISEQ13:138:C6FWNANXX:2:2111:18565:61944_1:90006578",7.7e-18
"11255","HISEQ13:138:C6FWNANXX:2:1104:4244:2943_1:4399941",7.7e-18
"11256","HISEQ13:138:C6FWNANXX:2:1304:17263:81181_1:55120517",7.7e-18
"11257","HISEQ13:138:C6FWNANXX:2:2211:9753:41548_1:113618204",7.7e-18
"11258","HISEQ13:138:C6FWNANXX:2:1214:17348:66791_1:45606595",7.8e-18
"11259","HISEQ13:138:C6FWNANXX:2:2214:11120:97487_1:119249798",7.8e-18
"11260","HISEQ13:138:C6FWNANXX:2:1116:4625:66898_1:24215987",7.8e-18
"11261","HISEQ13:138:C6FWNANXX:2:2210:4980:25763_1:111855427",7.8e-18
"11262","HISEQ13:138:C6FWNANXX:2:2214:15318:52545_1:118516944",7.8e-18
"11263","HISEQ13:138:C6FWNANXX:2:1303:6209:26090_1:52832633",7.8e-18
"11264","HISEQ13:138:C6FWNANXX:2:2106:4669:43235_1:82243435",7.8e-18
"11265","HISEQ13:138:C6FWNANXX:2:2316:13324:98450_1:146685433",7.8e-18
"11266","HISEQ13:138:C6FWNANXX:2:2105:15132:5359_1:80255496",7.9e-18
"11267","HISEQ13:138:C6FWNANXX:2:2208:12735:91888_1:109857263",7.9e-18
"11268","HISEQ13:138:C6FWNANXX:2:1203:19335:35443_1:28203535",7.9e-18
"11269","HISEQ13:138:C6FWNANXX:2:2305:7370:43307_1:128817209",7.9e-18
"11270","HISEQ13:138:C6FWNANXX:2:1111:16782:60777_1:15980414",7.9e-18
"11271","HISEQ13:138:C6FWNANXX:2:1106:4939:3089_1:7366867",7.9e-18
"11272","HISEQ13:138:C6FWNANXX:2:1111:7424:29016_1:15463946",7.9e-18
"11273","HISEQ13:138:C6FWNANXX:2:2211:10696:47106_1:113704480",7.9e-18
"11274","HISEQ13:138:C6FWNANXX:2:1204:14188:57548_1:29977916",8e-18
"11275","HISEQ13:138:C6FWNANXX:2:2107:7495:57354_1:83917628",8e-18
"11276","HISEQ13:138:C6FWNANXX:2:1316:14197:13050_1:73033532",8.1e-18
"11277","HISEQ13:138:C6FWNANXX:2:1112:9705:76791_1:17732860",8.1e-18
"11278","HISEQ13:138:C6FWNANXX:2:1315:5730:13777_1:71342604",8.1e-18
"11279","HISEQ13:138:C6FWNANXX:2:2108:5187:93422_1:85943234",8.1e-18
"11280","HISEQ13:138:C6FWNANXX:2:2216:20756:64152_1:121986020",8.1e-18
"11281","HISEQ13:138:C6FWNANXX:2:1111:5989:68314_1:16106207",8.1e-18
"11282","HISEQ13:138:C6FWNANXX:2:1314:19521:59302_1:70438497",8.1e-18
"11283","HISEQ13:138:C6FWNANXX:2:2108:5538:52667_1:85327050",8.1e-18
"11284","HISEQ13:138:C6FWNANXX:2:2302:10097:22716_1:124293241",8.1e-18
"11285","HISEQ13:138:C6FWNANXX:2:1105:15193:86058_1:7127302",8.1e-18
"11286","HISEQ13:138:C6FWNANXX:2:2106:6320:34015_1:82111559",8.1e-18
"11287","HISEQ13:138:C6FWNANXX:2:2315:16426:17331_1:143679883",8.1e-18
"11288","HISEQ13:138:C6FWNANXX:2:1106:9738:88841_1:8673977",8.2e-18
"11289","HISEQ13:138:C6FWNANXX:2:1108:17151:39574_1:10957444",8.2e-18
"11290","HISEQ13:138:C6FWNANXX:2:1213:10846:11871_1:43046869",8.2e-18
"11291","HISEQ13:138:C6FWNANXX:2:2107:18539:100276_1:84561682",8.2e-18
"11292","HISEQ13:138:C6FWNANXX:2:2205:9799:63674_1:105059399",8.2e-18
"11293","HISEQ13:138:C6FWNANXX:2:1107:14167:10770_1:8994245",8.2e-18
"11294","HISEQ13:138:C6FWNANXX:2:1110:16909:67780_1:14515768",8.2e-18
"11295","HISEQ13:138:C6FWNANXX:2:1316:6367:24889_1:73236079",8.2e-18
"11296","HISEQ13:138:C6FWNANXX:2:2205:12974:100228_1:105589419",8.2e-18
"11297","HISEQ13:138:C6FWNANXX:2:2314:11758:56008_1:142690536",8.2e-18
"11298","HISEQ13:138:C6FWNANXX:2:2307:13713:90449_1:132417856",8.2e-18
"11299","HISEQ13:138:C6FWNANXX:2:2105:2395:32688_1:80648636",8.2e-18
"11300","HISEQ13:138:C6FWNANXX:2:2106:4580:41493_1:82217729",8.2e-18
"11301","HISEQ13:138:C6FWNANXX:2:2207:9545:64086_1:107963476",8.2e-18
"11302","HISEQ13:138:C6FWNANXX:2:1115:16788:57148_1:22359444",8.2e-18
"11303","HISEQ13:138:C6FWNANXX:2:2101:2799:77406_1:75634396",8.2e-18
"11304","HISEQ13:138:C6FWNANXX:2:1107:20504:6252_1:8926251",8.3e-18
"11305","HISEQ13:138:C6FWNANXX:2:1201:9633:77304_1:25913671",8.3e-18
"11306","HISEQ13:138:C6FWNANXX:2:2111:20215:71843_1:90172596",8.3e-18
"11307","HISEQ13:138:C6FWNANXX:2:2205:9967:93845_1:105497422",8.3e-18
"11308","HISEQ13:138:C6FWNANXX:2:1101:18470:61202_1:876989",8.3e-18
"11309","HISEQ13:138:C6FWNANXX:2:2102:19687:50150_1:76653669",8.3e-18
"11310","HISEQ13:138:C6FWNANXX:2:2216:15334:13848_1:121137383",8.3e-18
"11311","HISEQ13:138:C6FWNANXX:2:1107:13230:91811_1:10235940",8.3e-18
"11312","HISEQ13:138:C6FWNANXX:2:1112:20063:51660_1:17323679",8.3e-18
"11313","HISEQ13:138:C6FWNANXX:2:1201:3359:69692_1:25799065",8.3e-18
"11314","HISEQ13:138:C6FWNANXX:2:1208:14750:19884_1:35369627",8.3e-18
"11315","HISEQ13:138:C6FWNANXX:2:2111:17800:85058_1:90397199",8.3e-18
"11316","HISEQ13:138:C6FWNANXX:2:2209:16705:72136_1:111056813",8.3e-18
"11317","HISEQ13:138:C6FWNANXX:2:2212:9964:75047_1:115693120",8.3e-18
"11318","HISEQ13:138:C6FWNANXX:2:2204:11705:77626_1:103834813",8.4e-18
"11319","HISEQ13:138:C6FWNANXX:2:2301:20916:19981_1:122860476",8.4e-18
"11320","HISEQ13:138:C6FWNANXX:2:1115:10457:4493_1:21465036",8.4e-18
"11321","HISEQ13:138:C6FWNANXX:2:1114:17347:29470_1:20223620",8.4e-18
"11322","HISEQ13:138:C6FWNANXX:2:1306:11670:68988_1:57923152",8.4e-18
"11323","HISEQ13:138:C6FWNANXX:2:2114:6769:71463_1:94802117",8.4e-18
"11324","HISEQ13:138:C6FWNANXX:2:1213:21097:93900_1:44401981",8.5e-18
"11325","HISEQ13:138:C6FWNANXX:2:2304:17907:18827_1:127044277",8.5e-18
"11326","HISEQ13:138:C6FWNANXX:2:1310:21125:69275_1:64100344",8.5e-18
"11327","HISEQ13:138:C6FWNANXX:2:2109:5102:50160_1:86786880",8.6e-18
"11328","HISEQ13:138:C6FWNANXX:2:1205:8849:46639_1:31285160",8.6e-18
"11329","HISEQ13:138:C6FWNANXX:2:1213:19302:33157_1:43396408",8.6e-18
"11330","HISEQ13:138:C6FWNANXX:2:1311:6300:63460_1:65584102",8.6e-18
"11331","HISEQ13:138:C6FWNANXX:2:2207:14091:4092_1:107080944",8.6e-18
"11332","HISEQ13:138:C6FWNANXX:2:1211:11215:75435_1:40893821",8.6e-18
"11333","HISEQ13:138:C6FWNANXX:2:2205:4208:19917_1:104426472",8.6e-18
"11334","HISEQ13:138:C6FWNANXX:2:2101:18130:54703_1:75313640",8.6e-18
"11335","HISEQ13:138:C6FWNANXX:2:2212:1358:40807_1:115149188",8.6e-18
"11336","HISEQ13:138:C6FWNANXX:2:1303:14980:24404_1:52808013",8.7e-18
"11337","HISEQ13:138:C6FWNANXX:2:2114:20625:53194_1:94506623",8.7e-18
"11338","HISEQ13:138:C6FWNANXX:2:2114:2309:6514_1:93750305",8.7e-18
"11339","HISEQ13:138:C6FWNANXX:2:2301:3476:22187_1:122888975",8.7e-18
"11340","HISEQ13:138:C6FWNANXX:2:1114:11268:87643_1:21201628",8.7e-18
"11341","HISEQ13:138:C6FWNANXX:2:1301:7885:25388_1:49913050",8.7e-18
"11342","HISEQ13:138:C6FWNANXX:2:2316:6912:23480_1:145417358",8.7e-18
"11343","HISEQ13:138:C6FWNANXX:2:2316:11455:36524_1:145643279",8.7e-18
"11344","HISEQ13:138:C6FWNANXX:2:2113:4010:79282_1:93331200",8.8e-18
"11345","HISEQ13:138:C6FWNANXX:2:1315:18785:93216_1:72707043",8.9e-18
"11346","HISEQ13:138:C6FWNANXX:2:1102:10814:48762_1:2152847",8.9e-18
"11347","HISEQ13:138:C6FWNANXX:2:1309:8955:74008_1:62608276",8.9e-18
"11348","HISEQ13:138:C6FWNANXX:2:2309:9317:76645_1:135200918",8.9e-18
"11349","HISEQ13:138:C6FWNANXX:2:1102:6599:59163_1:2303471",8.9e-18
"11350","HISEQ13:138:C6FWNANXX:2:2104:17904:56928_1:79573999",8.9e-18
"11351","HISEQ13:138:C6FWNANXX:2:1207:3863:48635_1:34297342",8.9e-18
"11352","HISEQ13:138:C6FWNANXX:2:1304:9625:52404_1:54689853",8.9e-18
"11353","HISEQ13:138:C6FWNANXX:2:2109:12706:21737_1:86356585",8.9e-18
"11354","HISEQ13:138:C6FWNANXX:2:2110:7514:20386_1:87840506",8.9e-18
"11355","HISEQ13:138:C6FWNANXX:2:2113:11761:63525_1:93080213",8.9e-18
"11356","HISEQ13:138:C6FWNANXX:2:2209:13297:29050_1:110403907",8.9e-18
"11357","HISEQ13:138:C6FWNANXX:2:1202:13681:13714_1:26430673",8.9e-18
"11358","HISEQ13:138:C6FWNANXX:2:2103:20848:2875_1:77390332",8.9e-18
"11359","HISEQ13:138:C6FWNANXX:2:1105:18188:57006_1:6692488",9e-18
"11360","HISEQ13:138:C6FWNANXX:2:1208:15682:86680_1:36400245",9e-18
"11361","HISEQ13:138:C6FWNANXX:2:1215:15379:69696_1:47324669",9e-18
"11362","HISEQ13:138:C6FWNANXX:2:1116:5739:18229_1:23380233",9e-18
"11363","HISEQ13:138:C6FWNANXX:2:2115:20256:59410_1:96216218",9e-18
"11364","HISEQ13:138:C6FWNANXX:2:2116:8853:78930_1:98161372",9e-18
"11365","HISEQ13:138:C6FWNANXX:2:2216:3510:90581_1:122432538",9e-18
"11366","HISEQ13:138:C6FWNANXX:2:1205:14860:83186_1:31833884",9e-18
"11367","HISEQ13:138:C6FWNANXX:2:2108:5173:77245_1:85697602",9e-18
"11368","HISEQ13:138:C6FWNANXX:2:2216:5366:76114_1:122187074",9e-18
"11369","HISEQ13:138:C6FWNANXX:2:1311:9982:48192_1:65337062",9.1e-18
"11370","HISEQ13:138:C6FWNANXX:2:2103:5596:39349_1:77907637",9.1e-18
"11371","HISEQ13:138:C6FWNANXX:2:2215:10567:34089_1:119835055",9.1e-18
"11372","HISEQ13:138:C6FWNANXX:2:2216:18279:79011_1:122240332",9.1e-18
"11373","HISEQ13:138:C6FWNANXX:2:1213:3352:77556_1:44130223",9.1e-18
"11374","HISEQ13:138:C6FWNANXX:2:2213:9444:41965_1:116741015",9.1e-18
"11375","HISEQ13:138:C6FWNANXX:2:1109:19278:38627_1:12491014",9.1e-18
"11376","HISEQ13:138:C6FWNANXX:2:2305:7030:35933_1:128707755",9.1e-18
"11377","HISEQ13:138:C6FWNANXX:2:2104:15550:16366_1:78990833",9.1e-18
"11378","HISEQ13:138:C6FWNANXX:2:2109:12496:81985_1:87272569",9.1e-18
"11379","HISEQ13:138:C6FWNANXX:2:2212:5078:15380_1:114747144",9.1e-18
"11380","HISEQ13:138:C6FWNANXX:2:1308:7368:62870_1:60873472",9.2e-18
"11381","HISEQ13:138:C6FWNANXX:2:1312:7568:33538_1:66713113",9.2e-18
"11382","HISEQ13:138:C6FWNANXX:2:1202:8063:72207_1:27288009",9.2e-18
"11383","HISEQ13:138:C6FWNANXX:2:1308:8580:99844_1:61454264",9.2e-18
"11384","HISEQ13:138:C6FWNANXX:2:2102:19609:95676_1:77303479",9.2e-18
"11385","HISEQ13:138:C6FWNANXX:2:1305:4216:42125_1:56015504",9.2e-18
"11386","HISEQ13:138:C6FWNANXX:2:1115:13355:57070_1:22358674",9.3e-18
"11387","HISEQ13:138:C6FWNANXX:2:1215:1576:55319_1:47079677",9.3e-18
"11388","HISEQ13:138:C6FWNANXX:2:2215:3057:44544_1:120006067",9.3e-18
"11389","HISEQ13:138:C6FWNANXX:2:2305:7116:56632_1:129010513",9.3e-18
"11390","HISEQ13:138:C6FWNANXX:2:1314:21312:80896_1:70804687",9.3e-18
"11391","HISEQ13:138:C6FWNANXX:2:2205:2362:70541_1:105158330",9.3e-18
"11392","HISEQ13:138:C6FWNANXX:2:2211:15299:46746_1:113697604",9.3e-18
"11393","HISEQ13:138:C6FWNANXX:2:1213:14226:70317_1:44012693",9.4e-18
"11394","HISEQ13:138:C6FWNANXX:2:1316:5600:17447_1:73105805",9.4e-18
"11395","HISEQ13:138:C6FWNANXX:2:2101:5687:67938_1:75499831",9.4e-18
"11396","HISEQ13:138:C6FWNANXX:2:2102:17638:40794_1:76522407",9.4e-18
"11397","HISEQ13:138:C6FWNANXX:2:2103:18161:77856_1:78455695",9.4e-18
"11398","HISEQ13:138:C6FWNANXX:2:2213:8670:26940_1:116500468",9.4e-18
"11399","HISEQ13:138:C6FWNANXX:2:1105:17978:49324_1:6576456",9.4e-18
"11400","HISEQ13:138:C6FWNANXX:2:1204:19530:92411_1:30494619",9.4e-18
"11401","HISEQ13:138:C6FWNANXX:2:1215:16547:25647_1:46578657",9.4e-18
"11402","HISEQ13:138:C6FWNANXX:2:2201:15769:32804_1:98967254",9.4e-18
"11403","HISEQ13:138:C6FWNANXX:2:1315:13710:40777_1:71803769",9.5e-18
"11404","HISEQ13:138:C6FWNANXX:2:2212:20813:99909_1:116090797",9.5e-18
"11405","HISEQ13:138:C6FWNANXX:2:1212:16802:68887_1:42360865",9.5e-18
"11406","HISEQ13:138:C6FWNANXX:2:2303:4923:47325_1:126042331",9.5e-18
"11407","HISEQ13:138:C6FWNANXX:2:1204:20052:65753_1:30100542",9.5e-18
"11408","HISEQ13:138:C6FWNANXX:2:1111:18812:29257_1:15470350",9.5e-18
"11409","HISEQ13:138:C6FWNANXX:2:1302:7529:77832_1:52137107",9.6e-18
"11410","HISEQ13:138:C6FWNANXX:2:1308:18613:65399_1:60914197",9.6e-18
"11411","HISEQ13:138:C6FWNANXX:2:1101:13133:59913_1:857773",9.6e-18
"11412","HISEQ13:138:C6FWNANXX:2:1108:9404:90410_1:11749572",9.6e-18
"11413","HISEQ13:138:C6FWNANXX:2:1304:7681:8847_1:54040863",9.6e-18
"11414","HISEQ13:138:C6FWNANXX:2:2115:6791:16114_1:95511145",9.6e-18
"11415","HISEQ13:138:C6FWNANXX:2:2212:20571:77591_1:115735602",9.6e-18
"11416","HISEQ13:138:C6FWNANXX:2:1106:15478:78694_1:8519699",9.6e-18
"11417","HISEQ13:138:C6FWNANXX:2:1211:15374:43708_1:40382942",9.6e-18
"11418","HISEQ13:138:C6FWNANXX:2:1301:7144:73070_1:50613730",9.6e-18
"11419","HISEQ13:138:C6FWNANXX:2:1305:13271:77984_1:56555536",9.6e-18
"11420","HISEQ13:138:C6FWNANXX:2:1311:13287:8956_1:64706608",9.6e-18
"11421","HISEQ13:138:C6FWNANXX:2:2103:7120:34061_1:77833445",9.6e-18
"11422","HISEQ13:138:C6FWNANXX:2:2306:17337:8058_1:129743656",9.6e-18
"11423","HISEQ13:138:C6FWNANXX:2:1216:11317:41626_1:48541163",9.6e-18
"11424","HISEQ13:138:C6FWNANXX:2:1303:9076:97240_1:53883766",9.6e-18
"11425","HISEQ13:138:C6FWNANXX:2:2307:15643:26754_1:131475479",9.6e-18
"11426","HISEQ13:138:C6FWNANXX:2:2110:2146:36102_1:88080462",9.7e-18
"11427","HISEQ13:138:C6FWNANXX:2:2112:14165:84791_1:91846581",9.7e-18
"11428","HISEQ13:138:C6FWNANXX:2:2314:7171:86026_1:143182934",9.7e-18
"11429","HISEQ13:138:C6FWNANXX:2:1210:18322:82147_1:39421290",9.7e-18
"11430","HISEQ13:138:C6FWNANXX:2:2316:8226:71580_1:146232789",9.7e-18
"11431","HISEQ13:138:C6FWNANXX:2:1108:10383:61007_1:11291094",9.8e-18
"11432","HISEQ13:138:C6FWNANXX:2:1308:8800:59634_1:60822896",9.8e-18
"11433","HISEQ13:138:C6FWNANXX:2:2210:10680:48730_1:112203028",9.8e-18
"11434","HISEQ13:138:C6FWNANXX:2:2216:12994:56498_1:121852566",9.8e-18
"11435","HISEQ13:138:C6FWNANXX:2:2315:15208:71624_1:144574671",9.8e-18
"11436","HISEQ13:138:C6FWNANXX:2:2112:15491:75171_1:91691603",9.8e-18
"11437","HISEQ13:138:C6FWNANXX:2:2114:16057:18868_1:93950619",9.8e-18
"11438","HISEQ13:138:C6FWNANXX:2:1116:2237:90045_1:24618222",9.8e-18
"11439","HISEQ13:138:C6FWNANXX:2:1309:16210:56385_1:62327094",9.8e-18
"11440","HISEQ13:138:C6FWNANXX:2:2311:5021:36931_1:137631463",9.8e-18
"11441","HISEQ13:138:C6FWNANXX:2:1103:7845:25869_1:3276875",9.8e-18
"11442","HISEQ13:138:C6FWNANXX:2:2209:13986:51708_1:110744451",9.9e-18
"11443","HISEQ13:138:C6FWNANXX:2:2304:16296:23880_1:127116064",9.9e-18
"11444","HISEQ13:138:C6FWNANXX:2:1203:4867:98224_1:29125390",9.9e-18
"11445","HISEQ13:138:C6FWNANXX:2:2116:14038:58243_1:97822670",9.9e-18
"11446","HISEQ13:138:C6FWNANXX:2:2215:17834:44128_1:120001103",9.9e-18
"11447","HISEQ13:138:C6FWNANXX:2:1312:15629:57764_1:67111223",9.9e-18
"11448","HISEQ13:138:C6FWNANXX:2:2201:13716:8617_1:98620269",9.9e-18
"11449","HISEQ13:138:C6FWNANXX:2:2307:18819:21762_1:131402101",9.9e-18
"11450","HISEQ13:138:C6FWNANXX:2:2309:9768:60589_1:134954442",9.9e-18
"11451","HISEQ13:138:C6FWNANXX:2:2216:1341:55421_1:121833141",9.9e-18
"11452","HISEQ13:138:C6FWNANXX:2:1214:7271:79937_1:45823244",9.9e-18
"11453","HISEQ13:138:C6FWNANXX:2:1312:6494:14650_1:66402894",9.9e-18
"11454","HISEQ13:138:C6FWNANXX:2:2111:19405:85358_1:90401848",1e-17
"11455","HISEQ13:138:C6FWNANXX:2:2205:13694:62157_1:105038221",1e-17
"11456","HISEQ13:138:C6FWNANXX:2:1303:20235:76606_1:53581162",1e-17
"11457","HISEQ13:138:C6FWNANXX:2:1304:6797:7695_1:54021636",1e-17
"11458","HISEQ13:138:C6FWNANXX:2:1201:12047:7735_1:24887535",1e-17
"11459","HISEQ13:138:C6FWNANXX:2:1313:16280:60465_1:68787204",1e-17
"11460","HISEQ13:138:C6FWNANXX:2:1203:1599:2622_1:27717963",1e-17
"11461","HISEQ13:138:C6FWNANXX:2:2212:10725:74396_1:115681352",1e-17
"11462","HISEQ13:138:C6FWNANXX:2:2314:11351:88639_1:143224665",1e-17
"11463","HISEQ13:138:C6FWNANXX:2:2104:15760:35184_1:79260623",1e-17
"11464","HISEQ13:138:C6FWNANXX:2:2209:5804:77897_1:111142255",1e-17
"11465","HISEQ13:138:C6FWNANXX:2:1205:2530:56502_1:31433735",1e-17
"11466","HISEQ13:138:C6FWNANXX:2:1204:15471:78545_1:30289339",1e-17
"11467","HISEQ13:138:C6FWNANXX:2:1301:5236:65638_1:50503592",1e-17
"11468","HISEQ13:138:C6FWNANXX:2:1105:14107:66360_1:6829758",1e-17
"11469","HISEQ13:138:C6FWNANXX:2:1213:12277:7061_1:42969354",1e-17
"11470","HISEQ13:138:C6FWNANXX:2:1214:15656:79768_1:45824963",1e-17
"11471","HISEQ13:138:C6FWNANXX:2:2111:4528:34313_1:89567948",1e-17
"11472","HISEQ13:138:C6FWNANXX:2:2212:17813:28781_1:114962952",1e-17
"11473","HISEQ13:138:C6FWNANXX:2:2306:9656:58543_1:130485025",1e-17
"11474","HISEQ13:138:C6FWNANXX:2:2116:21290:87999_1:98312769",1e-17
"11475","HISEQ13:138:C6FWNANXX:2:2303:14442:39647_1:125933010",1e-17
"11476","HISEQ13:138:C6FWNANXX:2:2311:17056:53074_1:137887643",1e-17
"11477","HISEQ13:138:C6FWNANXX:2:2109:15520:65380_1:87022506",1e-17
"11478","HISEQ13:138:C6FWNANXX:2:2312:20367:35993_1:139177583",1e-17
"11479","HISEQ13:138:C6FWNANXX:2:1207:3367:7261_1:33672328",1e-17
"11480","HISEQ13:138:C6FWNANXX:2:2109:19065:94080_1:87459737",1e-17
"11481","HISEQ13:138:C6FWNANXX:2:2316:11560:98006_1:146680804",1.1e-17
"11482","HISEQ13:138:C6FWNANXX:2:1315:12734:100658_1:72835562",1.1e-17
"11483","HISEQ13:138:C6FWNANXX:2:1110:4109:35395_1:13999149",1.1e-17
"11484","HISEQ13:138:C6FWNANXX:2:1207:12570:8896_1:33697236",1.1e-17
"11485","HISEQ13:138:C6FWNANXX:2:1315:3035:85258_1:72567504",1.1e-17
"11486","HISEQ13:138:C6FWNANXX:2:2113:4247:49430_1:92850335",1.1e-17
"11487","HISEQ13:138:C6FWNANXX:2:2114:5668:98150_1:95235640",1.1e-17
"11488","HISEQ13:138:C6FWNANXX:2:2210:4575:75071_1:112606199",1.1e-17
"11489","HISEQ13:138:C6FWNANXX:2:2215:6706:53964_1:120158426",1.1e-17
"11490","HISEQ13:138:C6FWNANXX:2:2216:10458:97920_1:122555531",1.1e-17
"11491","HISEQ13:138:C6FWNANXX:2:1316:2777:57814_1:73811429",1.1e-17
"11492","HISEQ13:138:C6FWNANXX:2:2303:19679:6020_1:125458151",1.1e-17
"11493","HISEQ13:138:C6FWNANXX:2:2113:13733:10916_1:92240615",1.1e-17
"11494","HISEQ13:138:C6FWNANXX:2:1109:9961:15459_1:12123569",1.1e-17
"11495","HISEQ13:138:C6FWNANXX:2:2103:7533:75840_1:78425394",1.1e-17
"11496","HISEQ13:138:C6FWNANXX:2:1115:14460:59137_1:22392578",1.1e-17
"11497","HISEQ13:138:C6FWNANXX:2:2314:9767:68597_1:142896693",1.1e-17
"11498","HISEQ13:138:C6FWNANXX:2:2104:8029:32827_1:79226620",1.1e-17
"11499","HISEQ13:138:C6FWNANXX:2:2301:7113:29681_1:122995789",1.1e-17
"11500","HISEQ13:138:C6FWNANXX:2:1214:1512:29479_1:44972910",1.1e-17
"11501","HISEQ13:138:C6FWNANXX:2:2116:17690:32970_1:97407680",1.1e-17
"11502","HISEQ13:138:C6FWNANXX:2:1316:8681:58253_1:73821277",1.1e-17
"11503","HISEQ13:138:C6FWNANXX:2:1102:4486:32971_1:1916723",1.1e-17
"11504","HISEQ13:138:C6FWNANXX:2:1208:5418:84229_1:36359499",1.1e-17
"11505","HISEQ13:138:C6FWNANXX:2:2107:7741:12603_1:83253789",1.1e-17
"11506","HISEQ13:138:C6FWNANXX:2:1104:16651:19194_1:4643097",1.1e-17
"11507","HISEQ13:138:C6FWNANXX:2:2212:15522:84633_1:115846239",1.1e-17
"11508","HISEQ13:138:C6FWNANXX:2:1311:2712:77015_1:65808154",1.1e-17
"11509","HISEQ13:138:C6FWNANXX:2:2115:10835:20505_1:95584574",1.1e-17
"11510","HISEQ13:138:C6FWNANXX:2:2202:7173:18432_1:100166795",1.1e-17
"11511","HISEQ13:138:C6FWNANXX:2:2205:18185:32612_1:104611872",1.1e-17
"11512","HISEQ13:138:C6FWNANXX:2:1109:15516:81545_1:13170608",1.1e-17
"11513","HISEQ13:138:C6FWNANXX:2:1302:20393:56185_1:51819297",1.1e-17
"11514","HISEQ13:138:C6FWNANXX:2:1204:6764:74577_1:30228471",1.1e-17
"11515","HISEQ13:138:C6FWNANXX:2:1301:19607:5588_1:49623360",1.1e-17
"11516","HISEQ13:138:C6FWNANXX:2:2201:15192:59492_1:99344010",1.1e-17
"11517","HISEQ13:138:C6FWNANXX:2:2216:17453:36816_1:121523275",1.1e-17
"11518","HISEQ13:138:C6FWNANXX:2:1108:13959:6963_1:10450286",1.1e-17
"11519","HISEQ13:138:C6FWNANXX:2:1116:8683:61710_1:24126984",1.1e-17
"11520","HISEQ13:138:C6FWNANXX:2:1102:16264:76468_1:2560477",1.1e-17
"11521","HISEQ13:138:C6FWNANXX:2:1104:1822:93660_1:5752735",1.1e-17
"11522","HISEQ13:138:C6FWNANXX:2:1216:4825:14248_1:48064329",1.1e-17
"11523","HISEQ13:138:C6FWNANXX:2:2105:18187:57340_1:81011092",1.1e-17
"11524","HISEQ13:138:C6FWNANXX:2:2216:19957:30554_1:121418861",1.1e-17
"11525","HISEQ13:138:C6FWNANXX:2:1212:18418:26239_1:41664851",1.1e-17
"11526","HISEQ13:138:C6FWNANXX:2:1216:5275:63867_1:48925187",1.1e-17
"11527","HISEQ13:138:C6FWNANXX:2:1106:15669:96534_1:8793175",1.1e-17
"11528","HISEQ13:138:C6FWNANXX:2:1311:6381:21339_1:64906191",1.1e-17
"11529","HISEQ13:138:C6FWNANXX:2:2108:8313:96172_1:85985934",1.1e-17
"11530","HISEQ13:138:C6FWNANXX:2:2301:5856:49997_1:123280710",1.1e-17
"11531","HISEQ13:138:C6FWNANXX:2:1105:16458:9252_1:5974547",1.1e-17
"11532","HISEQ13:138:C6FWNANXX:2:1103:12065:17337_1:3150790",1.1e-17
"11533","HISEQ13:138:C6FWNANXX:2:1106:15074:88231_1:8663522",1.1e-17
"11534","HISEQ13:138:C6FWNANXX:2:1307:2107:49710_1:59139223",1.1e-17
"11535","HISEQ13:138:C6FWNANXX:2:2211:1545:27333_1:113393379",1.1e-17
"11536","HISEQ13:138:C6FWNANXX:2:1313:17324:27810_1:68247406",1.1e-17
"11537","HISEQ13:138:C6FWNANXX:2:2111:2528:47193_1:89767194",1.1e-17
"11538","HISEQ13:138:C6FWNANXX:2:1213:10800:79148_1:44156646",1.1e-17
"11539","HISEQ13:138:C6FWNANXX:2:1216:14035:49490_1:48675551",1.1e-17
"11540","HISEQ13:138:C6FWNANXX:2:1307:3635:20616_1:58694569",1.1e-17
"11541","HISEQ13:138:C6FWNANXX:2:2305:15946:65134_1:129135301",1.1e-17
"11542","HISEQ13:138:C6FWNANXX:2:2306:2934:65022_1:130579865",1.2e-17
"11543","HISEQ13:138:C6FWNANXX:2:1115:10996:61255_1:22430108",1.2e-17
"11544","HISEQ13:138:C6FWNANXX:2:1207:17315:67611_1:34588673",1.2e-17
"11545","HISEQ13:138:C6FWNANXX:2:1314:15957:69660_1:70612102",1.2e-17
"11546","HISEQ13:138:C6FWNANXX:2:2211:16657:23346_1:113333462",1.2e-17
"11547","HISEQ13:138:C6FWNANXX:2:1112:15962:93031_1:18000220",1.2e-17
"11548","HISEQ13:138:C6FWNANXX:2:2105:7403:23339_1:80515368",1.2e-17
"11549","HISEQ13:138:C6FWNANXX:2:2206:20738:78860_1:106729022",1.2e-17
"11550","HISEQ13:138:C6FWNANXX:2:1114:16210:46696_1:20512838",1.2e-17
"11551","HISEQ13:138:C6FWNANXX:2:1112:4677:98132_1:18080422",1.2e-17
"11552","HISEQ13:138:C6FWNANXX:2:1307:13210:55442_1:59230303",1.2e-17
"11553","HISEQ13:138:C6FWNANXX:2:2208:3895:12179_1:108657975",1.2e-17
"11554","HISEQ13:138:C6FWNANXX:2:1204:18874:84467_1:30375795",1.2e-17
"11555","HISEQ13:138:C6FWNANXX:2:1214:18063:95473_1:46086009",1.2e-17
"11556","HISEQ13:138:C6FWNANXX:2:1316:9152:28453_1:73297190",1.2e-17
"11557","HISEQ13:138:C6FWNANXX:2:2111:20215:71843_1:90172595",1.2e-17
"11558","HISEQ13:138:C6FWNANXX:2:2210:12737:60982_1:112391345",1.2e-17
"11559","HISEQ13:138:C6FWNANXX:2:1115:16795:51021_1:22257327",1.2e-17
"11560","HISEQ13:138:C6FWNANXX:2:1204:15181:56276_1:29959660",1.2e-17
"11561","HISEQ13:138:C6FWNANXX:2:1208:4263:93189_1:36498917",1.2e-17
"11562","HISEQ13:138:C6FWNANXX:2:2304:2129:85830_1:128001908",1.2e-17
"11563","HISEQ13:138:C6FWNANXX:2:1102:15739:83107_1:2659919",1.2e-17
"11564","HISEQ13:138:C6FWNANXX:2:2307:13137:87602_1:132377234",1.2e-17
"11565","HISEQ13:138:C6FWNANXX:2:1111:2253:77525_1:16268524",1.2e-17
"11566","HISEQ13:138:C6FWNANXX:2:1207:2641:97461_1:35039860",1.2e-17
"11567","HISEQ13:138:C6FWNANXX:2:1304:12908:56908_1:54758051",1.2e-17
"11568","HISEQ13:138:C6FWNANXX:2:2111:7917:62945_1:90020504",1.2e-17
"11569","HISEQ13:138:C6FWNANXX:2:2204:3467:94548_1:104077671",1.2e-17
"11570","HISEQ13:138:C6FWNANXX:2:1106:10424:75020_1:8465455",1.2e-17
"11571","HISEQ13:138:C6FWNANXX:2:1301:8146:69770_1:50566490",1.2e-17
"11572","HISEQ13:138:C6FWNANXX:2:2303:7223:42182_1:125967496",1.2e-17
"11573","HISEQ13:138:C6FWNANXX:2:1114:2385:76705_1:21014669",1.2e-17
"11574","HISEQ13:138:C6FWNANXX:2:1315:18952:49136_1:71946678",1.2e-17
"11575","HISEQ13:138:C6FWNANXX:2:2111:11265:96955_1:90601190",1.2e-17
"11576","HISEQ13:138:C6FWNANXX:2:1204:14994:69975_1:30159301",1.2e-17
"11577","HISEQ13:138:C6FWNANXX:2:2113:10356:49281_1:92851571",1.2e-17
"11578","HISEQ13:138:C6FWNANXX:2:1108:12440:30879_1:10820667",1.2e-17
"11579","HISEQ13:138:C6FWNANXX:2:1303:12244:23456_1:52792727",1.2e-17
"11580","HISEQ13:138:C6FWNANXX:2:1309:3521:34218_1:61973533",1.2e-17
"11581","HISEQ13:138:C6FWNANXX:2:2112:3858:82600_1:91808791",1.2e-17
"11582","HISEQ13:138:C6FWNANXX:2:2312:5823:42140_1:139273419",1.2e-17
"11583","HISEQ13:138:C6FWNANXX:2:2309:8628:2465_1:134068540",1.2e-17
"11584","HISEQ13:138:C6FWNANXX:2:1203:5454:76262_1:28803781",1.2e-17
"11585","HISEQ13:138:C6FWNANXX:2:2112:9490:48645_1:91272225",1.2e-17
"11586","HISEQ13:138:C6FWNANXX:2:2108:10996:37190_1:85094283",1.2e-17
"11587","HISEQ13:138:C6FWNANXX:2:2312:3340:18210_1:138894322",1.2e-17
"11588","HISEQ13:138:C6FWNANXX:2:1204:16132:26796_1:29520262",1.2e-17
"11589","HISEQ13:138:C6FWNANXX:2:1309:3478:66777_1:62492222",1.2e-17
"11590","HISEQ13:138:C6FWNANXX:2:2104:20052:49647_1:79469941",1.2e-17
"11591","HISEQ13:138:C6FWNANXX:2:2305:2365:9576_1:128327029",1.2e-17
"11592","HISEQ13:138:C6FWNANXX:2:1111:15055:89347_1:16485075",1.2e-17
"11593","HISEQ13:138:C6FWNANXX:2:1115:14643:59565_1:22400974",1.2e-17
"11594","HISEQ13:138:C6FWNANXX:2:1310:9954:53487_1:63845647",1.2e-17
"11595","HISEQ13:138:C6FWNANXX:2:1309:14322:20270_1:61759234",1.3e-17
"11596","HISEQ13:138:C6FWNANXX:2:2115:10793:97782_1:96844926",1.3e-17
"11597","HISEQ13:138:C6FWNANXX:2:2316:3937:88995_1:146523470",1.3e-17
"11598","HISEQ13:138:C6FWNANXX:2:2316:6887:45976_1:145797706",1.3e-17
"11599","HISEQ13:138:C6FWNANXX:2:1215:4350:72014_1:47364060",1.3e-17
"11600","HISEQ13:138:C6FWNANXX:2:2309:12292:92077_1:135438223",1.3e-17
"11601","HISEQ13:138:C6FWNANXX:2:2315:3446:88085_1:144844095",1.3e-17
"11602","HISEQ13:138:C6FWNANXX:2:2109:18465:41525_1:86660619",1.3e-17
"11603","HISEQ13:138:C6FWNANXX:2:2302:20896:15497_1:124192467",1.3e-17
"11604","HISEQ13:138:C6FWNANXX:2:2312:17910:98742_1:140174643",1.3e-17
"11605","HISEQ13:138:C6FWNANXX:2:1315:9029:5373_1:71198888",1.3e-17
"11606","HISEQ13:138:C6FWNANXX:2:2214:5356:19741_1:117977769",1.3e-17
"11607","HISEQ13:138:C6FWNANXX:2:2315:14868:42641_1:144098425",1.3e-17
"11608","HISEQ13:138:C6FWNANXX:2:2207:19771:59660_1:107898530",1.3e-17
"11609","HISEQ13:138:C6FWNANXX:2:1106:8912:30961_1:7789871",1.3e-17
"11610","HISEQ13:138:C6FWNANXX:2:1209:11011:63492_1:37576311",1.3e-17
"11611","HISEQ13:138:C6FWNANXX:2:2111:1726:92774_1:90528220",1.3e-17
"11612","HISEQ13:138:C6FWNANXX:2:1301:8818:32390_1:50015699",1.3e-17
"11613","HISEQ13:138:C6FWNANXX:2:2303:18880:38871_1:125923167",1.3e-17
"11614","HISEQ13:138:C6FWNANXX:2:1313:14244:75170_1:69034360",1.3e-17
"11615","HISEQ13:138:C6FWNANXX:2:2104:16718:55807_1:79559542",1.3e-17
"11616","HISEQ13:138:C6FWNANXX:2:1216:2260:29803_1:48335441",1.3e-17
"11617","HISEQ13:138:C6FWNANXX:2:1307:15629:79045_1:59597201",1.3e-17
"11618","HISEQ13:138:C6FWNANXX:2:1310:10861:47671_1:63753598",1.3e-17
"11619","HISEQ13:138:C6FWNANXX:2:2111:14709:52488_1:89852379",1.3e-17
"11620","HISEQ13:138:C6FWNANXX:2:2111:20778:26498_1:89446972",1.3e-17
"11621","HISEQ13:138:C6FWNANXX:2:2306:11374:90875_1:130959463",1.3e-17
"11622","HISEQ13:138:C6FWNANXX:2:2206:8561:13375_1:105765352",1.3e-17
"11623","HISEQ13:138:C6FWNANXX:2:2215:9324:26580_1:119710777",1.3e-17
"11624","HISEQ13:138:C6FWNANXX:2:1106:7655:31542_1:7800699",1.3e-17
"11625","HISEQ13:138:C6FWNANXX:2:1112:12700:73034_1:17671928",1.3e-17
"11626","HISEQ13:138:C6FWNANXX:2:1108:20797:55476_1:11203197",1.3e-17
"11627","HISEQ13:138:C6FWNANXX:2:2101:3255:42915_1:75143960",1.3e-17
"11628","HISEQ13:138:C6FWNANXX:2:2113:3026:33368_1:92594788",1.3e-17
"11629","HISEQ13:138:C6FWNANXX:2:2311:17553:34892_1:137602520",1.3e-17
"11630","HISEQ13:138:C6FWNANXX:2:2109:12492:93241_1:87443474",1.3e-17
"11631","HISEQ13:138:C6FWNANXX:2:2301:17311:60659_1:123433884",1.3e-17
"11632","HISEQ13:138:C6FWNANXX:2:1315:5107:85151_1:72563754",1.3e-17
"11633","HISEQ13:138:C6FWNANXX:2:1104:17004:55055_1:5179700",1.3e-17
"11634","HISEQ13:138:C6FWNANXX:2:2211:19338:53647_1:113808106",1.3e-17
"11635","HISEQ13:138:C6FWNANXX:2:1106:18386:99210_1:8831438",1.3e-17
"11636","HISEQ13:138:C6FWNANXX:2:1306:7892:39599_1:57475780",1.3e-17
"11637","HISEQ13:138:C6FWNANXX:2:1103:15863:100696_1:4385551",1.3e-17
"11638","HISEQ13:138:C6FWNANXX:2:2103:16166:95634_1:78708634",1.3e-17
"11639","HISEQ13:138:C6FWNANXX:2:2210:15433:63716_1:112434060",1.3e-17
"11640","HISEQ13:138:C6FWNANXX:2:2202:13410:60263_1:100763214",1.3e-17
"11641","HISEQ13:138:C6FWNANXX:2:2312:6939:58723_1:139535080",1.3e-17
"11642","HISEQ13:138:C6FWNANXX:2:1212:19519:77807_1:42509159",1.3e-17
"11643","HISEQ13:138:C6FWNANXX:2:1314:10611:59942_1:70445125",1.3e-17
"11644","HISEQ13:138:C6FWNANXX:2:2202:18236:33740_1:100384876",1.3e-17
"11645","HISEQ13:138:C6FWNANXX:2:2207:11363:22509_1:107352453",1.3e-17
"11646","HISEQ13:138:C6FWNANXX:2:2305:3850:40288_1:128772734",1.3e-17
"11647","HISEQ13:138:C6FWNANXX:2:1110:17182:51540_1:14259120",1.3e-17
"11648","HISEQ13:138:C6FWNANXX:2:1114:5094:86177_1:21174551",1.3e-17
"11649","HISEQ13:138:C6FWNANXX:2:2105:20641:52411_1:80939324",1.3e-17
"11650","HISEQ13:138:C6FWNANXX:2:2305:19676:14347_1:128399098",1.3e-17
"11651","HISEQ13:138:C6FWNANXX:2:1207:5791:40672_1:34175627",1.3e-17
"11652","HISEQ13:138:C6FWNANXX:2:1309:11706:65736_1:62473834",1.3e-17
"11653","HISEQ13:138:C6FWNANXX:2:1314:19145:11477_1:69623603",1.3e-17
"11654","HISEQ13:138:C6FWNANXX:2:1215:5597:61013_1:47178252",1.3e-17
"11655","HISEQ13:138:C6FWNANXX:2:2106:13869:99557_1:83077507",1.4e-17
"11656","HISEQ13:138:C6FWNANXX:2:1201:8031:71801_1:25832764",1.4e-17
"11657","HISEQ13:138:C6FWNANXX:2:1210:20049:4795_1:38210004",1.4e-17
"11658","HISEQ13:138:C6FWNANXX:2:1304:6087:59648_1:54797835",1.4e-17
"11659","HISEQ13:138:C6FWNANXX:2:1313:13763:56805_1:68728580",1.4e-17
"11660","HISEQ13:138:C6FWNANXX:2:2109:17603:48521_1:86766671",1.4e-17
"11661","HISEQ13:138:C6FWNANXX:2:1305:8214:79229_1:56573671",1.4e-17
"11662","HISEQ13:138:C6FWNANXX:2:1108:13230:31114_1:10824758",1.4e-17
"11663","HISEQ13:138:C6FWNANXX:2:1307:8604:33731_1:58895165",1.4e-17
"11664","HISEQ13:138:C6FWNANXX:2:2107:14537:87685_1:84370833",1.4e-17
"11665","HISEQ13:138:C6FWNANXX:2:2309:16942:74257_1:135167922",1.4e-17
"11666","HISEQ13:138:C6FWNANXX:2:2311:17098:67121_1:138108069",1.4e-17
"11667","HISEQ13:138:C6FWNANXX:2:1110:16974:78585_1:14684484",1.4e-17
"11668","HISEQ13:138:C6FWNANXX:2:1208:6366:51480_1:35852230",1.4e-17
"11669","HISEQ13:138:C6FWNANXX:2:1103:16302:2266_1:2928848",1.4e-17
"11670","HISEQ13:138:C6FWNANXX:2:2103:16280:10404_1:77496198",1.4e-17
"11671","HISEQ13:138:C6FWNANXX:2:2307:5622:84995_1:132334672",1.4e-17
"11672","HISEQ13:138:C6FWNANXX:2:1216:20482:95831_1:49483138",1.4e-17
"11673","HISEQ13:138:C6FWNANXX:2:1102:6982:30420_1:1880918",1.4e-17
"11674","HISEQ13:138:C6FWNANXX:2:2308:15586:26259_1:132940104",1.4e-17
"11675","HISEQ13:138:C6FWNANXX:2:1216:21296:35264_1:48434934",1.4e-17
"11676","HISEQ13:138:C6FWNANXX:2:2301:18425:2263_1:122611905",1.4e-17
"11677","HISEQ13:138:C6FWNANXX:2:1211:4435:41063_1:40340748",1.4e-17
"11678","HISEQ13:138:C6FWNANXX:2:2112:9914:99186_1:92070557",1.4e-17
"11679","HISEQ13:138:C6FWNANXX:2:2215:12519:41227_1:119950967",1.4e-17
"11680","HISEQ13:138:C6FWNANXX:2:1114:19950:23316_1:20123979",1.4e-17
"11681","HISEQ13:138:C6FWNANXX:2:2115:5667:63980_1:96286412",1.4e-17
"11682","HISEQ13:138:C6FWNANXX:2:2215:14298:18685_1:119579593",1.4e-17
"11683","HISEQ13:138:C6FWNANXX:2:1212:1899:18529_1:41542024",1.4e-17
"11684","HISEQ13:138:C6FWNANXX:2:2104:11484:89943_1:80048212",1.4e-17
"11685","HISEQ13:138:C6FWNANXX:2:2305:15321:20488_1:128485333",1.4e-17
"11686","HISEQ13:138:C6FWNANXX:2:2314:7628:60566_1:142764331",1.4e-17
"11687","HISEQ13:138:C6FWNANXX:2:2208:14694:78823_1:109662002",1.4e-17
"11688","HISEQ13:138:C6FWNANXX:2:1203:1375:92010_1:29035892",1.4e-17
"11689","HISEQ13:138:C6FWNANXX:2:1213:7713:66711_1:43948961",1.4e-17
"11690","HISEQ13:138:C6FWNANXX:2:1306:3974:35257_1:57409598",1.4e-17
"11691","HISEQ13:138:C6FWNANXX:2:1106:9655:79370_1:8529604",1.4e-17
"11692","HISEQ13:138:C6FWNANXX:2:1310:19292:29562_1:63468713",1.4e-17
"11693","HISEQ13:138:C6FWNANXX:2:2305:4351:39666_1:128762081",1.4e-17
"11694","HISEQ13:138:C6FWNANXX:2:2315:18543:92504_1:144922363",1.4e-17
"11695","HISEQ13:138:C6FWNANXX:2:1111:6435:36798_1:15587940",1.4e-17
"11696","HISEQ13:138:C6FWNANXX:2:2216:1351:92661_1:122464343",1.4e-17
"11697","HISEQ13:138:C6FWNANXX:2:1308:19531:52088_1:60707689",1.4e-17
"11698","HISEQ13:138:C6FWNANXX:2:2107:11720:67255_1:84067649",1.4e-17
"11699","HISEQ13:138:C6FWNANXX:2:2115:13149:15722_1:95504110",1.4e-17
"11700","HISEQ13:138:C6FWNANXX:2:2110:8447:27334_1:87947233",1.4e-17
"11701","HISEQ13:138:C6FWNANXX:2:2202:13430:53112_1:100660052",1.4e-17
"11702","HISEQ13:138:C6FWNANXX:2:1212:7334:52999_1:42097649",1.4e-17
"11703","HISEQ13:138:C6FWNANXX:2:2315:3967:74485_1:144616994",1.4e-17
"11704","HISEQ13:138:C6FWNANXX:2:1110:11065:2435_1:13480109",1.5e-17
"11705","HISEQ13:138:C6FWNANXX:2:2108:14563:93043_1:85941263",1.5e-17
"11706","HISEQ13:138:C6FWNANXX:2:2305:10159:58576_1:129040276",1.5e-17
"11707","HISEQ13:138:C6FWNANXX:2:2316:9492:19733_1:145355027",1.5e-17
"11708","HISEQ13:138:C6FWNANXX:2:1116:7984:35859_1:23685958",1.5e-17
"11709","HISEQ13:138:C6FWNANXX:2:1308:8688:14750_1:60128477",1.5e-17
"11710","HISEQ13:138:C6FWNANXX:2:2308:16527:81562_1:133773810",1.5e-17
"11711","HISEQ13:138:C6FWNANXX:2:1104:5321:20323_1:4659549",1.5e-17
"11712","HISEQ13:138:C6FWNANXX:2:2307:8344:60215_1:131966752",1.5e-17
"11713","HISEQ13:138:C6FWNANXX:2:2201:18322:48072_1:99184253",1.5e-17
"11714","HISEQ13:138:C6FWNANXX:2:2204:7658:75058_1:103798353",1.5e-17
"11715","HISEQ13:138:C6FWNANXX:2:1314:12560:2789_1:69478579",1.5e-17
"11716","HISEQ13:138:C6FWNANXX:2:1203:7485:66418_1:28656552",1.5e-17
"11717","HISEQ13:138:C6FWNANXX:2:2106:8286:36171_1:82141407",1.5e-17
"11718","HISEQ13:138:C6FWNANXX:2:1303:16084:46668_1:53138205",1.5e-17
"11719","HISEQ13:138:C6FWNANXX:2:2102:19275:27443_1:76331081",1.5e-17
"11720","HISEQ13:138:C6FWNANXX:2:1104:6483:16309_1:4600162",1.5e-17
"11721","HISEQ13:138:C6FWNANXX:2:2104:9203:92451_1:80083762",1.5e-17
"11722","HISEQ13:138:C6FWNANXX:2:2201:10416:61881_1:99379326",1.5e-17
"11723","HISEQ13:138:C6FWNANXX:2:1107:11429:64474_1:9813290",1.5e-17
"11724","HISEQ13:138:C6FWNANXX:2:2112:11760:43965_1:91198555",1.5e-17
"11725","HISEQ13:138:C6FWNANXX:2:1302:6011:38107_1:51551765",1.5e-17
"11726","HISEQ13:138:C6FWNANXX:2:2113:6698:36909_1:92651593",1.5e-17
"11727","HISEQ13:138:C6FWNANXX:2:1310:12174:13521_1:63213293",1.5e-17
"11728","HISEQ13:138:C6FWNANXX:2:2215:2373:38210_1:119898838",1.5e-17
"11729","HISEQ13:138:C6FWNANXX:2:1202:6318:87630_1:27514755",1.5e-17
"11730","HISEQ13:138:C6FWNANXX:2:1312:10821:96891_1:67752993",1.5e-17
"11731","HISEQ13:138:C6FWNANXX:2:2308:16779:41049_1:133161867",1.5e-17
"11732","HISEQ13:138:C6FWNANXX:2:1310:10591:93905_1:64484198",1.5e-17
"11733","HISEQ13:138:C6FWNANXX:2:1107:17578:74673_1:9971910",1.5e-17
"11734","HISEQ13:138:C6FWNANXX:2:2101:10334:85356_1:75749536",1.5e-17
"11735","HISEQ13:138:C6FWNANXX:2:2111:9490:95045_1:90569224",1.5e-17
"11736","HISEQ13:138:C6FWNANXX:2:2212:15090:76869_1:115722404",1.5e-17
"11737","HISEQ13:138:C6FWNANXX:2:2312:11343:72833_1:139762368",1.5e-17
"11738","HISEQ13:138:C6FWNANXX:2:1116:8897:70280_1:24277361",1.5e-17
"11739","HISEQ13:138:C6FWNANXX:2:1206:12466:89022_1:33414452",1.5e-17
"11740","HISEQ13:138:C6FWNANXX:2:1212:19728:61269_1:42238955",1.5e-17
"11741","HISEQ13:138:C6FWNANXX:2:1211:9666:2060_1:39715708",1.5e-17
"11742","HISEQ13:138:C6FWNANXX:2:2115:12818:63004_1:96275658",1.5e-17
"11743","HISEQ13:138:C6FWNANXX:2:2304:13141:57956_1:127602796",1.5e-17
"11744","HISEQ13:138:C6FWNANXX:2:1106:4002:45212_1:8005612",1.5e-17
"11745","HISEQ13:138:C6FWNANXX:2:1310:3364:15364_1:63239295",1.5e-17
"11746","HISEQ13:138:C6FWNANXX:2:1207:6951:75215_1:34701934",1.5e-17
"11747","HISEQ13:138:C6FWNANXX:2:2303:18801:44737_1:126005607",1.5e-17
"11748","HISEQ13:138:C6FWNANXX:2:1209:13599:88066_1:37963929",1.5e-17
"11749","HISEQ13:138:C6FWNANXX:2:2209:1904:54978_1:110791654",1.5e-17
"11750","HISEQ13:138:C6FWNANXX:2:1102:14337:10960_1:1594437",1.5e-17
"11751","HISEQ13:138:C6FWNANXX:2:1112:14042:73701_1:17680345",1.5e-17
"11752","HISEQ13:138:C6FWNANXX:2:1112:3035:37417_1:17089749",1.5e-17
"11753","HISEQ13:138:C6FWNANXX:2:1303:10052:56478_1:53280872",1.5e-17
"11754","HISEQ13:138:C6FWNANXX:2:1308:17071:85381_1:61228804",1.5e-17
"11755","HISEQ13:138:C6FWNANXX:2:1309:18606:9802_1:61595197",1.5e-17
"11756","HISEQ13:138:C6FWNANXX:2:1316:3233:82602_1:74244967",1.5e-17
"11757","HISEQ13:138:C6FWNANXX:2:2104:11442:29062_1:79173721",1.5e-17
"11758","HISEQ13:138:C6FWNANXX:2:2308:12309:2978_1:132586146",1.5e-17
"11759","HISEQ13:138:C6FWNANXX:2:1209:14101:60201_1:37525934",1.5e-17
"11760","HISEQ13:138:C6FWNANXX:2:2315:9485:34411_1:143960710",1.5e-17
"11761","HISEQ13:138:C6FWNANXX:2:2101:14971:54343_1:75309538",1.5e-17
"11762","HISEQ13:138:C6FWNANXX:2:1306:16932:44811_1:57557094",1.5e-17
"11763","HISEQ13:138:C6FWNANXX:2:2312:2590:49557_1:139391227",1.6e-17
"11764","HISEQ13:138:C6FWNANXX:2:2312:20462:79785_1:139875800",1.6e-17
"11765","HISEQ13:138:C6FWNANXX:2:1116:16627:68470_1:24244913",1.6e-17
"11766","HISEQ13:138:C6FWNANXX:2:1312:6615:3887_1:66226877",1.6e-17
"11767","HISEQ13:138:C6FWNANXX:2:1102:4961:42414_1:2056138",1.6e-17
"11768","HISEQ13:138:C6FWNANXX:2:1304:3516:9214_1:54043798",1.6e-17
"11769","HISEQ13:138:C6FWNANXX:2:1316:20016:82040_1:74240016",1.6e-17
"11770","HISEQ13:138:C6FWNANXX:2:2108:16171:99161_1:86032393",1.6e-17
"11771","HISEQ13:138:C6FWNANXX:2:2109:2318:56175_1:86878365",1.6e-17
"11772","HISEQ13:138:C6FWNANXX:2:2308:14144:30298_1:132999403",1.6e-17
"11773","HISEQ13:138:C6FWNANXX:2:1306:3737:31732_1:57353396",1.6e-17
"11774","HISEQ13:138:C6FWNANXX:2:1104:14512:47346_1:5064243",1.6e-17
"11775","HISEQ13:138:C6FWNANXX:2:1110:11244:3415_1:13495967",1.6e-17
"11776","HISEQ13:138:C6FWNANXX:2:1111:8887:23476_1:15373528",1.6e-17
"11777","HISEQ13:138:C6FWNANXX:2:1316:12136:49500_1:73664390",1.6e-17
"11778","HISEQ13:138:C6FWNANXX:2:2210:14315:39302_1:112062824",1.6e-17
"11779","HISEQ13:138:C6FWNANXX:2:2311:5585:90880_1:138482315",1.6e-17
"11780","HISEQ13:138:C6FWNANXX:2:2210:2542:80894_1:112693638",1.6e-17
"11781","HISEQ13:138:C6FWNANXX:2:1105:19058:94470_1:7252869",1.6e-17
"11782","HISEQ13:138:C6FWNANXX:2:1110:4993:85065_1:14783525",1.6e-17
"11783","HISEQ13:138:C6FWNANXX:2:2111:20194:38145_1:89628736",1.6e-17
"11784","HISEQ13:138:C6FWNANXX:2:2101:19821:59940_1:75388304",1.6e-17
"11785","HISEQ13:138:C6FWNANXX:2:1105:11864:33325_1:6334639",1.6e-17
"11786","HISEQ13:138:C6FWNANXX:2:2201:15589:36557_1:99020657",1.6e-17
"11787","HISEQ13:138:C6FWNANXX:2:2101:17993:31097_1:74979179",1.6e-17
"11788","HISEQ13:138:C6FWNANXX:2:1211:5278:42086_1:40357246",1.6e-17
"11789","HISEQ13:138:C6FWNANXX:2:2303:20573:61024_1:126239542",1.6e-17
"11790","HISEQ13:138:C6FWNANXX:2:2307:8234:2034_1:131107307",1.6e-17
"11791","HISEQ13:138:C6FWNANXX:2:1101:9010:16039_1:209617",1.6e-17
"11792","HISEQ13:138:C6FWNANXX:2:1104:11072:27839_1:4772633",1.6e-17
"11793","HISEQ13:138:C6FWNANXX:2:2105:11541:90647_1:81492270",1.6e-17
"11794","HISEQ13:138:C6FWNANXX:2:2110:18241:89384_1:88895628",1.6e-17
"11795","HISEQ13:138:C6FWNANXX:2:2316:20208:46569_1:145813218",1.6e-17
"11796","HISEQ13:138:C6FWNANXX:2:1111:14662:19534_1:15315005",1.6e-17
"11797","HISEQ13:138:C6FWNANXX:2:1315:6824:78597_1:72451426",1.6e-17
"11798","HISEQ13:138:C6FWNANXX:2:2313:11278:94424_1:141699147",1.6e-17
"11799","HISEQ13:138:C6FWNANXX:2:1201:8691:20184_1:25071401",1.6e-17
"11800","HISEQ13:138:C6FWNANXX:2:1213:11641:68088_1:43974581",1.6e-17
"11801","HISEQ13:138:C6FWNANXX:2:1305:10147:76195_1:56528043",1.6e-17
"11802","HISEQ13:138:C6FWNANXX:2:1315:7865:95043_1:72739198",1.6e-17
"11803","HISEQ13:138:C6FWNANXX:2:2104:4186:45768_1:79413264",1.6e-17
"11804","HISEQ13:138:C6FWNANXX:2:2207:1361:51277_1:107772975",1.6e-17
"11805","HISEQ13:138:C6FWNANXX:2:2210:11065:75887_1:112618926",1.6e-17
"11806","HISEQ13:138:C6FWNANXX:2:1103:16075:56902_1:3736809",1.6e-17
"11807","HISEQ13:138:C6FWNANXX:2:1311:1698:17499_1:64841449",1.6e-17
"11808","HISEQ13:138:C6FWNANXX:2:2211:4596:95332_1:114458808",1.6e-17
"11809","HISEQ13:138:C6FWNANXX:2:2306:18967:78917_1:130784647",1.6e-17
"11810","HISEQ13:138:C6FWNANXX:2:2212:20136:37830_1:115106185",1.6e-17
"11811","HISEQ13:138:C6FWNANXX:2:1305:15108:63744_1:56340557",1.6e-17
"11812","HISEQ13:138:C6FWNANXX:2:2307:15393:38881_1:131653430",1.6e-17
"11813","HISEQ13:138:C6FWNANXX:2:1109:16188:10064_1:12042176",1.6e-17
"11814","HISEQ13:138:C6FWNANXX:2:2109:3708:79205_1:87228820",1.6e-17
"11815","HISEQ13:138:C6FWNANXX:2:1203:13598:5854_1:27767817",1.6e-17
"11816","HISEQ13:138:C6FWNANXX:2:2208:5202:28393_1:108901179",1.6e-17
"11817","HISEQ13:138:C6FWNANXX:2:1205:14613:12021_1:30770932",1.6e-17
"11818","HISEQ13:138:C6FWNANXX:2:2201:10300:20584_1:98790638",1.6e-17
"11819","HISEQ13:138:C6FWNANXX:2:2207:18507:69627_1:108047133",1.6e-17
"11820","HISEQ13:138:C6FWNANXX:2:1101:6502:96355_1:1395783",1.6e-17
"11821","HISEQ13:138:C6FWNANXX:2:1114:20850:32541_1:20278815",1.6e-17
"11822","HISEQ13:138:C6FWNANXX:2:1211:12131:34586_1:40237950",1.6e-17
"11823","HISEQ13:138:C6FWNANXX:2:1211:1534:15204_1:39922058",1.6e-17
"11824","HISEQ13:138:C6FWNANXX:2:1212:19216:80462_1:42549949",1.6e-17
"11825","HISEQ13:138:C6FWNANXX:2:1308:15767:3445_1:59951521",1.6e-17
"11826","HISEQ13:138:C6FWNANXX:2:2313:4172:88074_1:141597850",1.6e-17
"11827","HISEQ13:138:C6FWNANXX:2:2314:14291:5650_1:141863003",1.6e-17
"11828","HISEQ13:138:C6FWNANXX:2:1201:14901:75982_1:25892824",1.6e-17
"11829","HISEQ13:138:C6FWNANXX:2:1211:16068:57964_1:40612970",1.6e-17
"11830","HISEQ13:138:C6FWNANXX:2:2204:16481:34806_1:103221802",1.6e-17
"11831","HISEQ13:138:C6FWNANXX:2:2311:7163:71541_1:138177710",1.6e-17
"11832","HISEQ13:138:C6FWNANXX:2:2203:1477:80348_1:102459051",1.6e-17
"11833","HISEQ13:138:C6FWNANXX:2:2114:4076:97169_1:95219086",1.6e-17
"11834","HISEQ13:138:C6FWNANXX:2:1111:6828:86156_1:16423086",1.6e-17
"11835","HISEQ13:138:C6FWNANXX:2:1202:19082:69360_1:27249619",1.6e-17
"11836","HISEQ13:138:C6FWNANXX:2:1109:13089:78936_1:13127127",1.6e-17
"11837","HISEQ13:138:C6FWNANXX:2:1201:18263:9993_1:24921732",1.6e-17
"11838","HISEQ13:138:C6FWNANXX:2:2114:10576:9041_1:93792333",1.6e-17
"11839","HISEQ13:138:C6FWNANXX:2:2114:10901:14880_1:93885130",1.6e-17
"11840","HISEQ13:138:C6FWNANXX:2:1104:2343:97184_1:5805121",1.6e-17
"11841","HISEQ13:138:C6FWNANXX:2:1101:13574:66705_1:957959",1.7e-17
"11842","HISEQ13:138:C6FWNANXX:2:1203:18123:10818_1:27842150",1.7e-17
"11843","HISEQ13:138:C6FWNANXX:2:1301:18861:55994_1:50362533",1.7e-17
"11844","HISEQ13:138:C6FWNANXX:2:2107:11694:77235_1:84212691",1.7e-17
"11845","HISEQ13:138:C6FWNANXX:2:1109:4814:25950_1:12287395",1.7e-17
"11846","HISEQ13:138:C6FWNANXX:2:1108:18334:40815_1:10977089",1.7e-17
"11847","HISEQ13:138:C6FWNANXX:2:1111:16366:100013_1:16689290",1.7e-17
"11848","HISEQ13:138:C6FWNANXX:2:2314:4442:68286_1:142891373",1.7e-17
"11849","HISEQ13:138:C6FWNANXX:2:1207:10310:77734_1:34740516",1.7e-17
"11850","HISEQ13:138:C6FWNANXX:2:2114:20669:4298_1:93718052",1.7e-17
"11851","HISEQ13:138:C6FWNANXX:2:2308:11477:29273_1:132983823",1.7e-17
"11852","HISEQ13:138:C6FWNANXX:2:1111:3956:98315_1:16652699",1.7e-17
"11853","HISEQ13:138:C6FWNANXX:2:1309:18265:84673_1:62776051",1.7e-17
"11854","HISEQ13:138:C6FWNANXX:2:2310:9127:66760_1:136568505",1.7e-17
"11855","HISEQ13:138:C6FWNANXX:2:1213:4034:22738_1:43221075",1.7e-17
"11856","HISEQ13:138:C6FWNANXX:2:1113:12138:42605_1:18795242",1.7e-17
"11857","HISEQ13:138:C6FWNANXX:2:2307:5847:58253_1:131940226",1.7e-17
"11858","HISEQ13:138:C6FWNANXX:2:1114:10367:12581_1:19941512",1.7e-17
"11859","HISEQ13:138:C6FWNANXX:2:1105:7723:22049_1:6165156",1.7e-17
"11860","HISEQ13:138:C6FWNANXX:2:2204:19063:19519_1:103003745",1.7e-17
"11861","HISEQ13:138:C6FWNANXX:2:1309:8267:45809_1:62159044",1.7e-17
"11862","HISEQ13:138:C6FWNANXX:2:2105:11540:38918_1:80741018",1.7e-17
"11863","HISEQ13:138:C6FWNANXX:2:2206:16929:16930_1:105818534",1.7e-17
"11864","HISEQ13:138:C6FWNANXX:2:2116:19948:20572_1:97204095",1.7e-17
"11865","HISEQ13:138:C6FWNANXX:2:2306:5363:10453_1:129774492",1.7e-17
"11866","HISEQ13:138:C6FWNANXX:2:1105:14180:31310_1:6305312",1.7e-17
"11867","HISEQ13:138:C6FWNANXX:2:1313:21144:14780_1:68032340",1.7e-17
"11868","HISEQ13:138:C6FWNANXX:2:1315:15616:53064_1:72014805",1.7e-17
"11869","HISEQ13:138:C6FWNANXX:2:1315:15847:85808_1:72578962",1.7e-17
"11870","HISEQ13:138:C6FWNANXX:2:1111:20776:85700_1:16417341",1.7e-17
"11871","HISEQ13:138:C6FWNANXX:2:1108:19887:55387_1:11202977",1.7e-17
"11872","HISEQ13:138:C6FWNANXX:2:1109:14666:19836_1:12195165",1.7e-17
"11873","HISEQ13:138:C6FWNANXX:2:1115:6583:88409_1:22887800",1.7e-17
"11874","HISEQ13:138:C6FWNANXX:2:1216:16008:47843_1:48649874",1.7e-17
"11875","HISEQ13:138:C6FWNANXX:2:2202:5587:10430_1:100052285",1.7e-17
"11876","HISEQ13:138:C6FWNANXX:2:2211:7280:13213_1:113171942",1.7e-17
"11877","HISEQ13:138:C6FWNANXX:2:2312:14103:97727_1:140157888",1.7e-17
"11878","HISEQ13:138:C6FWNANXX:2:1209:15895:100214_1:38152532",1.7e-17
"11879","HISEQ13:138:C6FWNANXX:2:1113:19043:75834_1:19347810",1.7e-17
"11880","HISEQ13:138:C6FWNANXX:2:1209:3876:54817_1:37441359",1.7e-17
"11881","HISEQ13:138:C6FWNANXX:2:1212:4884:54222_1:42117738",1.7e-17
"11882","HISEQ13:138:C6FWNANXX:2:1313:20116:41652_1:68476257",1.7e-17
"11883","HISEQ13:138:C6FWNANXX:2:2204:10405:34959_1:103220760",1.7e-17
"11884","HISEQ13:138:C6FWNANXX:2:2308:2050:17041_1:132798333",1.7e-17
"11885","HISEQ13:138:C6FWNANXX:2:1309:10977:99122_1:63002956",1.7e-17
"11886","HISEQ13:138:C6FWNANXX:2:2107:6809:16586_1:83312983",1.7e-17
"11887","HISEQ13:138:C6FWNANXX:2:1112:16390:94143_1:18016920",1.7e-17
"11888","HISEQ13:138:C6FWNANXX:2:1310:9131:41050_1:63649408",1.7e-17
"11889","HISEQ13:138:C6FWNANXX:2:1309:13626:35341_1:61995382",1.7e-17
"11890","HISEQ13:138:C6FWNANXX:2:2111:6551:23638_1:89401712",1.7e-17
"11891","HISEQ13:138:C6FWNANXX:2:2308:10710:16031_1:132784817",1.7e-17
"11892","HISEQ13:138:C6FWNANXX:2:1116:8516:82261_1:24485537",1.8e-17
"11893","HISEQ13:138:C6FWNANXX:2:1302:3699:81989_1:52195267",1.8e-17
"11894","HISEQ13:138:C6FWNANXX:2:2104:1492:69896_1:79758531",1.8e-17
"11895","HISEQ13:138:C6FWNANXX:2:1310:18038:75012_1:64190693",1.8e-17
"11896","HISEQ13:138:C6FWNANXX:2:1109:17508:14083_1:12105384",1.8e-17
"11897","HISEQ13:138:C6FWNANXX:2:2108:1472:22443_1:84870879",1.8e-17
"11898","HISEQ13:138:C6FWNANXX:2:2208:4742:36602_1:109024181",1.8e-17
"11899","HISEQ13:138:C6FWNANXX:2:2215:12655:100317_1:120930387",1.8e-17
"11900","HISEQ13:138:C6FWNANXX:2:2312:14585:31835_1:139113432",1.8e-17
"11901","HISEQ13:138:C6FWNANXX:2:1113:2945:92887_1:19627692",1.8e-17
"11902","HISEQ13:138:C6FWNANXX:2:1302:12145:75132_1:52097047",1.8e-17
"11903","HISEQ13:138:C6FWNANXX:2:2315:10272:21828_1:143753199",1.8e-17
"11904","HISEQ13:138:C6FWNANXX:2:2316:14196:67149_1:146158159",1.8e-17
"11905","HISEQ13:138:C6FWNANXX:2:1107:18058:26436_1:9232541",1.8e-17
"11906","HISEQ13:138:C6FWNANXX:2:1212:12222:8307_1:41402447",1.8e-17
"11907","HISEQ13:138:C6FWNANXX:2:1216:8828:36134_1:48445293",1.8e-17
"11908","HISEQ13:138:C6FWNANXX:2:1304:4292:26007_1:54296579",1.8e-17
"11909","HISEQ13:138:C6FWNANXX:2:1104:8731:56610_1:5200347",1.8e-17
"11910","HISEQ13:138:C6FWNANXX:2:1208:1883:69135_1:36126748",1.8e-17
"11911","HISEQ13:138:C6FWNANXX:2:1310:19125:98741_1:64561801",1.8e-17
"11912","HISEQ13:138:C6FWNANXX:2:1112:14169:58615_1:17435627",1.8e-17
"11913","HISEQ13:138:C6FWNANXX:2:2213:15469:63646_1:117092508",1.8e-17
"11914","HISEQ13:138:C6FWNANXX:2:1310:13928:90588_1:64435188",1.8e-17
"11915","HISEQ13:138:C6FWNANXX:2:1302:15885:17686_1:51252392",1.8e-17
"11916","HISEQ13:138:C6FWNANXX:2:1305:9198:42190_1:56016489",1.8e-17
"11917","HISEQ13:138:C6FWNANXX:2:1311:12760:88381_1:65994471",1.8e-17
"11918","HISEQ13:138:C6FWNANXX:2:1311:2973:69041_1:65677003",1.8e-17
"11919","HISEQ13:138:C6FWNANXX:2:2104:2191:37974_1:79297837",1.8e-17
"11920","HISEQ13:138:C6FWNANXX:2:2107:13730:55413_1:83889292",1.8e-17
"11921","HISEQ13:138:C6FWNANXX:2:1112:4473:98318_1:18084459",1.8e-17
"11922","HISEQ13:138:C6FWNANXX:2:1205:4943:97846_1:32051965",1.8e-17
"11923","HISEQ13:138:C6FWNANXX:2:2302:11344:92618_1:125281953",1.8e-17
"11924","HISEQ13:138:C6FWNANXX:2:1103:5079:50940_1:3645266",1.8e-17
"11925","HISEQ13:138:C6FWNANXX:2:2204:14253:61697_1:103606301",1.8e-17
"11926","HISEQ13:138:C6FWNANXX:2:2303:9911:37246_1:125896899",1.8e-17
"11927","HISEQ13:138:C6FWNANXX:2:2213:7499:80910_1:117368629",1.8e-17
"11928","HISEQ13:138:C6FWNANXX:2:1207:3273:90973_1:34941437",1.8e-17
"11929","HISEQ13:138:C6FWNANXX:2:1108:1934:99116_1:11884582",1.8e-17
"11930","HISEQ13:138:C6FWNANXX:2:1214:12681:39774_1:45152103",1.8e-17
"11931","HISEQ13:138:C6FWNANXX:2:1215:17783:29181_1:46639222",1.8e-17
"11932","HISEQ13:138:C6FWNANXX:2:2109:6757:2171_1:86058812",1.8e-17
"11933","HISEQ13:138:C6FWNANXX:2:1308:19304:91940_1:61330805",1.8e-17
"11934","HISEQ13:138:C6FWNANXX:2:2116:16060:84119_1:98250688",1.8e-17
"11935","HISEQ13:138:C6FWNANXX:2:1315:13798:74340_1:72379681",1.8e-17
"11936","HISEQ13:138:C6FWNANXX:2:1301:13074:17075_1:49791769",1.8e-17
"11937","HISEQ13:138:C6FWNANXX:2:1109:7835:53939_1:12729523",1.8e-17
"11938","HISEQ13:138:C6FWNANXX:2:2216:18158:15172_1:121158915",1.8e-17
"11939","HISEQ13:138:C6FWNANXX:2:1116:16267:47213_1:23880827",1.8e-17
"11940","HISEQ13:138:C6FWNANXX:2:1204:17818:41376_1:29736175",1.8e-17
"11941","HISEQ13:138:C6FWNANXX:2:2213:14279:68769_1:117176831",1.8e-17
"11942","HISEQ13:138:C6FWNANXX:2:2301:2886:34774_1:123069295",1.8e-17
"11943","HISEQ13:138:C6FWNANXX:2:2302:13270:35732_1:124476258",1.8e-17
"11944","HISEQ13:138:C6FWNANXX:2:1111:2277:18772_1:15300485",1.8e-17
"11945","HISEQ13:138:C6FWNANXX:2:2212:11891:37220_1:115092610",1.8e-17
"11946","HISEQ13:138:C6FWNANXX:2:1104:11823:77648_1:5515204",1.8e-17
"11947","HISEQ13:138:C6FWNANXX:2:1114:19860:70138_1:20909143",1.9e-17
"11948","HISEQ13:138:C6FWNANXX:2:2305:7405:79575_1:129344305",1.9e-17
"11949","HISEQ13:138:C6FWNANXX:2:2104:3433:65215_1:79690215",1.9e-17
"11950","HISEQ13:138:C6FWNANXX:2:1214:19406:86680_1:45939244",1.9e-17
"11951","HISEQ13:138:C6FWNANXX:2:2109:20697:41835_1:86664773",1.9e-17
"11952","HISEQ13:138:C6FWNANXX:2:1211:5139:39507_1:40316573",1.9e-17
"11953","HISEQ13:138:C6FWNANXX:2:2308:4612:72391_1:133632213",1.9e-17
"11954","HISEQ13:138:C6FWNANXX:2:2310:16575:8271_1:135669002",1.9e-17
"11955","HISEQ13:138:C6FWNANXX:2:1304:11887:22631_1:54245973",1.9e-17
"11956","HISEQ13:138:C6FWNANXX:2:1311:6584:98775_1:66164703",1.9e-17
"11957","HISEQ13:138:C6FWNANXX:2:2106:17114:89884_1:82934001",1.9e-17
"11958","HISEQ13:138:C6FWNANXX:2:2214:6198:9240_1:117805864",1.9e-17
"11959","HISEQ13:138:C6FWNANXX:2:1308:20688:87472_1:61261083",1.9e-17
"11960","HISEQ13:138:C6FWNANXX:2:2102:14567:19349_1:76216463",1.9e-17
"11961","HISEQ13:138:C6FWNANXX:2:2313:9032:39510_1:140813064",1.9e-17
"11962","HISEQ13:138:C6FWNANXX:2:1309:7911:38035_1:62037736",1.9e-17
"11963","HISEQ13:138:C6FWNANXX:2:2104:2097:29363_1:79175658",1.9e-17
"11964","HISEQ13:138:C6FWNANXX:2:2205:11410:26352_1:104521026",1.9e-17
"11965","HISEQ13:138:C6FWNANXX:2:2210:19004:55872_1:112316537",1.9e-17
"11966","HISEQ13:138:C6FWNANXX:2:1307:10085:73026_1:59503802",1.9e-17
"11967","HISEQ13:138:C6FWNANXX:2:1216:13818:15426_1:48088100",1.9e-17
"11968","HISEQ13:138:C6FWNANXX:2:1114:21012:38222_1:20371097",1.9e-17
"11969","HISEQ13:138:C6FWNANXX:2:1305:1676:5614_1:55467906",1.9e-17
"11970","HISEQ13:138:C6FWNANXX:2:2107:7638:74802_1:84177874",1.9e-17
"11971","HISEQ13:138:C6FWNANXX:2:2211:18920:24193_1:113345608",1.9e-17
"11972","HISEQ13:138:C6FWNANXX:2:2315:16097:84802_1:144792538",1.9e-17
"11973","HISEQ13:138:C6FWNANXX:2:1113:16166:50203_1:18920079",1.9e-17
"11974","HISEQ13:138:C6FWNANXX:2:1215:1367:9281_1:46300482",1.9e-17
"11975","HISEQ13:138:C6FWNANXX:2:1202:17599:66607_1:27209114",1.9e-17
"11976","HISEQ13:138:C6FWNANXX:2:1208:9423:33351_1:35575928",1.9e-17
"11977","HISEQ13:138:C6FWNANXX:2:2102:14882:88174_1:77195688",1.9e-17
"11978","HISEQ13:138:C6FWNANXX:2:1208:12135:75895_1:36232894",1.9e-17
"11979","HISEQ13:138:C6FWNANXX:2:1216:15785:96308_1:49491093",1.9e-17
"11980","HISEQ13:138:C6FWNANXX:2:1109:7415:25165_1:12275984",1.9e-17
"11981","HISEQ13:138:C6FWNANXX:2:1310:6729:20542_1:63323009",1.9e-17
"11982","HISEQ13:138:C6FWNANXX:2:1214:8005:29788_1:44982535",1.9e-17
"11983","HISEQ13:138:C6FWNANXX:2:2101:16907:5359_1:74610295",1.9e-17
"11984","HISEQ13:138:C6FWNANXX:2:2115:17641:54158_1:96129994",1.9e-17
"11985","HISEQ13:138:C6FWNANXX:2:2115:6204:88959_1:96695069",1.9e-17
"11986","HISEQ13:138:C6FWNANXX:2:1107:19171:37293_1:9400269",1.9e-17
"11987","HISEQ13:138:C6FWNANXX:2:1313:7743:54833_1:68693743",1.9e-17
"11988","HISEQ13:138:C6FWNANXX:2:2301:11854:36289_1:123092115",1.9e-17
"11989","HISEQ13:138:C6FWNANXX:2:2304:18329:15325_1:126993634",1.9e-17
"11990","HISEQ13:138:C6FWNANXX:2:1109:12942:33043_1:12402515",1.9e-17
"11991","HISEQ13:138:C6FWNANXX:2:1211:16672:91488_1:41153090",1.9e-17
"11992","HISEQ13:138:C6FWNANXX:2:1210:12188:42248_1:38794821",1.9e-17
"11993","HISEQ13:138:C6FWNANXX:2:2215:5325:16195_1:119536821",1.9e-17
"11994","HISEQ13:138:C6FWNANXX:2:2316:5170:88510_1:146519455",1.9e-17
"11995","HISEQ13:138:C6FWNANXX:2:1101:13196:98501_1:1429958",1.9e-17
"11996","HISEQ13:138:C6FWNANXX:2:1203:8579:86000_1:28944305",1.9e-17
"11997","HISEQ13:138:C6FWNANXX:2:2115:15387:17483_1:95533331",1.9e-17
"11998","HISEQ13:138:C6FWNANXX:2:2209:7971:37170_1:110523467",1.9e-17
"11999","HISEQ13:138:C6FWNANXX:2:2211:11506:86346_1:114318070",1.9e-17
"12000","HISEQ13:138:C6FWNANXX:2:1205:14567:74472_1:31702101",2e-17
"12001","HISEQ13:138:C6FWNANXX:2:1311:4362:98765_1:66164228",2e-17
"12002","HISEQ13:138:C6FWNANXX:2:2114:9404:14184_1:93872895",2e-17
"12003","HISEQ13:138:C6FWNANXX:2:1215:16884:22813_1:46532073",2e-17
"12004","HISEQ13:138:C6FWNANXX:2:1309:3770:28697_1:61887032",2e-17
"12005","HISEQ13:138:C6FWNANXX:2:2106:4312:70745_1:82649981",2e-17
"12006","HISEQ13:138:C6FWNANXX:2:2204:16282:17699_1:102974476",2e-17
"12007","HISEQ13:138:C6FWNANXX:2:1202:5776:68249_1:27229086",2e-17
"12008","HISEQ13:138:C6FWNANXX:2:2208:10621:82775_1:109721471",2e-17
"12009","HISEQ13:138:C6FWNANXX:2:2115:14596:62622_1:96268053",2e-17
"12010","HISEQ13:138:C6FWNANXX:2:2202:18048:17415_1:100154361",2e-17
"12011","HISEQ13:138:C6FWNANXX:2:1216:15290:84735_1:49289757",2e-17
"12012","HISEQ13:138:C6FWNANXX:2:2316:10722:43599_1:145760722",2e-17
"12013","HISEQ13:138:C6FWNANXX:2:2108:12342:72013_1:85623457",2e-17
"12014","HISEQ13:138:C6FWNANXX:2:1305:20591:26231_1:55778510",2e-17
"12015","HISEQ13:138:C6FWNANXX:2:1312:5203:31020_1:66672220",2e-17
"12016","HISEQ13:138:C6FWNANXX:2:2105:4780:67140_1:81148755",2e-17
"12017","HISEQ13:138:C6FWNANXX:2:2215:5325:16195_1:119536822",2e-17
"12018","HISEQ13:138:C6FWNANXX:2:1303:12685:36995_1:52992959",2e-17
"12019","HISEQ13:138:C6FWNANXX:2:1212:19533:25362_1:41653062",2e-17
"12020","HISEQ13:138:C6FWNANXX:2:1116:12614:27898_1:23549827",2e-17
"12021","HISEQ13:138:C6FWNANXX:2:1116:12142:77094_1:24395083",2e-17
"12022","HISEQ13:138:C6FWNANXX:2:2110:4394:56017_1:88386823",2e-17
"12023","HISEQ13:138:C6FWNANXX:2:2113:11066:15835_1:92319134",2e-17
"12024","HISEQ13:138:C6FWNANXX:2:2105:3787:77369_1:81296686",2e-17
"12025","HISEQ13:138:C6FWNANXX:2:2302:12580:70423_1:124966197",2e-17
"12026","HISEQ13:138:C6FWNANXX:2:2310:6200:25435_1:135929702",2e-17
"12027","HISEQ13:138:C6FWNANXX:2:1313:6238:36206_1:68381427",2e-17
"12028","HISEQ13:138:C6FWNANXX:2:2209:12304:77247_1:111132129",2e-17
"12029","HISEQ13:138:C6FWNANXX:2:1212:5774:41380_1:41909791",2e-17
"12030","HISEQ13:138:C6FWNANXX:2:2115:1554:22548_1:95615320",2e-17
"12031","HISEQ13:138:C6FWNANXX:2:2105:15035:3654_1:80229879",2e-17
"12032","HISEQ13:138:C6FWNANXX:2:2211:2791:37273_1:113550242",2e-17
"12033","HISEQ13:138:C6FWNANXX:2:2113:7346:53501_1:92919600",2e-17
"12034","HISEQ13:138:C6FWNANXX:2:2210:11365:70611_1:112539102",2e-17
"12035","HISEQ13:138:C6FWNANXX:2:2313:8885:86488_1:141570527",2e-17
"12036","HISEQ13:138:C6FWNANXX:2:1304:13856:20104_1:54209312",2e-17
"12037","HISEQ13:138:C6FWNANXX:2:2305:1802:97751_1:129609043",2e-17
"12038","HISEQ13:138:C6FWNANXX:2:2206:7618:50747_1:106310264",2e-17
"12039","HISEQ13:138:C6FWNANXX:2:2309:6902:74665_1:135169863",2e-17
"12040","HISEQ13:138:C6FWNANXX:2:1302:5737:66044_1:51963309",2e-17
"12041","HISEQ13:138:C6FWNANXX:2:2116:20015:27049_1:97312398",2e-17
"12042","HISEQ13:138:C6FWNANXX:2:2315:16733:9062_1:143544024",2e-17
"12043","HISEQ13:138:C6FWNANXX:2:1206:15837:16127_1:32311267",2e-17
"12044","HISEQ13:138:C6FWNANXX:2:1311:19436:74080_1:65762001",2e-17
"12045","HISEQ13:138:C6FWNANXX:2:2113:5570:67821_1:93146859",2e-17
"12046","HISEQ13:138:C6FWNANXX:2:2109:16201:83322_1:87296150",2e-17
"12047","HISEQ13:138:C6FWNANXX:2:1203:14184:3411_1:27731292",2e-17
"12048","HISEQ13:138:C6FWNANXX:2:1203:8065:53786_1:28472175",2e-17
"12049","HISEQ13:138:C6FWNANXX:2:2306:2691:99798_1:131091187",2e-17
"12050","HISEQ13:138:C6FWNANXX:2:1107:9308:25378_1:9215625",2e-17
"12051","HISEQ13:138:C6FWNANXX:2:1114:20632:71076_1:20925942",2e-17
"12052","HISEQ13:138:C6FWNANXX:2:2314:8076:44374_1:142495199",2e-17
"12053","HISEQ13:138:C6FWNANXX:2:1103:8115:98847_1:4357977",2e-17
"12054","HISEQ13:138:C6FWNANXX:2:1214:13538:24177_1:44887851",2e-17
"12055","HISEQ13:138:C6FWNANXX:2:2114:11005:25040_1:94051334",2e-17
"12056","HISEQ13:138:C6FWNANXX:2:2308:2647:2945_1:132584243",2e-17
"12057","HISEQ13:138:C6FWNANXX:2:1310:12000:10645_1:63166143",2e-17
"12058","HISEQ13:138:C6FWNANXX:2:2101:14817:15582_1:74756792",2e-17
"12059","HISEQ13:138:C6FWNANXX:2:1308:8311:63171_1:60877540",2e-17
"12060","HISEQ13:138:C6FWNANXX:2:2213:3318:96310_1:117616781",2e-17
"12061","HISEQ13:138:C6FWNANXX:2:2303:12019:38520_1:125918253",2e-17
"12062","HISEQ13:138:C6FWNANXX:2:2316:17760:59328_1:146028151",2e-17
"12063","HISEQ13:138:C6FWNANXX:2:2315:6736:89061_1:144861304",2.1e-17
"12064","HISEQ13:138:C6FWNANXX:2:1311:4786:28461_1:65017500",2.1e-17
"12065","HISEQ13:138:C6FWNANXX:2:1103:10553:28854_1:3321790",2.1e-17
"12066","HISEQ13:138:C6FWNANXX:2:1106:4939:3089_1:7366866",2.1e-17
"12067","HISEQ13:138:C6FWNANXX:2:1312:18396:75827_1:67407156",2.1e-17
"12068","HISEQ13:138:C6FWNANXX:2:1313:10570:23420_1:68171121",2.1e-17
"12069","HISEQ13:138:C6FWNANXX:2:2106:17109:25939_1:81992631",2.1e-17
"12070","HISEQ13:138:C6FWNANXX:2:2203:1655:30849_1:101752420",2.1e-17
"12071","HISEQ13:138:C6FWNANXX:2:2304:13641:11867_1:126942628",2.1e-17
"12072","HISEQ13:138:C6FWNANXX:2:1204:10212:49850_1:29861249",2.1e-17
"12073","HISEQ13:138:C6FWNANXX:2:1309:15499:62967_1:62430921",2.1e-17
"12074","HISEQ13:138:C6FWNANXX:2:1103:8901:49766_1:3631245",2.1e-17
"12075","HISEQ13:138:C6FWNANXX:2:2101:11760:15151_1:74749085",2.1e-17
"12076","HISEQ13:138:C6FWNANXX:2:2109:11506:86713_1:87344156",2.1e-17
"12077","HISEQ13:138:C6FWNANXX:2:2207:19902:49372_1:107746866",2.1e-17
"12078","HISEQ13:138:C6FWNANXX:2:2306:4398:77056_1:130757434",2.1e-17
"12079","HISEQ13:138:C6FWNANXX:2:1116:16981:36998_1:23705078",2.1e-17
"12080","HISEQ13:138:C6FWNANXX:2:1314:11584:64790_1:70530141",2.1e-17
"12081","HISEQ13:138:C6FWNANXX:2:2103:9896:21254_1:77651443",2.1e-17
"12082","HISEQ13:138:C6FWNANXX:2:2310:9341:56304_1:136408533",2.1e-17
"12083","HISEQ13:138:C6FWNANXX:2:1212:5900:8546_1:41404461",2.1e-17
"12084","HISEQ13:138:C6FWNANXX:2:2304:14317:51864_1:127515740",2.1e-17
"12085","HISEQ13:138:C6FWNANXX:2:1306:11015:18188_1:57148539",2.1e-17
"12086","HISEQ13:138:C6FWNANXX:2:2103:6852:34456_1:77836892",2.1e-17
"12087","HISEQ13:138:C6FWNANXX:2:2205:3857:19810_1:104426420",2.1e-17
"12088","HISEQ13:138:C6FWNANXX:2:1113:7786:42828_1:18798538",2.1e-17
"12089","HISEQ13:138:C6FWNANXX:2:1208:1442:74338_1:36207405",2.1e-17
"12090","HISEQ13:138:C6FWNANXX:2:1216:15003:66196_1:48966238",2.1e-17
"12091","HISEQ13:138:C6FWNANXX:2:2201:14024:40472_1:99073172",2.1e-17
"12092","HISEQ13:138:C6FWNANXX:2:1112:4535:45314_1:17219057",2.1e-17
"12093","HISEQ13:138:C6FWNANXX:2:1201:16622:43976_1:25421835",2.1e-17
"12094","HISEQ13:138:C6FWNANXX:2:2212:5822:58828_1:115434447",2.1e-17
"12095","HISEQ13:138:C6FWNANXX:2:1111:18571:89735_1:16490586",2.1e-17
"12096","HISEQ13:138:C6FWNANXX:2:1115:13804:56999_1:22354549",2.1e-17
"12097","HISEQ13:138:C6FWNANXX:2:1212:6187:15011_1:41492310",2.1e-17
"12098","HISEQ13:138:C6FWNANXX:2:2104:20679:92313_1:80085855",2.1e-17
"12099","HISEQ13:138:C6FWNANXX:2:2107:3098:61178_1:83972426",2.1e-17
"12100","HISEQ13:138:C6FWNANXX:2:2302:1654:29230_1:124383135",2.1e-17
"12101","HISEQ13:138:C6FWNANXX:2:2108:10038:87382_1:85853651",2.1e-17
"12102","HISEQ13:138:C6FWNANXX:2:1308:12731:84313_1:61212272",2.1e-17
"12103","HISEQ13:138:C6FWNANXX:2:1301:6304:100301_1:51014225",2.1e-17
"12104","HISEQ13:138:C6FWNANXX:2:1302:11832:38955_1:51563826",2.1e-17
"12105","HISEQ13:138:C6FWNANXX:2:1307:3538:70322_1:59460094",2.1e-17
"12106","HISEQ13:138:C6FWNANXX:2:1112:8588:69039_1:17605083",2.1e-17
"12107","HISEQ13:138:C6FWNANXX:2:1306:9911:36171_1:57422318",2.1e-17
"12108","HISEQ13:138:C6FWNANXX:2:2216:14065:97751_1:122556298",2.1e-17
"12109","HISEQ13:138:C6FWNANXX:2:2315:10703:96379_1:144983597",2.1e-17
"12110","HISEQ13:138:C6FWNANXX:2:1212:1398:96632_1:42813480",2.2e-17
"12111","HISEQ13:138:C6FWNANXX:2:2304:8352:58267_1:127609186",2.2e-17
"12112","HISEQ13:138:C6FWNANXX:2:1202:13896:43234_1:26863190",2.2e-17
"12113","HISEQ13:138:C6FWNANXX:2:1216:18142:13632_1:48058369",2.2e-17
"12114","HISEQ13:138:C6FWNANXX:2:2115:7092:39078_1:95884581",2.2e-17
"12115","HISEQ13:138:C6FWNANXX:2:1104:12667:72932_1:5444138",2.2e-17
"12116","HISEQ13:138:C6FWNANXX:2:1111:5661:85064_1:16404710",2.2e-17
"12117","HISEQ13:138:C6FWNANXX:2:1211:8713:86081_1:41066634",2.2e-17
"12118","HISEQ13:138:C6FWNANXX:2:2101:16199:65473_1:75466003",2.2e-17
"12119","HISEQ13:138:C6FWNANXX:2:2105:4865:100665_1:81635761",2.2e-17
"12120","HISEQ13:138:C6FWNANXX:2:2306:9011:53740_1:130411471",2.2e-17
"12121","HISEQ13:138:C6FWNANXX:2:2314:5043:83939_1:143146094",2.2e-17
"12122","HISEQ13:138:C6FWNANXX:2:1214:12522:40515_1:45164800",2.2e-17
"12123","HISEQ13:138:C6FWNANXX:2:1208:12098:90855_1:36465531",2.2e-17
"12124","HISEQ13:138:C6FWNANXX:2:1211:8353:85414_1:41054714",2.2e-17
"12125","HISEQ13:138:C6FWNANXX:2:2204:17234:12856_1:102906224",2.2e-17
"12126","HISEQ13:138:C6FWNANXX:2:2205:20725:51134_1:104881382",2.2e-17
"12127","HISEQ13:138:C6FWNANXX:2:1201:4123:83550_1:26004582",2.2e-17
"12128","HISEQ13:138:C6FWNANXX:2:1307:4988:23911_1:58744882",2.2e-17
"12129","HISEQ13:138:C6FWNANXX:2:1311:8121:33000_1:65089861",2.2e-17
"12130","HISEQ13:138:C6FWNANXX:2:2103:7533:75840_1:78425393",2.2e-17
"12131","HISEQ13:138:C6FWNANXX:2:2307:7440:27458_1:131481307",2.2e-17
"12132","HISEQ13:138:C6FWNANXX:2:2113:3344:13128_1:92274104",2.2e-17
"12133","HISEQ13:138:C6FWNANXX:2:1103:1481:86253_1:4172175",2.2e-17
"12134","HISEQ13:138:C6FWNANXX:2:1114:7154:37266_1:20355581",2.2e-17
"12135","HISEQ13:138:C6FWNANXX:2:1213:2807:16551_1:43122896",2.2e-17
"12136","HISEQ13:138:C6FWNANXX:2:2104:17453:78976_1:79891914",2.2e-17
"12137","HISEQ13:138:C6FWNANXX:2:2211:4842:84332_1:114285981",2.2e-17
"12138","HISEQ13:138:C6FWNANXX:2:1211:9700:78356_1:40941312",2.2e-17
"12139","HISEQ13:138:C6FWNANXX:2:1215:5940:17212_1:46432255",2.2e-17
"12140","HISEQ13:138:C6FWNANXX:2:1316:12768:58402_1:73822249",2.2e-17
"12141","HISEQ13:138:C6FWNANXX:2:2115:10060:82126_1:96584681",2.2e-17
"12142","HISEQ13:138:C6FWNANXX:2:1207:3080:64886_1:34543703",2.2e-17
"12143","HISEQ13:138:C6FWNANXX:2:1312:16807:91517_1:67667661",2.2e-17
"12144","HISEQ13:138:C6FWNANXX:2:2105:11940:20344_1:80472549",2.2e-17
"12145","HISEQ13:138:C6FWNANXX:2:2106:17102:5953_1:81699204",2.2e-17
"12146","HISEQ13:138:C6FWNANXX:2:2108:11594:49753_1:85286954",2.2e-17
"12147","HISEQ13:138:C6FWNANXX:2:2113:1831:66028_1:93118121",2.2e-17
"12148","HISEQ13:138:C6FWNANXX:2:2203:2624:100527_1:102748752",2.2e-17
"12149","HISEQ13:138:C6FWNANXX:2:2202:15156:44860_1:100543954",2.2e-17
"12150","HISEQ13:138:C6FWNANXX:2:1216:1597:79541_1:49198915",2.2e-17
"12151","HISEQ13:138:C6FWNANXX:2:1306:5690:12724_1:57063081",2.2e-17
"12152","HISEQ13:138:C6FWNANXX:2:2106:21165:24647_1:81975230",2.2e-17
"12153","HISEQ13:138:C6FWNANXX:2:2202:13591:64524_1:100823756",2.2e-17
"12154","HISEQ13:138:C6FWNANXX:2:2202:8646:30047_1:100333715",2.2e-17
"12155","HISEQ13:138:C6FWNANXX:2:2112:2061:9483_1:90741144",2.2e-17
"12156","HISEQ13:138:C6FWNANXX:2:1104:3854:44924_1:5024984",2.2e-17
"12157","HISEQ13:138:C6FWNANXX:2:1201:8758:88712_1:26078549",2.2e-17
"12158","HISEQ13:138:C6FWNANXX:2:1301:9641:7015_1:49643507",2.2e-17
"12159","HISEQ13:138:C6FWNANXX:2:1111:9415:60502_1:15974517",2.2e-17
"12160","HISEQ13:138:C6FWNANXX:2:2213:15631:55846_1:116967866",2.3e-17
"12161","HISEQ13:138:C6FWNANXX:2:2216:5257:84803_1:122335050",2.3e-17
"12162","HISEQ13:138:C6FWNANXX:2:1305:10032:59964_1:56283482",2.3e-17
"12163","HISEQ13:138:C6FWNANXX:2:2215:11936:13559_1:119496989",2.3e-17
"12164","HISEQ13:138:C6FWNANXX:2:2203:10083:91339_1:102617529",2.3e-17
"12165","HISEQ13:138:C6FWNANXX:2:1116:5739:18229_1:23380232",2.3e-17
"12166","HISEQ13:138:C6FWNANXX:2:1207:5398:95809_1:35017518",2.3e-17
"12167","HISEQ13:138:C6FWNANXX:2:2109:3687:10235_1:86179510",2.3e-17
"12168","HISEQ13:138:C6FWNANXX:2:2115:20256:59410_1:96216219",2.3e-17
"12169","HISEQ13:138:C6FWNANXX:2:2308:14756:55400_1:133377096",2.3e-17
"12170","HISEQ13:138:C6FWNANXX:2:1114:9059:37637_1:20360156",2.3e-17
"12171","HISEQ13:138:C6FWNANXX:2:1308:19012:5821_1:59991029",2.3e-17
"12172","HISEQ13:138:C6FWNANXX:2:1313:12921:4344_1:67857432",2.3e-17
"12173","HISEQ13:138:C6FWNANXX:2:1314:17444:56761_1:70395387",2.3e-17
"12174","HISEQ13:138:C6FWNANXX:2:1105:5001:22577_1:6172029",2.3e-17
"12175","HISEQ13:138:C6FWNANXX:2:1205:16637:9113_1:30726419",2.3e-17
"12176","HISEQ13:138:C6FWNANXX:2:1212:8697:5622_1:41363258",2.3e-17
"12177","HISEQ13:138:C6FWNANXX:2:2106:13771:82394_1:82823835",2.3e-17
"12178","HISEQ13:138:C6FWNANXX:2:1311:15571:75294_1:65782060",2.3e-17
"12179","HISEQ13:138:C6FWNANXX:2:2104:12082:70005_1:79764044",2.3e-17
"12180","HISEQ13:138:C6FWNANXX:2:2110:2221:63235_1:88492718",2.3e-17
"12181","HISEQ13:138:C6FWNANXX:2:2112:9670:21329_1:90845266",2.3e-17
"12182","HISEQ13:138:C6FWNANXX:2:1308:17665:52380_1:60711261",2.3e-17
"12183","HISEQ13:138:C6FWNANXX:2:1314:17340:33716_1:70000587",2.3e-17
"12184","HISEQ13:138:C6FWNANXX:2:2207:3781:34237_1:107519972",2.3e-17
"12185","HISEQ13:138:C6FWNANXX:2:2113:9368:28977_1:92524269",2.3e-17
"12186","HISEQ13:138:C6FWNANXX:2:2306:4580:66228_1:130594800",2.3e-17
"12187","HISEQ13:138:C6FWNANXX:2:1113:11719:58469_1:19055231",2.3e-17
"12188","HISEQ13:138:C6FWNANXX:2:1207:5602:25877_1:33953091",2.3e-17
"12189","HISEQ13:138:C6FWNANXX:2:1308:19497:59579_1:60824964",2.3e-17
"12190","HISEQ13:138:C6FWNANXX:2:1304:14584:47203_1:54611499",2.3e-17
"12191","HISEQ13:138:C6FWNANXX:2:2102:14150:31567_1:76390200",2.3e-17
"12192","HISEQ13:138:C6FWNANXX:2:2112:2939:46088_1:91232185",2.3e-17
"12193","HISEQ13:138:C6FWNANXX:2:2114:14511:91894_1:95135931",2.3e-17
"12194","HISEQ13:138:C6FWNANXX:2:2214:20378:7219_1:117775923",2.3e-17
"12195","HISEQ13:138:C6FWNANXX:2:1101:4985:59242_1:845037",2.3e-17
"12196","HISEQ13:138:C6FWNANXX:2:2203:8388:81216_1:102471058",2.3e-17
"12197","HISEQ13:138:C6FWNANXX:2:2301:3920:5553_1:122655715",2.3e-17
"12198","HISEQ13:138:C6FWNANXX:2:2310:7741:71914_1:136644733",2.3e-17
"12199","HISEQ13:138:C6FWNANXX:2:2209:9189:56603_1:110819560",2.3e-17
"12200","HISEQ13:138:C6FWNANXX:2:2211:4128:79283_1:114206925",2.3e-17
"12201","HISEQ13:138:C6FWNANXX:2:2202:7591:4134_1:99963050",2.3e-17
"12202","HISEQ13:138:C6FWNANXX:2:2210:10702:21672_1:111791756",2.3e-17
"12203","HISEQ13:138:C6FWNANXX:2:1111:13386:74148_1:16208284",2.3e-17
"12204","HISEQ13:138:C6FWNANXX:2:2107:11381:13961_1:83273027",2.3e-17
"12205","HISEQ13:138:C6FWNANXX:2:2311:8033:29702_1:137518402",2.3e-17
"12206","HISEQ13:138:C6FWNANXX:2:1305:11052:36877_1:55937507",2.3e-17
"12207","HISEQ13:138:C6FWNANXX:2:2103:10131:22020_1:77662146",2.3e-17
"12208","HISEQ13:138:C6FWNANXX:2:1103:20330:90991_1:4242031",2.3e-17
"12209","HISEQ13:138:C6FWNANXX:2:1208:2591:93799_1:36510227",2.3e-17
"12210","HISEQ13:138:C6FWNANXX:2:1208:6062:69105_1:36127554",2.3e-17
"12211","HISEQ13:138:C6FWNANXX:2:2107:13882:43658_1:83714084",2.3e-17
"12212","HISEQ13:138:C6FWNANXX:2:2212:2655:82868_1:115815710",2.3e-17
"12213","HISEQ13:138:C6FWNANXX:2:1114:12764:46419_1:20507824",2.3e-17
"12214","HISEQ13:138:C6FWNANXX:2:1108:2433:90502_1:11752035",2.3e-17
"12215","HISEQ13:138:C6FWNANXX:2:2312:11343:72833_1:139762367",2.3e-17
"12216","HISEQ13:138:C6FWNANXX:2:2313:17941:44058_1:140887714",2.3e-17
"12217","HISEQ13:138:C6FWNANXX:2:2315:2295:12899_1:143602512",2.3e-17
"12218","HISEQ13:138:C6FWNANXX:2:1105:16458:9252_1:5974546",2.3e-17
"12219","HISEQ13:138:C6FWNANXX:2:2309:5005:58878_1:134926381",2.3e-17
"12220","HISEQ13:138:C6FWNANXX:2:1105:20471:42608_1:6475468",2.4e-17
"12221","HISEQ13:138:C6FWNANXX:2:1105:7526:73788_1:6941202",2.4e-17
"12222","HISEQ13:138:C6FWNANXX:2:2101:11511:92870_1:75855707",2.4e-17
"12223","HISEQ13:138:C6FWNANXX:2:2106:10919:2332_1:81646355",2.4e-17
"12224","HISEQ13:138:C6FWNANXX:2:2214:10886:48972_1:118454935",2.4e-17
"12225","HISEQ13:138:C6FWNANXX:2:1102:17585:74583_1:2534747",2.4e-17
"12226","HISEQ13:138:C6FWNANXX:2:1107:11568:56425_1:9691141",2.4e-17
"12227","HISEQ13:138:C6FWNANXX:2:2111:13281:45748_1:89745781",2.4e-17
"12228","HISEQ13:138:C6FWNANXX:2:2303:5335:13210_1:125555528",2.4e-17
"12229","HISEQ13:138:C6FWNANXX:2:2102:10098:99224_1:77351374",2.4e-17
"12230","HISEQ13:138:C6FWNANXX:2:1215:12891:36445_1:46761269",2.4e-17
"12231","HISEQ13:138:C6FWNANXX:2:2115:18793:61056_1:96244455",2.4e-17
"12232","HISEQ13:138:C6FWNANXX:2:2211:1498:59144_1:113890373",2.4e-17
"12233","HISEQ13:138:C6FWNANXX:2:2304:11390:20125_1:127061054",2.4e-17
"12234","HISEQ13:138:C6FWNANXX:2:2111:9246:94663_1:90560128",2.4e-17
"12235","HISEQ13:138:C6FWNANXX:2:1203:1949:15592_1:27909342",2.4e-17
"12236","HISEQ13:138:C6FWNANXX:2:2216:15413:62507_1:121959343",2.4e-17
"12237","HISEQ13:138:C6FWNANXX:2:1105:13519:73949_1:6942318",2.4e-17
"12238","HISEQ13:138:C6FWNANXX:2:1107:16069:12735_1:9021682",2.4e-17
"12239","HISEQ13:138:C6FWNANXX:2:2307:20485:71938_1:132144277",2.4e-17
"12240","HISEQ13:138:C6FWNANXX:2:1211:20911:34725_1:40239688",2.4e-17
"12241","HISEQ13:138:C6FWNANXX:2:1215:7877:83790_1:47563550",2.4e-17
"12242","HISEQ13:138:C6FWNANXX:2:2309:4956:7086_1:134139742",2.4e-17
"12243","HISEQ13:138:C6FWNANXX:2:1212:9329:18188_1:41535837",2.4e-17
"12244","HISEQ13:138:C6FWNANXX:2:1215:17082:40581_1:46833456",2.4e-17
"12245","HISEQ13:138:C6FWNANXX:2:2301:19189:9762_1:122718468",2.4e-17
"12246","HISEQ13:138:C6FWNANXX:2:1308:7048:36476_1:60460770",2.4e-17
"12247","HISEQ13:138:C6FWNANXX:2:2108:12481:54843_1:85362396",2.4e-17
"12248","HISEQ13:138:C6FWNANXX:2:1301:18846:18959_1:49818796",2.4e-17
"12249","HISEQ13:138:C6FWNANXX:2:2309:14337:96850_1:135511376",2.4e-17
"12250","HISEQ13:138:C6FWNANXX:2:1101:16311:8727_1:99495",2.4e-17
"12251","HISEQ13:138:C6FWNANXX:2:1116:13598:95932_1:24717957",2.4e-17
"12252","HISEQ13:138:C6FWNANXX:2:1212:8195:57362_1:42171412",2.4e-17
"12253","HISEQ13:138:C6FWNANXX:2:2107:14083:15602_1:83299371",2.4e-17
"12254","HISEQ13:138:C6FWNANXX:2:2107:17557:99770_1:84553967",2.4e-17
"12255","HISEQ13:138:C6FWNANXX:2:2110:16637:39568_1:88136461",2.4e-17
"12256","HISEQ13:138:C6FWNANXX:2:2313:4251:63058_1:141192588",2.4e-17
"12257","HISEQ13:138:C6FWNANXX:2:2103:8811:45393_1:77993857",2.4e-17
"12258","HISEQ13:138:C6FWNANXX:2:2308:20376:89928_1:133899120",2.4e-17
"12259","HISEQ13:138:C6FWNANXX:2:1112:5449:70356_1:17625043",2.4e-17
"12260","HISEQ13:138:C6FWNANXX:2:1301:5236:65638_1:50503591",2.4e-17
"12261","HISEQ13:138:C6FWNANXX:2:1304:15935:8490_1:54034773",2.4e-17
"12262","HISEQ13:138:C6FWNANXX:2:1311:18355:70887_1:65708399",2.4e-17
"12263","HISEQ13:138:C6FWNANXX:2:1312:16788:40446_1:66825044",2.4e-17
"12264","HISEQ13:138:C6FWNANXX:2:2115:8643:73782_1:96449963",2.4e-17
"12265","HISEQ13:138:C6FWNANXX:2:2216:12969:30580_1:121417314",2.4e-17
"12266","HISEQ13:138:C6FWNANXX:2:2310:9026:2616_1:135579797",2.4e-17
"12267","HISEQ13:138:C6FWNANXX:2:2109:13944:36831_1:86587364",2.4e-17
"12268","HISEQ13:138:C6FWNANXX:2:1212:11721:33596_1:41785681",2.5e-17
"12269","HISEQ13:138:C6FWNANXX:2:1310:4150:14299_1:63223624",2.5e-17
"12270","HISEQ13:138:C6FWNANXX:2:1315:16515:97455_1:72780499",2.5e-17
"12271","HISEQ13:138:C6FWNANXX:2:2314:5642:18676_1:142072739",2.5e-17
"12272","HISEQ13:138:C6FWNANXX:2:1215:14997:69747_1:47324572",2.5e-17
"12273","HISEQ13:138:C6FWNANXX:2:1103:17388:82749_1:4119036",2.5e-17
"12274","HISEQ13:138:C6FWNANXX:2:1204:6764:68326_1:30135422",2.5e-17
"12275","HISEQ13:138:C6FWNANXX:2:2112:14996:70084_1:91611476",2.5e-17
"12276","HISEQ13:138:C6FWNANXX:2:2206:2722:44470_1:106217625",2.5e-17
"12277","HISEQ13:138:C6FWNANXX:2:2212:15095:24098_1:114887155",2.5e-17
"12278","HISEQ13:138:C6FWNANXX:2:1302:19134:97930_1:52434955",2.5e-17
"12279","HISEQ13:138:C6FWNANXX:2:1105:9177:9107_1:5969371",2.5e-17
"12280","HISEQ13:138:C6FWNANXX:2:1315:21197:30449_1:71625585",2.5e-17
"12281","HISEQ13:138:C6FWNANXX:2:2206:17697:18135_1:105836853",2.5e-17
"12282","HISEQ13:138:C6FWNANXX:2:1208:9367:55878_1:35922494",2.5e-17
"12283","HISEQ13:138:C6FWNANXX:2:2212:20484:16567_1:114768916",2.5e-17
"12284","HISEQ13:138:C6FWNANXX:2:2311:21217:68333_1:138128958",2.5e-17
"12285","HISEQ13:138:C6FWNANXX:2:2316:11863:90635_1:146554884",2.5e-17
"12286","HISEQ13:138:C6FWNANXX:2:1113:1411:88869_1:19560770",2.5e-17
"12287","HISEQ13:138:C6FWNANXX:2:2114:3195:65919_1:94711863",2.5e-17
"12288","HISEQ13:138:C6FWNANXX:2:2115:7327:32272_1:95774720",2.5e-17
"12289","HISEQ13:138:C6FWNANXX:2:2310:15353:88301_1:136898099",2.5e-17
"12290","HISEQ13:138:C6FWNANXX:2:2105:11819:71499_1:81211088",2.5e-17
"12291","HISEQ13:138:C6FWNANXX:2:2114:13011:40425_1:94298029",2.5e-17
"12292","HISEQ13:138:C6FWNANXX:2:2115:13922:94541_1:96791399",2.5e-17
"12293","HISEQ13:138:C6FWNANXX:2:2309:18387:98235_1:135531567",2.5e-17
"12294","HISEQ13:138:C6FWNANXX:2:1215:5245:86011_1:47601011",2.5e-17
"12295","HISEQ13:138:C6FWNANXX:2:1310:17889:90284_1:64432082",2.5e-17
"12296","HISEQ13:138:C6FWNANXX:2:1114:8712:62970_1:20784727",2.5e-17
"12297","HISEQ13:138:C6FWNANXX:2:1113:5590:31668_1:18613343",2.5e-17
"12298","HISEQ13:138:C6FWNANXX:2:1105:9876:85952_1:7122581",2.5e-17
"12299","HISEQ13:138:C6FWNANXX:2:2203:15905:12044_1:101487049",2.5e-17
"12300","HISEQ13:138:C6FWNANXX:2:1115:17991:55245_1:22325569",2.5e-17
"12301","HISEQ13:138:C6FWNANXX:2:2110:11534:35836_1:88078441",2.5e-17
"12302","HISEQ13:138:C6FWNANXX:2:2304:11226:34945_1:127272353",2.5e-17
"12303","HISEQ13:138:C6FWNANXX:2:1216:12829:63468_1:48917966",2.6e-17
"12304","HISEQ13:138:C6FWNANXX:2:1115:21346:100240_1:23092477",2.6e-17
"12305","HISEQ13:138:C6FWNANXX:2:1303:8896:98418_1:53902120",2.6e-17
"12306","HISEQ13:138:C6FWNANXX:2:2314:19452:61926_1:142787331",2.6e-17
"12307","HISEQ13:138:C6FWNANXX:2:2312:12983:34291_1:139152253",2.6e-17
"12308","HISEQ13:138:C6FWNANXX:2:1103:16075:56902_1:3736810",2.6e-17
"12309","HISEQ13:138:C6FWNANXX:2:1103:4208:63581_1:3834676",2.6e-17
"12310","HISEQ13:138:C6FWNANXX:2:1108:10240:92440_1:11780914",2.6e-17
"12311","HISEQ13:138:C6FWNANXX:2:1214:11323:73456_1:45714930",2.6e-17
"12312","HISEQ13:138:C6FWNANXX:2:2302:13929:33450_1:124444573",2.6e-17
"12313","HISEQ13:138:C6FWNANXX:2:2213:1951:100610_1:117685025",2.6e-17
"12314","HISEQ13:138:C6FWNANXX:2:2303:16976:20870_1:125667517",2.6e-17
"12315","HISEQ13:138:C6FWNANXX:2:2109:14429:18296_1:86306908",2.6e-17
"12316","HISEQ13:138:C6FWNANXX:2:1308:2162:83124_1:61190523",2.6e-17
"12317","HISEQ13:138:C6FWNANXX:2:1215:20098:35491_1:46745741",2.6e-17
"12318","HISEQ13:138:C6FWNANXX:2:1312:9972:53958_1:67044438",2.6e-17
"12319","HISEQ13:138:C6FWNANXX:2:1116:7946:94321_1:24690201",2.6e-17
"12320","HISEQ13:138:C6FWNANXX:2:2207:6363:96003_1:108438192",2.6e-17
"12321","HISEQ13:138:C6FWNANXX:2:2312:11560:28272_1:139057908",2.6e-17
"12322","HISEQ13:138:C6FWNANXX:2:1209:14233:90260_1:37999231",2.6e-17
"12323","HISEQ13:138:C6FWNANXX:2:2210:6659:23799_1:111825520",2.6e-17
"12324","HISEQ13:138:C6FWNANXX:2:2104:15760:35184_1:79260622",2.6e-17
"12325","HISEQ13:138:C6FWNANXX:2:1313:7707:9406_1:67939452",2.6e-17
"12326","HISEQ13:138:C6FWNANXX:2:2103:19188:24812_1:77703348",2.6e-17
"12327","HISEQ13:138:C6FWNANXX:2:2110:17014:53675_1:88350815",2.7e-17
"12328","HISEQ13:138:C6FWNANXX:2:2316:14347:58922_1:146019006",2.7e-17
"12329","HISEQ13:138:C6FWNANXX:2:1311:2805:11238_1:64740657",2.7e-17
"12330","HISEQ13:138:C6FWNANXX:2:2110:9007:66238_1:88540106",2.7e-17
"12331","HISEQ13:138:C6FWNANXX:2:2311:10688:90921_1:138483349",2.7e-17
"12332","HISEQ13:138:C6FWNANXX:2:1306:18058:17398_1:57138182",2.7e-17
"12333","HISEQ13:138:C6FWNANXX:2:2216:18176:70097_1:122087533",2.7e-17
"12334","HISEQ13:138:C6FWNANXX:2:1207:12170:86935_1:34882033",2.7e-17
"12335","HISEQ13:138:C6FWNANXX:2:1110:17078:93290_1:14915313",2.7e-17
"12336","HISEQ13:138:C6FWNANXX:2:2213:19017:99388_1:117668132",2.7e-17
"12337","HISEQ13:138:C6FWNANXX:2:1210:19573:68592_1:39209121",2.7e-17
"12338","HISEQ13:138:C6FWNANXX:2:2206:17896:3907_1:105628312",2.7e-17
"12339","HISEQ13:138:C6FWNANXX:2:1201:8017:69443_1:25796339",2.7e-17
"12340","HISEQ13:138:C6FWNANXX:2:1110:4233:20587_1:13766912",2.7e-17
"12341","HISEQ13:138:C6FWNANXX:2:1211:2756:3002_1:39730181",2.7e-17
"12342","HISEQ13:138:C6FWNANXX:2:2215:2744:11913_1:119466157",2.8e-17
"12343","HISEQ13:138:C6FWNANXX:2:1206:9460:76567_1:33226325",2.8e-17
"12344","HISEQ13:138:C6FWNANXX:2:1214:6335:60681_1:45498733",2.8e-17
"12345","HISEQ13:138:C6FWNANXX:2:2203:19383:36089_1:101830384",2.8e-17
"12346","HISEQ13:138:C6FWNANXX:2:1214:16968:65262_1:45581326",2.8e-17
"12347","HISEQ13:138:C6FWNANXX:2:1207:6938:93288_1:34980150",2.8e-17
"12348","HISEQ13:138:C6FWNANXX:2:1304:8571:78853_1:55085345",2.8e-17
"12349","HISEQ13:138:C6FWNANXX:2:1307:3578:27548_1:58802044",2.8e-17
"12350","HISEQ13:138:C6FWNANXX:2:2108:3110:17045_1:84792820",2.8e-17
"12351","HISEQ13:138:C6FWNANXX:2:2309:7415:7711_1:134148003",2.8e-17
"12352","HISEQ13:138:C6FWNANXX:2:2305:19572:11089_1:128352164",2.8e-17
"12353","HISEQ13:138:C6FWNANXX:2:1201:10701:4610_1:24843201",2.8e-17
"12354","HISEQ13:138:C6FWNANXX:2:1314:12046:74530_1:70696220",2.8e-17
"12355","HISEQ13:138:C6FWNANXX:2:1316:2069:53035_1:73728060",2.8e-17
"12356","HISEQ13:138:C6FWNANXX:2:1315:7058:62691_1:72176455",2.8e-17
"12357","HISEQ13:138:C6FWNANXX:2:2103:15647:5428_1:77424848",2.8e-17
"12358","HISEQ13:138:C6FWNANXX:2:1109:5636:21172_1:12212817",2.8e-17
"12359","HISEQ13:138:C6FWNANXX:2:2309:16530:37220_1:134597978",2.8e-17
"12360","HISEQ13:138:C6FWNANXX:2:2103:8580:100244_1:78771466",2.8e-17
"12361","HISEQ13:138:C6FWNANXX:2:1103:17493:80916_1:4093035",2.8e-17
"12362","HISEQ13:138:C6FWNANXX:2:1307:3313:92647_1:59801987",2.8e-17
"12363","HISEQ13:138:C6FWNANXX:2:2103:17017:86200_1:78573384",2.8e-17
"12364","HISEQ13:138:C6FWNANXX:2:2105:5506:93797_1:81537934",2.8e-17
"12365","HISEQ13:138:C6FWNANXX:2:2115:6309:27450_1:95693560",2.8e-17
"12366","HISEQ13:138:C6FWNANXX:2:1109:19205:95207_1:13384712",2.9e-17
"12367","HISEQ13:138:C6FWNANXX:2:1305:15274:88652_1:56717772",2.9e-17
"12368","HISEQ13:138:C6FWNANXX:2:1316:18062:52955_1:73727205",2.9e-17
"12369","HISEQ13:138:C6FWNANXX:2:2105:9993:75197_1:81265464",2.9e-17
"12370","HISEQ13:138:C6FWNANXX:2:2214:10485:96794_1:119241261",2.9e-17
"12371","HISEQ13:138:C6FWNANXX:2:2213:15049:97544_1:117639133",2.9e-17
"12372","HISEQ13:138:C6FWNANXX:2:1208:3506:93478_1:36502629",2.9e-17
"12373","HISEQ13:138:C6FWNANXX:2:2308:12558:78907_1:133731507",2.9e-17
"12374","HISEQ13:138:C6FWNANXX:2:1305:3119:41751_1:56011362",2.9e-17
"12375","HISEQ13:138:C6FWNANXX:2:1310:4052:67955_1:64073602",2.9e-17
"12376","HISEQ13:138:C6FWNANXX:2:1314:15859:7437_1:69555312",2.9e-17
"12377","HISEQ13:138:C6FWNANXX:2:2204:12924:73964_1:103781451",2.9e-17
"12378","HISEQ13:138:C6FWNANXX:2:2206:20551:54082_1:106364052",2.9e-17
"12379","HISEQ13:138:C6FWNANXX:2:2313:14904:42375_1:140858962",2.9e-17
"12380","HISEQ13:138:C6FWNANXX:2:2201:9446:6396_1:98587732",2.9e-17
"12381","HISEQ13:138:C6FWNANXX:2:2305:12658:45415_1:128847345",2.9e-17
"12382","HISEQ13:138:C6FWNANXX:2:1114:11488:77031_1:21025100",2.9e-17
"12383","HISEQ13:138:C6FWNANXX:2:1216:20069:33221_1:48395411",2.9e-17
"12384","HISEQ13:138:C6FWNANXX:2:2206:20947:26909_1:105964880",2.9e-17
"12385","HISEQ13:138:C6FWNANXX:2:1301:17377:50167_1:50277506",2.9e-17
"12386","HISEQ13:138:C6FWNANXX:2:2310:16509:25182_1:135927924",2.9e-17
"12387","HISEQ13:138:C6FWNANXX:2:1305:14314:17996_1:55654514",2.9e-17
"12388","HISEQ13:138:C6FWNANXX:2:2216:2612:31800_1:121436463",2.9e-17
"12389","HISEQ13:138:C6FWNANXX:2:2108:12581:95077_1:85971507",2.9e-17
"12390","HISEQ13:138:C6FWNANXX:2:1211:15557:98004_1:41263340",2.9e-17
"12391","HISEQ13:138:C6FWNANXX:2:1111:16054:34260_1:15549574",2.9e-17
"12392","HISEQ13:138:C6FWNANXX:2:2209:20268:77699_1:111141186",3e-17
"12393","HISEQ13:138:C6FWNANXX:2:1104:15926:35268_1:4885527",3e-17
"12394","HISEQ13:138:C6FWNANXX:2:1310:18309:6684_1:63104127",3e-17
"12395","HISEQ13:138:C6FWNANXX:2:2104:8836:38076_1:79302443",3e-17
"12396","HISEQ13:138:C6FWNANXX:2:1216:2264:51997_1:48715900",3e-17
"12397","HISEQ13:138:C6FWNANXX:2:1101:5487:52802_1:752088",3e-17
"12398","HISEQ13:138:C6FWNANXX:2:1303:2851:60889_1:53346026",3e-17
"12399","HISEQ13:138:C6FWNANXX:2:1201:3586:6433_1:24867652",3e-17
"12400","HISEQ13:138:C6FWNANXX:2:1110:20307:21798_1:13789902",3e-17
"12401","HISEQ13:138:C6FWNANXX:2:1303:8051:41400_1:53059013",3e-17
"12402","HISEQ13:138:C6FWNANXX:2:2215:14335:42538_1:119975917",3e-17
"12403","HISEQ13:138:C6FWNANXX:2:2305:20963:29499_1:128615724",3e-17
"12404","HISEQ13:138:C6FWNANXX:2:1306:12389:25843_1:57266778",3e-17
"12405","HISEQ13:138:C6FWNANXX:2:1106:1784:86034_1:8630509",3e-17
"12406","HISEQ13:138:C6FWNANXX:2:1210:6788:19793_1:38443938",3e-17
"12407","HISEQ13:138:C6FWNANXX:2:2109:9209:18373_1:86305934",3e-17
"12408","HISEQ13:138:C6FWNANXX:2:2209:15588:27723_1:110381493",3e-17
"12409","HISEQ13:138:C6FWNANXX:2:1313:17324:27810_1:68247405",3e-17
"12410","HISEQ13:138:C6FWNANXX:2:2107:4363:64379_1:84021337",3e-17
"12411","HISEQ13:138:C6FWNANXX:2:2109:18614:15606_1:86266312",3e-17
"12412","HISEQ13:138:C6FWNANXX:2:2111:2528:47193_1:89767195",3e-17
"12413","HISEQ13:138:C6FWNANXX:2:1307:10358:44127_1:59056448",3e-17
"12414","HISEQ13:138:C6FWNANXX:2:2203:4055:99538_1:102734662",3e-17
"12415","HISEQ13:138:C6FWNANXX:2:2309:14014:83807_1:135312530",3e-17
"12416","HISEQ13:138:C6FWNANXX:2:1205:16924:98425_1:32061536",3e-17
"12417","HISEQ13:138:C6FWNANXX:2:1304:18934:84625_1:55173455",3e-17
"12418","HISEQ13:138:C6FWNANXX:2:2315:13633:89680_1:144871173",3e-17
"12419","HISEQ13:138:C6FWNANXX:2:1104:17202:46718_1:5053541",3e-17
"12420","HISEQ13:138:C6FWNANXX:2:2215:18588:40462_1:119939669",3e-17
"12421","HISEQ13:138:C6FWNANXX:2:2104:13722:87750_1:80016378",3e-17
"12422","HISEQ13:138:C6FWNANXX:2:1207:8574:43332_1:34218502",3e-17
"12423","HISEQ13:138:C6FWNANXX:2:1212:11959:57205_1:42168154",3e-17
"12424","HISEQ13:138:C6FWNANXX:2:2207:2709:94597_1:108415183",3.1e-17
"12425","HISEQ13:138:C6FWNANXX:2:2101:2924:96004_1:75900553",3.1e-17
"12426","HISEQ13:138:C6FWNANXX:2:1114:11923:22423_1:20105796",3.1e-17
"12427","HISEQ13:138:C6FWNANXX:2:1210:15840:15995_1:38382281",3.1e-17
"12428","HISEQ13:138:C6FWNANXX:2:1302:20167:51291_1:51749239",3.1e-17
"12429","HISEQ13:138:C6FWNANXX:2:2308:13952:56374_1:133391757",3.1e-17
"12430","HISEQ13:138:C6FWNANXX:2:1107:19817:81550_1:10079667",3.1e-17
"12431","HISEQ13:138:C6FWNANXX:2:1315:17636:2116_1:71145448",3.1e-17
"12432","HISEQ13:138:C6FWNANXX:2:1214:19833:60217_1:45493265",3.1e-17
"12433","HISEQ13:138:C6FWNANXX:2:2213:8825:8827_1:116214109",3.1e-17
"12434","HISEQ13:138:C6FWNANXX:2:2106:5611:5252_1:81689588",3.1e-17
"12435","HISEQ13:138:C6FWNANXX:2:1105:21430:9722_1:5979071",3.1e-17
"12436","HISEQ13:138:C6FWNANXX:2:1212:2896:69144_1:42362163",3.1e-17
"12437","HISEQ13:138:C6FWNANXX:2:2301:11086:30771_1:123014054",3.1e-17
"12438","HISEQ13:138:C6FWNANXX:2:2109:6122:87813_1:87362414",3.1e-17
"12439","HISEQ13:138:C6FWNANXX:2:1101:20187:25378_1:348575",3.1e-17
"12440","HISEQ13:138:C6FWNANXX:2:1309:12041:79339_1:62691872",3.2e-17
"12441","HISEQ13:138:C6FWNANXX:2:1201:17296:91346_1:26121146",3.2e-17
"12442","HISEQ13:138:C6FWNANXX:2:2116:3606:28718_1:97333836",3.2e-17
"12443","HISEQ13:138:C6FWNANXX:2:2112:17949:26070_1:90923191",3.2e-17
"12444","HISEQ13:138:C6FWNANXX:2:1104:14856:14532_1:4575535",3.2e-17
"12445","HISEQ13:138:C6FWNANXX:2:1204:18725:19645_1:29413248",3.2e-17
"12446","HISEQ13:138:C6FWNANXX:2:2215:18929:17072_1:119555749",3.2e-17
"12447","HISEQ13:138:C6FWNANXX:2:2314:1228:36355_1:142362256",3.2e-17
"12448","HISEQ13:138:C6FWNANXX:2:2301:20121:20752_1:122874331",3.2e-17
"12449","HISEQ13:138:C6FWNANXX:2:1109:6441:69261_1:12975261",3.2e-17
"12450","HISEQ13:138:C6FWNANXX:2:2103:8710:95901_1:78710853",3.2e-17
"12451","HISEQ13:138:C6FWNANXX:2:2114:4733:76248_1:94878964",3.2e-17
"12452","HISEQ13:138:C6FWNANXX:2:1103:17577:91022_1:4245191",3.2e-17
"12453","HISEQ13:138:C6FWNANXX:2:1106:15335:41740_1:7954164",3.2e-17
"12454","HISEQ13:138:C6FWNANXX:2:2305:2819:53307_1:128962789",3.2e-17
"12455","HISEQ13:138:C6FWNANXX:2:1104:11823:77648_1:5515203",3.2e-17
"12456","HISEQ13:138:C6FWNANXX:2:1206:12157:15878_1:32306862",3.2e-17
"12457","HISEQ13:138:C6FWNANXX:2:1110:2141:86934_1:14810541",3.2e-17
"12458","HISEQ13:138:C6FWNANXX:2:1311:7043:61638_1:65555726",3.3e-17
"12459","HISEQ13:138:C6FWNANXX:2:2201:12852:57448_1:99314757",3.3e-17
"12460","HISEQ13:138:C6FWNANXX:2:2203:17525:61311_1:102190366",3.3e-17
"12461","HISEQ13:138:C6FWNANXX:2:2207:1839:98269_1:108470952",3.3e-17
"12462","HISEQ13:138:C6FWNANXX:2:2306:20774:95951_1:131035526",3.3e-17
"12463","HISEQ13:138:C6FWNANXX:2:1212:13429:15912_1:41504295",3.3e-17
"12464","HISEQ13:138:C6FWNANXX:2:1311:2385:88831_1:66000563",3.3e-17
"12465","HISEQ13:138:C6FWNANXX:2:2306:4352:55413_1:130436522",3.3e-17
"12466","HISEQ13:138:C6FWNANXX:2:1205:16895:23866_1:30947320",3.3e-17
"12467","HISEQ13:138:C6FWNANXX:2:2205:9669:81715_1:105319816",3.3e-17
"12468","HISEQ13:138:C6FWNANXX:2:2116:4155:24941_1:97271639",3.3e-17
"12469","HISEQ13:138:C6FWNANXX:2:1206:17725:62058_1:33008487",3.3e-17
"12470","HISEQ13:138:C6FWNANXX:2:2216:5404:12167_1:121106003",3.3e-17
"12471","HISEQ13:138:C6FWNANXX:2:1214:7845:91692_1:46020990",3.3e-17
"12472","HISEQ13:138:C6FWNANXX:2:2115:6218:99038_1:96864374",3.3e-17
"12473","HISEQ13:138:C6FWNANXX:2:2116:20732:80192_1:98184792",3.3e-17
"12474","HISEQ13:138:C6FWNANXX:2:2213:3539:23314_1:116443461",3.3e-17
"12475","HISEQ13:138:C6FWNANXX:2:2312:16130:35821_1:139176721",3.3e-17
"12476","HISEQ13:138:C6FWNANXX:2:1111:11045:73250_1:16194476",3.3e-17
"12477","HISEQ13:138:C6FWNANXX:2:1115:2502:98638_1:23063079",3.3e-17
"12478","HISEQ13:138:C6FWNANXX:2:1302:9012:2827_1:51033867",3.3e-17
"12479","HISEQ13:138:C6FWNANXX:2:1303:18208:44707_1:53108890",3.3e-17
"12480","HISEQ13:138:C6FWNANXX:2:2309:2017:57948_1:134910477",3.3e-17
"12481","HISEQ13:138:C6FWNANXX:2:1315:19545:69981_1:72304611",3.3e-17
"12482","HISEQ13:138:C6FWNANXX:2:2111:18853:68309_1:90113655",3.3e-17
"12483","HISEQ13:138:C6FWNANXX:2:1309:14134:61766_1:62414563",3.3e-17
"12484","HISEQ13:138:C6FWNANXX:2:2204:3979:84336_1:103930740",3.3e-17
"12485","HISEQ13:138:C6FWNANXX:2:2211:10050:17301_1:113238494",3.3e-17
"12486","HISEQ13:138:C6FWNANXX:2:2310:4427:13898_1:135751013",3.3e-17
"12487","HISEQ13:138:C6FWNANXX:2:1301:10830:62653_1:50460630",3.3e-17
"12488","HISEQ13:138:C6FWNANXX:2:2206:8256:38814_1:106138032",3.3e-17
"12489","HISEQ13:138:C6FWNANXX:2:1302:18417:19559_1:51282557",3.3e-17
"12490","HISEQ13:138:C6FWNANXX:2:2209:2824:82512_1:111214378",3.3e-17
"12491","HISEQ13:138:C6FWNANXX:2:2310:6348:42708_1:136195843",3.3e-17
"12492","HISEQ13:138:C6FWNANXX:2:1204:10698:6897_1:29238008",3.3e-17
"12493","HISEQ13:138:C6FWNANXX:2:2110:17788:90250_1:88910990",3.3e-17
"12494","HISEQ13:138:C6FWNANXX:2:2213:9276:6483_1:116174181",3.4e-17
"12495","HISEQ13:138:C6FWNANXX:2:1216:2594:21734_1:48193059",3.4e-17
"12496","HISEQ13:138:C6FWNANXX:2:2208:12483:45781_1:109164358",3.4e-17
"12497","HISEQ13:138:C6FWNANXX:2:2201:20783:30204_1:98928473",3.4e-17
"12498","HISEQ13:138:C6FWNANXX:2:1314:11004:12967_1:69647145",3.4e-17
"12499","HISEQ13:138:C6FWNANXX:2:2106:5965:6935_1:81711693",3.4e-17
"12500","HISEQ13:138:C6FWNANXX:2:2210:15444:77834_1:112650340",3.4e-17
"12501","HISEQ13:138:C6FWNANXX:2:2210:16013:78538_1:112661866",3.4e-17
"12502","HISEQ13:138:C6FWNANXX:2:1106:11119:86039_1:8632256",3.4e-17
"12503","HISEQ13:138:C6FWNANXX:2:1210:8132:24454_1:38515358",3.4e-17
"12504","HISEQ13:138:C6FWNANXX:2:2313:4409:52595_1:141022069",3.4e-17
"12505","HISEQ13:138:C6FWNANXX:2:2301:13235:84530_1:123771779",3.4e-17
"12506","HISEQ13:138:C6FWNANXX:2:2206:18115:50280_1:106308463",3.4e-17
"12507","HISEQ13:138:C6FWNANXX:2:1202:4862:76308_1:27349647",3.4e-17
"12508","HISEQ13:138:C6FWNANXX:2:1104:15648:79454_1:5541399",3.4e-17
"12509","HISEQ13:138:C6FWNANXX:2:2206:5529:8844_1:105699331",3.4e-17
"12510","HISEQ13:138:C6FWNANXX:2:1111:13069:66194_1:16069239",3.4e-17
"12511","HISEQ13:138:C6FWNANXX:2:2105:5608:32066_1:80642052",3.4e-17
"12512","HISEQ13:138:C6FWNANXX:2:2113:2871:77489_1:93298795",3.4e-17
"12513","HISEQ13:138:C6FWNANXX:2:1111:15282:90375_1:16503800",3.4e-17
"12514","HISEQ13:138:C6FWNANXX:2:2106:9165:97995_1:83051049",3.4e-17
"12515","HISEQ13:138:C6FWNANXX:2:1113:5700:54203_1:18983575",3.4e-17
"12516","HISEQ13:138:C6FWNANXX:2:2105:9061:45833_1:80842583",3.4e-17
"12517","HISEQ13:138:C6FWNANXX:2:1204:6176:33229_1:29611594",3.4e-17
"12518","HISEQ13:138:C6FWNANXX:2:1207:20546:62581_1:34512684",3.4e-17
"12519","HISEQ13:138:C6FWNANXX:2:2104:14254:99193_1:80180920",3.4e-17
"12520","HISEQ13:138:C6FWNANXX:2:2210:10702:21672_1:111791757",3.4e-17
"12521","HISEQ13:138:C6FWNANXX:2:2114:10115:59012_1:94602710",3.4e-17
"12522","HISEQ13:138:C6FWNANXX:2:2215:20046:46607_1:120041680",3.4e-17
"12523","HISEQ13:138:C6FWNANXX:2:1107:3808:16241_1:9073369",3.4e-17
"12524","HISEQ13:138:C6FWNANXX:2:1114:13778:15069_1:19984377",3.4e-17
"12525","HISEQ13:138:C6FWNANXX:2:1211:6119:84145_1:41034347",3.4e-17
"12526","HISEQ13:138:C6FWNANXX:2:1306:1417:74679_1:58009394",3.4e-17
"12527","HISEQ13:138:C6FWNANXX:2:2107:20325:96915_1:84509857",3.4e-17
"12528","HISEQ13:138:C6FWNANXX:2:2211:11230:93676_1:114432425",3.4e-17
"12529","HISEQ13:138:C6FWNANXX:2:2213:13343:79383_1:117345648",3.4e-17
"12530","HISEQ13:138:C6FWNANXX:2:2304:20005:63963_1:127690080",3.4e-17
"12531","HISEQ13:138:C6FWNANXX:2:2212:12293:82045_1:115805564",3.4e-17
"12532","HISEQ13:138:C6FWNANXX:2:1302:12387:30497_1:51438325",3.5e-17
"12533","HISEQ13:138:C6FWNANXX:2:2204:16929:23218_1:103054171",3.5e-17
"12534","HISEQ13:138:C6FWNANXX:2:2309:15139:90407_1:135411548",3.5e-17
"12535","HISEQ13:138:C6FWNANXX:2:1308:11843:95435_1:61384472",3.5e-17
"12536","HISEQ13:138:C6FWNANXX:2:2110:8777:84328_1:88817326",3.5e-17
"12537","HISEQ13:138:C6FWNANXX:2:2116:16347:48333_1:97662918",3.5e-17
"12538","HISEQ13:138:C6FWNANXX:2:1102:9003:69848_1:2462760",3.5e-17
"12539","HISEQ13:138:C6FWNANXX:2:1301:17792:29308_1:49973351",3.5e-17
"12540","HISEQ13:138:C6FWNANXX:2:2203:13664:84352_1:102518262",3.5e-17
"12541","HISEQ13:138:C6FWNANXX:2:1202:5304:93956_1:27606325",3.5e-17
"12542","HISEQ13:138:C6FWNANXX:2:1215:2235:58991_1:47139273",3.5e-17
"12543","HISEQ13:138:C6FWNANXX:2:2105:6618:20039_1:80468056",3.5e-17
"12544","HISEQ13:138:C6FWNANXX:2:2314:8313:21237_1:142114201",3.5e-17
"12545","HISEQ13:138:C6FWNANXX:2:2208:7781:43344_1:109125807",3.5e-17
"12546","HISEQ13:138:C6FWNANXX:2:2102:3394:86875_1:77175706",3.5e-17
"12547","HISEQ13:138:C6FWNANXX:2:2116:21290:87999_1:98312768",3.5e-17
"12548","HISEQ13:138:C6FWNANXX:2:2216:11672:65994_1:122013821",3.5e-17
"12549","HISEQ13:138:C6FWNANXX:2:1316:3049:62656_1:73894663",3.5e-17
"12550","HISEQ13:138:C6FWNANXX:2:2114:15409:4035_1:93713012",3.5e-17
"12551","HISEQ13:138:C6FWNANXX:2:1312:5344:100392_1:67809530",3.5e-17
"12552","HISEQ13:138:C6FWNANXX:2:2210:18506:38986_1:112055968",3.5e-17
"12553","HISEQ13:138:C6FWNANXX:2:2111:9928:26739_1:89448640",3.5e-17
"12554","HISEQ13:138:C6FWNANXX:2:1311:14116:58206_1:65500882",3.5e-17
"12555","HISEQ13:138:C6FWNANXX:2:1111:4823:50588_1:15808644",3.5e-17
"12556","HISEQ13:138:C6FWNANXX:2:1109:15155:5798_1:11975623",3.6e-17
"12557","HISEQ13:138:C6FWNANXX:2:1308:14865:46689_1:60621177",3.6e-17
"12558","HISEQ13:138:C6FWNANXX:2:1310:2291:44125_1:63696079",3.6e-17
"12559","HISEQ13:138:C6FWNANXX:2:2311:8138:29495_1:137514520",3.6e-17
"12560","HISEQ13:138:C6FWNANXX:2:1108:3636:62293_1:11309057",3.6e-17
"12561","HISEQ13:138:C6FWNANXX:2:1110:15647:18141_1:13729767",3.6e-17
"12562","HISEQ13:138:C6FWNANXX:2:1111:5100:51876_1:15829286",3.6e-17
"12563","HISEQ13:138:C6FWNANXX:2:2105:11099:25655_1:80548625",3.6e-17
"12564","HISEQ13:138:C6FWNANXX:2:2314:17196:40593_1:142435316",3.6e-17
"12565","HISEQ13:138:C6FWNANXX:2:1110:18295:47144_1:14188053",3.6e-17
"12566","HISEQ13:138:C6FWNANXX:2:2105:14557:63450_1:81096818",3.6e-17
"12567","HISEQ13:138:C6FWNANXX:2:2210:2776:24401_1:111832253",3.6e-17
"12568","HISEQ13:138:C6FWNANXX:2:2306:9455:72207_1:130684646",3.6e-17
"12569","HISEQ13:138:C6FWNANXX:2:2108:9590:90986_1:85906438",3.6e-17
"12570","HISEQ13:138:C6FWNANXX:2:1214:6167:81115_1:45844382",3.6e-17
"12571","HISEQ13:138:C6FWNANXX:2:1205:21253:59245_1:31474477",3.6e-17
"12572","HISEQ13:138:C6FWNANXX:2:1310:8709:72076_1:64141732",3.6e-17
"12573","HISEQ13:138:C6FWNANXX:2:2112:12046:34048_1:91046737",3.6e-17
"12574","HISEQ13:138:C6FWNANXX:2:2212:11618:65488_1:115537711",3.6e-17
"12575","HISEQ13:138:C6FWNANXX:2:2114:12535:45258_1:94378896",3.6e-17
"12576","HISEQ13:138:C6FWNANXX:2:1109:8375:18345_1:12170383",3.6e-17
"12577","HISEQ13:138:C6FWNANXX:2:2203:8046:95176_1:102671337",3.6e-17
"12578","HISEQ13:138:C6FWNANXX:2:1107:5399:91204_1:10222913",3.6e-17
"12579","HISEQ13:138:C6FWNANXX:2:1215:11226:50990_1:47005208",3.6e-17
"12580","HISEQ13:138:C6FWNANXX:2:1308:12267:93397_1:61353214",3.6e-17
"12581","HISEQ13:138:C6FWNANXX:2:2204:5944:85381_1:103945486",3.6e-17
"12582","HISEQ13:138:C6FWNANXX:2:1115:17466:31811_1:21932284",3.6e-17
"12583","HISEQ13:138:C6FWNANXX:2:1304:12651:3495_1:53959505",3.6e-17
"12584","HISEQ13:138:C6FWNANXX:2:1104:17162:27748_1:4770071",3.6e-17
"12585","HISEQ13:138:C6FWNANXX:2:1204:13074:26697_1:29516041",3.6e-17
"12586","HISEQ13:138:C6FWNANXX:2:1209:20599:47892_1:37335234",3.6e-17
"12587","HISEQ13:138:C6FWNANXX:2:1310:9553:85698_1:64354759",3.6e-17
"12588","HISEQ13:138:C6FWNANXX:2:2112:17878:28301_1:90958090",3.6e-17
"12589","HISEQ13:138:C6FWNANXX:2:1103:21430:85969_1:4168457",3.6e-17
"12590","HISEQ13:138:C6FWNANXX:2:2116:3098:61654_1:97877144",3.6e-17
"12591","HISEQ13:138:C6FWNANXX:2:2306:10648:85218_1:130874323",3.6e-17
"12592","HISEQ13:138:C6FWNANXX:2:2105:18249:37374_1:80720340",3.7e-17
"12593","HISEQ13:138:C6FWNANXX:2:1112:16369:51311_1:17318928",3.7e-17
"12594","HISEQ13:138:C6FWNANXX:2:1113:1411:88869_1:19560771",3.7e-17
"12595","HISEQ13:138:C6FWNANXX:2:2209:17560:4677_1:110033508",3.7e-17
"12596","HISEQ13:138:C6FWNANXX:2:1215:1777:23235_1:46533250",3.7e-17
"12597","HISEQ13:138:C6FWNANXX:2:2315:11672:2608_1:143435522",3.7e-17
"12598","HISEQ13:138:C6FWNANXX:2:1211:10005:7986_1:39807350",3.7e-17
"12599","HISEQ13:138:C6FWNANXX:2:1204:6632:35932_1:29652318",3.7e-17
"12600","HISEQ13:138:C6FWNANXX:2:1305:14943:98112_1:56861862",3.7e-17
"12601","HISEQ13:138:C6FWNANXX:2:2115:19057:63082_1:96277004",3.7e-17
"12602","HISEQ13:138:C6FWNANXX:2:2204:5778:91272_1:104031681",3.7e-17
"12603","HISEQ13:138:C6FWNANXX:2:2207:1704:68884_1:108032844",3.7e-17
"12604","HISEQ13:138:C6FWNANXX:2:1115:2227:34614_1:21975570",3.7e-17
"12605","HISEQ13:138:C6FWNANXX:2:2204:2760:34151_1:103208708",3.7e-17
"12606","HISEQ13:138:C6FWNANXX:2:1114:13995:65015_1:20823455",3.7e-17
"12607","HISEQ13:138:C6FWNANXX:2:1312:18741:29249_1:66642453",3.7e-17
"12608","HISEQ13:138:C6FWNANXX:2:2208:9338:17960_1:108745153",3.7e-17
"12609","HISEQ13:138:C6FWNANXX:2:2107:8928:37774_1:83627963",3.7e-17
"12610","HISEQ13:138:C6FWNANXX:2:2115:16170:92781_1:96762821",3.8e-17
"12611","HISEQ13:138:C6FWNANXX:2:1309:7861:10811_1:61608981",3.8e-17
"12612","HISEQ13:138:C6FWNANXX:2:1105:11185:32804_1:6327286",3.8e-17
"12613","HISEQ13:138:C6FWNANXX:2:2106:1417:68254_1:82616291",3.8e-17
"12614","HISEQ13:138:C6FWNANXX:2:1207:17220:46952_1:34273021",3.8e-17
"12615","HISEQ13:138:C6FWNANXX:2:2213:8648:49832_1:116869328",3.8e-17
"12616","HISEQ13:138:C6FWNANXX:2:2114:19794:57695_1:94580247",3.8e-17
"12617","HISEQ13:138:C6FWNANXX:2:2203:2304:39408_1:101874105",3.8e-17
"12618","HISEQ13:138:C6FWNANXX:2:1105:15366:62749_1:6773989",3.8e-17
"12619","HISEQ13:138:C6FWNANXX:2:1208:1705:74656_1:36211391",3.8e-17
"12620","HISEQ13:138:C6FWNANXX:2:1306:18983:61935_1:57817444",3.8e-17
"12621","HISEQ13:138:C6FWNANXX:2:1311:5667:7842_1:64688722",3.8e-17
"12622","HISEQ13:138:C6FWNANXX:2:2211:12210:16411_1:113223490",3.8e-17
"12623","HISEQ13:138:C6FWNANXX:2:2103:12247:52779_1:78100672",3.8e-17
"12624","HISEQ13:138:C6FWNANXX:2:2304:13951:6323_1:126863433",3.8e-17
"12625","HISEQ13:138:C6FWNANXX:2:1104:14773:71976_1:5429633",3.8e-17
"12626","HISEQ13:138:C6FWNANXX:2:2306:17623:29400_1:130055629",3.8e-17
"12627","HISEQ13:138:C6FWNANXX:2:2112:4377:43716_1:91193202",3.9e-17
"12628","HISEQ13:138:C6FWNANXX:2:1208:5231:66278_1:36084416",3.9e-17
"12629","HISEQ13:138:C6FWNANXX:2:1314:21312:80896_1:70804688",3.9e-17
"12630","HISEQ13:138:C6FWNANXX:2:2102:3208:35055_1:76437522",3.9e-17
"12631","HISEQ13:138:C6FWNANXX:2:1301:17314:7865_1:49656142",3.9e-17
"12632","HISEQ13:138:C6FWNANXX:2:2206:6076:11798_1:105742939",3.9e-17
"12633","HISEQ13:138:C6FWNANXX:2:2315:18132:10489_1:143564767",3.9e-17
"12634","HISEQ13:138:C6FWNANXX:2:1207:6792:75201_1:34701930",3.9e-17
"12635","HISEQ13:138:C6FWNANXX:2:1205:1676:82730_1:31823920",3.9e-17
"12636","HISEQ13:138:C6FWNANXX:2:2301:20181:6182_1:122665838",3.9e-17
"12637","HISEQ13:138:C6FWNANXX:2:2311:13610:39983_1:137679901",3.9e-17
"12638","HISEQ13:138:C6FWNANXX:2:1215:8052:14565_1:46390476",3.9e-17
"12639","HISEQ13:138:C6FWNANXX:2:1308:19712:14210_1:60119156",3.9e-17
"12640","HISEQ13:138:C6FWNANXX:2:2210:10093:80988_1:112695152",3.9e-17
"12641","HISEQ13:138:C6FWNANXX:2:1106:17686:80350_1:8546604",3.9e-17
"12642","HISEQ13:138:C6FWNANXX:2:1301:8567:40947_1:50140805",3.9e-17
"12643","HISEQ13:138:C6FWNANXX:2:2208:4681:51623_1:109248606",3.9e-17
"12644","HISEQ13:138:C6FWNANXX:2:2210:16074:56025_1:112319678",3.9e-17
"12645","HISEQ13:138:C6FWNANXX:2:1112:14169:58615_1:17435626",4e-17
"12646","HISEQ13:138:C6FWNANXX:2:2215:4970:51540_1:120120857",4e-17
"12647","HISEQ13:138:C6FWNANXX:2:2304:13847:85137_1:127993398",4e-17
"12648","HISEQ13:138:C6FWNANXX:2:1207:7444:21318_1:33885633",4e-17
"12649","HISEQ13:138:C6FWNANXX:2:1214:4034:86510_1:45935910",4e-17
"12650","HISEQ13:138:C6FWNANXX:2:1114:18802:52933_1:20618045",4e-17
"12651","HISEQ13:138:C6FWNANXX:2:2108:4397:36090_1:85078060",4e-17
"12652","HISEQ13:138:C6FWNANXX:2:2202:14569:8150_1:100021626",4e-17
"12653","HISEQ13:138:C6FWNANXX:2:2207:20357:34292_1:107526534",4e-17
"12654","HISEQ13:138:C6FWNANXX:2:2303:9271:43535_1:125989412",4e-17
"12655","HISEQ13:138:C6FWNANXX:2:2104:20974:65162_1:79693364",4e-17
"12656","HISEQ13:138:C6FWNANXX:2:2105:16275:27408_1:80575245",4e-17
"12657","HISEQ13:138:C6FWNANXX:2:2105:16428:59320_1:81039386",4e-17
"12658","HISEQ13:138:C6FWNANXX:2:2215:4198:38665_1:119907406",4e-17
"12659","HISEQ13:138:C6FWNANXX:2:1311:6591:46955_1:65316360",4e-17
"12660","HISEQ13:138:C6FWNANXX:2:2104:14917:48216_1:79447491",4e-17
"12661","HISEQ13:138:C6FWNANXX:2:2104:2118:55976_1:79556838",4e-17
"12662","HISEQ13:138:C6FWNANXX:2:2106:12899:80921_1:82801719",4e-17
"12663","HISEQ13:138:C6FWNANXX:2:1314:14690:97335_1:71083955",4e-17
"12664","HISEQ13:138:C6FWNANXX:2:1112:3400:6131_1:16737147",4e-17
"12665","HISEQ13:138:C6FWNANXX:2:1313:1826:59910_1:68775936",4e-17
"12666","HISEQ13:138:C6FWNANXX:2:2212:3139:9715_1:114664272",4e-17
"12667","HISEQ13:138:C6FWNANXX:2:1206:15367:30432_1:32525659",4e-17
"12668","HISEQ13:138:C6FWNANXX:2:1205:5044:41887_1:31212796",4e-17
"12669","HISEQ13:138:C6FWNANXX:2:1214:10964:12665_1:44694232",4e-17
"12670","HISEQ13:138:C6FWNANXX:2:2103:2977:42982_1:77957025",4e-17
"12671","HISEQ13:138:C6FWNANXX:2:2302:7797:42087_1:124565971",4e-17
"12672","HISEQ13:138:C6FWNANXX:2:1109:15469:63471_1:12881774",4e-17
"12673","HISEQ13:138:C6FWNANXX:2:1216:4845:49754_1:48682316",4e-17
"12674","HISEQ13:138:C6FWNANXX:2:1209:4378:37424_1:37168638",4e-17
"12675","HISEQ13:138:C6FWNANXX:2:1208:14079:99478_1:36598277",4e-17
"12676","HISEQ13:138:C6FWNANXX:2:2212:14334:95269_1:116017774",4e-17
"12677","HISEQ13:138:C6FWNANXX:2:1115:13352:60127_1:22409231",4e-17
"12678","HISEQ13:138:C6FWNANXX:2:1314:7383:38961_1:70087842",4e-17
"12679","HISEQ13:138:C6FWNANXX:2:1212:18647:21051_1:41584618",4e-17
"12680","HISEQ13:138:C6FWNANXX:2:1307:5438:56855_1:59251910",4e-17
"12681","HISEQ13:138:C6FWNANXX:2:2107:20363:45623_1:83745316",4e-17
"12682","HISEQ13:138:C6FWNANXX:2:1201:15995:5214_1:24851632",4e-17
"12683","HISEQ13:138:C6FWNANXX:2:1210:10541:29044_1:38590266",4e-17
"12684","HISEQ13:138:C6FWNANXX:2:1107:14022:74811_1:9974996",4e-17
"12685","HISEQ13:138:C6FWNANXX:2:2109:9973:17610_1:86294920",4e-17
"12686","HISEQ13:138:C6FWNANXX:2:1313:12038:91925_1:69313767",4e-17
"12687","HISEQ13:138:C6FWNANXX:2:2314:11663:37093_1:142376650",4e-17
"12688","HISEQ13:138:C6FWNANXX:2:1116:16342:85797_1:24547874",4.1e-17
"12689","HISEQ13:138:C6FWNANXX:2:2304:1944:14570_1:126980007",4.1e-17
"12690","HISEQ13:138:C6FWNANXX:2:2115:6317:27762_1:95701770",4.1e-17
"12691","HISEQ13:138:C6FWNANXX:2:2203:7396:26487_1:101688862",4.1e-17
"12692","HISEQ13:138:C6FWNANXX:2:1314:11503:75761_1:70717389",4.1e-17
"12693","HISEQ13:138:C6FWNANXX:2:1106:12437:28326_1:7752605",4.1e-17
"12694","HISEQ13:138:C6FWNANXX:2:1111:3764:3160_1:15049305",4.1e-17
"12695","HISEQ13:138:C6FWNANXX:2:2112:19485:78844_1:91752052",4.1e-17
"12696","HISEQ13:138:C6FWNANXX:2:1302:13815:54369_1:51792544",4.1e-17
"12697","HISEQ13:138:C6FWNANXX:2:2202:14422:15155_1:100121447",4.1e-17
"12698","HISEQ13:138:C6FWNANXX:2:2204:14646:72275_1:103760417",4.1e-17
"12699","HISEQ13:138:C6FWNANXX:2:2212:15705:87419_1:115890456",4.1e-17
"12700","HISEQ13:138:C6FWNANXX:2:2114:2992:93907_1:95165766",4.2e-17
"12701","HISEQ13:138:C6FWNANXX:2:2109:6032:3490_1:86077631",4.2e-17
"12702","HISEQ13:138:C6FWNANXX:2:2111:14808:22906_1:89391850",4.2e-17
"12703","HISEQ13:138:C6FWNANXX:2:2208:2531:86266_1:109772726",4.2e-17
"12704","HISEQ13:138:C6FWNANXX:2:1114:19117:82071_1:21110491",4.2e-17
"12705","HISEQ13:138:C6FWNANXX:2:1316:20927:68272_1:73999138",4.2e-17
"12706","HISEQ13:138:C6FWNANXX:2:2109:2130:87144_1:87350010",4.2e-17
"12707","HISEQ13:138:C6FWNANXX:2:2214:2934:38589_1:118286075",4.2e-17
"12708","HISEQ13:138:C6FWNANXX:2:1207:2641:97461_1:35039859",4.2e-17
"12709","HISEQ13:138:C6FWNANXX:2:1210:20383:38984_1:38746013",4.2e-17
"12710","HISEQ13:138:C6FWNANXX:2:1215:5245:86011_1:47601010",4.2e-17
"12711","HISEQ13:138:C6FWNANXX:2:1304:19438:52470_1:54691702",4.2e-17
"12712","HISEQ13:138:C6FWNANXX:2:2305:16367:58679_1:129041376",4.2e-17
"12713","HISEQ13:138:C6FWNANXX:2:2313:10443:65194_1:141226587",4.2e-17
"12714","HISEQ13:138:C6FWNANXX:2:1101:14022:29117_1:403080",4.2e-17
"12715","HISEQ13:138:C6FWNANXX:2:1105:5637:88819_1:7166937",4.2e-17
"12716","HISEQ13:138:C6FWNANXX:2:1106:2237:96555_1:8790493",4.2e-17
"12717","HISEQ13:138:C6FWNANXX:2:2303:17661:60662_1:126232170",4.2e-17
"12718","HISEQ13:138:C6FWNANXX:2:2316:8281:30949_1:145544635",4.2e-17
"12719","HISEQ13:138:C6FWNANXX:2:2113:21110:67103_1:93137880",4.2e-17
"12720","HISEQ13:138:C6FWNANXX:2:1110:20516:68049_1:14520463",4.2e-17
"12721","HISEQ13:138:C6FWNANXX:2:2111:11232:99449_1:90648367",4.2e-17
"12722","HISEQ13:138:C6FWNANXX:2:1101:9851:61140_1:875446",4.2e-17
"12723","HISEQ13:138:C6FWNANXX:2:1107:8097:87127_1:10162069",4.2e-17
"12724","HISEQ13:138:C6FWNANXX:2:1301:12144:60013_1:50423865",4.2e-17
"12725","HISEQ13:138:C6FWNANXX:2:2107:6157:85127_1:84331511",4.2e-17
"12726","HISEQ13:138:C6FWNANXX:2:1313:8759:93552_1:69342413",4.3e-17
"12727","HISEQ13:138:C6FWNANXX:2:1108:8691:55023_1:11196512",4.3e-17
"12728","HISEQ13:138:C6FWNANXX:2:2115:21001:92732_1:96759801",4.3e-17
"12729","HISEQ13:138:C6FWNANXX:2:2112:19538:51954_1:91324942",4.3e-17
"12730","HISEQ13:138:C6FWNANXX:2:1215:2653:80889_1:47511585",4.3e-17
"12731","HISEQ13:138:C6FWNANXX:2:1314:10938:35182_1:70024691",4.3e-17
"12732","HISEQ13:138:C6FWNANXX:2:2307:13076:71778_1:132142952",4.3e-17
"12733","HISEQ13:138:C6FWNANXX:2:1115:18622:25162_1:21818506",4.3e-17
"12734","HISEQ13:138:C6FWNANXX:2:1308:15074:24134_1:60272199",4.3e-17
"12735","HISEQ13:138:C6FWNANXX:2:1111:1977:71365_1:16157398",4.3e-17
"12736","HISEQ13:138:C6FWNANXX:2:1315:17524:53717_1:72023860",4.3e-17
"12737","HISEQ13:138:C6FWNANXX:2:1315:19200:69311_1:72295949",4.3e-17
"12738","HISEQ13:138:C6FWNANXX:2:2108:8394:72775_1:85634092",4.3e-17
"12739","HISEQ13:138:C6FWNANXX:2:2114:3302:17008_1:93919876",4.3e-17
"12740","HISEQ13:138:C6FWNANXX:2:2209:18571:21694_1:110291352",4.3e-17
"12741","HISEQ13:138:C6FWNANXX:2:2114:6635:18963_1:93948669",4.3e-17
"12742","HISEQ13:138:C6FWNANXX:2:2107:4714:86580_1:84354012",4.3e-17
"12743","HISEQ13:138:C6FWNANXX:2:1203:7577:22421_1:28009476",4.3e-17
"12744","HISEQ13:138:C6FWNANXX:2:1108:17896:66630_1:11378080",4.3e-17
"12745","HISEQ13:138:C6FWNANXX:2:1201:2105:63750_1:25709944",4.3e-17
"12746","HISEQ13:138:C6FWNANXX:2:1216:19753:45964_1:48616007",4.3e-17
"12747","HISEQ13:138:C6FWNANXX:2:1311:21395:87858_1:65988150",4.3e-17
"12748","HISEQ13:138:C6FWNANXX:2:1315:14004:13380_1:71335953",4.3e-17
"12749","HISEQ13:138:C6FWNANXX:2:2306:11595:29975_1:130061942",4.3e-17
"12750","HISEQ13:138:C6FWNANXX:2:1210:10420:17807_1:38413117",4.3e-17
"12751","HISEQ13:138:C6FWNANXX:2:1113:13719:59012_1:19067963",4.3e-17
"12752","HISEQ13:138:C6FWNANXX:2:1313:9389:99753_1:69447301",4.3e-17
"12753","HISEQ13:138:C6FWNANXX:2:2201:17193:55481_1:99287124",4.3e-17
"12754","HISEQ13:138:C6FWNANXX:2:2212:20045:90568_1:115943094",4.3e-17
"12755","HISEQ13:138:C6FWNANXX:2:1103:13461:77793_1:4047782",4.3e-17
"12756","HISEQ13:138:C6FWNANXX:2:1107:8732:24657_1:9204159",4.3e-17
"12757","HISEQ13:138:C6FWNANXX:2:1208:11812:41620_1:35702672",4.3e-17
"12758","HISEQ13:138:C6FWNANXX:2:2105:16245:97888_1:81597858",4.3e-17
"12759","HISEQ13:138:C6FWNANXX:2:2308:2050:17041_1:132798332",4.3e-17
"12760","HISEQ13:138:C6FWNANXX:2:1207:3882:95563_1:35013574",4.4e-17
"12761","HISEQ13:138:C6FWNANXX:2:1215:4486:79165_1:47482348",4.4e-17
"12762","HISEQ13:138:C6FWNANXX:2:2308:5053:27362_1:132952887",4.4e-17
"12763","HISEQ13:138:C6FWNANXX:2:1115:3639:25048_1:21815234",4.4e-17
"12764","HISEQ13:138:C6FWNANXX:2:2101:3510:71862_1:75556445",4.4e-17
"12765","HISEQ13:138:C6FWNANXX:2:2315:2117:60044_1:144383936",4.4e-17
"12766","HISEQ13:138:C6FWNANXX:2:2206:17455:90604_1:106899505",4.4e-17
"12767","HISEQ13:138:C6FWNANXX:2:2211:7018:5678_1:113055968",4.4e-17
"12768","HISEQ13:138:C6FWNANXX:2:2306:15102:91875_1:130975241",4.4e-17
"12769","HISEQ13:138:C6FWNANXX:2:1308:9128:93369_1:61352559",4.4e-17
"12770","HISEQ13:138:C6FWNANXX:2:1211:18614:54224_1:40553525",4.4e-17
"12771","HISEQ13:138:C6FWNANXX:2:1313:14748:41881_1:68479179",4.4e-17
"12772","HISEQ13:138:C6FWNANXX:2:1310:2784:80403_1:64270379",4.4e-17
"12773","HISEQ13:138:C6FWNANXX:2:2316:14780:78919_1:146356295",4.4e-17
"12774","HISEQ13:138:C6FWNANXX:2:2209:20138:57193_1:110829464",4.4e-17
"12775","HISEQ13:138:C6FWNANXX:2:2214:4926:81250_1:118987054",4.4e-17
"12776","HISEQ13:138:C6FWNANXX:2:2104:11117:35988_1:79270622",4.4e-17
"12777","HISEQ13:138:C6FWNANXX:2:2108:19397:77956_1:85711582",4.4e-17
"12778","HISEQ13:138:C6FWNANXX:2:2101:20091:32385_1:74997256",4.4e-17
"12779","HISEQ13:138:C6FWNANXX:2:1305:17899:34217_1:55897434",4.4e-17
"12780","HISEQ13:138:C6FWNANXX:2:1214:20253:40231_1:45157992",4.4e-17
"12781","HISEQ13:138:C6FWNANXX:2:1115:20733:61613_1:22436583",4.4e-17
"12782","HISEQ13:138:C6FWNANXX:2:1207:5764:2964_1:33603643",4.4e-17
"12783","HISEQ13:138:C6FWNANXX:2:1210:19097:85297_1:39472403",4.4e-17
"12784","HISEQ13:138:C6FWNANXX:2:1301:18032:88857_1:50847369",4.4e-17
"12785","HISEQ13:138:C6FWNANXX:2:2102:19244:51799_1:76678155",4.5e-17
"12786","HISEQ13:138:C6FWNANXX:2:2105:13895:14049_1:80382518",4.5e-17
"12787","HISEQ13:138:C6FWNANXX:2:2106:18390:11762_1:81787942",4.5e-17
"12788","HISEQ13:138:C6FWNANXX:2:1110:9820:72703_1:14589727",4.5e-17
"12789","HISEQ13:138:C6FWNANXX:2:1114:11337:79637_1:21067019",4.5e-17
"12790","HISEQ13:138:C6FWNANXX:2:2208:5681:66632_1:109474978",4.5e-17
"12791","HISEQ13:138:C6FWNANXX:2:2112:17878:28301_1:90958089",4.5e-17
"12792","HISEQ13:138:C6FWNANXX:2:1108:21016:47090_1:11074803",4.5e-17
"12793","HISEQ13:138:C6FWNANXX:2:1316:13244:54747_1:73756812",4.5e-17
"12794","HISEQ13:138:C6FWNANXX:2:2113:17970:30419_1:92549757",4.5e-17
"12795","HISEQ13:138:C6FWNANXX:2:2211:12882:97695_1:114495876",4.5e-17
"12796","HISEQ13:138:C6FWNANXX:2:2103:15624:59166_1:78189114",4.5e-17
"12797","HISEQ13:138:C6FWNANXX:2:2110:13324:77017_1:88707732",4.5e-17
"12798","HISEQ13:138:C6FWNANXX:2:2205:20501:49416_1:104855848",4.5e-17
"12799","HISEQ13:138:C6FWNANXX:2:2314:11758:56008_1:142690537",4.5e-17
"12800","HISEQ13:138:C6FWNANXX:2:1111:8400:16988_1:15269886",4.5e-17
"12801","HISEQ13:138:C6FWNANXX:2:1116:4258:97034_1:24737781",4.5e-17
"12802","HISEQ13:138:C6FWNANXX:2:2102:16519:18470_1:76202494",4.5e-17
"12803","HISEQ13:138:C6FWNANXX:2:2208:16212:22472_1:108813903",4.5e-17
"12804","HISEQ13:138:C6FWNANXX:2:1101:6160:56525_1:807931",4.6e-17
"12805","HISEQ13:138:C6FWNANXX:2:2202:9341:36732_1:100425999",4.6e-17
"12806","HISEQ13:138:C6FWNANXX:2:1111:7234:67889_1:16097948",4.6e-17
"12807","HISEQ13:138:C6FWNANXX:2:2107:7671:4759_1:83137604",4.6e-17
"12808","HISEQ13:138:C6FWNANXX:2:2304:10779:62001_1:127663371",4.6e-17
"12809","HISEQ13:138:C6FWNANXX:2:1209:13158:68204_1:37650775",4.6e-17
"12810","HISEQ13:138:C6FWNANXX:2:2303:15998:92139_1:126676991",4.6e-17
"12811","HISEQ13:138:C6FWNANXX:2:1201:17598:94598_1:26169001",4.6e-17
"12812","HISEQ13:138:C6FWNANXX:2:2307:17843:13562_1:131279743",4.6e-17
"12813","HISEQ13:138:C6FWNANXX:2:1215:20098:35491_1:46745740",4.6e-17
"12814","HISEQ13:138:C6FWNANXX:2:2105:9794:72067_1:81221373",4.6e-17
"12815","HISEQ13:138:C6FWNANXX:2:2304:16664:26018_1:127147902",4.6e-17
"12816","HISEQ13:138:C6FWNANXX:2:1308:16203:69045_1:60972215",4.6e-17
"12817","HISEQ13:138:C6FWNANXX:2:1307:20636:76553_1:59559996",4.7e-17
"12818","HISEQ13:138:C6FWNANXX:2:2302:6583:68220_1:124933166",4.7e-17
"12819","HISEQ13:138:C6FWNANXX:2:2311:16651:55916_1:137930408",4.7e-17
"12820","HISEQ13:138:C6FWNANXX:2:1205:6402:40091_1:31186923",4.7e-17
"12821","HISEQ13:138:C6FWNANXX:2:1212:16707:35595_1:41819044",4.7e-17
"12822","HISEQ13:138:C6FWNANXX:2:1308:12432:40050_1:60519467",4.7e-17
"12823","HISEQ13:138:C6FWNANXX:2:1313:19172:97176_1:69403503",4.7e-17
"12824","HISEQ13:138:C6FWNANXX:2:2105:10344:32145_1:80643035",4.7e-17
"12825","HISEQ13:138:C6FWNANXX:2:2116:15064:66304_1:97957500",4.7e-17
"12826","HISEQ13:138:C6FWNANXX:2:1116:16342:85797_1:24547873",4.7e-17
"12827","HISEQ13:138:C6FWNANXX:2:2111:19743:28583_1:89482035",4.7e-17
"12828","HISEQ13:138:C6FWNANXX:2:2116:16557:26233_1:97295293",4.7e-17
"12829","HISEQ13:138:C6FWNANXX:2:1202:2728:8567_1:26355253",4.7e-17
"12830","HISEQ13:138:C6FWNANXX:2:2311:17837:17703_1:137332293",4.7e-17
"12831","HISEQ13:138:C6FWNANXX:2:1112:7241:95046_1:18031534",4.7e-17
"12832","HISEQ13:138:C6FWNANXX:2:1214:14044:26912_1:44933836",4.7e-17
"12833","HISEQ13:138:C6FWNANXX:2:2303:3850:68926_1:126346749",4.7e-17
"12834","HISEQ13:138:C6FWNANXX:2:1214:16968:65262_1:45581327",4.7e-17
"12835","HISEQ13:138:C6FWNANXX:2:1107:13257:20225_1:9136721",4.8e-17
"12836","HISEQ13:138:C6FWNANXX:2:1115:19914:56936_1:22355802",4.8e-17
"12837","HISEQ13:138:C6FWNANXX:2:1204:9272:21004_1:29433283",4.8e-17
"12838","HISEQ13:138:C6FWNANXX:2:1206:4823:87150_1:33382438",4.8e-17
"12839","HISEQ13:138:C6FWNANXX:2:1209:8662:91329_1:38013940",4.8e-17
"12840","HISEQ13:138:C6FWNANXX:2:1301:2967:27367_1:49941534",4.8e-17
"12841","HISEQ13:138:C6FWNANXX:2:2106:18721:65943_1:82582615",4.8e-17
"12842","HISEQ13:138:C6FWNANXX:2:2315:11054:4237_1:143460269",4.8e-17
"12843","HISEQ13:138:C6FWNANXX:2:1112:14697:38670_1:17112108",4.8e-17
"12844","HISEQ13:138:C6FWNANXX:2:1311:9982:48192_1:65337061",4.8e-17
"12845","HISEQ13:138:C6FWNANXX:2:2107:5227:42054_1:83690249",4.8e-17
"12846","HISEQ13:138:C6FWNANXX:2:1209:10115:9851_1:36743020",4.8e-17
"12847","HISEQ13:138:C6FWNANXX:2:1101:7296:98369_1:1425285",4.8e-17
"12848","HISEQ13:138:C6FWNANXX:2:1205:18922:28693_1:31017985",4.8e-17
"12849","HISEQ13:138:C6FWNANXX:2:2215:21089:54279_1:120169600",4.8e-17
"12850","HISEQ13:138:C6FWNANXX:2:1202:15458:80418_1:27410090",4.8e-17
"12851","HISEQ13:138:C6FWNANXX:2:2204:4904:62241_1:103611786",4.8e-17
"12852","HISEQ13:138:C6FWNANXX:2:2308:5052:86037_1:133839146",4.8e-17
"12853","HISEQ13:138:C6FWNANXX:2:1304:12826:32829_1:54398091",4.8e-17
"12854","HISEQ13:138:C6FWNANXX:2:2214:7298:50135_1:118474935",4.8e-17
"12855","HISEQ13:138:C6FWNANXX:2:1302:3731:21717_1:51309159",4.8e-17
"12856","HISEQ13:138:C6FWNANXX:2:2102:17710:36317_1:76458344",4.8e-17
"12857","HISEQ13:138:C6FWNANXX:2:2110:11534:35836_1:88078440",4.8e-17
"12858","HISEQ13:138:C6FWNANXX:2:2212:2744:80204_1:115771871",4.8e-17
"12859","HISEQ13:138:C6FWNANXX:2:2103:20593:89747_1:78624002",4.8e-17
"12860","HISEQ13:138:C6FWNANXX:2:1214:19833:60217_1:45493264",4.9e-17
"12861","HISEQ13:138:C6FWNANXX:2:1309:12409:31463_1:61931671",4.9e-17
"12862","HISEQ13:138:C6FWNANXX:2:1105:8450:37241_1:6390433",4.9e-17
"12863","HISEQ13:138:C6FWNANXX:2:1209:11109:28805_1:37037963",4.9e-17
"12864","HISEQ13:138:C6FWNANXX:2:1106:7552:97799_1:8810735",4.9e-17
"12865","HISEQ13:138:C6FWNANXX:2:2308:15340:9548_1:132687759",4.9e-17
"12866","HISEQ13:138:C6FWNANXX:2:2304:3231:13294_1:126962270",4.9e-17
"12867","HISEQ13:138:C6FWNANXX:2:2202:10283:49793_1:100613496",4.9e-17
"12868","HISEQ13:138:C6FWNANXX:2:1205:5816:37046_1:31141696",4.9e-17
"12869","HISEQ13:138:C6FWNANXX:2:2105:20408:46976_1:80859051",4.9e-17
"12870","HISEQ13:138:C6FWNANXX:2:2207:7242:13127_1:107212189",4.9e-17
"12871","HISEQ13:138:C6FWNANXX:2:2311:8320:2023_1:137088349",4.9e-17
"12872","HISEQ13:138:C6FWNANXX:2:1208:13283:30633_1:35534393",4.9e-17
"12873","HISEQ13:138:C6FWNANXX:2:1315:10925:59275_1:72121012",4.9e-17
"12874","HISEQ13:138:C6FWNANXX:2:2106:16945:49940_1:82346211",4.9e-17
"12875","HISEQ13:138:C6FWNANXX:2:2215:20733:88317_1:120733129",4.9e-17
"12876","HISEQ13:138:C6FWNANXX:2:2305:4405:98070_1:129613199",4.9e-17
"12877","HISEQ13:138:C6FWNANXX:2:1115:19542:89935_1:22916513",4.9e-17
"12878","HISEQ13:138:C6FWNANXX:2:1207:10863:20793_1:33878670",4.9e-17
"12879","HISEQ13:138:C6FWNANXX:2:1208:2012:42510_1:35716191",5e-17
"12880","HISEQ13:138:C6FWNANXX:2:1215:1527:83276_1:47553652",5e-17
"12881","HISEQ13:138:C6FWNANXX:2:2111:20353:35117_1:89582443",5e-17
"12882","HISEQ13:138:C6FWNANXX:2:1208:5538:46413_1:35774674",5e-17
"12883","HISEQ13:138:C6FWNANXX:2:2211:13924:76150_1:114157834",5e-17
"12884","HISEQ13:138:C6FWNANXX:2:1116:19748:8752_1:23224340",5e-17
"12885","HISEQ13:138:C6FWNANXX:2:2101:1383:42752_1:75143648",5e-17
"12886","HISEQ13:138:C6FWNANXX:2:2105:1505:28303_1:80587020",5e-17
"12887","HISEQ13:138:C6FWNANXX:2:2110:10427:78039_1:88721887",5e-17
"12888","HISEQ13:138:C6FWNANXX:2:2305:4445:28384_1:128598258",5e-17
"12889","HISEQ13:138:C6FWNANXX:2:2308:11670:77271_1:133708687",5e-17
"12890","HISEQ13:138:C6FWNANXX:2:1112:15592:64632_1:17533119",5e-17
"12891","HISEQ13:138:C6FWNANXX:2:1209:14338:64417_1:37592570",5e-17
"12892","HISEQ13:138:C6FWNANXX:2:2107:16149:90026_1:84407918",5e-17
"12893","HISEQ13:138:C6FWNANXX:2:2115:2697:35418_1:95822802",5e-17
"12894","HISEQ13:138:C6FWNANXX:2:2302:12040:72167_1:124990559",5e-17
"12895","HISEQ13:138:C6FWNANXX:2:2304:16007:19340_1:127051102",5e-17
"12896","HISEQ13:138:C6FWNANXX:2:1303:20732:74927_1:53555296",5e-17
"12897","HISEQ13:138:C6FWNANXX:2:2209:11486:86247_1:111269241",5e-17
"12898","HISEQ13:138:C6FWNANXX:2:2314:13929:83656_1:143143788",5e-17
"12899","HISEQ13:138:C6FWNANXX:2:2206:4409:90591_1:106897098",5e-17
"12900","HISEQ13:138:C6FWNANXX:2:1106:19396:6240_1:7415088",5e-17
"12901","HISEQ13:138:C6FWNANXX:2:1314:3143:12602_1:69641206",5e-17
"12902","HISEQ13:138:C6FWNANXX:2:2105:20227:28701_1:80594178",5e-17
"12903","HISEQ13:138:C6FWNANXX:2:2202:1703:14651_1:100111998",5e-17
"12904","HISEQ13:138:C6FWNANXX:2:2214:15499:19706_1:117979829",5e-17
"12905","HISEQ13:138:C6FWNANXX:2:2207:20357:34292_1:107526533",5e-17
"12906","HISEQ13:138:C6FWNANXX:2:1105:20880:8734_1:5964088",5e-17
"12907","HISEQ13:138:C6FWNANXX:2:2112:9020:33612_1:91038459",5e-17
"12908","HISEQ13:138:C6FWNANXX:2:1114:17109:37663_1:20361809",5e-17
"12909","HISEQ13:138:C6FWNANXX:2:1102:5822:9332_1:1570586",5e-17
"12910","HISEQ13:138:C6FWNANXX:2:1111:1539:58522_1:15939412",5.1e-17
"12911","HISEQ13:138:C6FWNANXX:2:1101:7463:91703_1:1325531",5.1e-17
"12912","HISEQ13:138:C6FWNANXX:2:2304:6577:89852_1:128059902",5.1e-17
"12913","HISEQ13:138:C6FWNANXX:2:1111:18899:72289_1:16178781",5.1e-17
"12914","HISEQ13:138:C6FWNANXX:2:2108:1857:54209_1:85348915",5.1e-17
"12915","HISEQ13:138:C6FWNANXX:2:2214:17288:6864_1:117771054",5.1e-17
"12916","HISEQ13:138:C6FWNANXX:2:2108:16496:42052_1:85171025",5.1e-17
"12917","HISEQ13:138:C6FWNANXX:2:2304:10105:14934_1:126985139",5.1e-17
"12918","HISEQ13:138:C6FWNANXX:2:1305:2891:80786_1:56598930",5.1e-17
"12919","HISEQ13:138:C6FWNANXX:2:1212:4488:32080_1:41759955",5.1e-17
"12920","HISEQ13:138:C6FWNANXX:2:2111:1410:40141_1:89656368",5.1e-17
"12921","HISEQ13:138:C6FWNANXX:2:2305:20775:13196_1:128381240",5.1e-17
"12922","HISEQ13:138:C6FWNANXX:2:2308:8901:7105_1:132648935",5.2e-17
"12923","HISEQ13:138:C6FWNANXX:2:1213:20079:74681_1:44084109",5.2e-17
"12924","HISEQ13:138:C6FWNANXX:2:2116:5385:12572_1:97068761",5.2e-17
"12925","HISEQ13:138:C6FWNANXX:2:1112:18794:94087_1:18017422",5.2e-17
"12926","HISEQ13:138:C6FWNANXX:2:2313:6469:51064_1:140998241",5.2e-17
"12927","HISEQ13:138:C6FWNANXX:2:2107:15885:14141_1:83277502",5.2e-17
"12928","HISEQ13:138:C6FWNANXX:2:2301:5810:56113_1:123368390",5.2e-17
"12929","HISEQ13:138:C6FWNANXX:2:2316:13145:55336_1:145959433",5.2e-17
"12930","HISEQ13:138:C6FWNANXX:2:1202:9807:22612_1:26562548",5.2e-17
"12931","HISEQ13:138:C6FWNANXX:2:1207:19711:16079_1:33808649",5.2e-17
"12932","HISEQ13:138:C6FWNANXX:2:1210:3659:31692_1:38628079",5.2e-17
"12933","HISEQ13:138:C6FWNANXX:2:1204:14112:57637_1:29977942",5.2e-17
"12934","HISEQ13:138:C6FWNANXX:2:1306:7366:44790_1:57555231",5.2e-17
"12935","HISEQ13:138:C6FWNANXX:2:1215:10924:43408_1:46878791",5.2e-17
"12936","HISEQ13:138:C6FWNANXX:2:1312:7992:25090_1:66575041",5.2e-17
"12937","HISEQ13:138:C6FWNANXX:2:2106:20588:56515_1:82446561",5.2e-17
"12938","HISEQ13:138:C6FWNANXX:2:2311:14667:14237_1:137277405",5.2e-17
"12939","HISEQ13:138:C6FWNANXX:2:2314:4835:71218_1:142937186",5.2e-17
"12940","HISEQ13:138:C6FWNANXX:2:2211:20042:20222_1:113282944",5.2e-17
"12941","HISEQ13:138:C6FWNANXX:2:1102:4944:22451_1:1762929",5.2e-17
"12942","HISEQ13:138:C6FWNANXX:2:1114:17340:27909_1:20198732",5.2e-17
"12943","HISEQ13:138:C6FWNANXX:2:2112:6231:31641_1:91006614",5.2e-17
"12944","HISEQ13:138:C6FWNANXX:2:1304:13519:96273_1:55348771",5.3e-17
"12945","HISEQ13:138:C6FWNANXX:2:1315:19614:35775_1:71719764",5.3e-17
"12946","HISEQ13:138:C6FWNANXX:2:1105:7150:73922_1:6941111",5.3e-17
"12947","HISEQ13:138:C6FWNANXX:2:2110:18869:81761_1:88781171",5.3e-17
"12948","HISEQ13:138:C6FWNANXX:2:2115:3047:49647_1:96053780",5.3e-17
"12949","HISEQ13:138:C6FWNANXX:2:2114:18158:94242_1:95173024",5.3e-17
"12950","HISEQ13:138:C6FWNANXX:2:1216:16034:100420_1:49560952",5.3e-17
"12951","HISEQ13:138:C6FWNANXX:2:1206:20357:53295_1:32876167",5.3e-17
"12952","HISEQ13:138:C6FWNANXX:2:2208:3439:57367_1:109335120",5.3e-17
"12953","HISEQ13:138:C6FWNANXX:2:2112:4359:100139_1:92085194",5.3e-17
"12954","HISEQ13:138:C6FWNANXX:2:2112:15395:94073_1:91992526",5.3e-17
"12955","HISEQ13:138:C6FWNANXX:2:2104:8528:7246_1:78856291",5.4e-17
"12956","HISEQ13:138:C6FWNANXX:2:1314:6051:59281_1:70435667",5.4e-17
"12957","HISEQ13:138:C6FWNANXX:2:2104:4913:32337_1:79218898",5.4e-17
"12958","HISEQ13:138:C6FWNANXX:2:2212:7390:30342_1:114984562",5.4e-17
"12959","HISEQ13:138:C6FWNANXX:2:1109:16003:86936_1:13253600",5.4e-17
"12960","HISEQ13:138:C6FWNANXX:2:1210:4869:72582_1:39269474",5.4e-17
"12961","HISEQ13:138:C6FWNANXX:2:2109:17599:81125_1:87261999",5.4e-17
"12962","HISEQ13:138:C6FWNANXX:2:2203:17008:12008_1:101487261",5.4e-17
"12963","HISEQ13:138:C6FWNANXX:2:2301:20121:20752_1:122874330",5.4e-17
"12964","HISEQ13:138:C6FWNANXX:2:1213:4557:53718_1:43733042",5.5e-17
"12965","HISEQ13:138:C6FWNANXX:2:2106:19866:24060_1:81967667",5.5e-17
"12966","HISEQ13:138:C6FWNANXX:2:1115:8152:53877_1:22302268",5.5e-17
"12967","HISEQ13:138:C6FWNANXX:2:2107:2182:95997_1:84491377",5.5e-17
"12968","HISEQ13:138:C6FWNANXX:2:1109:18371:4811_1:11960433",5.5e-17
"12969","HISEQ13:138:C6FWNANXX:2:2112:19696:65196_1:91533480",5.5e-17
"12970","HISEQ13:138:C6FWNANXX:2:1204:16183:11872_1:29304142",5.6e-17
"12971","HISEQ13:138:C6FWNANXX:2:2111:14873:22704_1:89387894",5.6e-17
"12972","HISEQ13:138:C6FWNANXX:2:2301:8135:25935_1:122942738",5.6e-17
"12973","HISEQ13:138:C6FWNANXX:2:2314:21155:24956_1:142177837",5.6e-17
"12974","HISEQ13:138:C6FWNANXX:2:2208:6281:54743_1:109294231",5.6e-17
"12975","HISEQ13:138:C6FWNANXX:2:1109:19542:89990_1:13301793",5.6e-17
"12976","HISEQ13:138:C6FWNANXX:2:1202:8440:95893_1:27636319",5.6e-17
"12977","HISEQ13:138:C6FWNANXX:2:2102:15902:39718_1:76504130",5.6e-17
"12978","HISEQ13:138:C6FWNANXX:2:2301:18651:45469_1:123219702",5.6e-17
"12979","HISEQ13:138:C6FWNANXX:2:2308:15850:56608_1:133396081",5.6e-17
"12980","HISEQ13:138:C6FWNANXX:2:2101:18151:100554_1:75967239",5.6e-17
"12981","HISEQ13:138:C6FWNANXX:2:1104:8508:58418_1:5226605",5.7e-17
"12982","HISEQ13:138:C6FWNANXX:2:1110:16134:34534_1:13989795",5.7e-17
"12983","HISEQ13:138:C6FWNANXX:2:2214:4213:59355_1:118625925",5.7e-17
"12984","HISEQ13:138:C6FWNANXX:2:2311:6122:61777_1:138022486",5.7e-17
"12985","HISEQ13:138:C6FWNANXX:2:2112:6663:61152_1:91467839",5.7e-17
"12986","HISEQ13:138:C6FWNANXX:2:2305:1712:64926_1:129129132",5.7e-17
"12987","HISEQ13:138:C6FWNANXX:2:2307:9844:90375_1:132417193",5.7e-17
"12988","HISEQ13:138:C6FWNANXX:2:2201:18593:97885_1:99892171",5.7e-17
"12989","HISEQ13:138:C6FWNANXX:2:2108:12336:51307_1:85309648",5.7e-17
"12990","HISEQ13:138:C6FWNANXX:2:2109:2831:38550_1:86611459",5.7e-17
"12991","HISEQ13:138:C6FWNANXX:2:2201:16492:99029_1:99909313",5.7e-17
"12992","HISEQ13:138:C6FWNANXX:2:1207:15221:84129_1:34841075",5.7e-17
"12993","HISEQ13:138:C6FWNANXX:2:1208:7396:3127_1:35110958",5.7e-17
"12994","HISEQ13:138:C6FWNANXX:2:1213:20959:39034_1:43496279",5.7e-17
"12995","HISEQ13:138:C6FWNANXX:2:2102:11603:63338_1:76840528",5.7e-17
"12996","HISEQ13:138:C6FWNANXX:2:2305:3049:72937_1:129245201",5.7e-17
"12997","HISEQ13:138:C6FWNANXX:2:1214:11106:97875_1:46126574",5.8e-17
"12998","HISEQ13:138:C6FWNANXX:2:1214:14258:83718_1:45888248",5.8e-17
"12999","HISEQ13:138:C6FWNANXX:2:1203:2629:40645_1:28277965",5.8e-17
"13000","HISEQ13:138:C6FWNANXX:2:1106:16627:92694_1:8731851",5.8e-17
"13001","HISEQ13:138:C6FWNANXX:2:2210:3333:57864_1:112343909",5.8e-17
"13002","HISEQ13:138:C6FWNANXX:2:1209:13972:48341_1:37341767",5.8e-17
"13003","HISEQ13:138:C6FWNANXX:2:1109:20667:85918_1:13239166",5.8e-17
"13004","HISEQ13:138:C6FWNANXX:2:1206:12732:15224_1:32295788",5.8e-17
"13005","HISEQ13:138:C6FWNANXX:2:2203:8114:68555_1:102292953",5.8e-17
"13006","HISEQ13:138:C6FWNANXX:2:2306:3907:20847_1:129928300",5.8e-17
"13007","HISEQ13:138:C6FWNANXX:2:1111:17114:69458_1:16125948",5.8e-17
"13008","HISEQ13:138:C6FWNANXX:2:1303:16202:73242_1:53528683",5.8e-17
"13009","HISEQ13:138:C6FWNANXX:2:2101:1684:80246_1:75673309",5.8e-17
"13010","HISEQ13:138:C6FWNANXX:2:1316:18837:5897_1:72907913",5.8e-17
"13011","HISEQ13:138:C6FWNANXX:2:1111:11697:7565_1:15122755",5.8e-17
"13012","HISEQ13:138:C6FWNANXX:2:1211:19680:30269_1:40170956",5.8e-17
"13013","HISEQ13:138:C6FWNANXX:2:1311:9424:26099_1:64982122",5.8e-17
"13014","HISEQ13:138:C6FWNANXX:2:2304:3671:89407_1:128052166",5.8e-17
"13015","HISEQ13:138:C6FWNANXX:2:2313:3450:90801_1:141641783",5.8e-17
"13016","HISEQ13:138:C6FWNANXX:2:2101:3297:42616_1:75140317",5.8e-17
"13017","HISEQ13:138:C6FWNANXX:2:2308:1317:82419_1:133782344",5.9e-17
"13018","HISEQ13:138:C6FWNANXX:2:2310:9249:73987_1:136675342",5.9e-17
"13019","HISEQ13:138:C6FWNANXX:2:1111:13492:68279_1:16107718",5.9e-17
"13020","HISEQ13:138:C6FWNANXX:2:1203:5082:42575_1:28307729",5.9e-17
"13021","HISEQ13:138:C6FWNANXX:2:1213:14204:43213_1:43561524",5.9e-17
"13022","HISEQ13:138:C6FWNANXX:2:1302:2742:96534_1:52412775",5.9e-17
"13023","HISEQ13:138:C6FWNANXX:2:2306:2691:99798_1:131091188",5.9e-17
"13024","HISEQ13:138:C6FWNANXX:2:2316:3365:74115_1:146273816",5.9e-17
"13025","HISEQ13:138:C6FWNANXX:2:2304:15982:76577_1:127871640",5.9e-17
"13026","HISEQ13:138:C6FWNANXX:2:1301:18109:59635_1:50417482",5.9e-17
"13027","HISEQ13:138:C6FWNANXX:2:1210:8002:14434_1:38357354",5.9e-17
"13028","HISEQ13:138:C6FWNANXX:2:2211:18543:70634_1:114072730",5.9e-17
"13029","HISEQ13:138:C6FWNANXX:2:2313:20801:5541_1:140268200",5.9e-17
"13030","HISEQ13:138:C6FWNANXX:2:1101:7155:88028_1:1273577",6e-17
"13031","HISEQ13:138:C6FWNANXX:2:1103:3470:60919_1:3793458",6e-17
"13032","HISEQ13:138:C6FWNANXX:2:1316:17996:56261_1:73788512",6e-17
"13033","HISEQ13:138:C6FWNANXX:2:1116:16768:81791_1:24478663",6e-17
"13034","HISEQ13:138:C6FWNANXX:2:1203:12878:56157_1:28506232",6e-17
"13035","HISEQ13:138:C6FWNANXX:2:1213:1317:34672_1:43417627",6e-17
"13036","HISEQ13:138:C6FWNANXX:2:1206:10928:2431_1:32102714",6e-17
"13037","HISEQ13:138:C6FWNANXX:2:1208:17907:66170_1:36083071",6e-17
"13038","HISEQ13:138:C6FWNANXX:2:1302:3827:57857_1:51841774",6e-17
"13039","HISEQ13:138:C6FWNANXX:2:2105:19096:50508_1:80913516",6e-17
"13040","HISEQ13:138:C6FWNANXX:2:1307:9621:20233_1:58688073",6e-17
"13041","HISEQ13:138:C6FWNANXX:2:1211:12904:94572_1:41205440",6e-17
"13042","HISEQ13:138:C6FWNANXX:2:1213:17248:65172_1:43926244",6e-17
"13043","HISEQ13:138:C6FWNANXX:2:2312:3783:20042_1:138925548",6e-17
"13044","HISEQ13:138:C6FWNANXX:2:1201:5540:47899_1:25478377",6e-17
"13045","HISEQ13:138:C6FWNANXX:2:1311:6228:46377_1:65308151",6e-17
"13046","HISEQ13:138:C6FWNANXX:2:2102:2351:78610_1:77056975",6e-17
"13047","HISEQ13:138:C6FWNANXX:2:2314:19457:67081_1:142873826",6e-17
"13048","HISEQ13:138:C6FWNANXX:2:1110:5721:68660_1:14525385",6e-17
"13049","HISEQ13:138:C6FWNANXX:2:1104:9864:68843_1:5383692",6e-17
"13050","HISEQ13:138:C6FWNANXX:2:1216:16329:72582_1:49079834",6e-17
"13051","HISEQ13:138:C6FWNANXX:2:1104:15417:79545_1:5545027",6.1e-17
"13052","HISEQ13:138:C6FWNANXX:2:1216:3900:73901_1:49099035",6.1e-17
"13053","HISEQ13:138:C6FWNANXX:2:2201:19121:54526_1:99276823",6.1e-17
"13054","HISEQ13:138:C6FWNANXX:2:2311:1375:62925_1:138037549",6.1e-17
"13055","HISEQ13:138:C6FWNANXX:2:1203:7577:22421_1:28009477",6.1e-17
"13056","HISEQ13:138:C6FWNANXX:2:2313:13050:12933_1:140383112",6.1e-17
"13057","HISEQ13:138:C6FWNANXX:2:2115:4553:89910_1:96711034",6.1e-17
"13058","HISEQ13:138:C6FWNANXX:2:2204:5845:15033_1:102936080",6.1e-17
"13059","HISEQ13:138:C6FWNANXX:2:2311:14431:61349_1:138016321",6.1e-17
"13060","HISEQ13:138:C6FWNANXX:2:2311:12633:95888_1:138562498",6.1e-17
"13061","HISEQ13:138:C6FWNANXX:2:1104:7828:42754_1:4995423",6.1e-17
"13062","HISEQ13:138:C6FWNANXX:2:1312:8697:46752_1:66929069",6.1e-17
"13063","HISEQ13:138:C6FWNANXX:2:1206:6366:39995_1:32668783",6.1e-17
"13064","HISEQ13:138:C6FWNANXX:2:2304:9551:44621_1:127410420",6.1e-17
"13065","HISEQ13:138:C6FWNANXX:2:1202:8751:95732_1:27632786",6.1e-17
"13066","HISEQ13:138:C6FWNANXX:2:1209:14582:80146_1:37838428",6.1e-17
"13067","HISEQ13:138:C6FWNANXX:2:1307:8780:75694_1:59542125",6.1e-17
"13068","HISEQ13:138:C6FWNANXX:2:2111:11232:99449_1:90648368",6.1e-17
"13069","HISEQ13:138:C6FWNANXX:2:1205:11383:37476_1:31146446",6.1e-17
"13070","HISEQ13:138:C6FWNANXX:2:2206:5133:52128_1:106331943",6.1e-17
"13071","HISEQ13:138:C6FWNANXX:2:1116:7105:72711_1:24315274",6.1e-17
"13072","HISEQ13:138:C6FWNANXX:2:1206:7137:12562_1:32257284",6.1e-17
"13073","HISEQ13:138:C6FWNANXX:2:1101:13484:74276_1:1071257",6.1e-17
"13074","HISEQ13:138:C6FWNANXX:2:1315:19894:69282_1:72296122",6.2e-17
"13075","HISEQ13:138:C6FWNANXX:2:1107:9502:8689_1:8958871",6.2e-17
"13076","HISEQ13:138:C6FWNANXX:2:2114:5902:91323_1:95126066",6.2e-17
"13077","HISEQ13:138:C6FWNANXX:2:1304:15090:34945_1:54428325",6.2e-17
"13078","HISEQ13:138:C6FWNANXX:2:2115:8767:95866_1:96811309",6.2e-17
"13079","HISEQ13:138:C6FWNANXX:2:1216:5788:11858_1:48025322",6.2e-17
"13080","HISEQ13:138:C6FWNANXX:2:1312:3000:11683_1:66352761",6.2e-17
"13081","HISEQ13:138:C6FWNANXX:2:2212:1451:88042_1:115899436",6.2e-17
"13082","HISEQ13:138:C6FWNANXX:2:1107:7989:41457_1:9459880",6.2e-17
"13083","HISEQ13:138:C6FWNANXX:2:1207:13514:14536_1:33784814",6.2e-17
"13084","HISEQ13:138:C6FWNANXX:2:2214:8513:4189_1:117724465",6.2e-17
"13085","HISEQ13:138:C6FWNANXX:2:1113:9107:51299_1:18939284",6.3e-17
"13086","HISEQ13:138:C6FWNANXX:2:2105:7403:23339_1:80515367",6.3e-17
"13087","HISEQ13:138:C6FWNANXX:2:2102:7936:80845_1:77090106",6.3e-17
"13088","HISEQ13:138:C6FWNANXX:2:2215:20245:100640_1:120936088",6.3e-17
"13089","HISEQ13:138:C6FWNANXX:2:2316:3124:89655_1:146535969",6.3e-17
"13090","HISEQ13:138:C6FWNANXX:2:1109:16136:37402_1:12470721",6.3e-17
"13091","HISEQ13:138:C6FWNANXX:2:2307:11395:27895_1:131489476",6.3e-17
"13092","HISEQ13:138:C6FWNANXX:2:2215:17111:62001_1:120297942",6.3e-17
"13093","HISEQ13:138:C6FWNANXX:2:1112:19161:79771_1:17784332",6.3e-17
"13094","HISEQ13:138:C6FWNANXX:2:2213:17415:91888_1:117547572",6.3e-17
"13095","HISEQ13:138:C6FWNANXX:2:2213:1469:22466_1:116427146",6.4e-17
"13096","HISEQ13:138:C6FWNANXX:2:2306:18828:25731_1:130000730",6.4e-17
"13097","HISEQ13:138:C6FWNANXX:2:2107:16389:44574_1:83729645",6.4e-17
"13098","HISEQ13:138:C6FWNANXX:2:1203:20217:45405_1:28351096",6.4e-17
"13099","HISEQ13:138:C6FWNANXX:2:2105:4038:61203_1:81062082",6.4e-17
"13100","HISEQ13:138:C6FWNANXX:2:1103:11441:19124_1:3176613",6.4e-17
"13101","HISEQ13:138:C6FWNANXX:2:2103:17294:63608_1:78253645",6.4e-17
"13102","HISEQ13:138:C6FWNANXX:2:2203:8065:42608_1:101922031",6.4e-17
"13103","HISEQ13:138:C6FWNANXX:2:2216:16618:98724_1:122569461",6.4e-17
"13104","HISEQ13:138:C6FWNANXX:2:2103:15624:59166_1:78189113",6.4e-17
"13105","HISEQ13:138:C6FWNANXX:2:2208:15592:76873_1:109632058",6.4e-17
"13106","HISEQ13:138:C6FWNANXX:2:2314:14198:30832_1:142274195",6.4e-17
"13107","HISEQ13:138:C6FWNANXX:2:1105:14568:80097_1:7036788",6.4e-17
"13108","HISEQ13:138:C6FWNANXX:2:1206:20214:66069_1:33069020",6.4e-17
"13109","HISEQ13:138:C6FWNANXX:2:1110:2512:4779_1:13517593",6.4e-17
"13110","HISEQ13:138:C6FWNANXX:2:1201:9907:30402_1:25222040",6.4e-17
"13111","HISEQ13:138:C6FWNANXX:2:1204:6584:16916_1:29370422",6.4e-17
"13112","HISEQ13:138:C6FWNANXX:2:2106:7885:90005_1:82935905",6.4e-17
"13113","HISEQ13:138:C6FWNANXX:2:1207:12979:5652_1:33647278",6.5e-17
"13114","HISEQ13:138:C6FWNANXX:2:1107:20831:67640_1:9865372",6.5e-17
"13115","HISEQ13:138:C6FWNANXX:2:2312:15773:24167_1:138991511",6.5e-17
"13116","HISEQ13:138:C6FWNANXX:2:2112:4359:100139_1:92085195",6.5e-17
"13117","HISEQ13:138:C6FWNANXX:2:1304:13581:65328_1:54885026",6.5e-17
"13118","HISEQ13:138:C6FWNANXX:2:1213:18622:28713_1:43322142",6.5e-17
"13119","HISEQ13:138:C6FWNANXX:2:1207:9431:92967_1:34973046",6.5e-17
"13120","HISEQ13:138:C6FWNANXX:2:2308:1632:91457_1:133918450",6.5e-17
"13121","HISEQ13:138:C6FWNANXX:2:2313:3227:3510_1:140232243",6.5e-17
"13122","HISEQ13:138:C6FWNANXX:2:1210:4376:7753_1:38253939",6.5e-17
"13123","HISEQ13:138:C6FWNANXX:2:2108:15876:17165_1:84795279",6.5e-17
"13124","HISEQ13:138:C6FWNANXX:2:2210:15138:93639_1:112889940",6.5e-17
"13125","HISEQ13:138:C6FWNANXX:2:2210:3981:22678_1:111805600",6.5e-17
"13126","HISEQ13:138:C6FWNANXX:2:1303:14067:98476_1:53903168",6.5e-17
"13127","HISEQ13:138:C6FWNANXX:2:1310:4106:33710_1:63529296",6.5e-17
"13128","HISEQ13:138:C6FWNANXX:2:1203:5730:79852_1:28854867",6.5e-17
"13129","HISEQ13:138:C6FWNANXX:2:1214:12944:10919_1:44665261",6.5e-17
"13130","HISEQ13:138:C6FWNANXX:2:2209:17761:89287_1:111320077",6.5e-17
"13131","HISEQ13:138:C6FWNANXX:2:1214:2605:30302_1:44989750",6.5e-17
"13132","HISEQ13:138:C6FWNANXX:2:1213:18852:74751_1:44087974",6.6e-17
"13133","HISEQ13:138:C6FWNANXX:2:1208:5418:84229_1:36359500",6.6e-17
"13134","HISEQ13:138:C6FWNANXX:2:1203:18123:10818_1:27842151",6.6e-17
"13135","HISEQ13:138:C6FWNANXX:2:2108:5331:29697_1:84979772",6.6e-17
"13136","HISEQ13:138:C6FWNANXX:2:1202:10255:54764_1:27034738",6.6e-17
"13137","HISEQ13:138:C6FWNANXX:2:1202:14258:47549_1:26929646",6.6e-17
"13138","HISEQ13:138:C6FWNANXX:2:1304:4984:55170_1:54729908",6.6e-17
"13139","HISEQ13:138:C6FWNANXX:2:1315:7628:55179_1:72047642",6.6e-17
"13140","HISEQ13:138:C6FWNANXX:2:2107:18207:25164_1:83441349",6.6e-17
"13141","HISEQ13:138:C6FWNANXX:2:2111:1478:36335_1:89598446",6.6e-17
"13142","HISEQ13:138:C6FWNANXX:2:2214:2032:89611_1:119121409",6.6e-17
"13143","HISEQ13:138:C6FWNANXX:2:2303:14309:75079_1:126436307",6.6e-17
"13144","HISEQ13:138:C6FWNANXX:2:2306:5035:45368_1:130289122",6.6e-17
"13145","HISEQ13:138:C6FWNANXX:2:1205:7570:40138_1:31187187",6.6e-17
"13146","HISEQ13:138:C6FWNANXX:2:1305:9023:24024_1:55746885",6.6e-17
"13147","HISEQ13:138:C6FWNANXX:2:1105:12242:13399_1:6034653",6.7e-17
"13148","HISEQ13:138:C6FWNANXX:2:1304:9255:39762_1:54501339",6.7e-17
"13149","HISEQ13:138:C6FWNANXX:2:2216:4538:29761_1:121403067",6.7e-17
"13150","HISEQ13:138:C6FWNANXX:2:1111:2656:34108_1:15542882",6.7e-17
"13151","HISEQ13:138:C6FWNANXX:2:1305:14010:31310_1:55855816",6.7e-17
"13152","HISEQ13:138:C6FWNANXX:2:2215:9261:99751_1:120921649",6.7e-17
"13153","HISEQ13:138:C6FWNANXX:2:1210:8518:34583_1:38676814",6.7e-17
"13154","HISEQ13:138:C6FWNANXX:2:1111:20419:11816_1:15192532",6.7e-17
"13155","HISEQ13:138:C6FWNANXX:2:2312:15618:19073_1:138912108",6.7e-17
"13156","HISEQ13:138:C6FWNANXX:2:1115:16452:80891_1:22761809",6.7e-17
"13157","HISEQ13:138:C6FWNANXX:2:1312:20500:8387_1:66303763",6.8e-17
"13158","HISEQ13:138:C6FWNANXX:2:2307:3802:74324_1:132178654",6.8e-17
"13159","HISEQ13:138:C6FWNANXX:2:1214:18126:69402_1:45649325",6.8e-17
"13160","HISEQ13:138:C6FWNANXX:2:2110:9468:98419_1:89029821",6.8e-17
"13161","HISEQ13:138:C6FWNANXX:2:2307:11536:56768_1:131919162",6.8e-17
"13162","HISEQ13:138:C6FWNANXX:2:1209:11052:20522_1:36910226",6.8e-17
"13163","HISEQ13:138:C6FWNANXX:2:1307:9743:92074_1:59795338",6.8e-17
"13164","HISEQ13:138:C6FWNANXX:2:2102:9424:40117_1:76510099",6.8e-17
"13165","HISEQ13:138:C6FWNANXX:2:2109:8189:60655_1:86948656",6.8e-17
"13166","HISEQ13:138:C6FWNANXX:2:2214:13144:48192_1:118443294",6.8e-17
"13167","HISEQ13:138:C6FWNANXX:2:2307:3270:98196_1:132531228",6.8e-17
"13168","HISEQ13:138:C6FWNANXX:2:2313:21052:45733_1:140912411",6.8e-17
"13169","HISEQ13:138:C6FWNANXX:2:2101:15997:52240_1:75277466",6.8e-17
"13170","HISEQ13:138:C6FWNANXX:2:1105:7377:81237_1:7050438",6.8e-17
"13171","HISEQ13:138:C6FWNANXX:2:1111:16030:31328_1:15501922",6.8e-17
"13172","HISEQ13:138:C6FWNANXX:2:1302:17204:84651_1:52238287",6.8e-17
"13173","HISEQ13:138:C6FWNANXX:2:2302:6270:13499_1:124161215",6.8e-17
"13174","HISEQ13:138:C6FWNANXX:2:1103:7044:85049_1:4154548",6.9e-17
"13175","HISEQ13:138:C6FWNANXX:2:1211:10403:97221_1:41245912",6.9e-17
"13176","HISEQ13:138:C6FWNANXX:2:2106:7500:71466_1:82661873",6.9e-17
"13177","HISEQ13:138:C6FWNANXX:2:1301:19046:26616_1:49933567",6.9e-17
"13178","HISEQ13:138:C6FWNANXX:2:2205:18366:28308_1:104551120",6.9e-17
"13179","HISEQ13:138:C6FWNANXX:2:2306:6111:12306_1:129803763",6.9e-17
"13180","HISEQ13:138:C6FWNANXX:2:1103:17791:24176_1:3252655",6.9e-17
"13181","HISEQ13:138:C6FWNANXX:2:2109:13604:76357_1:87189290",6.9e-17
"13182","HISEQ13:138:C6FWNANXX:2:1302:2376:99373_1:52453933",7e-17
"13183","HISEQ13:138:C6FWNANXX:2:1308:14307:2697_1:59939744",7e-17
"13184","HISEQ13:138:C6FWNANXX:2:1116:9838:87346_1:24572368",7e-17
"13185","HISEQ13:138:C6FWNANXX:2:1209:20335:30512_1:37066914",7e-17
"13186","HISEQ13:138:C6FWNANXX:2:2205:20501:49416_1:104855849",7e-17
"13187","HISEQ13:138:C6FWNANXX:2:2104:13987:71608_1:79785985",7e-17
"13188","HISEQ13:138:C6FWNANXX:2:2109:20521:18671_1:86311884",7e-17
"13189","HISEQ13:138:C6FWNANXX:2:1213:14974:93883_1:44400687",7e-17
"13190","HISEQ13:138:C6FWNANXX:2:1313:4540:8990_1:67930490",7e-17
"13191","HISEQ13:138:C6FWNANXX:2:1108:14814:82134_1:11621061",7e-17
"13192","HISEQ13:138:C6FWNANXX:2:2203:19146:3804_1:101370434",7e-17
"13193","HISEQ13:138:C6FWNANXX:2:2206:16102:69182_1:106585039",7e-17
"13194","HISEQ13:138:C6FWNANXX:2:2206:19441:95427_1:106969756",7e-17
"13195","HISEQ13:138:C6FWNANXX:2:2307:20551:82038_1:132296497",7e-17
"13196","HISEQ13:138:C6FWNANXX:2:1202:9124:64497_1:27173941",7e-17
"13197","HISEQ13:138:C6FWNANXX:2:1309:20002:84684_1:62776410",7e-17
"13198","HISEQ13:138:C6FWNANXX:2:2102:18941:2460_1:75976092",7e-17
"13199","HISEQ13:138:C6FWNANXX:2:2306:18446:27394_1:130026354",7.1e-17
"13200","HISEQ13:138:C6FWNANXX:2:2106:6868:98220_1:83054411",7.1e-17
"13201","HISEQ13:138:C6FWNANXX:2:1315:4824:62997_1:72180194",7.1e-17
"13202","HISEQ13:138:C6FWNANXX:2:1205:1982:85502_1:31867984",7.1e-17
"13203","HISEQ13:138:C6FWNANXX:2:2303:9583:66908_1:126318840",7.1e-17
"13204","HISEQ13:138:C6FWNANXX:2:2316:17929:56665_1:145981614",7.1e-17
"13205","HISEQ13:138:C6FWNANXX:2:2201:6294:58911_1:99335330",7.1e-17
"13206","HISEQ13:138:C6FWNANXX:2:1107:14317:96782_1:10312953",7.1e-17
"13207","HISEQ13:138:C6FWNANXX:2:2308:4068:40595_1:133152057",7.1e-17
"13208","HISEQ13:138:C6FWNANXX:2:1107:19346:41034_1:9458234",7.1e-17
"13209","HISEQ13:138:C6FWNANXX:2:2203:14036:27193_1:101700650",7.1e-17
"13210","HISEQ13:138:C6FWNANXX:2:2314:5168:39343_1:142412305",7.1e-17
"13211","HISEQ13:138:C6FWNANXX:2:1112:17169:88040_1:17918691",7.2e-17
"13212","HISEQ13:138:C6FWNANXX:2:1208:1720:63688_1:36041189",7.2e-17
"13213","HISEQ13:138:C6FWNANXX:2:1115:20733:61613_1:22436582",7.2e-17
"13214","HISEQ13:138:C6FWNANXX:2:1213:2684:31886_1:43372339",7.2e-17
"13215","HISEQ13:138:C6FWNANXX:2:1314:5685:9736_1:69591258",7.2e-17
"13216","HISEQ13:138:C6FWNANXX:2:2105:1685:49732_1:80895633",7.2e-17
"13217","HISEQ13:138:C6FWNANXX:2:1216:11525:3255_1:47879596",7.2e-17
"13218","HISEQ13:138:C6FWNANXX:2:2113:5954:28350_1:92515612",7.2e-17
"13219","HISEQ13:138:C6FWNANXX:2:1213:11780:41007_1:43527933",7.2e-17
"13220","HISEQ13:138:C6FWNANXX:2:2210:11784:60616_1:112387539",7.2e-17
"13221","HISEQ13:138:C6FWNANXX:2:2301:11986:7602_1:122685660",7.3e-17
"13222","HISEQ13:138:C6FWNANXX:2:1203:13890:38409_1:28246622",7.3e-17
"13223","HISEQ13:138:C6FWNANXX:2:1208:3705:96161_1:36545974",7.3e-17
"13224","HISEQ13:138:C6FWNANXX:2:1308:15745:71988_1:61015415",7.3e-17
"13225","HISEQ13:138:C6FWNANXX:2:2103:8471:53816_1:78113755",7.3e-17
"13226","HISEQ13:138:C6FWNANXX:2:2209:14355:92180_1:111360881",7.3e-17
"13227","HISEQ13:138:C6FWNANXX:2:2208:17497:44603_1:109146475",7.3e-17
"13228","HISEQ13:138:C6FWNANXX:2:2107:19579:27826_1:83482238",7.3e-17
"13229","HISEQ13:138:C6FWNANXX:2:1214:2186:80627_1:45834855",7.3e-17
"13230","HISEQ13:138:C6FWNANXX:2:2205:8545:44616_1:104784176",7.3e-17
"13231","HISEQ13:138:C6FWNANXX:2:2208:3045:32218_1:108956470",7.3e-17
"13232","HISEQ13:138:C6FWNANXX:2:1106:10001:11412_1:7492868",7.3e-17
"13233","HISEQ13:138:C6FWNANXX:2:2314:9322:24340_1:142167416",7.3e-17
"13234","HISEQ13:138:C6FWNANXX:2:1211:4535:22780_1:40047121",7.3e-17
"13235","HISEQ13:138:C6FWNANXX:2:1308:3490:4155_1:59961019",7.3e-17
"13236","HISEQ13:138:C6FWNANXX:2:1303:19940:15206_1:52671910",7.3e-17
"13237","HISEQ13:138:C6FWNANXX:2:2216:6445:57091_1:121863956",7.3e-17
"13238","HISEQ13:138:C6FWNANXX:2:2303:12756:49540_1:126075468",7.3e-17
"13239","HISEQ13:138:C6FWNANXX:2:2315:2046:73927_1:144608371",7.3e-17
"13240","HISEQ13:138:C6FWNANXX:2:1212:3882:38272_1:41860943",7.4e-17
"13241","HISEQ13:138:C6FWNANXX:2:2103:12116:84372_1:78547442",7.4e-17
"13242","HISEQ13:138:C6FWNANXX:2:2306:12248:15873_1:129856551",7.4e-17
"13243","HISEQ13:138:C6FWNANXX:2:1107:14167:10770_1:8994246",7.4e-17
"13244","HISEQ13:138:C6FWNANXX:2:1306:5690:12724_1:57063082",7.4e-17
"13245","HISEQ13:138:C6FWNANXX:2:2115:20092:79901_1:96550280",7.4e-17
"13246","HISEQ13:138:C6FWNANXX:2:2110:14414:41391_1:88162596",7.4e-17
"13247","HISEQ13:138:C6FWNANXX:2:1116:19214:64244_1:24171928",7.4e-17
"13248","HISEQ13:138:C6FWNANXX:2:2308:5658:54151_1:133356545",7.4e-17
"13249","HISEQ13:138:C6FWNANXX:2:1112:3400:6131_1:16737146",7.4e-17
"13250","HISEQ13:138:C6FWNANXX:2:2306:17965:36546_1:130162233",7.4e-17
"13251","HISEQ13:138:C6FWNANXX:2:1112:13935:49046_1:17281713",7.4e-17
"13252","HISEQ13:138:C6FWNANXX:2:1306:14787:87062_1:58202009",7.4e-17
"13253","HISEQ13:138:C6FWNANXX:2:1110:20648:37014_1:14030556",7.4e-17
"13254","HISEQ13:138:C6FWNANXX:2:2112:2624:34872_1:91056386",7.4e-17
"13255","HISEQ13:138:C6FWNANXX:2:2102:9389:56303_1:76740785",7.5e-17
"13256","HISEQ13:138:C6FWNANXX:2:1203:11757:30526_1:28132824",7.5e-17
"13257","HISEQ13:138:C6FWNANXX:2:1113:14651:16452_1:18364852",7.5e-17
"13258","HISEQ13:138:C6FWNANXX:2:1114:7347:25010_1:20150601",7.5e-17
"13259","HISEQ13:138:C6FWNANXX:2:1305:15215:36864_1:55938294",7.5e-17
"13260","HISEQ13:138:C6FWNANXX:2:1303:2258:60784_1:53345922",7.5e-17
"13261","HISEQ13:138:C6FWNANXX:2:2101:21076:87226_1:75775997",7.5e-17
"13262","HISEQ13:138:C6FWNANXX:2:2103:17350:99009_1:78758897",7.5e-17
"13263","HISEQ13:138:C6FWNANXX:2:2302:11970:45701_1:124616067",7.5e-17
"13264","HISEQ13:138:C6FWNANXX:2:1107:18839:14963_1:9056765",7.5e-17
"13265","HISEQ13:138:C6FWNANXX:2:1101:9126:33893_1:472140",7.5e-17
"13266","HISEQ13:138:C6FWNANXX:2:2305:10233:40674_1:128777551",7.5e-17
"13267","HISEQ13:138:C6FWNANXX:2:2312:18049:70594_1:139727738",7.5e-17
"13268","HISEQ13:138:C6FWNANXX:2:1101:4500:47318_1:670735",7.5e-17
"13269","HISEQ13:138:C6FWNANXX:2:2106:12471:52002_1:82378501",7.5e-17
"13270","HISEQ13:138:C6FWNANXX:2:2304:8621:54081_1:127547269",7.5e-17
"13271","HISEQ13:138:C6FWNANXX:2:1201:5670:13684_1:24974670",7.5e-17
"13272","HISEQ13:138:C6FWNANXX:2:1203:15826:81800_1:28886517",7.5e-17
"13273","HISEQ13:138:C6FWNANXX:2:1212:20868:18104_1:41538157",7.5e-17
"13274","HISEQ13:138:C6FWNANXX:2:1301:14019:6885_1:49640641",7.5e-17
"13275","HISEQ13:138:C6FWNANXX:2:2203:5904:58897_1:102152610",7.5e-17
"13276","HISEQ13:138:C6FWNANXX:2:2310:20851:83415_1:136822094",7.5e-17
"13277","HISEQ13:138:C6FWNANXX:2:1313:11347:29520_1:68275199",7.5e-17
"13278","HISEQ13:138:C6FWNANXX:2:2103:20962:81668_1:78509891",7.5e-17
"13279","HISEQ13:138:C6FWNANXX:2:2212:11229:14637_1:114737394",7.6e-17
"13280","HISEQ13:138:C6FWNANXX:2:1103:2723:29203_1:3323921",7.6e-17
"13281","HISEQ13:138:C6FWNANXX:2:2313:15569:77440_1:141425747",7.6e-17
"13282","HISEQ13:138:C6FWNANXX:2:1315:18785:93216_1:72707044",7.6e-17
"13283","HISEQ13:138:C6FWNANXX:2:1113:11539:26876_1:18536623",7.6e-17
"13284","HISEQ13:138:C6FWNANXX:2:2103:3217:58099_1:78172964",7.6e-17
"13285","HISEQ13:138:C6FWNANXX:2:1213:19171:17525_1:43142819",7.6e-17
"13286","HISEQ13:138:C6FWNANXX:2:1307:10338:77632_1:59573475",7.6e-17
"13287","HISEQ13:138:C6FWNANXX:2:1306:6988:8727_1:57001940",7.6e-17
"13288","HISEQ13:138:C6FWNANXX:2:1307:10700:45086_1:59071980",7.6e-17
"13289","HISEQ13:138:C6FWNANXX:2:2113:6729:59230_1:93007344",7.6e-17
"13290","HISEQ13:138:C6FWNANXX:2:1303:17265:85947_1:53717669",7.6e-17
"13291","HISEQ13:138:C6FWNANXX:2:2308:2800:69996_1:133594106",7.6e-17
"13292","HISEQ13:138:C6FWNANXX:2:1208:14849:93198_1:36500925",7.7e-17
"13293","HISEQ13:138:C6FWNANXX:2:2107:10309:70623_1:84115540",7.7e-17
"13294","HISEQ13:138:C6FWNANXX:2:1312:18060:36397_1:66760269",7.7e-17
"13295","HISEQ13:138:C6FWNANXX:2:2103:1961:2450_1:77380051",7.7e-17
"13296","HISEQ13:138:C6FWNANXX:2:2110:19035:16278_1:87780932",7.7e-17
"13297","HISEQ13:138:C6FWNANXX:2:2305:20550:84136_1:129412143",7.7e-17
"13298","HISEQ13:138:C6FWNANXX:2:1301:7934:28747_1:49960648",7.7e-17
"13299","HISEQ13:138:C6FWNANXX:2:2313:2282:65481_1:141228990",7.7e-17
"13300","HISEQ13:138:C6FWNANXX:2:1109:19701:29244_1:12341959",7.7e-17
"13301","HISEQ13:138:C6FWNANXX:2:2301:20850:40051_1:123146662",7.7e-17
"13302","HISEQ13:138:C6FWNANXX:2:2316:11386:56217_1:145971874",7.7e-17
"13303","HISEQ13:138:C6FWNANXX:2:2310:3247:21514_1:135870618",7.7e-17
"13304","HISEQ13:138:C6FWNANXX:2:1106:20569:21294_1:7647181",7.7e-17
"13305","HISEQ13:138:C6FWNANXX:2:1206:6403:70847_1:33138610",7.7e-17
"13306","HISEQ13:138:C6FWNANXX:2:1215:1684:31040_1:46669559",7.7e-17
"13307","HISEQ13:138:C6FWNANXX:2:2206:9407:77780_1:106712656",7.7e-17
"13308","HISEQ13:138:C6FWNANXX:2:1305:13138:76978_1:56540097",7.7e-17
"13309","HISEQ13:138:C6FWNANXX:2:1313:8893:86702_1:69225809",7.7e-17
"13310","HISEQ13:138:C6FWNANXX:2:1216:4247:94669_1:49457294",7.7e-17
"13311","HISEQ13:138:C6FWNANXX:2:1311:18755:85980_1:65954918",7.7e-17
"13312","HISEQ13:138:C6FWNANXX:2:1309:14058:89504_1:62854707",7.8e-17
"13313","HISEQ13:138:C6FWNANXX:2:2111:11666:58191_1:89943805",7.8e-17
"13314","HISEQ13:138:C6FWNANXX:2:1208:6051:52450_1:35867934",7.8e-17
"13315","HISEQ13:138:C6FWNANXX:2:1306:18287:60506_1:57797935",7.8e-17
"13316","HISEQ13:138:C6FWNANXX:2:2306:6741:71239_1:130669513",7.8e-17
"13317","HISEQ13:138:C6FWNANXX:2:1105:16644:95713_1:7271781",7.8e-17
"13318","HISEQ13:138:C6FWNANXX:2:1113:20210:60620_1:19094275",7.8e-17
"13319","HISEQ13:138:C6FWNANXX:2:2104:13927:37574_1:79296368",7.8e-17
"13320","HISEQ13:138:C6FWNANXX:2:2114:17585:87289_1:95063246",7.8e-17
"13321","HISEQ13:138:C6FWNANXX:2:2308:12896:78047_1:133720219",7.8e-17
"13322","HISEQ13:138:C6FWNANXX:2:1306:9569:5846_1:56960629",7.8e-17
"13323","HISEQ13:138:C6FWNANXX:2:1312:18396:75827_1:67407157",7.8e-17
"13324","HISEQ13:138:C6FWNANXX:2:2116:17102:51999_1:97720742",7.8e-17
"13325","HISEQ13:138:C6FWNANXX:2:1105:1391:76612_1:6981275",7.8e-17
"13326","HISEQ13:138:C6FWNANXX:2:2110:7361:79228_1:88736455",7.8e-17
"13327","HISEQ13:138:C6FWNANXX:2:2115:6263:76972_1:96498189",7.8e-17
"13328","HISEQ13:138:C6FWNANXX:2:1106:6104:16825_1:7576096",7.8e-17
"13329","HISEQ13:138:C6FWNANXX:2:2207:13442:40588_1:107616712",7.8e-17
"13330","HISEQ13:138:C6FWNANXX:2:1101:9159:67705_1:971786",7.8e-17
"13331","HISEQ13:138:C6FWNANXX:2:1116:4691:70028_1:24272169",7.8e-17
"13332","HISEQ13:138:C6FWNANXX:2:1104:18469:44761_1:5027694",7.9e-17
"13333","HISEQ13:138:C6FWNANXX:2:1208:2502:54738_1:35901982",7.9e-17
"13334","HISEQ13:138:C6FWNANXX:2:2101:16779:81528_1:75697377",7.9e-17
"13335","HISEQ13:138:C6FWNANXX:2:2107:19106:59152_1:83945680",7.9e-17
"13336","HISEQ13:138:C6FWNANXX:2:1203:10311:7029_1:27785746",7.9e-17
"13337","HISEQ13:138:C6FWNANXX:2:1211:7668:8753_1:39822704",7.9e-17
"13338","HISEQ13:138:C6FWNANXX:2:1311:17858:5091_1:64646647",7.9e-17
"13339","HISEQ13:138:C6FWNANXX:2:1113:18799:6050_1:18196920",7.9e-17
"13340","HISEQ13:138:C6FWNANXX:2:1210:20383:38984_1:38746012",7.9e-17
"13341","HISEQ13:138:C6FWNANXX:2:2312:6434:53049_1:139447595",7.9e-17
"13342","HISEQ13:138:C6FWNANXX:2:1105:6144:44052_1:6494895",7.9e-17
"13343","HISEQ13:138:C6FWNANXX:2:1113:20210:60620_1:19094276",7.9e-17
"13344","HISEQ13:138:C6FWNANXX:2:1212:9419:97393_1:42827434",7.9e-17
"13345","HISEQ13:138:C6FWNANXX:2:2202:8646:30047_1:100333714",7.9e-17
"13346","HISEQ13:138:C6FWNANXX:2:2310:18172:67532_1:136581538",7.9e-17
"13347","HISEQ13:138:C6FWNANXX:2:2315:6536:28167_1:143856414",7.9e-17
"13348","HISEQ13:138:C6FWNANXX:2:2315:19790:71397_1:144571504",7.9e-17
"13349","HISEQ13:138:C6FWNANXX:2:1207:17315:67611_1:34588672",8e-17
"13350","HISEQ13:138:C6FWNANXX:2:2304:12577:98471_1:128184051",8e-17
"13351","HISEQ13:138:C6FWNANXX:2:1304:15090:34945_1:54428324",8e-17
"13352","HISEQ13:138:C6FWNANXX:2:1107:12564:11750_1:9009494",8e-17
"13353","HISEQ13:138:C6FWNANXX:2:1210:8210:86724_1:39489945",8e-17
"13354","HISEQ13:138:C6FWNANXX:2:2212:12714:99384_1:116081208",8e-17
"13355","HISEQ13:138:C6FWNANXX:2:2306:11595:29975_1:130061941",8e-17
"13356","HISEQ13:138:C6FWNANXX:2:1107:12250:12996_1:9024655",8e-17
"13357","HISEQ13:138:C6FWNANXX:2:2112:17636:97885_1:92052361",8.1e-17
"13358","HISEQ13:138:C6FWNANXX:2:2210:17401:33274_1:111971743",8.1e-17
"13359","HISEQ13:138:C6FWNANXX:2:2312:2153:37295_1:139197985",8.1e-17
"13360","HISEQ13:138:C6FWNANXX:2:1102:17200:23029_1:1776186",8.1e-17
"13361","HISEQ13:138:C6FWNANXX:2:1303:1931:90688_1:53785482",8.1e-17
"13362","HISEQ13:138:C6FWNANXX:2:2106:3121:24252_1:81968212",8.1e-17
"13363","HISEQ13:138:C6FWNANXX:2:1108:6021:61444_1:11294225",8.1e-17
"13364","HISEQ13:138:C6FWNANXX:2:2104:12610:26691_1:79137716",8.1e-17
"13365","HISEQ13:138:C6FWNANXX:2:2102:2807:53333_1:76696714",8.1e-17
"13366","HISEQ13:138:C6FWNANXX:2:2303:19927:69858_1:126363694",8.1e-17
"13367","HISEQ13:138:C6FWNANXX:2:1205:20710:87778_1:31905085",8.1e-17
"13368","HISEQ13:138:C6FWNANXX:2:1214:7152:74010_1:45726558",8.1e-17
"13369","HISEQ13:138:C6FWNANXX:2:1312:14383:52467_1:67020388",8.1e-17
"13370","HISEQ13:138:C6FWNANXX:2:2112:4865:39509_1:91130736",8.1e-17
"13371","HISEQ13:138:C6FWNANXX:2:2104:3552:73738_1:79812773",8.2e-17
"13372","HISEQ13:138:C6FWNANXX:2:2310:11649:8384_1:135668029",8.2e-17
"13373","HISEQ13:138:C6FWNANXX:2:2215:20046:46607_1:120041679",8.2e-17
"13374","HISEQ13:138:C6FWNANXX:2:2308:1845:40979_1:133155387",8.2e-17
"13375","HISEQ13:138:C6FWNANXX:2:1212:14027:66639_1:42323685",8.2e-17
"13376","HISEQ13:138:C6FWNANXX:2:1314:4519:78092_1:70754146",8.3e-17
"13377","HISEQ13:138:C6FWNANXX:2:2105:1519:46035_1:80844839",8.3e-17
"13378","HISEQ13:138:C6FWNANXX:2:2312:19313:35144_1:139165467",8.3e-17
"13379","HISEQ13:138:C6FWNANXX:2:1213:13013:49726_1:43668248",8.3e-17
"13380","HISEQ13:138:C6FWNANXX:2:1301:15269:93777_1:50920257",8.3e-17
"13381","HISEQ13:138:C6FWNANXX:2:1307:6489:24858_1:58760593",8.3e-17
"13382","HISEQ13:138:C6FWNANXX:2:2302:13572:21148_1:124272935",8.3e-17
"13383","HISEQ13:138:C6FWNANXX:2:2316:19048:29443_1:145521606",8.3e-17
"13384","HISEQ13:138:C6FWNANXX:2:1106:10051:49223_1:8067546",8.3e-17
"13385","HISEQ13:138:C6FWNANXX:2:1203:9934:94649_1:29074326",8.3e-17
"13386","HISEQ13:138:C6FWNANXX:2:1316:20006:13524_1:73043615",8.3e-17
"13387","HISEQ13:138:C6FWNANXX:2:2305:5679:72196_1:129234815",8.3e-17
"13388","HISEQ13:138:C6FWNANXX:2:1303:10628:43496_1:53088983",8.3e-17
"13389","HISEQ13:138:C6FWNANXX:2:1306:9115:27653_1:57292700",8.3e-17
"13390","HISEQ13:138:C6FWNANXX:2:1212:16750:39759_1:41887904",8.3e-17
"13391","HISEQ13:138:C6FWNANXX:2:2116:4775:12827_1:97072709",8.3e-17
"13392","HISEQ13:138:C6FWNANXX:2:1101:18591:85773_1:1242482",8.3e-17
"13393","HISEQ13:138:C6FWNANXX:2:1113:3835:89952_1:19577932",8.3e-17
"13394","HISEQ13:138:C6FWNANXX:2:2215:14735:65319_1:120351063",8.3e-17
"13395","HISEQ13:138:C6FWNANXX:2:2303:3141:97355_1:126749833",8.4e-17
"13396","HISEQ13:138:C6FWNANXX:2:1203:10648:3555_1:27734233",8.4e-17
"13397","HISEQ13:138:C6FWNANXX:2:1216:19213:62641_1:48906352",8.4e-17
"13398","HISEQ13:138:C6FWNANXX:2:2209:21183:88065_1:111301537",8.4e-17
"13399","HISEQ13:138:C6FWNANXX:2:2305:10926:53454_1:128964171",8.4e-17
"13400","HISEQ13:138:C6FWNANXX:2:1301:3264:17999_1:49800975",8.4e-17
"13401","HISEQ13:138:C6FWNANXX:2:2308:8012:58284_1:133420964",8.4e-17
"13402","HISEQ13:138:C6FWNANXX:2:1304:5564:24205_1:54266984",8.5e-17
"13403","HISEQ13:138:C6FWNANXX:2:2311:7269:62632_1:138034735",8.5e-17
"13404","HISEQ13:138:C6FWNANXX:2:1212:5639:58474_1:42186969",8.5e-17
"13405","HISEQ13:138:C6FWNANXX:2:1208:8133:2836_1:35107205",8.5e-17
"13406","HISEQ13:138:C6FWNANXX:2:2110:9853:58574_1:88425933",8.5e-17
"13407","HISEQ13:138:C6FWNANXX:2:2207:18507:69627_1:108047132",8.5e-17
"13408","HISEQ13:138:C6FWNANXX:2:1205:11791:39407_1:31176791",8.5e-17
"13409","HISEQ13:138:C6FWNANXX:2:2209:17331:60605_1:110882190",8.5e-17
"13410","HISEQ13:138:C6FWNANXX:2:1210:5811:14536_1:38360735",8.5e-17
"13411","HISEQ13:138:C6FWNANXX:2:2311:13848:11155_1:137230276",8.6e-17
"13412","HISEQ13:138:C6FWNANXX:2:2210:21117:70268_1:112537080",8.6e-17
"13413","HISEQ13:138:C6FWNANXX:2:1212:1899:18529_1:41542023",8.7e-17
"13414","HISEQ13:138:C6FWNANXX:2:1316:20023:80232_1:74204877",8.7e-17
"13415","HISEQ13:138:C6FWNANXX:2:2212:6727:87346_1:115888625",8.7e-17
"13416","HISEQ13:138:C6FWNANXX:2:2205:2194:29553_1:104566162",8.7e-17
"13417","HISEQ13:138:C6FWNANXX:2:2212:5084:66770_1:115560420",8.7e-17
"13418","HISEQ13:138:C6FWNANXX:2:2316:8803:12281_1:145232224",8.7e-17
"13419","HISEQ13:138:C6FWNANXX:2:2106:4892:99936_1:83079416",8.7e-17
"13420","HISEQ13:138:C6FWNANXX:2:2314:5180:4908_1:141849020",8.8e-17
"13421","HISEQ13:138:C6FWNANXX:2:2205:1425:65428_1:105083393",8.8e-17
"13422","HISEQ13:138:C6FWNANXX:2:1314:12473:28555_1:69914875",8.8e-17
"13423","HISEQ13:138:C6FWNANXX:2:1101:6211:88761_1:1284589",8.8e-17
"13424","HISEQ13:138:C6FWNANXX:2:1112:17955:35150_1:17056037",8.8e-17
"13425","HISEQ13:138:C6FWNANXX:2:1115:14519:46815_1:22184827",8.8e-17
"13426","HISEQ13:138:C6FWNANXX:2:1208:13103:70717_1:36152185",8.8e-17
"13427","HISEQ13:138:C6FWNANXX:2:2106:6199:45589_1:82281001",8.8e-17
"13428","HISEQ13:138:C6FWNANXX:2:2106:10969:57596_1:82459300",8.8e-17
"13429","HISEQ13:138:C6FWNANXX:2:2113:13854:9469_1:92216484",8.8e-17
"13430","HISEQ13:138:C6FWNANXX:2:2113:15672:37843_1:92669410",8.8e-17
"13431","HISEQ13:138:C6FWNANXX:2:2106:18034:8250_1:81733026",8.8e-17
"13432","HISEQ13:138:C6FWNANXX:2:2208:16076:74227_1:109590409",8.8e-17
"13433","HISEQ13:138:C6FWNANXX:2:2212:3181:8010_1:114642833",8.8e-17
"13434","HISEQ13:138:C6FWNANXX:2:1215:14386:22950_1:46531507",8.8e-17
"13435","HISEQ13:138:C6FWNANXX:2:1301:19213:6181_1:49630510",8.8e-17
"13436","HISEQ13:138:C6FWNANXX:2:1215:13004:98754_1:47821867",8.9e-17
"13437","HISEQ13:138:C6FWNANXX:2:1310:5700:54504_1:63864791",8.9e-17
"13438","HISEQ13:138:C6FWNANXX:2:2104:15019:1938_1:78782308",8.9e-17
"13439","HISEQ13:138:C6FWNANXX:2:1214:3568:91680_1:46020105",8.9e-17
"13440","HISEQ13:138:C6FWNANXX:2:1313:11709:75706_1:69042171",8.9e-17
"13441","HISEQ13:138:C6FWNANXX:2:1207:7771:46092_1:34259651",8.9e-17
"13442","HISEQ13:138:C6FWNANXX:2:1309:4142:65601_1:62472250",9e-17
"13443","HISEQ13:138:C6FWNANXX:2:2211:4119:77871_1:114183366",9e-17
"13444","HISEQ13:138:C6FWNANXX:2:2308:18093:63716_1:133502130",9e-17
"13445","HISEQ13:138:C6FWNANXX:2:2311:10323:56884_1:137945143",9e-17
"13446","HISEQ13:138:C6FWNANXX:2:2203:18664:11232_1:101473263",9e-17
"13447","HISEQ13:138:C6FWNANXX:2:1214:2219:97923_1:46124749",9e-17
"13448","HISEQ13:138:C6FWNANXX:2:1206:20629:53624_1:32880131",9e-17
"13449","HISEQ13:138:C6FWNANXX:2:2107:16840:26167_1:83456030",9e-17
"13450","HISEQ13:138:C6FWNANXX:2:2215:3654:39634_1:119923887",9e-17
"13451","HISEQ13:138:C6FWNANXX:2:1305:11281:22171_1:55717625",9e-17
"13452","HISEQ13:138:C6FWNANXX:2:1306:16794:86989_1:58198536",9e-17
"13453","HISEQ13:138:C6FWNANXX:2:2303:8267:93495_1:126693495",9e-17
"13454","HISEQ13:138:C6FWNANXX:2:1107:14201:69618_1:9894715",9e-17
"13455","HISEQ13:138:C6FWNANXX:2:1116:3845:58217_1:24065975",9e-17
"13456","HISEQ13:138:C6FWNANXX:2:2207:15396:79136_1:108187332",9e-17
"13457","HISEQ13:138:C6FWNANXX:2:2213:16266:84191_1:117422968",9e-17
"13458","HISEQ13:138:C6FWNANXX:2:1208:15419:79171_1:36283951",9.1e-17
"13459","HISEQ13:138:C6FWNANXX:2:2116:12344:13050_1:97078395",9.1e-17
"13460","HISEQ13:138:C6FWNANXX:2:2210:19553:43692_1:112128520",9.1e-17
"13461","HISEQ13:138:C6FWNANXX:2:2111:15422:43758_1:89718113",9.1e-17
"13462","HISEQ13:138:C6FWNANXX:2:2112:5695:80147_1:91769403",9.1e-17
"13463","HISEQ13:138:C6FWNANXX:2:2207:8567:66979_1:108004270",9.1e-17
"13464","HISEQ13:138:C6FWNANXX:2:2306:13904:12000_1:129801519",9.1e-17
"13465","HISEQ13:138:C6FWNANXX:2:1115:20822:85715_1:22843737",9.1e-17
"13466","HISEQ13:138:C6FWNANXX:2:2101:19715:74568_1:75598522",9.1e-17
"13467","HISEQ13:138:C6FWNANXX:2:2113:10285:31159_1:92560450",9.1e-17
"13468","HISEQ13:138:C6FWNANXX:2:1111:5696:74824_1:16220011",9.1e-17
"13469","HISEQ13:138:C6FWNANXX:2:2210:4791:36284_1:112015373",9.1e-17
"13470","HISEQ13:138:C6FWNANXX:2:2311:17948:95539_1:138559603",9.1e-17
"13471","HISEQ13:138:C6FWNANXX:2:2312:21234:25234_1:139008358",9.1e-17
"13472","HISEQ13:138:C6FWNANXX:2:2112:17671:2044_1:90683076",9.1e-17
"13473","HISEQ13:138:C6FWNANXX:2:2213:19100:49372_1:116863383",9.1e-17
"13474","HISEQ13:138:C6FWNANXX:2:1302:9408:79912_1:52167019",9.1e-17
"13475","HISEQ13:138:C6FWNANXX:2:2113:2392:86426_1:93443641",9.1e-17
"13476","HISEQ13:138:C6FWNANXX:2:1108:15320:66120_1:11369599",9.1e-17
"13477","HISEQ13:138:C6FWNANXX:2:2108:15133:69779_1:85590142",9.1e-17
"13478","HISEQ13:138:C6FWNANXX:2:2116:15577:7619_1:96987906",9.1e-17
"13479","HISEQ13:138:C6FWNANXX:2:2205:13673:81948_1:105324109",9.1e-17
"13480","HISEQ13:138:C6FWNANXX:2:1316:9125:10382_1:72984540",9.1e-17
"13481","HISEQ13:138:C6FWNANXX:2:1315:6846:42911_1:71836998",9.1e-17
"13482","HISEQ13:138:C6FWNANXX:2:2302:16973:7548_1:124081560",9.1e-17
"13483","HISEQ13:138:C6FWNANXX:2:1107:8026:3638_1:8881581",9.2e-17
"13484","HISEQ13:138:C6FWNANXX:2:1110:12780:75951_1:14640752",9.2e-17
"13485","HISEQ13:138:C6FWNANXX:2:1203:5222:19178_1:27961549",9.2e-17
"13486","HISEQ13:138:C6FWNANXX:2:1208:5599:46391_1:35774661",9.2e-17
"13487","HISEQ13:138:C6FWNANXX:2:1301:10225:26253_1:49928269",9.2e-17
"13488","HISEQ13:138:C6FWNANXX:2:1305:11052:36877_1:55937506",9.2e-17
"13489","HISEQ13:138:C6FWNANXX:2:1110:6593:30069_1:13917363",9.2e-17
"13490","HISEQ13:138:C6FWNANXX:2:1213:6984:4646_1:42926934",9.2e-17
"13491","HISEQ13:138:C6FWNANXX:2:2108:5173:77245_1:85697601",9.2e-17
"13492","HISEQ13:138:C6FWNANXX:2:1213:10888:32671_1:43386476",9.2e-17
"13493","HISEQ13:138:C6FWNANXX:2:2107:10345:47078_1:83765522",9.2e-17
"13494","HISEQ13:138:C6FWNANXX:2:2214:14796:77335_1:118924051",9.2e-17
"13495","HISEQ13:138:C6FWNANXX:2:2313:12223:14860_1:140414254",9.2e-17
"13496","HISEQ13:138:C6FWNANXX:2:2314:9343:34839_1:142339289",9.2e-17
"13497","HISEQ13:138:C6FWNANXX:2:1108:12239:98276_1:11874952",9.2e-17
"13498","HISEQ13:138:C6FWNANXX:2:1209:10115:9851_1:36743021",9.2e-17
"13499","HISEQ13:138:C6FWNANXX:2:2216:19635:27693_1:121368263",9.2e-17
"13500","HISEQ13:138:C6FWNANXX:2:1202:2038:70892_1:27268538",9.2e-17
"13501","HISEQ13:138:C6FWNANXX:2:1314:12560:2789_1:69478580",9.2e-17
"13502","HISEQ13:138:C6FWNANXX:2:2304:19357:57560_1:127600256",9.2e-17
"13503","HISEQ13:138:C6FWNANXX:2:2101:12601:32325_1:74995876",9.2e-17
"13504","HISEQ13:138:C6FWNANXX:2:2108:1689:88032_1:85863228",9.2e-17
"13505","HISEQ13:138:C6FWNANXX:2:1105:2102:14245_1:6044079",9.2e-17
"13506","HISEQ13:138:C6FWNANXX:2:2213:3653:70712_1:117202986",9.2e-17
"13507","HISEQ13:138:C6FWNANXX:2:2112:12179:33567_1:91039098",9.3e-17
"13508","HISEQ13:138:C6FWNANXX:2:2303:12206:100257_1:126794133",9.3e-17
"13509","HISEQ13:138:C6FWNANXX:2:2202:8882:10825_1:100060096",9.4e-17
"13510","HISEQ13:138:C6FWNANXX:2:2209:18664:5608_1:110048689",9.4e-17
"13511","HISEQ13:138:C6FWNANXX:2:2209:16524:25689_1:110351115",9.4e-17
"13512","HISEQ13:138:C6FWNANXX:2:1315:11849:46073_1:71893665",9.4e-17
"13513","HISEQ13:138:C6FWNANXX:2:2102:2807:53333_1:76696713",9.4e-17
"13514","HISEQ13:138:C6FWNANXX:2:2109:18378:77403_1:87205161",9.4e-17
"13515","HISEQ13:138:C6FWNANXX:2:2213:2319:2572_1:116112277",9.4e-17
"13516","HISEQ13:138:C6FWNANXX:2:1113:10885:72699_1:19291742",9.4e-17
"13517","HISEQ13:138:C6FWNANXX:2:2108:16151:17863_1:84806543",9.4e-17
"13518","HISEQ13:138:C6FWNANXX:2:2207:8227:19406_1:107304520",9.4e-17
"13519","HISEQ13:138:C6FWNANXX:2:1310:20315:83974_1:64329168",9.4e-17
"13520","HISEQ13:138:C6FWNANXX:2:1111:14499:82830_1:16366111",9.4e-17
"13521","HISEQ13:138:C6FWNANXX:2:1111:15306:85635_1:16416108",9.4e-17
"13522","HISEQ13:138:C6FWNANXX:2:2313:13845:60831_1:141157827",9.4e-17
"13523","HISEQ13:138:C6FWNANXX:2:2110:6447:70907_1:88610749",9.4e-17
"13524","HISEQ13:138:C6FWNANXX:2:1109:1857:2680_1:11921889",9.4e-17
"13525","HISEQ13:138:C6FWNANXX:2:1105:16374:19464_1:6125797",9.4e-17
"13526","HISEQ13:138:C6FWNANXX:2:2107:2241:99919_1:84551027",9.5e-17
"13527","HISEQ13:138:C6FWNANXX:2:2114:16976:97265_1:95225829",9.5e-17
"13528","HISEQ13:138:C6FWNANXX:2:2206:12197:54879_1:106373561",9.5e-17
"13529","HISEQ13:138:C6FWNANXX:2:2208:18023:22570_1:108817951",9.5e-17
"13530","HISEQ13:138:C6FWNANXX:2:2306:2336:65727_1:130587111",9.5e-17
"13531","HISEQ13:138:C6FWNANXX:2:1215:4164:60909_1:47173682",9.5e-17
"13532","HISEQ13:138:C6FWNANXX:2:2115:3660:91788_1:96743709",9.5e-17
"13533","HISEQ13:138:C6FWNANXX:2:2211:16680:57454_1:113866010",9.5e-17
"13534","HISEQ13:138:C6FWNANXX:2:1113:2371:96129_1:19681787",9.5e-17
"13535","HISEQ13:138:C6FWNANXX:2:1202:7790:80414_1:27408713",9.5e-17
"13536","HISEQ13:138:C6FWNANXX:2:2115:17072:98974_1:96862702",9.5e-17
"13537","HISEQ13:138:C6FWNANXX:2:2311:6483:55823_1:137928355",9.5e-17
"13538","HISEQ13:138:C6FWNANXX:2:1113:4946:52331_1:18954983",9.5e-17
"13539","HISEQ13:138:C6FWNANXX:2:1115:14879:99397_1:23078474",9.5e-17
"13540","HISEQ13:138:C6FWNANXX:2:1209:15252:8424_1:36720704",9.5e-17
"13541","HISEQ13:138:C6FWNANXX:2:1314:13727:33123_1:69991016",9.5e-17
"13542","HISEQ13:138:C6FWNANXX:2:2104:15443:50293_1:79479906",9.5e-17
"13543","HISEQ13:138:C6FWNANXX:2:1307:1520:26931_1:58790201",9.5e-17
"13544","HISEQ13:138:C6FWNANXX:2:2202:4111:12714_1:100083977",9.5e-17
"13545","HISEQ13:138:C6FWNANXX:2:2211:14564:50929_1:113764389",9.5e-17
"13546","HISEQ13:138:C6FWNANXX:2:2308:8496:94670_1:133969196",9.6e-17
"13547","HISEQ13:138:C6FWNANXX:2:2103:4025:44877_1:77985617",9.6e-17
"13548","HISEQ13:138:C6FWNANXX:2:2208:20330:24758_1:108852036",9.6e-17
"13549","HISEQ13:138:C6FWNANXX:2:2305:13634:13721_1:128387321",9.6e-17
"13550","HISEQ13:138:C6FWNANXX:2:1113:5605:54056_1:18983546",9.6e-17
"13551","HISEQ13:138:C6FWNANXX:2:1214:9171:77719_1:45785948",9.6e-17
"13552","HISEQ13:138:C6FWNANXX:2:2203:7145:19102_1:101585857",9.6e-17
"13553","HISEQ13:138:C6FWNANXX:2:2303:19641:33935_1:125852163",9.6e-17
"13554","HISEQ13:138:C6FWNANXX:2:2214:14551:43061_1:118361864",9.6e-17
"13555","HISEQ13:138:C6FWNANXX:2:2105:14881:94209_1:81543338",9.6e-17
"13556","HISEQ13:138:C6FWNANXX:2:1112:6963:87320_1:17904351",9.6e-17
"13557","HISEQ13:138:C6FWNANXX:2:1201:12119:15285_1:25001796",9.6e-17
"13558","HISEQ13:138:C6FWNANXX:2:1215:7207:82341_1:47537788",9.6e-17
"13559","HISEQ13:138:C6FWNANXX:2:1312:19811:7853_1:66295388",9.6e-17
"13560","HISEQ13:138:C6FWNANXX:2:2103:4222:30353_1:77779188",9.6e-17
"13561","HISEQ13:138:C6FWNANXX:2:2301:9233:62355_1:123457328",9.6e-17
"13562","HISEQ13:138:C6FWNANXX:2:1107:16171:47843_1:9561184",9.6e-17
"13563","HISEQ13:138:C6FWNANXX:2:1308:7957:87862_1:61266436",9.6e-17
"13564","HISEQ13:138:C6FWNANXX:2:2114:12561:88853_1:95086767",9.7e-17
"13565","HISEQ13:138:C6FWNANXX:2:2204:1474:43833_1:103347968",9.7e-17
"13566","HISEQ13:138:C6FWNANXX:2:2213:21106:7629_1:116196401",9.7e-17
"13567","HISEQ13:138:C6FWNANXX:2:2305:18176:68078_1:129179095",9.7e-17
"13568","HISEQ13:138:C6FWNANXX:2:1207:13854:41944_1:34196510",9.7e-17
"13569","HISEQ13:138:C6FWNANXX:2:2315:10005:6489_1:143497483",9.7e-17
"13570","HISEQ13:138:C6FWNANXX:2:1305:17755:7791_1:55505282",9.7e-17
"13571","HISEQ13:138:C6FWNANXX:2:1208:15383:41018_1:35695724",9.7e-17
"13572","HISEQ13:138:C6FWNANXX:2:1312:14160:31641_1:66682210",9.7e-17
"13573","HISEQ13:138:C6FWNANXX:2:2309:3185:14720_1:134253743",9.7e-17
"13574","HISEQ13:138:C6FWNANXX:2:2314:12623:61694_1:142781812",9.7e-17
"13575","HISEQ13:138:C6FWNANXX:2:1106:3122:94436_1:8756150",9.7e-17
"13576","HISEQ13:138:C6FWNANXX:2:2206:14325:16649_1:105814373",9.7e-17
"13577","HISEQ13:138:C6FWNANXX:2:2316:16838:8639_1:145170194",9.7e-17
"13578","HISEQ13:138:C6FWNANXX:2:2214:9372:51042_1:118491339",9.8e-17
"13579","HISEQ13:138:C6FWNANXX:2:1302:15113:13297_1:51189715",9.8e-17
"13580","HISEQ13:138:C6FWNANXX:2:1115:18992:89615_1:22911908",9.8e-17
"13581","HISEQ13:138:C6FWNANXX:2:1216:2585:93343_1:49435477",9.8e-17
"13582","HISEQ13:138:C6FWNANXX:2:2205:8032:25315_1:104506064",9.8e-17
"13583","HISEQ13:138:C6FWNANXX:2:2104:14975:38658_1:79310631",9.8e-17
"13584","HISEQ13:138:C6FWNANXX:2:1114:19860:70138_1:20909142",9.8e-17
"13585","HISEQ13:138:C6FWNANXX:2:2213:18186:85311_1:117443244",9.9e-17
"13586","HISEQ13:138:C6FWNANXX:2:1103:4440:87508_1:4191285",9.9e-17
"13587","HISEQ13:138:C6FWNANXX:2:1316:3289:77680_1:74157263",9.9e-17
"13588","HISEQ13:138:C6FWNANXX:2:2213:8210:23426_1:116444423",9.9e-17
"13589","HISEQ13:138:C6FWNANXX:2:2316:17929:56665_1:145981613",9.9e-17
"13590","HISEQ13:138:C6FWNANXX:2:2108:1454:53928_1:85345174",9.9e-17
"13591","HISEQ13:138:C6FWNANXX:2:2310:7604:94139_1:136983506",9.9e-17
"13592","HISEQ13:138:C6FWNANXX:2:2313:10893:66055_1:141242977",9.9e-17
"13593","HISEQ13:138:C6FWNANXX:2:2315:2111:21588_1:143747564",9.9e-17
"13594","HISEQ13:138:C6FWNANXX:2:2115:14882:22933_1:95622142",9.9e-17
"13595","HISEQ13:138:C6FWNANXX:2:1306:5212:63021_1:57833615",9.9e-17
"13596","HISEQ13:138:C6FWNANXX:2:2206:6680:97192_1:106993232",9.9e-17
"13597","HISEQ13:138:C6FWNANXX:2:2307:11802:84455_1:132328407",9.9e-17
"13598","HISEQ13:138:C6FWNANXX:2:1215:10116:22666_1:46526399",1e-16
"13599","HISEQ13:138:C6FWNANXX:2:2201:14815:5163_1:98570602",1e-16
"13600","HISEQ13:138:C6FWNANXX:2:2205:5117:77989_1:105264302",1e-16
"13601","HISEQ13:138:C6FWNANXX:2:2305:9755:65670_1:129141387",1e-16
"13602","HISEQ13:138:C6FWNANXX:2:2204:17320:90916_1:104026670",1e-16
"13603","HISEQ13:138:C6FWNANXX:2:1106:7945:8682_1:7450580",1e-16
"13604","HISEQ13:138:C6FWNANXX:2:1311:15405:66094_1:65630741",1e-16
"13605","HISEQ13:138:C6FWNANXX:2:1102:8508:44841_1:2093811",1e-16
"13606","HISEQ13:138:C6FWNANXX:2:1205:15792:96249_1:32027844",1e-16
"13607","HISEQ13:138:C6FWNANXX:2:1102:20544:96227_1:2853657",1e-16
"13608","HISEQ13:138:C6FWNANXX:2:1105:13289:6927_1:5936360",1e-16
"13609","HISEQ13:138:C6FWNANXX:2:1211:17036:48444_1:40459492",1e-16
"13610","HISEQ13:138:C6FWNANXX:2:1307:2910:5274_1:58460029",1e-16
"13611","HISEQ13:138:C6FWNANXX:2:2114:16402:7634_1:93769401",1e-16
"13612","HISEQ13:138:C6FWNANXX:2:1213:10544:89025_1:44321614",1e-16
"13613","HISEQ13:138:C6FWNANXX:2:1213:8601:22129_1:43213615",1e-16
"13614","HISEQ13:138:C6FWNANXX:2:1301:6272:62346_1:50456166",1e-16
"13615","HISEQ13:138:C6FWNANXX:2:2206:14011:23535_1:105916153",1e-16
"13616","HISEQ13:138:C6FWNANXX:2:2314:20002:81513_1:143112214",1e-16
"13617","HISEQ13:138:C6FWNANXX:2:1301:17806:5744_1:49623074",1e-16
"13618","HISEQ13:138:C6FWNANXX:2:1102:20972:83148_1:2660877",1e-16
"13619","HISEQ13:138:C6FWNANXX:2:1113:4727:75692_1:19340363",1e-16
"13620","HISEQ13:138:C6FWNANXX:2:1115:17812:82418_1:22787943",1e-16
"13621","HISEQ13:138:C6FWNANXX:2:2111:4796:19794_1:89343117",1e-16
"13622","HISEQ13:138:C6FWNANXX:2:2202:11530:56865_1:100712856",1e-16
"13623","HISEQ13:138:C6FWNANXX:2:1206:14180:40432_1:32677733",1e-16
"13624","HISEQ13:138:C6FWNANXX:2:1303:17075:53281_1:53237651",1e-16
"13625","HISEQ13:138:C6FWNANXX:2:2309:12843:14445_1:134251782",1e-16
"13626","HISEQ13:138:C6FWNANXX:2:1316:8139:49153_1:73659151",1e-16
"13627","HISEQ13:138:C6FWNANXX:2:2113:5287:88650_1:93480224",1e-16
"13628","HISEQ13:138:C6FWNANXX:2:2110:4754:75037_1:88675210",1e-16
"13629","HISEQ13:138:C6FWNANXX:2:2307:13744:56802_1:131919573",1e-16
"13630","HISEQ13:138:C6FWNANXX:2:2205:19013:41696_1:104742582",1e-16
"13631","HISEQ13:138:C6FWNANXX:2:1302:17358:27821_1:51402828",1e-16
"13632","HISEQ13:138:C6FWNANXX:2:2207:7410:69084_1:108037554",1e-16
"13633","HISEQ13:138:C6FWNANXX:2:2214:19358:52988_1:118521950",1e-16
"13634","HISEQ13:138:C6FWNANXX:2:1205:21007:38115_1:31159603",1e-16
"13635","HISEQ13:138:C6FWNANXX:2:2212:2917:18258_1:114792703",1e-16
"13636","HISEQ13:138:C6FWNANXX:2:2302:9219:45947_1:124619095",1e-16
"13637","HISEQ13:138:C6FWNANXX:2:1107:2180:53112_1:9639527",1e-16
"13638","HISEQ13:138:C6FWNANXX:2:1315:2986:33614_1:71677149",1e-16
"13639","HISEQ13:138:C6FWNANXX:2:2303:6683:85137_1:126576126",1e-16
"13640","HISEQ13:138:C6FWNANXX:2:2213:20486:76481_1:117298782",1.1e-16
"13641","HISEQ13:138:C6FWNANXX:2:2104:2956:41407_1:79348092",1.1e-16
"13642","HISEQ13:138:C6FWNANXX:2:1109:17899:48310_1:12644035",1.1e-16
"13643","HISEQ13:138:C6FWNANXX:2:1113:12527:88698_1:19558977",1.1e-16
"13644","HISEQ13:138:C6FWNANXX:2:1215:13393:8060_1:46281893",1.1e-16
"13645","HISEQ13:138:C6FWNANXX:2:1310:20883:70863_1:64124330",1.1e-16
"13646","HISEQ13:138:C6FWNANXX:2:2115:4542:29216_1:95721689",1.1e-16
"13647","HISEQ13:138:C6FWNANXX:2:2306:2603:64613_1:130572347",1.1e-16
"13648","HISEQ13:138:C6FWNANXX:2:2308:9359:19040_1:132829884",1.1e-16
"13649","HISEQ13:138:C6FWNANXX:2:2310:2761:75246_1:136693050",1.1e-16
"13650","HISEQ13:138:C6FWNANXX:2:1105:12635:62084_1:6766056",1.1e-16
"13651","HISEQ13:138:C6FWNANXX:2:1114:4519:19407_1:20053586",1.1e-16
"13652","HISEQ13:138:C6FWNANXX:2:1313:12960:89908_1:69281250",1.1e-16
"13653","HISEQ13:138:C6FWNANXX:2:2104:6325:11527_1:78920710",1.1e-16
"13654","HISEQ13:138:C6FWNANXX:2:2110:5487:84154_1:88812936",1.1e-16
"13655","HISEQ13:138:C6FWNANXX:2:2201:4930:39640_1:99060905",1.1e-16
"13656","HISEQ13:138:C6FWNANXX:2:1105:4266:34365_1:6348062",1.1e-16
"13657","HISEQ13:138:C6FWNANXX:2:1106:19277:84904_1:8615085",1.1e-16
"13658","HISEQ13:138:C6FWNANXX:2:1204:15507:84116_1:30371407",1.1e-16
"13659","HISEQ13:138:C6FWNANXX:2:2103:15100:14148_1:77549438",1.1e-16
"13660","HISEQ13:138:C6FWNANXX:2:2216:12140:58548_1:121890869",1.1e-16
"13661","HISEQ13:138:C6FWNANXX:2:2311:16418:59032_1:137981585",1.1e-16
"13662","HISEQ13:138:C6FWNANXX:2:1303:7400:26984_1:52844036",1.1e-16
"13663","HISEQ13:138:C6FWNANXX:2:2108:1494:32988_1:85028327",1.1e-16
"13664","HISEQ13:138:C6FWNANXX:2:2312:5643:60066_1:139558404",1.1e-16
"13665","HISEQ13:138:C6FWNANXX:2:2316:16231:52100_1:145904982",1.1e-16
"13666","HISEQ13:138:C6FWNANXX:2:1301:8854:80772_1:50728535",1.1e-16
"13667","HISEQ13:138:C6FWNANXX:2:2301:11174:94180_1:123906088",1.1e-16
"13668","HISEQ13:138:C6FWNANXX:2:2203:17008:12008_1:101487262",1.1e-16
"13669","HISEQ13:138:C6FWNANXX:2:2111:11102:98566_1:90633960",1.1e-16
"13670","HISEQ13:138:C6FWNANXX:2:1106:11073:81080_1:8556681",1.1e-16
"13671","HISEQ13:138:C6FWNANXX:2:1109:11304:43569_1:12567887",1.1e-16
"13672","HISEQ13:138:C6FWNANXX:2:2104:6099:11808_1:78924102",1.1e-16
"13673","HISEQ13:138:C6FWNANXX:2:2112:1455:20013_1:90826143",1.1e-16
"13674","HISEQ13:138:C6FWNANXX:2:2201:16422:96999_1:99877668",1.1e-16
"13675","HISEQ13:138:C6FWNANXX:2:1301:10590:5465_1:49618102",1.1e-16
"13676","HISEQ13:138:C6FWNANXX:2:2310:16433:89142_1:136910169",1.1e-16
"13677","HISEQ13:138:C6FWNANXX:2:1311:19221:20088_1:64888753",1.1e-16
"13678","HISEQ13:138:C6FWNANXX:2:2311:6381:71320_1:138173580",1.1e-16
"13679","HISEQ13:138:C6FWNANXX:2:1214:15750:30314_1:44992594",1.1e-16
"13680","HISEQ13:138:C6FWNANXX:2:1109:12942:33043_1:12402514",1.1e-16
"13681","HISEQ13:138:C6FWNANXX:2:1304:7864:88597_1:55231046",1.1e-16
"13682","HISEQ13:138:C6FWNANXX:2:1116:2884:86944_1:24562304",1.1e-16
"13683","HISEQ13:138:C6FWNANXX:2:2206:15397:54900_1:106374162",1.1e-16
"13684","HISEQ13:138:C6FWNANXX:2:2303:3560:9364_1:125501999",1.1e-16
"13685","HISEQ13:138:C6FWNANXX:2:1303:14597:76777_1:53583850",1.1e-16
"13686","HISEQ13:138:C6FWNANXX:2:2110:18869:81761_1:88781170",1.1e-16
"13687","HISEQ13:138:C6FWNANXX:2:2305:15423:58153_1:129033944",1.1e-16
"13688","HISEQ13:138:C6FWNANXX:2:2309:10517:77514_1:135216247",1.1e-16
"13689","HISEQ13:138:C6FWNANXX:2:2115:16029:48835_1:96044267",1.1e-16
"13690","HISEQ13:138:C6FWNANXX:2:2315:20618:16032_1:143659931",1.1e-16
"13691","HISEQ13:138:C6FWNANXX:2:1304:9883:16863_1:54160301",1.1e-16
"13692","HISEQ13:138:C6FWNANXX:2:2114:5718:50572_1:94463020",1.1e-16
"13693","HISEQ13:138:C6FWNANXX:2:2213:14976:80836_1:117370090",1.1e-16
"13694","HISEQ13:138:C6FWNANXX:2:1101:9350:15313_1:198302",1.1e-16
"13695","HISEQ13:138:C6FWNANXX:2:1102:6524:66501_1:2414407",1.1e-16
"13696","HISEQ13:138:C6FWNANXX:2:2203:8658:92995_1:102639096",1.1e-16
"13697","HISEQ13:138:C6FWNANXX:2:2113:15767:97010_1:93619149",1.1e-16
"13698","HISEQ13:138:C6FWNANXX:2:1108:10383:61007_1:11291093",1.1e-16
"13699","HISEQ13:138:C6FWNANXX:2:1312:15629:57764_1:67111224",1.1e-16
"13700","HISEQ13:138:C6FWNANXX:2:2306:15102:91875_1:130975242",1.1e-16
"13701","HISEQ13:138:C6FWNANXX:2:1105:3536:22855_1:6175512",1.1e-16
"13702","HISEQ13:138:C6FWNANXX:2:1113:17634:57229_1:19035911",1.1e-16
"13703","HISEQ13:138:C6FWNANXX:2:1214:8618:92477_1:46033618",1.1e-16
"13704","HISEQ13:138:C6FWNANXX:2:1103:11898:16111_1:3132027",1.1e-16
"13705","HISEQ13:138:C6FWNANXX:2:1312:16163:58439_1:67119587",1.1e-16
"13706","HISEQ13:138:C6FWNANXX:2:1107:14627:16335_1:9079419",1.1e-16
"13707","HISEQ13:138:C6FWNANXX:2:1109:2158:16413_1:12137575",1.1e-16
"13708","HISEQ13:138:C6FWNANXX:2:1111:18591:21176_1:15339812",1.1e-16
"13709","HISEQ13:138:C6FWNANXX:2:2104:19010:75202_1:79837497",1.1e-16
"13710","HISEQ13:138:C6FWNANXX:2:2213:4948:16012_1:116328833",1.1e-16
"13711","HISEQ13:138:C6FWNANXX:2:2313:9960:52556_1:141023222",1.1e-16
"13712","HISEQ13:138:C6FWNANXX:2:1216:3398:37614_1:48470062",1.1e-16
"13713","HISEQ13:138:C6FWNANXX:2:2106:4470:42605_1:82235945",1.1e-16
"13714","HISEQ13:138:C6FWNANXX:2:1111:10066:7737_1:15122502",1.1e-16
"13715","HISEQ13:138:C6FWNANXX:2:2302:19209:44228_1:124596285",1.1e-16
"13716","HISEQ13:138:C6FWNANXX:2:2102:9429:97304_1:77326577",1.1e-16
"13717","HISEQ13:138:C6FWNANXX:2:2107:19727:98472_1:84532040",1.1e-16
"13718","HISEQ13:138:C6FWNANXX:2:1104:19146:5695_1:4443718",1.1e-16
"13719","HISEQ13:138:C6FWNANXX:2:2206:19461:97504_1:107002956",1.1e-16
"13720","HISEQ13:138:C6FWNANXX:2:1303:4705:50826_1:53198241",1.1e-16
"13721","HISEQ13:138:C6FWNANXX:2:1312:17103:40487_1:66825114",1.1e-16
"13722","HISEQ13:138:C6FWNANXX:2:2210:2264:37433_1:112029996",1.1e-16
"13723","HISEQ13:138:C6FWNANXX:2:2302:3712:68626_1:124939731",1.1e-16
"13724","HISEQ13:138:C6FWNANXX:2:2309:16064:79142_1:135240156",1.1e-16
"13725","HISEQ13:138:C6FWNANXX:2:2116:11354:2781_1:96908259",1.1e-16
"13726","HISEQ13:138:C6FWNANXX:2:2102:16650:99559_1:77359691",1.1e-16
"13727","HISEQ13:138:C6FWNANXX:2:1116:11535:49300_1:23918424",1.1e-16
"13728","HISEQ13:138:C6FWNANXX:2:2101:5936:79819_1:75670502",1.1e-16
"13729","HISEQ13:138:C6FWNANXX:2:1112:12827:33002_1:17022551",1.1e-16
"13730","HISEQ13:138:C6FWNANXX:2:1301:17500:3165_1:49586373",1.1e-16
"13731","HISEQ13:138:C6FWNANXX:2:1308:19094:45942_1:60610519",1.1e-16
"13732","HISEQ13:138:C6FWNANXX:2:1316:13517:75156_1:74115731",1.1e-16
"13733","HISEQ13:138:C6FWNANXX:2:1111:6922:81048_1:16332455",1.1e-16
"13734","HISEQ13:138:C6FWNANXX:2:1116:19276:71368_1:24296433",1.1e-16
"13735","HISEQ13:138:C6FWNANXX:2:2103:18712:100333_1:78776885",1.1e-16
"13736","HISEQ13:138:C6FWNANXX:2:2305:2246:91264_1:129514178",1.1e-16
"13737","HISEQ13:138:C6FWNANXX:2:1206:2631:44118_1:32732362",1.2e-16
"13738","HISEQ13:138:C6FWNANXX:2:1105:6269:57876_1:6701584",1.2e-16
"13739","HISEQ13:138:C6FWNANXX:2:1302:19452:45940_1:51667708",1.2e-16
"13740","HISEQ13:138:C6FWNANXX:2:2113:8463:48105_1:92830943",1.2e-16
"13741","HISEQ13:138:C6FWNANXX:2:1207:1642:16453_1:33809051",1.2e-16
"13742","HISEQ13:138:C6FWNANXX:2:1201:21004:65999_1:25746614",1.2e-16
"13743","HISEQ13:138:C6FWNANXX:2:2214:11150:95454_1:119217021",1.2e-16
"13744","HISEQ13:138:C6FWNANXX:2:2303:2049:21096_1:125668411",1.2e-16
"13745","HISEQ13:138:C6FWNANXX:2:1116:3580:48727_1:23903840",1.2e-16
"13746","HISEQ13:138:C6FWNANXX:2:1308:13601:66064_1:60924858",1.2e-16
"13747","HISEQ13:138:C6FWNANXX:2:1208:2856:86061_1:36389797",1.2e-16
"13748","HISEQ13:138:C6FWNANXX:2:2311:9152:81425_1:138332822",1.2e-16
"13749","HISEQ13:138:C6FWNANXX:2:2202:2949:94948_1:101255162",1.2e-16
"13750","HISEQ13:138:C6FWNANXX:2:1106:10191:42499_1:7964687",1.2e-16
"13751","HISEQ13:138:C6FWNANXX:2:1214:13608:67283_1:45614340",1.2e-16
"13752","HISEQ13:138:C6FWNANXX:2:2203:7181:4025_1:101371887",1.2e-16
"13753","HISEQ13:138:C6FWNANXX:2:2113:13992:17569_1:92347528",1.2e-16
"13754","HISEQ13:138:C6FWNANXX:2:1103:12124:56031_1:3724696",1.2e-16
"13755","HISEQ13:138:C6FWNANXX:2:1306:16697:94481_1:58313284",1.2e-16
"13756","HISEQ13:138:C6FWNANXX:2:2111:9246:94663_1:90560129",1.2e-16
"13757","HISEQ13:138:C6FWNANXX:2:2102:1344:82083_1:77107078",1.2e-16
"13758","HISEQ13:138:C6FWNANXX:2:2113:21023:38095_1:92674519",1.2e-16
"13759","HISEQ13:138:C6FWNANXX:2:2313:4741:92677_1:141669781",1.2e-16
"13760","HISEQ13:138:C6FWNANXX:2:1111:2845:75105_1:16224003",1.2e-16
"13761","HISEQ13:138:C6FWNANXX:2:1202:20414:9171_1:26366004",1.2e-16
"13762","HISEQ13:138:C6FWNANXX:2:2302:13512:19116_1:124244728",1.2e-16
"13763","HISEQ13:138:C6FWNANXX:2:2315:16604:5393_1:143482385",1.2e-16
"13764","HISEQ13:138:C6FWNANXX:2:2311:5081:59750_1:137991128",1.2e-16
"13765","HISEQ13:138:C6FWNANXX:2:2305:3213:16489_1:128425176",1.2e-16
"13766","HISEQ13:138:C6FWNANXX:2:2104:11684:47231_1:79432691",1.2e-16
"13767","HISEQ13:138:C6FWNANXX:2:1113:11369:53515_1:18976691",1.2e-16
"13768","HISEQ13:138:C6FWNANXX:2:2316:13030:8284_1:145165127",1.2e-16
"13769","HISEQ13:138:C6FWNANXX:2:1106:5487:64957_1:8308082",1.2e-16
"13770","HISEQ13:138:C6FWNANXX:2:1201:9491:60655_1:25666880",1.2e-16
"13771","HISEQ13:138:C6FWNANXX:2:1308:8660:25022_1:60286530",1.2e-16
"13772","HISEQ13:138:C6FWNANXX:2:2104:18563:29142_1:79175085",1.2e-16
"13773","HISEQ13:138:C6FWNANXX:2:1301:9469:32236_1:50012223",1.2e-16
"13774","HISEQ13:138:C6FWNANXX:2:1313:6335:8999_1:67930818",1.2e-16
"13775","HISEQ13:138:C6FWNANXX:2:2216:19307:64949_1:121998304",1.2e-16
"13776","HISEQ13:138:C6FWNANXX:2:2302:4603:20823_1:124267710",1.2e-16
"13777","HISEQ13:138:C6FWNANXX:2:2308:14738:55552_1:133380732",1.2e-16
"13778","HISEQ13:138:C6FWNANXX:2:1306:5472:21895_1:57204085",1.2e-16
"13779","HISEQ13:138:C6FWNANXX:2:1301:15420:59396_1:50413271",1.2e-16
"13780","HISEQ13:138:C6FWNANXX:2:2306:20847:63513_1:130560746",1.2e-16
"13781","HISEQ13:138:C6FWNANXX:2:1113:20357:49327_1:18908261",1.2e-16
"13782","HISEQ13:138:C6FWNANXX:2:1201:18744:20282_1:25076852",1.2e-16
"13783","HISEQ13:138:C6FWNANXX:2:2110:19684:65398_1:88530927",1.2e-16
"13784","HISEQ13:138:C6FWNANXX:2:2312:17857:20479_1:138932410",1.2e-16
"13785","HISEQ13:138:C6FWNANXX:2:2209:5920:78422_1:111149727",1.2e-16
"13786","HISEQ13:138:C6FWNANXX:2:1214:9536:98440_1:46134732",1.2e-16
"13787","HISEQ13:138:C6FWNANXX:2:1307:2895:71243_1:59471695",1.2e-16
"13788","HISEQ13:138:C6FWNANXX:2:2301:1508:9542_1:122711649",1.2e-16
"13789","HISEQ13:138:C6FWNANXX:2:1109:8121:40951_1:12524372",1.2e-16
"13790","HISEQ13:138:C6FWNANXX:2:1115:19557:39436_1:22059511",1.2e-16
"13791","HISEQ13:138:C6FWNANXX:2:2107:20585:63717_1:84013200",1.2e-16
"13792","HISEQ13:138:C6FWNANXX:2:2216:10942:25102_1:121324313",1.2e-16
"13793","HISEQ13:138:C6FWNANXX:2:1206:18620:60111_1:32978496",1.2e-16
"13794","HISEQ13:138:C6FWNANXX:2:1214:11765:31511_1:45012759",1.2e-16
"13795","HISEQ13:138:C6FWNANXX:2:2216:6605:94063_1:122490339",1.2e-16
"13796","HISEQ13:138:C6FWNANXX:2:1109:5574:70594_1:12995040",1.2e-16
"13797","HISEQ13:138:C6FWNANXX:2:1202:13681:13714_1:26430674",1.2e-16
"13798","HISEQ13:138:C6FWNANXX:2:2213:16632:99980_1:117675790",1.2e-16
"13799","HISEQ13:138:C6FWNANXX:2:1206:14459:66510_1:33075393",1.2e-16
"13800","HISEQ13:138:C6FWNANXX:2:1312:19850:13752_1:66393346",1.2e-16
"13801","HISEQ13:138:C6FWNANXX:2:1306:2728:71655_1:57963433",1.2e-16
"13802","HISEQ13:138:C6FWNANXX:2:1213:12954:92886_1:44383968",1.2e-16
"13803","HISEQ13:138:C6FWNANXX:2:2116:19039:58701_1:97832074",1.2e-16
"13804","HISEQ13:138:C6FWNANXX:2:2105:7083:7196_1:80279688",1.2e-16
"13805","HISEQ13:138:C6FWNANXX:2:2304:5884:66282_1:127723072",1.2e-16
"13806","HISEQ13:138:C6FWNANXX:2:1316:11611:59202_1:73835027",1.2e-16
"13807","HISEQ13:138:C6FWNANXX:2:2114:1404:23024_1:94016986",1.2e-16
"13808","HISEQ13:138:C6FWNANXX:2:1207:9163:30841_1:34029256",1.2e-16
"13809","HISEQ13:138:C6FWNANXX:2:1209:13849:26867_1:37007416",1.2e-16
"13810","HISEQ13:138:C6FWNANXX:2:2113:13541:17749_1:92347509",1.2e-16
"13811","HISEQ13:138:C6FWNANXX:2:2205:9752:32788_1:104613843",1.2e-16
"13812","HISEQ13:138:C6FWNANXX:2:2301:8206:55706_1:123361816",1.2e-16
"13813","HISEQ13:138:C6FWNANXX:2:2106:15013:49494_1:82338431",1.2e-16
"13814","HISEQ13:138:C6FWNANXX:2:1206:4836:97475_1:33538173",1.2e-16
"13815","HISEQ13:138:C6FWNANXX:2:1305:17516:64537_1:56356117",1.2e-16
"13816","HISEQ13:138:C6FWNANXX:2:2113:20575:79002_1:93330546",1.2e-16
"13817","HISEQ13:138:C6FWNANXX:2:1202:15382:20512_1:26534062",1.2e-16
"13818","HISEQ13:138:C6FWNANXX:2:1202:17974:52760_1:27007310",1.2e-16
"13819","HISEQ13:138:C6FWNANXX:2:1207:17521:71068_1:34642419",1.2e-16
"13820","HISEQ13:138:C6FWNANXX:2:1216:19151:76214_1:49141774",1.2e-16
"13821","HISEQ13:138:C6FWNANXX:2:1301:8716:69286_1:50559036",1.2e-16
"13822","HISEQ13:138:C6FWNANXX:2:2103:15230:54298_1:78122064",1.2e-16
"13823","HISEQ13:138:C6FWNANXX:2:2114:5747:31853_1:94159173",1.2e-16
"13824","HISEQ13:138:C6FWNANXX:2:1101:6970:73340_1:1055764",1.2e-16
"13825","HISEQ13:138:C6FWNANXX:2:2111:15857:93819_1:90548670",1.2e-16
"13826","HISEQ13:138:C6FWNANXX:2:2210:5232:99410_1:112976971",1.2e-16
"13827","HISEQ13:138:C6FWNANXX:2:2215:20489:22491_1:119642738",1.2e-16
"13828","HISEQ13:138:C6FWNANXX:2:2313:7219:76241_1:141403955",1.2e-16
"13829","HISEQ13:138:C6FWNANXX:2:1203:6506:25438_1:28054109",1.2e-16
"13830","HISEQ13:138:C6FWNANXX:2:1303:3822:64006_1:53394475",1.2e-16
"13831","HISEQ13:138:C6FWNANXX:2:1311:11971:74628_1:65768714",1.2e-16
"13832","HISEQ13:138:C6FWNANXX:2:2203:17773:12306_1:101490912",1.2e-16
"13833","HISEQ13:138:C6FWNANXX:2:1201:2846:8077_1:24893191",1.2e-16
"13834","HISEQ13:138:C6FWNANXX:2:2303:1364:48716_1:126059306",1.2e-16
"13835","HISEQ13:138:C6FWNANXX:2:1103:15336:82098_1:4111297",1.2e-16
"13836","HISEQ13:138:C6FWNANXX:2:1106:8949:59710_1:8227530",1.2e-16
"13837","HISEQ13:138:C6FWNANXX:2:1302:12217:69247_1:52008673",1.2e-16
"13838","HISEQ13:138:C6FWNANXX:2:1314:18564:78987_1:70770178",1.2e-16
"13839","HISEQ13:138:C6FWNANXX:2:1315:13614:30393_1:71623961",1.2e-16
"13840","HISEQ13:138:C6FWNANXX:2:2114:16402:60760_1:94632584",1.2e-16
"13841","HISEQ13:138:C6FWNANXX:2:2312:9481:70880_1:139730030",1.2e-16
"13842","HISEQ13:138:C6FWNANXX:2:2316:6762:64558_1:146114578",1.2e-16
"13843","HISEQ13:138:C6FWNANXX:2:1112:16146:85234_1:17869553",1.3e-16
"13844","HISEQ13:138:C6FWNANXX:2:1315:13128:30138_1:71619647",1.3e-16
"13845","HISEQ13:138:C6FWNANXX:2:1313:21152:26748_1:68227036",1.3e-16
"13846","HISEQ13:138:C6FWNANXX:2:2110:17927:12717_1:87724190",1.3e-16
"13847","HISEQ13:138:C6FWNANXX:2:1103:7901:59866_1:3779327",1.3e-16
"13848","HISEQ13:138:C6FWNANXX:2:1112:14712:21869_1:16842498",1.3e-16
"13849","HISEQ13:138:C6FWNANXX:2:1214:16165:16139_1:44753954",1.3e-16
"13850","HISEQ13:138:C6FWNANXX:2:1115:7244:26301_1:21836808",1.3e-16
"13851","HISEQ13:138:C6FWNANXX:2:1203:20205:92421_1:29043000",1.3e-16
"13852","HISEQ13:138:C6FWNANXX:2:1303:2459:98096_1:53897198",1.3e-16
"13853","HISEQ13:138:C6FWNANXX:2:2107:6336:84817_1:84327742",1.3e-16
"13854","HISEQ13:138:C6FWNANXX:2:2114:19794:57695_1:94580246",1.3e-16
"13855","HISEQ13:138:C6FWNANXX:2:2304:5229:84891_1:127988077",1.3e-16
"13856","HISEQ13:138:C6FWNANXX:2:2306:18655:47262_1:130320806",1.3e-16
"13857","HISEQ13:138:C6FWNANXX:2:2309:15198:31894_1:134517979",1.3e-16
"13858","HISEQ13:138:C6FWNANXX:2:1115:7964:60731_1:22416612",1.3e-16
"13859","HISEQ13:138:C6FWNANXX:2:1111:6911:83554_1:16377888",1.3e-16
"13860","HISEQ13:138:C6FWNANXX:2:2109:8747:79136_1:87229746",1.3e-16
"13861","HISEQ13:138:C6FWNANXX:2:2304:17664:5953_1:126856914",1.3e-16
"13862","HISEQ13:138:C6FWNANXX:2:2209:19105:93196_1:111376649",1.3e-16
"13863","HISEQ13:138:C6FWNANXX:2:2215:17229:54153_1:120164791",1.3e-16
"13864","HISEQ13:138:C6FWNANXX:2:2206:1742:22168_1:105891805",1.3e-16
"13865","HISEQ13:138:C6FWNANXX:2:1101:8357:66421_1:953141",1.3e-16
"13866","HISEQ13:138:C6FWNANXX:2:1104:11746:67383_1:5361523",1.3e-16
"13867","HISEQ13:138:C6FWNANXX:2:1110:4942:7164_1:13553842",1.3e-16
"13868","HISEQ13:138:C6FWNANXX:2:1213:14749:26418_1:43284946",1.3e-16
"13869","HISEQ13:138:C6FWNANXX:2:2313:20931:67490_1:141265002",1.3e-16
"13870","HISEQ13:138:C6FWNANXX:2:1203:9335:75348_1:28790034",1.3e-16
"13871","HISEQ13:138:C6FWNANXX:2:2111:19366:38169_1:89628609",1.3e-16
"13872","HISEQ13:138:C6FWNANXX:2:1114:4489:85080_1:21157482",1.3e-16
"13873","HISEQ13:138:C6FWNANXX:2:1210:5624:63704_1:39129293",1.3e-16
"13874","HISEQ13:138:C6FWNANXX:2:2102:6732:8059_1:76055639",1.3e-16
"13875","HISEQ13:138:C6FWNANXX:2:2311:2219:18983_1:137349044",1.3e-16
"13876","HISEQ13:138:C6FWNANXX:2:1113:3835:89952_1:19577931",1.3e-16
"13877","HISEQ13:138:C6FWNANXX:2:1311:7804:33901_1:65106233",1.3e-16
"13878","HISEQ13:138:C6FWNANXX:2:1316:12647:27186_1:73276248",1.3e-16
"13879","HISEQ13:138:C6FWNANXX:2:2114:6740:66550_1:94724798",1.3e-16
"13880","HISEQ13:138:C6FWNANXX:2:2301:7580:37435_1:123105622",1.3e-16
"13881","HISEQ13:138:C6FWNANXX:2:1214:19004:13559_1:44712629",1.3e-16
"13882","HISEQ13:138:C6FWNANXX:2:2316:19255:96801_1:146661377",1.3e-16
"13883","HISEQ13:138:C6FWNANXX:2:1105:14449:75293_1:6964908",1.3e-16
"13884","HISEQ13:138:C6FWNANXX:2:2116:18920:35775_1:97457461",1.3e-16
"13885","HISEQ13:138:C6FWNANXX:2:2315:12738:62329_1:144423164",1.3e-16
"13886","HISEQ13:138:C6FWNANXX:2:1102:2514:8981_1:1562824",1.3e-16
"13887","HISEQ13:138:C6FWNANXX:2:1111:16672:39895_1:15637672",1.3e-16
"13888","HISEQ13:138:C6FWNANXX:2:2206:19374:60359_1:106456126",1.3e-16
"13889","HISEQ13:138:C6FWNANXX:2:1209:16615:73755_1:37741719",1.3e-16
"13890","HISEQ13:138:C6FWNANXX:2:2315:1342:74404_1:144616518",1.3e-16
"13891","HISEQ13:138:C6FWNANXX:2:2213:4612:73918_1:117255505",1.3e-16
"13892","HISEQ13:138:C6FWNANXX:2:1109:19279:35114_1:12435495",1.3e-16
"13893","HISEQ13:138:C6FWNANXX:2:1115:7259:56229_1:22340519",1.3e-16
"13894","HISEQ13:138:C6FWNANXX:2:2106:17600:38757_1:82183435",1.3e-16
"13895","HISEQ13:138:C6FWNANXX:2:2216:20702:76448_1:122194368",1.3e-16
"13896","HISEQ13:138:C6FWNANXX:2:2313:7263:62582_1:141185075",1.3e-16
"13897","HISEQ13:138:C6FWNANXX:2:2110:10104:22772_1:87879241",1.3e-16
"13898","HISEQ13:138:C6FWNANXX:2:1203:4914:96893_1:29106780",1.3e-16
"13899","HISEQ13:138:C6FWNANXX:2:2110:1636:46630_1:88241082",1.3e-16
"13900","HISEQ13:138:C6FWNANXX:2:1115:5073:96650_1:23029296",1.3e-16
"13901","HISEQ13:138:C6FWNANXX:2:2106:19513:23973_1:81963990",1.3e-16
"13902","HISEQ13:138:C6FWNANXX:2:2313:7351:29702_1:140650295",1.3e-16
"13903","HISEQ13:138:C6FWNANXX:2:2307:10913:34454_1:131585666",1.3e-16
"13904","HISEQ13:138:C6FWNANXX:2:1215:14960:48898_1:46972120",1.3e-16
"13905","HISEQ13:138:C6FWNANXX:2:1206:1671:28106_1:32488717",1.3e-16
"13906","HISEQ13:138:C6FWNANXX:2:1313:11234:54457_1:68686090",1.3e-16
"13907","HISEQ13:138:C6FWNANXX:2:1113:10885:72699_1:19291741",1.3e-16
"13908","HISEQ13:138:C6FWNANXX:2:1204:12696:81531_1:30333207",1.3e-16
"13909","HISEQ13:138:C6FWNANXX:2:1304:14757:63019_1:54851860",1.3e-16
"13910","HISEQ13:138:C6FWNANXX:2:2307:10014:49743_1:131811834",1.3e-16
"13911","HISEQ13:138:C6FWNANXX:2:2215:12211:6451_1:119377924",1.3e-16
"13912","HISEQ13:138:C6FWNANXX:2:2313:1853:38873_1:140799554",1.3e-16
"13913","HISEQ13:138:C6FWNANXX:2:1207:9697:91956_1:34957974",1.4e-16
"13914","HISEQ13:138:C6FWNANXX:2:1110:12780:75951_1:14640751",1.4e-16
"13915","HISEQ13:138:C6FWNANXX:2:2303:4304:27914_1:125764563",1.4e-16
"13916","HISEQ13:138:C6FWNANXX:2:1209:20425:2242_1:36624553",1.4e-16
"13917","HISEQ13:138:C6FWNANXX:2:1316:9521:53893_1:73742725",1.4e-16
"13918","HISEQ13:138:C6FWNANXX:2:2101:3840:12029_1:74704744",1.4e-16
"13919","HISEQ13:138:C6FWNANXX:2:2110:6792:3376_1:87580295",1.4e-16
"13920","HISEQ13:138:C6FWNANXX:2:2210:15242:12515_1:111654892",1.4e-16
"13921","HISEQ13:138:C6FWNANXX:2:2210:21277:20545_1:111778457",1.4e-16
"13922","HISEQ13:138:C6FWNANXX:2:2214:12688:14459_1:117892997",1.4e-16
"13923","HISEQ13:138:C6FWNANXX:2:2112:19803:62578_1:91494066",1.4e-16
"13924","HISEQ13:138:C6FWNANXX:2:2301:1866:8396_1:122694349",1.4e-16
"13925","HISEQ13:138:C6FWNANXX:2:1214:2410:63322_1:45544311",1.4e-16
"13926","HISEQ13:138:C6FWNANXX:2:2215:15784:13819_1:119502001",1.4e-16
"13927","HISEQ13:138:C6FWNANXX:2:1106:13835:97957_1:8812026",1.4e-16
"13928","HISEQ13:138:C6FWNANXX:2:1110:15652:33546_1:13973994",1.4e-16
"13929","HISEQ13:138:C6FWNANXX:2:1211:12904:94572_1:41205439",1.4e-16
"13930","HISEQ13:138:C6FWNANXX:2:1212:2272:32997_1:41771900",1.4e-16
"13931","HISEQ13:138:C6FWNANXX:2:1102:8235:36848_1:1975944",1.4e-16
"13932","HISEQ13:138:C6FWNANXX:2:1305:18688:7206_1:55494175",1.4e-16
"13933","HISEQ13:138:C6FWNANXX:2:2215:14475:15566_1:119530425",1.4e-16
"13934","HISEQ13:138:C6FWNANXX:2:2307:13900:31616_1:131545733",1.4e-16
"13935","HISEQ13:138:C6FWNANXX:2:1212:20868:18104_1:41538156",1.4e-16
"13936","HISEQ13:138:C6FWNANXX:2:1213:15392:11516_1:43043689",1.4e-16
"13937","HISEQ13:138:C6FWNANXX:2:1313:13904:91976_1:69314133",1.4e-16
"13938","HISEQ13:138:C6FWNANXX:2:2110:5487:84154_1:88812935",1.4e-16
"13939","HISEQ13:138:C6FWNANXX:2:2306:12143:79476_1:130790735",1.4e-16
"13940","HISEQ13:138:C6FWNANXX:2:1209:20529:30445_1:37063161",1.4e-16
"13941","HISEQ13:138:C6FWNANXX:2:1309:6421:52909_1:62269894",1.4e-16
"13942","HISEQ13:138:C6FWNANXX:2:1102:10367:42242_1:2053462",1.4e-16
"13943","HISEQ13:138:C6FWNANXX:2:1105:9123:35533_1:6367641",1.4e-16
"13944","HISEQ13:138:C6FWNANXX:2:1204:10899:8162_1:29255272",1.4e-16
"13945","HISEQ13:138:C6FWNANXX:2:1206:4911:32740_1:32558220",1.4e-16
"13946","HISEQ13:138:C6FWNANXX:2:1208:15387:10561_1:35227483",1.4e-16
"13947","HISEQ13:138:C6FWNANXX:2:1316:9683:45860_1:73602152",1.4e-16
"13948","HISEQ13:138:C6FWNANXX:2:1114:11029:60935_1:20751583",1.4e-16
"13949","HISEQ13:138:C6FWNANXX:2:2308:11927:39516_1:133138608",1.4e-16
"13950","HISEQ13:138:C6FWNANXX:2:2202:10709:17138_1:100149255",1.4e-16
"13951","HISEQ13:138:C6FWNANXX:2:1110:9749:3869_1:13503457",1.4e-16
"13952","HISEQ13:138:C6FWNANXX:2:1111:5874:93777_1:16567233",1.4e-16
"13953","HISEQ13:138:C6FWNANXX:2:1203:20016:51523_1:28441792",1.4e-16
"13954","HISEQ13:138:C6FWNANXX:2:2102:7217:56194_1:76736804",1.4e-16
"13955","HISEQ13:138:C6FWNANXX:2:2205:6068:92678_1:105478399",1.4e-16
"13956","HISEQ13:138:C6FWNANXX:2:2216:17355:79373_1:122244226",1.4e-16
"13957","HISEQ13:138:C6FWNANXX:2:1112:2120:66550_1:17562877",1.4e-16
"13958","HISEQ13:138:C6FWNANXX:2:2312:15773:24167_1:138991512",1.4e-16
"13959","HISEQ13:138:C6FWNANXX:2:1112:2030:23080_1:16858439",1.4e-16
"13960","HISEQ13:138:C6FWNANXX:2:1113:9780:73757_1:19312393",1.4e-16
"13961","HISEQ13:138:C6FWNANXX:2:1211:14561:78962_1:40950291",1.4e-16
"13962","HISEQ13:138:C6FWNANXX:2:2202:17736:19464_1:100183186",1.4e-16
"13963","HISEQ13:138:C6FWNANXX:2:2104:2983:95380_1:80125046",1.4e-16
"13964","HISEQ13:138:C6FWNANXX:2:2113:2267:66657_1:93126095",1.4e-16
"13965","HISEQ13:138:C6FWNANXX:2:2213:11497:68303_1:117168043",1.4e-16
"13966","HISEQ13:138:C6FWNANXX:2:2110:13188:79873_1:88749102",1.4e-16
"13967","HISEQ13:138:C6FWNANXX:2:1203:12635:27634_1:28088412",1.4e-16
"13968","HISEQ13:138:C6FWNANXX:2:1209:14562:24453_1:36969113",1.4e-16
"13969","HISEQ13:138:C6FWNANXX:2:1213:3388:87466_1:44291064",1.4e-16
"13970","HISEQ13:138:C6FWNANXX:2:2212:19403:39853_1:115137340",1.4e-16
"13971","HISEQ13:138:C6FWNANXX:2:2315:19763:91273_1:144901621",1.4e-16
"13972","HISEQ13:138:C6FWNANXX:2:1108:18065:46021_1:11058824",1.4e-16
"13973","HISEQ13:138:C6FWNANXX:2:1110:2152:100685_1:15026677",1.4e-16
"13974","HISEQ13:138:C6FWNANXX:2:1211:6488:55075_1:40566888",1.4e-16
"13975","HISEQ13:138:C6FWNANXX:2:2205:14252:76157_1:105240700",1.4e-16
"13976","HISEQ13:138:C6FWNANXX:2:2206:21294:99362_1:107029097",1.4e-16
"13977","HISEQ13:138:C6FWNANXX:2:2212:14929:5845_1:114611882",1.4e-16
"13978","HISEQ13:138:C6FWNANXX:2:2309:17084:19360_1:134328667",1.4e-16
"13979","HISEQ13:138:C6FWNANXX:2:2316:16280:2276_1:145064983",1.4e-16
"13980","HISEQ13:138:C6FWNANXX:2:2316:18042:47083_1:145821512",1.4e-16
"13981","HISEQ13:138:C6FWNANXX:2:2206:5718:84746_1:106809755",1.4e-16
"13982","HISEQ13:138:C6FWNANXX:2:1213:7237:40051_1:43510242",1.4e-16
"13983","HISEQ13:138:C6FWNANXX:2:2305:11703:98405_1:129618225",1.4e-16
"13984","HISEQ13:138:C6FWNANXX:2:2106:18616:42694_1:82238714",1.4e-16
"13985","HISEQ13:138:C6FWNANXX:2:1306:9580:51396_1:57654695",1.4e-16
"13986","HISEQ13:138:C6FWNANXX:2:2107:6096:65351_1:84036707",1.4e-16
"13987","HISEQ13:138:C6FWNANXX:2:2107:6859:77368_1:84215419",1.4e-16
"13988","HISEQ13:138:C6FWNANXX:2:2313:17612:58645_1:141122470",1.4e-16
"13989","HISEQ13:138:C6FWNANXX:2:1105:8996:36568_1:6382994",1.4e-16
"13990","HISEQ13:138:C6FWNANXX:2:1306:15783:16521_1:57126203",1.4e-16
"13991","HISEQ13:138:C6FWNANXX:2:2310:9754:47618_1:136273240",1.4e-16
"13992","HISEQ13:138:C6FWNANXX:2:1309:9983:76409_1:62644244",1.4e-16
"13993","HISEQ13:138:C6FWNANXX:2:1310:2831:44086_1:63696173",1.4e-16
"13994","HISEQ13:138:C6FWNANXX:2:1208:12179:67136_1:36097649",1.4e-16
"13995","HISEQ13:138:C6FWNANXX:2:1209:7303:5658_1:36676397",1.4e-16
"13996","HISEQ13:138:C6FWNANXX:2:1210:15630:20728_1:38457718",1.4e-16
"13997","HISEQ13:138:C6FWNANXX:2:1105:20694:71910_1:6913389",1.4e-16
"13998","HISEQ13:138:C6FWNANXX:2:1311:15670:49614_1:65362932",1.4e-16
"13999","HISEQ13:138:C6FWNANXX:2:2305:19512:42140_1:128801271",1.4e-16
"14000","HISEQ13:138:C6FWNANXX:2:1311:11087:19554_1:64879319",1.4e-16
"14001","HISEQ13:138:C6FWNANXX:2:2210:18771:19160_1:111755213",1.4e-16
"14002","HISEQ13:138:C6FWNANXX:2:2304:5829:66332_1:127723081",1.4e-16
"14003","HISEQ13:138:C6FWNANXX:2:2108:12214:89019_1:85880476",1.4e-16
"14004","HISEQ13:138:C6FWNANXX:2:2314:14292:71866_1:142951436",1.4e-16
"14005","HISEQ13:138:C6FWNANXX:2:1208:11726:52975_1:35876729",1.5e-16
"14006","HISEQ13:138:C6FWNANXX:2:1114:13351:84657_1:21151097",1.5e-16
"14007","HISEQ13:138:C6FWNANXX:2:1116:5660:58783_1:24079114",1.5e-16
"14008","HISEQ13:138:C6FWNANXX:2:2105:12525:96752_1:81582572",1.5e-16
"14009","HISEQ13:138:C6FWNANXX:2:1311:6569:72503_1:65734592",1.5e-16
"14010","HISEQ13:138:C6FWNANXX:2:2111:20835:47024_1:89770832",1.5e-16
"14011","HISEQ13:138:C6FWNANXX:2:1113:5077:62515_1:19124328",1.5e-16
"14012","HISEQ13:138:C6FWNANXX:2:1202:18537:26701_1:26622632",1.5e-16
"14013","HISEQ13:138:C6FWNANXX:2:1303:7256:30593_1:52899270",1.5e-16
"14014","HISEQ13:138:C6FWNANXX:2:2115:17607:32446_1:95776922",1.5e-16
"14015","HISEQ13:138:C6FWNANXX:2:1303:5789:86186_1:53719246",1.5e-16
"14016","HISEQ13:138:C6FWNANXX:2:1115:4226:42543_1:22111370",1.5e-16
"14017","HISEQ13:138:C6FWNANXX:2:2303:14558:70105_1:126366187",1.5e-16
"14018","HISEQ13:138:C6FWNANXX:2:2311:2509:34655_1:137595677",1.5e-16
"14019","HISEQ13:138:C6FWNANXX:2:1307:5956:13076_1:58579784",1.5e-16
"14020","HISEQ13:138:C6FWNANXX:2:2115:7744:4733_1:95322873",1.5e-16
"14021","HISEQ13:138:C6FWNANXX:2:1213:13265:99689_1:44496316",1.5e-16
"14022","HISEQ13:138:C6FWNANXX:2:2210:18961:92692_1:112875651",1.5e-16
"14023","HISEQ13:138:C6FWNANXX:2:2216:13392:32923_1:121455374",1.5e-16
"14024","HISEQ13:138:C6FWNANXX:2:2301:18744:21634_1:122884682",1.5e-16
"14025","HISEQ13:138:C6FWNANXX:2:1211:11137:55704_1:40575708",1.5e-16
"14026","HISEQ13:138:C6FWNANXX:2:2114:18735:93644_1:95164930",1.5e-16
"14027","HISEQ13:138:C6FWNANXX:2:1107:20816:90076_1:10210551",1.5e-16
"14028","HISEQ13:138:C6FWNANXX:2:2105:19714:74998_1:81263698",1.5e-16
"14029","HISEQ13:138:C6FWNANXX:2:2302:20589:7904_1:124085788",1.5e-16
"14030","HISEQ13:138:C6FWNANXX:2:1311:11814:47476_1:65325399",1.5e-16
"14031","HISEQ13:138:C6FWNANXX:2:2203:3235:82839_1:102495029",1.5e-16
"14032","HISEQ13:138:C6FWNANXX:2:2107:16158:65341_1:84038620",1.5e-16
"14033","HISEQ13:138:C6FWNANXX:2:1216:16874:41867_1:48546718",1.5e-16
"14034","HISEQ13:138:C6FWNANXX:2:1107:20631:4266_1:8895461",1.5e-16
"14035","HISEQ13:138:C6FWNANXX:2:1314:1618:50376_1:70281978",1.5e-16
"14036","HISEQ13:138:C6FWNANXX:2:1313:15344:19926_1:68113682",1.5e-16
"14037","HISEQ13:138:C6FWNANXX:2:2116:20833:72076_1:98052707",1.5e-16
"14038","HISEQ13:138:C6FWNANXX:2:2304:10030:30694_1:127211326",1.5e-16
"14039","HISEQ13:138:C6FWNANXX:2:1208:3702:41746_1:35701141",1.5e-16
"14040","HISEQ13:138:C6FWNANXX:2:1202:21297:78587_1:27385684",1.5e-16
"14041","HISEQ13:138:C6FWNANXX:2:1203:13088:11610_1:27852257",1.5e-16
"14042","HISEQ13:138:C6FWNANXX:2:1203:18532:74918_1:28784445",1.5e-16
"14043","HISEQ13:138:C6FWNANXX:2:1311:12649:13795_1:64787060",1.5e-16
"14044","HISEQ13:138:C6FWNANXX:2:2107:13690:48956_1:83792288",1.5e-16
"14045","HISEQ13:138:C6FWNANXX:2:2108:8236:48815_1:85271291",1.5e-16
"14046","HISEQ13:138:C6FWNANXX:2:2113:15688:43068_1:92752857",1.5e-16
"14047","HISEQ13:138:C6FWNANXX:2:2116:20355:47332_1:97647093",1.5e-16
"14048","HISEQ13:138:C6FWNANXX:2:2307:20957:84257_1:132330092",1.5e-16
"14049","HISEQ13:138:C6FWNANXX:2:2109:3858:44278_1:86699650",1.5e-16
"14050","HISEQ13:138:C6FWNANXX:2:2312:9610:68351_1:139689619",1.5e-16
"14051","HISEQ13:138:C6FWNANXX:2:2213:20667:38590_1:116691338",1.5e-16
"14052","HISEQ13:138:C6FWNANXX:2:2215:18838:5143_1:119358782",1.5e-16
"14053","HISEQ13:138:C6FWNANXX:2:1204:10041:30940_1:29578822",1.5e-16
"14054","HISEQ13:138:C6FWNANXX:2:1307:9192:28556_1:58818465",1.5e-16
"14055","HISEQ13:138:C6FWNANXX:2:1104:13217:52693_1:5141771",1.5e-16
"14056","HISEQ13:138:C6FWNANXX:2:1208:2591:93799_1:36510228",1.5e-16
"14057","HISEQ13:138:C6FWNANXX:2:2116:12251:34613_1:97435250",1.5e-16
"14058","HISEQ13:138:C6FWNANXX:2:2302:18723:28790_1:124382643",1.5e-16
"14059","HISEQ13:138:C6FWNANXX:2:2308:15847:51303_1:133317131",1.5e-16
"14060","HISEQ13:138:C6FWNANXX:2:2314:13954:42207_1:142459288",1.5e-16
"14061","HISEQ13:138:C6FWNANXX:2:1315:9562:29061_1:71601784",1.5e-16
"14062","HISEQ13:138:C6FWNANXX:2:1111:6911:83554_1:16377889",1.5e-16
"14063","HISEQ13:138:C6FWNANXX:2:1312:18842:48522_1:66959812",1.5e-16
"14064","HISEQ13:138:C6FWNANXX:2:2106:17896:78764_1:82773396",1.5e-16
"14065","HISEQ13:138:C6FWNANXX:2:1104:13692:3517_1:4412605",1.5e-16
"14066","HISEQ13:138:C6FWNANXX:2:1106:7480:13687_1:7526590",1.5e-16
"14067","HISEQ13:138:C6FWNANXX:2:1214:15366:40576_1:45165339",1.5e-16
"14068","HISEQ13:138:C6FWNANXX:2:1210:19830:33660_1:38663055",1.5e-16
"14069","HISEQ13:138:C6FWNANXX:2:2208:17570:28873_1:108911034",1.5e-16
"14070","HISEQ13:138:C6FWNANXX:2:2215:14642:56268_1:120201872",1.5e-16
"14071","HISEQ13:138:C6FWNANXX:2:2308:5053:27362_1:132952886",1.5e-16
"14072","HISEQ13:138:C6FWNANXX:2:1112:6377:61963_1:17486775",1.6e-16
"14073","HISEQ13:138:C6FWNANXX:2:2112:7217:80596_1:91777663",1.6e-16
"14074","HISEQ13:138:C6FWNANXX:2:1203:10604:53005_1:28461829",1.6e-16
"14075","HISEQ13:138:C6FWNANXX:2:1304:4397:27338_1:54315038",1.6e-16
"14076","HISEQ13:138:C6FWNANXX:2:2111:15378:13074_1:89240432",1.6e-16
"14077","HISEQ13:138:C6FWNANXX:2:1103:19360:77002_1:4037855",1.6e-16
"14078","HISEQ13:138:C6FWNANXX:2:2306:12861:100447_1:131100402",1.6e-16
"14079","HISEQ13:138:C6FWNANXX:2:1209:8662:91329_1:38013939",1.6e-16
"14080","HISEQ13:138:C6FWNANXX:2:1102:15739:83107_1:2659920",1.6e-16
"14081","HISEQ13:138:C6FWNANXX:2:1306:7789:95544_1:58330758",1.6e-16
"14082","HISEQ13:138:C6FWNANXX:2:2111:9427:91975_1:90512412",1.6e-16
"14083","HISEQ13:138:C6FWNANXX:2:2314:6049:84587_1:143158334",1.6e-16
"14084","HISEQ13:138:C6FWNANXX:2:1210:8132:24454_1:38515359",1.6e-16
"14085","HISEQ13:138:C6FWNANXX:2:1302:9577:64596_1:51941981",1.6e-16
"14086","HISEQ13:138:C6FWNANXX:2:1202:17913:27180_1:26629867",1.6e-16
"14087","HISEQ13:138:C6FWNANXX:2:1208:10514:47908_1:35798770",1.6e-16
"14088","HISEQ13:138:C6FWNANXX:2:2214:10948:71523_1:118828840",1.6e-16
"14089","HISEQ13:138:C6FWNANXX:2:2113:9515:74214_1:93248251",1.6e-16
"14090","HISEQ13:138:C6FWNANXX:2:1110:15025:41991_1:14104215",1.6e-16
"14091","HISEQ13:138:C6FWNANXX:2:1115:18218:8967_1:21543506",1.6e-16
"14092","HISEQ13:138:C6FWNANXX:2:2114:12106:34068_1:94197039",1.6e-16
"14093","HISEQ13:138:C6FWNANXX:2:2307:21029:13140_1:131272767",1.6e-16
"14094","HISEQ13:138:C6FWNANXX:2:2202:10283:49793_1:100613497",1.6e-16
"14095","HISEQ13:138:C6FWNANXX:2:1109:15108:38063_1:12482320",1.6e-16
"14096","HISEQ13:138:C6FWNANXX:2:1111:6513:48848_1:15780839",1.6e-16
"14097","HISEQ13:138:C6FWNANXX:2:1303:12216:40279_1:53044830",1.6e-16
"14098","HISEQ13:138:C6FWNANXX:2:2216:11978:19018_1:121224001",1.6e-16
"14099","HISEQ13:138:C6FWNANXX:2:2301:6799:50544_1:123291085",1.6e-16
"14100","HISEQ13:138:C6FWNANXX:2:2314:11331:96516_1:143356607",1.6e-16
"14101","HISEQ13:138:C6FWNANXX:2:1212:18995:58099_1:42185565",1.6e-16
"14102","HISEQ13:138:C6FWNANXX:2:1215:12985:96002_1:47774952",1.6e-16
"14103","HISEQ13:138:C6FWNANXX:2:2311:15767:79314_1:138302300",1.6e-16
"14104","HISEQ13:138:C6FWNANXX:2:1104:14489:90508_1:5710134",1.6e-16
"14105","HISEQ13:138:C6FWNANXX:2:1307:3578:27548_1:58802045",1.6e-16
"14106","HISEQ13:138:C6FWNANXX:2:1102:14050:55006_1:2245839",1.6e-16
"14107","HISEQ13:138:C6FWNANXX:2:1104:18250:77774_1:5519849",1.6e-16
"14108","HISEQ13:138:C6FWNANXX:2:1304:13575:63379_1:54855388",1.6e-16
"14109","HISEQ13:138:C6FWNANXX:2:2104:13778:89716_1:80045146",1.6e-16
"14110","HISEQ13:138:C6FWNANXX:2:2208:17485:83217_1:109726555",1.6e-16
"14111","HISEQ13:138:C6FWNANXX:2:2309:3598:22917_1:134379503",1.6e-16
"14112","HISEQ13:138:C6FWNANXX:2:2106:2746:54500_1:82413689",1.6e-16
"14113","HISEQ13:138:C6FWNANXX:2:2210:4080:82171_1:112713173",1.6e-16
"14114","HISEQ13:138:C6FWNANXX:2:1111:14086:96076_1:16612200",1.6e-16
"14115","HISEQ13:138:C6FWNANXX:2:2116:14328:81172_1:98200250",1.6e-16
"14116","HISEQ13:138:C6FWNANXX:2:1202:4992:57342_1:27070685",1.6e-16
"14117","HISEQ13:138:C6FWNANXX:2:1212:5774:41380_1:41909790",1.6e-16
"14118","HISEQ13:138:C6FWNANXX:2:1302:20582:33315_1:51483922",1.6e-16
"14119","HISEQ13:138:C6FWNANXX:2:2303:17913:6005_1:125457816",1.6e-16
"14120","HISEQ13:138:C6FWNANXX:2:1301:5208:89760_1:50859821",1.6e-16
"14121","HISEQ13:138:C6FWNANXX:2:1112:21064:22438_1:16850600",1.6e-16
"14122","HISEQ13:138:C6FWNANXX:2:2204:10207:49566_1:103432501",1.6e-16
"14123","HISEQ13:138:C6FWNANXX:2:2111:6281:98758_1:90637684",1.6e-16
"14124","HISEQ13:138:C6FWNANXX:2:2116:19775:72116_1:98052499",1.6e-16
"14125","HISEQ13:138:C6FWNANXX:2:1112:11330:24002_1:16876167",1.6e-16
"14126","HISEQ13:138:C6FWNANXX:2:1311:1873:35386_1:65129229",1.6e-16
"14127","HISEQ13:138:C6FWNANXX:2:2116:15489:19598_1:97186990",1.6e-16
"14128","HISEQ13:138:C6FWNANXX:2:2315:10413:30886_1:143902640",1.6e-16
"14129","HISEQ13:138:C6FWNANXX:2:1115:10683:4623_1:21469453",1.7e-16
"14130","HISEQ13:138:C6FWNANXX:2:1104:2684:68522_1:5378441",1.7e-16
"14131","HISEQ13:138:C6FWNANXX:2:2212:1313:85714_1:115859541",1.7e-16
"14132","HISEQ13:138:C6FWNANXX:2:2111:17973:63713_1:90035027",1.7e-16
"14133","HISEQ13:138:C6FWNANXX:2:2113:5570:67821_1:93146860",1.7e-16
"14134","HISEQ13:138:C6FWNANXX:2:1205:2873:11167_1:30753765",1.7e-16
"14135","HISEQ13:138:C6FWNANXX:2:1116:16358:94986_1:24701128",1.7e-16
"14136","HISEQ13:138:C6FWNANXX:2:1316:8439:75819_1:74127780",1.7e-16
"14137","HISEQ13:138:C6FWNANXX:2:2112:4240:6762_1:90725372",1.7e-16
"14138","HISEQ13:138:C6FWNANXX:2:2202:9302:30599_1:100340987",1.7e-16
"14139","HISEQ13:138:C6FWNANXX:2:1309:16210:56385_1:62327093",1.7e-16
"14140","HISEQ13:138:C6FWNANXX:2:1301:8036:43518_1:50181196",1.7e-16
"14141","HISEQ13:138:C6FWNANXX:2:2204:12355:98446_1:104133701",1.7e-16
"14142","HISEQ13:138:C6FWNANXX:2:1208:3887:44362_1:35743259",1.7e-16
"14143","HISEQ13:138:C6FWNANXX:2:1303:18463:74527_1:53551306",1.7e-16
"14144","HISEQ13:138:C6FWNANXX:2:1209:19273:5669_1:36678645",1.7e-16
"14145","HISEQ13:138:C6FWNANXX:2:1301:3398:14749_1:49753222",1.7e-16
"14146","HISEQ13:138:C6FWNANXX:2:2214:18276:68924_1:118785172",1.7e-16
"14147","HISEQ13:138:C6FWNANXX:2:2312:11770:69060_1:139702120",1.7e-16
"14148","HISEQ13:138:C6FWNANXX:2:2313:2869:53784_1:141042123",1.7e-16
"14149","HISEQ13:138:C6FWNANXX:2:1108:8445:4053_1:10406173",1.7e-16
"14150","HISEQ13:138:C6FWNANXX:2:1202:4792:65788_1:27195362",1.7e-16
"14151","HISEQ13:138:C6FWNANXX:2:2315:14129:51272_1:144242306",1.7e-16
"14152","HISEQ13:138:C6FWNANXX:2:2215:4884:20602_1:119610680",1.7e-16
"14153","HISEQ13:138:C6FWNANXX:2:2310:18295:70503_1:136627449",1.7e-16
"14154","HISEQ13:138:C6FWNANXX:2:1101:7204:95620_1:1384710",1.7e-16
"14155","HISEQ13:138:C6FWNANXX:2:2105:7731:7091_1:80279787",1.7e-16
"14156","HISEQ13:138:C6FWNANXX:2:2208:14599:98752_1:109964276",1.7e-16
"14157","HISEQ13:138:C6FWNANXX:2:2215:12608:95913_1:120855764",1.7e-16
"14158","HISEQ13:138:C6FWNANXX:2:2308:2113:20116_1:132843522",1.7e-16
"14159","HISEQ13:138:C6FWNANXX:2:2108:1496:68783_1:85572159",1.7e-16
"14160","HISEQ13:138:C6FWNANXX:2:1107:19083:53907_1:9654389",1.7e-16
"14161","HISEQ13:138:C6FWNANXX:2:1110:1901:66575_1:14493095",1.7e-16
"14162","HISEQ13:138:C6FWNANXX:2:2303:11829:95737_1:126726510",1.7e-16
"14163","HISEQ13:138:C6FWNANXX:2:1216:10227:20961_1:48181690",1.7e-16
"14164","HISEQ13:138:C6FWNANXX:2:1312:20133:70182_1:67313086",1.7e-16
"14165","HISEQ13:138:C6FWNANXX:2:1214:12729:61667_1:45516919",1.7e-16
"14166","HISEQ13:138:C6FWNANXX:2:2308:13548:82196_1:133780931",1.7e-16
"14167","HISEQ13:138:C6FWNANXX:2:2303:4746:23069_1:125697324",1.7e-16
"14168","HISEQ13:138:C6FWNANXX:2:2307:19408:100523_1:132571592",1.7e-16
"14169","HISEQ13:138:C6FWNANXX:2:1111:9941:55990_1:15895699",1.7e-16
"14170","HISEQ13:138:C6FWNANXX:2:2310:3643:68670_1:136593944",1.7e-16
"14171","HISEQ13:138:C6FWNANXX:2:2212:5958:14649_1:114736280",1.7e-16
"14172","HISEQ13:138:C6FWNANXX:2:1203:8080:92339_1:29040688",1.7e-16
"14173","HISEQ13:138:C6FWNANXX:2:1102:3811:32584_1:1913037",1.7e-16
"14174","HISEQ13:138:C6FWNANXX:2:1104:18898:46511_1:5053787",1.7e-16
"14175","HISEQ13:138:C6FWNANXX:2:1203:3420:50426_1:28420759",1.7e-16
"14176","HISEQ13:138:C6FWNANXX:2:2308:7950:21103_1:132859619",1.7e-16
"14177","HISEQ13:138:C6FWNANXX:2:1202:1357:20741_1:26531578",1.7e-16
"14178","HISEQ13:138:C6FWNANXX:2:1311:16893:75222_1:65777965",1.7e-16
"14179","HISEQ13:138:C6FWNANXX:2:2307:11005:62582_1:132004648",1.7e-16
"14180","HISEQ13:138:C6FWNANXX:2:2308:8212:42954_1:133186462",1.7e-16
"14181","HISEQ13:138:C6FWNANXX:2:1107:15557:84700_1:10124957",1.7e-16
"14182","HISEQ13:138:C6FWNANXX:2:2312:15234:94629_1:140110400",1.7e-16
"14183","HISEQ13:138:C6FWNANXX:2:2206:18300:36138_1:106099717",1.7e-16
"14184","HISEQ13:138:C6FWNANXX:2:1205:12242:21056_1:30905824",1.7e-16
"14185","HISEQ13:138:C6FWNANXX:2:1311:12566:28893_1:65026874",1.7e-16
"14186","HISEQ13:138:C6FWNANXX:2:2111:16442:10372_1:89198101",1.7e-16
"14187","HISEQ13:138:C6FWNANXX:2:2305:1408:94092_1:129554248",1.7e-16
"14188","HISEQ13:138:C6FWNANXX:2:1308:21239:90508_1:61311825",1.8e-16
"14189","HISEQ13:138:C6FWNANXX:2:1311:4549:11349_1:64744960",1.8e-16
"14190","HISEQ13:138:C6FWNANXX:2:2210:5974:60420_1:112382628",1.8e-16
"14191","HISEQ13:138:C6FWNANXX:2:1302:18118:93611_1:52370996",1.8e-16
"14192","HISEQ13:138:C6FWNANXX:2:1310:7483:9538_1:63149474",1.8e-16
"14193","HISEQ13:138:C6FWNANXX:2:2210:3981:96601_1:112934755",1.8e-16
"14194","HISEQ13:138:C6FWNANXX:2:2112:9252:3858_1:90703488",1.8e-16
"14195","HISEQ13:138:C6FWNANXX:2:1106:12223:65379_1:8317133",1.8e-16
"14196","HISEQ13:138:C6FWNANXX:2:1106:15450:6063_1:7414284",1.8e-16
"14197","HISEQ13:138:C6FWNANXX:2:1310:5700:54504_1:63864790",1.8e-16
"14198","HISEQ13:138:C6FWNANXX:2:2204:21085:10183_1:102870457",1.8e-16
"14199","HISEQ13:138:C6FWNANXX:2:1210:2918:54914_1:38992551",1.8e-16
"14200","HISEQ13:138:C6FWNANXX:2:1105:11946:45469_1:6514910",1.8e-16
"14201","HISEQ13:138:C6FWNANXX:2:1209:12961:74899_1:37756874",1.8e-16
"14202","HISEQ13:138:C6FWNANXX:2:1210:5681:34765_1:38680005",1.8e-16
"14203","HISEQ13:138:C6FWNANXX:2:1213:19035:65653_1:43934976",1.8e-16
"14204","HISEQ13:138:C6FWNANXX:2:1215:9136:48765_1:46970828",1.8e-16
"14205","HISEQ13:138:C6FWNANXX:2:1301:16587:76029_1:50659849",1.8e-16
"14206","HISEQ13:138:C6FWNANXX:2:1310:9706:40187_1:63633890",1.8e-16
"14207","HISEQ13:138:C6FWNANXX:2:2111:5225:45802_1:89748020",1.8e-16
"14208","HISEQ13:138:C6FWNANXX:2:2204:6779:79923_1:103865830",1.8e-16
"14209","HISEQ13:138:C6FWNANXX:2:2205:20915:76206_1:105241799",1.8e-16
"14210","HISEQ13:138:C6FWNANXX:2:2213:5709:47286_1:116828010",1.8e-16
"14211","HISEQ13:138:C6FWNANXX:2:2110:11623:60805_1:88460594",1.8e-16
"14212","HISEQ13:138:C6FWNANXX:2:2213:20805:98389_1:117652417",1.8e-16
"14213","HISEQ13:138:C6FWNANXX:2:1212:13094:69604_1:42372266",1.8e-16
"14214","HISEQ13:138:C6FWNANXX:2:1303:15311:68338_1:53459083",1.8e-16
"14215","HISEQ13:138:C6FWNANXX:2:2109:9336:38771_1:86616549",1.8e-16
"14216","HISEQ13:138:C6FWNANXX:2:1105:19313:80951_1:7048916",1.8e-16
"14217","HISEQ13:138:C6FWNANXX:2:1303:18091:75792_1:53569750",1.8e-16
"14218","HISEQ13:138:C6FWNANXX:2:2112:20425:74758_1:91688552",1.8e-16
"14219","HISEQ13:138:C6FWNANXX:2:2206:9769:42177_1:106185908",1.8e-16
"14220","HISEQ13:138:C6FWNANXX:2:2311:9661:93698_1:138526457",1.8e-16
"14221","HISEQ13:138:C6FWNANXX:2:1114:9478:70414_1:20911059",1.8e-16
"14222","HISEQ13:138:C6FWNANXX:2:2207:15638:11916_1:107195545",1.8e-16
"14223","HISEQ13:138:C6FWNANXX:2:1205:17858:3755_1:30648208",1.8e-16
"14224","HISEQ13:138:C6FWNANXX:2:2209:2651:93612_1:111381027",1.8e-16
"14225","HISEQ13:138:C6FWNANXX:2:2312:17192:49891_1:139398200",1.8e-16
"14226","HISEQ13:138:C6FWNANXX:2:1205:12752:59790_1:31484014",1.8e-16
"14227","HISEQ13:138:C6FWNANXX:2:1311:4473:43672_1:65263587",1.8e-16
"14228","HISEQ13:138:C6FWNANXX:2:2113:5172:66719_1:93126695",1.8e-16
"14229","HISEQ13:138:C6FWNANXX:2:2205:3042:76447_1:105242196",1.8e-16
"14230","HISEQ13:138:C6FWNANXX:2:2308:19643:79657_1:133744176",1.8e-16
"14231","HISEQ13:138:C6FWNANXX:2:1313:12298:29629_1:68275421",1.8e-16
"14232","HISEQ13:138:C6FWNANXX:2:2102:17160:28684_1:76348445",1.8e-16
"14233","HISEQ13:138:C6FWNANXX:2:2212:18048:68094_1:115582734",1.8e-16
"14234","HISEQ13:138:C6FWNANXX:2:2307:4131:37974_1:131636299",1.8e-16
"14235","HISEQ13:138:C6FWNANXX:2:1212:13054:58704_1:42192697",1.8e-16
"14236","HISEQ13:138:C6FWNANXX:2:1105:14014:27097_1:6241180",1.8e-16
"14237","HISEQ13:138:C6FWNANXX:2:1107:13634:55995_1:9683914",1.8e-16
"14238","HISEQ13:138:C6FWNANXX:2:1305:20148:63312_1:56337623",1.8e-16
"14239","HISEQ13:138:C6FWNANXX:2:2112:3642:79078_1:91752860",1.8e-16
"14240","HISEQ13:138:C6FWNANXX:2:2213:5985:51272_1:116892998",1.8e-16
"14241","HISEQ13:138:C6FWNANXX:2:2204:5609:46960_1:103392378",1.8e-16
"14242","HISEQ13:138:C6FWNANXX:2:1201:4402:45628_1:25445537",1.8e-16
"14243","HISEQ13:138:C6FWNANXX:2:2201:15660:78334_1:99615369",1.8e-16
"14244","HISEQ13:138:C6FWNANXX:2:1203:3619:43181_1:28314849",1.8e-16
"14245","HISEQ13:138:C6FWNANXX:2:2214:3517:52443_1:118510414",1.8e-16
"14246","HISEQ13:138:C6FWNANXX:2:1201:13353:11768_1:24950612",1.8e-16
"14247","HISEQ13:138:C6FWNANXX:2:1303:9748:92137_1:53808995",1.8e-16
"14248","HISEQ13:138:C6FWNANXX:2:2101:9976:6208_1:74620016",1.8e-16
"14249","HISEQ13:138:C6FWNANXX:2:2303:16628:75972_1:126447331",1.8e-16
"14250","HISEQ13:138:C6FWNANXX:2:2315:19790:71397_1:144571503",1.8e-16
"14251","HISEQ13:138:C6FWNANXX:2:2309:1929:24426_1:134401777",1.8e-16
"14252","HISEQ13:138:C6FWNANXX:2:1212:3882:38272_1:41860944",1.8e-16
"14253","HISEQ13:138:C6FWNANXX:2:2103:3444:37012_1:77875238",1.8e-16
"14254","HISEQ13:138:C6FWNANXX:2:2306:8367:85752_1:130884786",1.9e-16
"14255","HISEQ13:138:C6FWNANXX:2:1110:16478:15314_1:13686162",1.9e-16
"14256","HISEQ13:138:C6FWNANXX:2:2102:14789:22035_1:76255790",1.9e-16
"14257","HISEQ13:138:C6FWNANXX:2:2206:6665:57996_1:106417060",1.9e-16
"14258","HISEQ13:138:C6FWNANXX:2:2209:17054:91087_1:111346316",1.9e-16
"14259","HISEQ13:138:C6FWNANXX:2:2210:20300:29656_1:111915020",1.9e-16
"14260","HISEQ13:138:C6FWNANXX:2:2310:1710:24613_1:135917120",1.9e-16
"14261","HISEQ13:138:C6FWNANXX:2:1109:11560:88730_1:13280585",1.9e-16
"14262","HISEQ13:138:C6FWNANXX:2:1114:20078:73548_1:20968180",1.9e-16
"14263","HISEQ13:138:C6FWNANXX:2:1107:9191:54945_1:9667679",1.9e-16
"14264","HISEQ13:138:C6FWNANXX:2:2109:9916:2250_1:86063237",1.9e-16
"14265","HISEQ13:138:C6FWNANXX:2:2110:15340:71774_1:88627817",1.9e-16
"14266","HISEQ13:138:C6FWNANXX:2:1209:9728:97890_1:38116114",1.9e-16
"14267","HISEQ13:138:C6FWNANXX:2:1302:13547:100412_1:52470932",1.9e-16
"14268","HISEQ13:138:C6FWNANXX:2:2212:3365:37740_1:115098868",1.9e-16
"14269","HISEQ13:138:C6FWNANXX:2:1101:16978:21023_1:284973",1.9e-16
"14270","HISEQ13:138:C6FWNANXX:2:1210:13172:88997_1:39526752",1.9e-16
"14271","HISEQ13:138:C6FWNANXX:2:2103:1962:16772_1:77586341",1.9e-16
"14272","HISEQ13:138:C6FWNANXX:2:1308:10149:76553_1:61089321",1.9e-16
"14273","HISEQ13:138:C6FWNANXX:2:2115:8171:86676_1:96658564",1.9e-16
"14274","HISEQ13:138:C6FWNANXX:2:2306:4660:38010_1:130181727",1.9e-16
"14275","HISEQ13:138:C6FWNANXX:2:2216:5013:43033_1:121626958",1.9e-16
"14276","HISEQ13:138:C6FWNANXX:2:1110:15928:7939_1:13567802",1.9e-16
"14277","HISEQ13:138:C6FWNANXX:2:1103:6492:30245_1:3339505",1.9e-16
"14278","HISEQ13:138:C6FWNANXX:2:1202:6725:70482_1:27262047",1.9e-16
"14279","HISEQ13:138:C6FWNANXX:2:1215:17424:77406_1:47455020",1.9e-16
"14280","HISEQ13:138:C6FWNANXX:2:2109:15987:2513_1:86068137",1.9e-16
"14281","HISEQ13:138:C6FWNANXX:2:2213:2786:78024_1:117323491",1.9e-16
"14282","HISEQ13:138:C6FWNANXX:2:1311:7455:3995_1:64624198",1.9e-16
"14283","HISEQ13:138:C6FWNANXX:2:2203:11538:91631_1:102621350",1.9e-16
"14284","HISEQ13:138:C6FWNANXX:2:2306:12676:7482_1:129731797",1.9e-16
"14285","HISEQ13:138:C6FWNANXX:2:1110:11756:14043_1:13665458",1.9e-16
"14286","HISEQ13:138:C6FWNANXX:2:2110:18301:12703_1:87724265",1.9e-16
"14287","HISEQ13:138:C6FWNANXX:2:1106:19385:90978_1:8705989",1.9e-16
"14288","HISEQ13:138:C6FWNANXX:2:2208:13926:83913_1:109737228",1.9e-16
"14289","HISEQ13:138:C6FWNANXX:2:1112:8732:51373_1:17317402",1.9e-16
"14290","HISEQ13:138:C6FWNANXX:2:1213:8892:46173_1:43609414",1.9e-16
"14291","HISEQ13:138:C6FWNANXX:2:2107:3491:48156_1:83779118",1.9e-16
"14292","HISEQ13:138:C6FWNANXX:2:2303:10474:18722_1:125634122",1.9e-16
"14293","HISEQ13:138:C6FWNANXX:2:2311:11409:2248_1:137088968",1.9e-16
"14294","HISEQ13:138:C6FWNANXX:2:2310:8464:5031_1:135617701",1.9e-16
"14295","HISEQ13:138:C6FWNANXX:2:2316:9189:84763_1:146456728",1.9e-16
"14296","HISEQ13:138:C6FWNANXX:2:2104:9325:40972_1:79342128",1.9e-16
"14297","HISEQ13:138:C6FWNANXX:2:1103:9000:58265_1:3757726",1.9e-16
"14298","HISEQ13:138:C6FWNANXX:2:1306:15917:14597_1:57095703",1.9e-16
"14299","HISEQ13:138:C6FWNANXX:2:2208:7336:93438_1:109879011",1.9e-16
"14300","HISEQ13:138:C6FWNANXX:2:2210:17312:65603_1:112465152",1.9e-16
"14301","HISEQ13:138:C6FWNANXX:2:2213:8118:30975_1:116564613",1.9e-16
"14302","HISEQ13:138:C6FWNANXX:2:2104:15443:50293_1:79479905",1.9e-16
"14303","HISEQ13:138:C6FWNANXX:2:1115:13419:100682_1:23099327",1.9e-16
"14304","HISEQ13:138:C6FWNANXX:2:2108:13301:21969_1:84865711",1.9e-16
"14305","HISEQ13:138:C6FWNANXX:2:1112:7964:72029_1:17654534",1.9e-16
"14306","HISEQ13:138:C6FWNANXX:2:2203:10778:80954_1:102467892",1.9e-16
"14307","HISEQ13:138:C6FWNANXX:2:2210:16684:38394_1:112047915",1.9e-16
"14308","HISEQ13:138:C6FWNANXX:2:2304:4586:56916_1:127586652",1.9e-16
"14309","HISEQ13:138:C6FWNANXX:2:2115:8833:68874_1:96369013",1.9e-16
"14310","HISEQ13:138:C6FWNANXX:2:1113:12734:47700_1:18877259",1.9e-16
"14311","HISEQ13:138:C6FWNANXX:2:1203:17295:47727_1:28383273",1.9e-16
"14312","HISEQ13:138:C6FWNANXX:2:1209:21306:46952_1:37319557",1.9e-16
"14313","HISEQ13:138:C6FWNANXX:2:1308:15182:7969_1:60021618",1.9e-16
"14314","HISEQ13:138:C6FWNANXX:2:2101:13472:9634_1:74670856",1.9e-16
"14315","HISEQ13:138:C6FWNANXX:2:2116:4225:81471_1:98202225",1.9e-16
"14316","HISEQ13:138:C6FWNANXX:2:2216:13755:47569_1:121704348",1.9e-16
"14317","HISEQ13:138:C6FWNANXX:2:2109:5908:79859_1:87240557",1.9e-16
"14318","HISEQ13:138:C6FWNANXX:2:2215:4225:52707_1:120137202",1.9e-16
"14319","HISEQ13:138:C6FWNANXX:2:2111:19963:19895_1:89346034",2e-16
"14320","HISEQ13:138:C6FWNANXX:2:2203:14906:95310_1:102676247",2e-16
"14321","HISEQ13:138:C6FWNANXX:2:2206:11129:19539_1:105857471",2e-16
"14322","HISEQ13:138:C6FWNANXX:2:2308:8642:94187_1:133961646",2e-16
"14323","HISEQ13:138:C6FWNANXX:2:2213:4868:62678_1:117074244",2e-16
"14324","HISEQ13:138:C6FWNANXX:2:2316:12259:60955_1:146052436",2e-16
"14325","HISEQ13:138:C6FWNANXX:2:1202:16777:18786_1:26508552",2e-16
"14326","HISEQ13:138:C6FWNANXX:2:1310:8253:89353_1:64414441",2e-16
"14327","HISEQ13:138:C6FWNANXX:2:1205:16938:67510_1:31600430",2e-16
"14328","HISEQ13:138:C6FWNANXX:2:1302:2376:99373_1:52453934",2e-16
"14329","HISEQ13:138:C6FWNANXX:2:2114:9294:89143_1:95090199",2e-16
"14330","HISEQ13:138:C6FWNANXX:2:1207:14882:66700_1:34572714",2e-16
"14331","HISEQ13:138:C6FWNANXX:2:1314:18634:26781_1:69886522",2e-16
"14332","HISEQ13:138:C6FWNANXX:2:2104:12051:43239_1:79375177",2e-16
"14333","HISEQ13:138:C6FWNANXX:2:2101:11503:10554_1:74684882",2e-16
"14334","HISEQ13:138:C6FWNANXX:2:2203:9872:36170_1:101828688",2e-16
"14335","HISEQ13:138:C6FWNANXX:2:2311:8033:29702_1:137518403",2e-16
"14336","HISEQ13:138:C6FWNANXX:2:2314:5739:75782_1:143015337",2e-16
"14337","HISEQ13:138:C6FWNANXX:2:2107:3224:33606_1:83563883",2e-16
"14338","HISEQ13:138:C6FWNANXX:2:2311:5251:3283_1:137107344",2e-16
"14339","HISEQ13:138:C6FWNANXX:2:2206:18303:48426_1:106279460",2e-16
"14340","HISEQ13:138:C6FWNANXX:2:2115:14596:62622_1:96268054",2e-16
"14341","HISEQ13:138:C6FWNANXX:2:1206:15299:65457_1:33056937",2e-16
"14342","HISEQ13:138:C6FWNANXX:2:2113:18055:94009_1:93570545",2e-16
"14343","HISEQ13:138:C6FWNANXX:2:2211:17058:58159_1:113877830",2e-16
"14344","HISEQ13:138:C6FWNANXX:2:2216:4068:79964_1:122249907",2e-16
"14345","HISEQ13:138:C6FWNANXX:2:1205:4302:88626_1:31913158",2e-16
"14346","HISEQ13:138:C6FWNANXX:2:2116:3664:96853_1:98457478",2e-16
"14347","HISEQ13:138:C6FWNANXX:2:1206:20112:12315_1:32256004",2e-16
"14348","HISEQ13:138:C6FWNANXX:2:1304:2020:84134_1:55162834",2e-16
"14349","HISEQ13:138:C6FWNANXX:2:1114:4254:38576_1:20375904",2e-16
"14350","HISEQ13:138:C6FWNANXX:2:2202:4120:84765_1:101111770",2e-16
"14351","HISEQ13:138:C6FWNANXX:2:2213:19278:69781_1:117194037",2e-16
"14352","HISEQ13:138:C6FWNANXX:2:2313:6528:79429_1:141456320",2e-16
"14353","HISEQ13:138:C6FWNANXX:2:1109:19431:91141_1:13321356",2.1e-16
"14354","HISEQ13:138:C6FWNANXX:2:1116:8257:18647_1:23389259",2.1e-16
"14355","HISEQ13:138:C6FWNANXX:2:1315:7035:10939_1:71291758",2.1e-16
"14356","HISEQ13:138:C6FWNANXX:2:2213:8582:18641_1:116369294",2.1e-16
"14357","HISEQ13:138:C6FWNANXX:2:2202:7032:72271_1:100933520",2.1e-16
"14358","HISEQ13:138:C6FWNANXX:2:2313:5836:42672_1:140861193",2.1e-16
"14359","HISEQ13:138:C6FWNANXX:2:1209:7460:48621_1:37344411",2.1e-16
"14360","HISEQ13:138:C6FWNANXX:2:2215:13940:13825_1:119501577",2.1e-16
"14361","HISEQ13:138:C6FWNANXX:2:1305:17899:34217_1:55897433",2.1e-16
"14362","HISEQ13:138:C6FWNANXX:2:1206:5190:56963_1:32926386",2.1e-16
"14363","HISEQ13:138:C6FWNANXX:2:2110:6186:55925_1:88383357",2.1e-16
"14364","HISEQ13:138:C6FWNANXX:2:2308:11670:77271_1:133708688",2.1e-16
"14365","HISEQ13:138:C6FWNANXX:2:2206:20867:9780_1:105716517",2.1e-16
"14366","HISEQ13:138:C6FWNANXX:2:1112:19885:28772_1:16954794",2.1e-16
"14367","HISEQ13:138:C6FWNANXX:2:2101:9708:66222_1:75475560",2.1e-16
"14368","HISEQ13:138:C6FWNANXX:2:1315:16493:77647_1:72436245",2.1e-16
"14369","HISEQ13:138:C6FWNANXX:2:1203:18977:19763_1:27974944",2.1e-16
"14370","HISEQ13:138:C6FWNANXX:2:2110:9804:5697_1:87615066",2.1e-16
"14371","HISEQ13:138:C6FWNANXX:2:2201:16571:97743_1:99888300",2.1e-16
"14372","HISEQ13:138:C6FWNANXX:2:2216:17478:33611_1:121468647",2.1e-16
"14373","HISEQ13:138:C6FWNANXX:2:2115:11291:53302_1:96116355",2.1e-16
"14374","HISEQ13:138:C6FWNANXX:2:2207:8825:70511_1:108060172",2.1e-16
"14375","HISEQ13:138:C6FWNANXX:2:2302:8065:2421_1:124005082",2.1e-16
"14376","HISEQ13:138:C6FWNANXX:2:1311:15202:2272_1:64601449",2.1e-16
"14377","HISEQ13:138:C6FWNANXX:2:1311:17384:7131_1:64679039",2.1e-16
"14378","HISEQ13:138:C6FWNANXX:2:1205:14983:46319_1:31282540",2.1e-16
"14379","HISEQ13:138:C6FWNANXX:2:1102:15076:83390_1:2663538",2.1e-16
"14380","HISEQ13:138:C6FWNANXX:2:1115:17295:31097_1:21919349",2.1e-16
"14381","HISEQ13:138:C6FWNANXX:2:2102:3800:15216_1:76154515",2.1e-16
"14382","HISEQ13:138:C6FWNANXX:2:2114:9929:15213_1:93888795",2.1e-16
"14383","HISEQ13:138:C6FWNANXX:2:1103:9535:39303_1:3476341",2.1e-16
"14384","HISEQ13:138:C6FWNANXX:2:1108:6416:99486_1:11889501",2.1e-16
"14385","HISEQ13:138:C6FWNANXX:2:1210:12310:41400_1:38783185",2.1e-16
"14386","HISEQ13:138:C6FWNANXX:2:2101:6471:80972_1:75684841",2.1e-16
"14387","HISEQ13:138:C6FWNANXX:2:2112:1902:76763_1:91716818",2.1e-16
"14388","HISEQ13:138:C6FWNANXX:2:1101:5869:93850_1:1358422",2.1e-16
"14389","HISEQ13:138:C6FWNANXX:2:1312:11682:38720_1:66795531",2.1e-16
"14390","HISEQ13:138:C6FWNANXX:2:1204:20940:3839_1:29196758",2.1e-16
"14391","HISEQ13:138:C6FWNANXX:2:1205:12987:26656_1:30986944",2.1e-16
"14392","HISEQ13:138:C6FWNANXX:2:1206:2553:95406_1:33507143",2.1e-16
"14393","HISEQ13:138:C6FWNANXX:2:2210:19004:55872_1:112316538",2.1e-16
"14394","HISEQ13:138:C6FWNANXX:2:1303:5368:38610_1:53017725",2.2e-16
"14395","HISEQ13:138:C6FWNANXX:2:2108:8125:99241_1:86030876",2.2e-16
"14396","HISEQ13:138:C6FWNANXX:2:1106:15390:28887_1:7760809",2.2e-16
"14397","HISEQ13:138:C6FWNANXX:2:1112:4032:25227_1:16890790",2.2e-16
"14398","HISEQ13:138:C6FWNANXX:2:1303:12335:83100_1:53675831",2.2e-16
"14399","HISEQ13:138:C6FWNANXX:2:2209:17762:82449_1:111213455",2.2e-16
"14400","HISEQ13:138:C6FWNANXX:2:2212:18554:64132_1:115519496",2.2e-16
"14401","HISEQ13:138:C6FWNANXX:2:1306:14727:35671_1:57415394",2.2e-16
"14402","HISEQ13:138:C6FWNANXX:2:1213:17957:39656_1:43504142",2.2e-16
"14403","HISEQ13:138:C6FWNANXX:2:2215:10469:21602_1:119628343",2.2e-16
"14404","HISEQ13:138:C6FWNANXX:2:2310:1299:48935_1:136290721",2.2e-16
"14405","HISEQ13:138:C6FWNANXX:2:1309:18201:64928_1:62463074",2.2e-16
"14406","HISEQ13:138:C6FWNANXX:2:2109:17830:11246_1:86197121",2.2e-16
"14407","HISEQ13:138:C6FWNANXX:2:2210:9047:52969_1:112268156",2.2e-16
"14408","HISEQ13:138:C6FWNANXX:2:1303:4433:54106_1:53246220",2.2e-16
"14409","HISEQ13:138:C6FWNANXX:2:1309:20636:45162_1:62149819",2.2e-16
"14410","HISEQ13:138:C6FWNANXX:2:1316:8252:55705_1:73773085",2.2e-16
"14411","HISEQ13:138:C6FWNANXX:2:2201:18564:12258_1:98674735",2.2e-16
"14412","HISEQ13:138:C6FWNANXX:2:2301:8115:56775_1:123379248",2.2e-16
"14413","HISEQ13:138:C6FWNANXX:2:1316:13244:54747_1:73756811",2.2e-16
"14414","HISEQ13:138:C6FWNANXX:2:1108:13069:62304_1:11310918",2.2e-16
"14415","HISEQ13:138:C6FWNANXX:2:1302:10841:77347_1:52130304",2.2e-16
"14416","HISEQ13:138:C6FWNANXX:2:2108:17392:60822_1:85453815",2.2e-16
"14417","HISEQ13:138:C6FWNANXX:2:2203:20951:76444_1:102405550",2.2e-16
"14418","HISEQ13:138:C6FWNANXX:2:2214:11000:26872_1:118096869",2.2e-16
"14419","HISEQ13:138:C6FWNANXX:2:1208:12135:75895_1:36232893",2.2e-16
"14420","HISEQ13:138:C6FWNANXX:2:1215:18099:86261_1:47608258",2.2e-16
"14421","HISEQ13:138:C6FWNANXX:2:1304:17098:35969_1:54443451",2.2e-16
"14422","HISEQ13:138:C6FWNANXX:2:1309:20002:84684_1:62776409",2.2e-16
"14423","HISEQ13:138:C6FWNANXX:2:2203:1710:16622_1:101549274",2.2e-16
"14424","HISEQ13:138:C6FWNANXX:2:2213:4868:62678_1:117074243",2.2e-16
"14425","HISEQ13:138:C6FWNANXX:2:1105:12207:90034_1:7187158",2.2e-16
"14426","HISEQ13:138:C6FWNANXX:2:1110:12028:31914_1:13946016",2.2e-16
"14427","HISEQ13:138:C6FWNANXX:2:1207:9376:56572_1:34419862",2.2e-16
"14428","HISEQ13:138:C6FWNANXX:2:1302:20214:51284_1:51749236",2.2e-16
"14429","HISEQ13:138:C6FWNANXX:2:1308:13715:61921_1:60859225",2.2e-16
"14430","HISEQ13:138:C6FWNANXX:2:1213:5403:95864_1:44432139",2.2e-16
"14431","HISEQ13:138:C6FWNANXX:2:2108:6354:13696_1:84741231",2.2e-16
"14432","HISEQ13:138:C6FWNANXX:2:1309:10086:16507_1:61699437",2.2e-16
"14433","HISEQ13:138:C6FWNANXX:2:1310:1717:37545_1:63592697",2.2e-16
"14434","HISEQ13:138:C6FWNANXX:2:2110:8897:76478_1:88695314",2.2e-16
"14435","HISEQ13:138:C6FWNANXX:2:2214:6028:15159_1:117903621",2.2e-16
"14436","HISEQ13:138:C6FWNANXX:2:2314:9117:89790_1:143244742",2.2e-16
"14437","HISEQ13:138:C6FWNANXX:2:1306:17221:3016_1:56920194",2.2e-16
"14438","HISEQ13:138:C6FWNANXX:2:1212:14949:58406_1:42188889",2.2e-16
"14439","HISEQ13:138:C6FWNANXX:2:2112:11097:57505_1:91413591",2.2e-16
"14440","HISEQ13:138:C6FWNANXX:2:2210:17451:32799_1:111964238",2.2e-16
"14441","HISEQ13:138:C6FWNANXX:2:1102:14054:19391_1:1720307",2.2e-16
"14442","HISEQ13:138:C6FWNANXX:2:2102:11438:22431_1:76258722",2.2e-16
"14443","HISEQ13:138:C6FWNANXX:2:1114:13164:63081_1:20789741",2.2e-16
"14444","HISEQ13:138:C6FWNANXX:2:2214:8098:2122_1:117691978",2.2e-16
"14445","HISEQ13:138:C6FWNANXX:2:2314:9420:63334_1:142809729",2.2e-16
"14446","HISEQ13:138:C6FWNANXX:2:2103:9522:66960_1:78297849",2.2e-16
"14447","HISEQ13:138:C6FWNANXX:2:1208:17304:6005_1:35159217",2.2e-16
"14448","HISEQ13:138:C6FWNANXX:2:1312:16964:73364_1:67365871",2.2e-16
"14449","HISEQ13:138:C6FWNANXX:2:2206:16985:60359_1:106455655",2.2e-16
"14450","HISEQ13:138:C6FWNANXX:2:1209:11636:96163_1:38089122",2.3e-16
"14451","HISEQ13:138:C6FWNANXX:2:1215:12985:96002_1:47774953",2.3e-16
"14452","HISEQ13:138:C6FWNANXX:2:1305:8505:60440_1:56290705",2.3e-16
"14453","HISEQ13:138:C6FWNANXX:2:2314:2700:2350_1:141808744",2.3e-16
"14454","HISEQ13:138:C6FWNANXX:2:1108:15637:79420_1:11578348",2.3e-16
"14455","HISEQ13:138:C6FWNANXX:2:1108:10307:47287_1:11076659",2.3e-16
"14456","HISEQ13:138:C6FWNANXX:2:2204:14646:72275_1:103760418",2.3e-16
"14457","HISEQ13:138:C6FWNANXX:2:1302:9614:81801_1:52196312",2.3e-16
"14458","HISEQ13:138:C6FWNANXX:2:1310:19980:19859_1:63313745",2.3e-16
"14459","HISEQ13:138:C6FWNANXX:2:2116:8003:44506_1:97599412",2.3e-16
"14460","HISEQ13:138:C6FWNANXX:2:1213:15674:95212_1:44421578",2.3e-16
"14461","HISEQ13:138:C6FWNANXX:2:1305:10173:4604_1:55454426",2.3e-16
"14462","HISEQ13:138:C6FWNANXX:2:2202:18961:67181_1:100860463",2.3e-16
"14463","HISEQ13:138:C6FWNANXX:2:2113:18115:39196_1:92689819",2.3e-16
"14464","HISEQ13:138:C6FWNANXX:2:2312:13129:83414_1:139930734",2.3e-16
"14465","HISEQ13:138:C6FWNANXX:2:1110:2339:62394_1:14426396",2.3e-16
"14466","HISEQ13:138:C6FWNANXX:2:2105:11496:27790_1:80581478",2.3e-16
"14467","HISEQ13:138:C6FWNANXX:2:1211:18647:53391_1:40541385",2.3e-16
"14468","HISEQ13:138:C6FWNANXX:2:2212:9669:59418_1:115443179",2.3e-16
"14469","HISEQ13:138:C6FWNANXX:2:1216:6209:71992_1:49064485",2.3e-16
"14470","HISEQ13:138:C6FWNANXX:2:1304:14677:87188_1:55210154",2.3e-16
"14471","HISEQ13:138:C6FWNANXX:2:1307:10036:20173_1:58688146",2.3e-16
"14472","HISEQ13:138:C6FWNANXX:2:2116:10523:62915_1:97899267",2.3e-16
"14473","HISEQ13:138:C6FWNANXX:2:1306:6365:69989_1:57937595",2.3e-16
"14474","HISEQ13:138:C6FWNANXX:2:1206:17293:28737_1:32499395",2.3e-16
"14475","HISEQ13:138:C6FWNANXX:2:1107:13203:89478_1:10197602",2.3e-16
"14476","HISEQ13:138:C6FWNANXX:2:1314:15463:35388_1:70029837",2.3e-16
"14477","HISEQ13:138:C6FWNANXX:2:2101:15111:100702_1:75966710",2.3e-16
"14478","HISEQ13:138:C6FWNANXX:2:2116:3778:80318_1:98185332",2.3e-16
"14479","HISEQ13:138:C6FWNANXX:2:2310:5994:87844_1:136888473",2.3e-16
"14480","HISEQ13:138:C6FWNANXX:2:1210:3659:31692_1:38628078",2.3e-16
"14481","HISEQ13:138:C6FWNANXX:2:1314:2251:32865_1:69984313",2.3e-16
"14482","HISEQ13:138:C6FWNANXX:2:1104:11160:28750_1:4783831",2.3e-16
"14483","HISEQ13:138:C6FWNANXX:2:2306:17337:8058_1:129743655",2.3e-16
"14484","HISEQ13:138:C6FWNANXX:2:2203:17294:39503_1:101880345",2.3e-16
"14485","HISEQ13:138:C6FWNANXX:2:2204:1923:43454_1:103340863",2.3e-16
"14486","HISEQ13:138:C6FWNANXX:2:2312:19156:58822_1:139541425",2.3e-16
"14487","HISEQ13:138:C6FWNANXX:2:2204:11832:26350_1:103099281",2.3e-16
"14488","HISEQ13:138:C6FWNANXX:2:1207:12718:74473_1:34691558",2.3e-16
"14489","HISEQ13:138:C6FWNANXX:2:1308:20250:26605_1:60312042",2.3e-16
"14490","HISEQ13:138:C6FWNANXX:2:1206:7390:27868_1:32486085",2.3e-16
"14491","HISEQ13:138:C6FWNANXX:2:1209:16683:97127_1:38105874",2.3e-16
"14492","HISEQ13:138:C6FWNANXX:2:1303:10855:87008_1:53734818",2.3e-16
"14493","HISEQ13:138:C6FWNANXX:2:2203:19146:3804_1:101370435",2.3e-16
"14494","HISEQ13:138:C6FWNANXX:2:2205:16967:54389_1:104927605",2.3e-16
"14495","HISEQ13:138:C6FWNANXX:2:1209:8741:79015_1:37821810",2.3e-16
"14496","HISEQ13:138:C6FWNANXX:2:1108:13909:7763_1:10465708",2.3e-16
"14497","HISEQ13:138:C6FWNANXX:2:1113:15653:46842_1:18865619",2.3e-16
"14498","HISEQ13:138:C6FWNANXX:2:1113:9969:36965_1:18700289",2.3e-16
"14499","HISEQ13:138:C6FWNANXX:2:1310:1897:47689_1:63751826",2.3e-16
"14500","HISEQ13:138:C6FWNANXX:2:2304:19825:9875_1:126914960",2.3e-16
"14501","HISEQ13:138:C6FWNANXX:2:2314:20968:90224_1:143251468",2.3e-16
"14502","HISEQ13:138:C6FWNANXX:2:1315:5610:63398_1:72188991",2.3e-16
"14503","HISEQ13:138:C6FWNANXX:2:2209:2824:82512_1:111214377",2.3e-16
"14504","HISEQ13:138:C6FWNANXX:2:2210:10680:48730_1:112203027",2.3e-16
"14505","HISEQ13:138:C6FWNANXX:2:2212:6218:45388_1:115221326",2.3e-16
"14506","HISEQ13:138:C6FWNANXX:2:2309:3236:15857_1:134272648",2.3e-16
"14507","HISEQ13:138:C6FWNANXX:2:1310:5593:5735_1:63085469",2.3e-16
"14508","HISEQ13:138:C6FWNANXX:2:2110:12752:14699_1:87753376",2.3e-16
"14509","HISEQ13:138:C6FWNANXX:2:2113:3081:98642_1:93640722",2.3e-16
"14510","HISEQ13:138:C6FWNANXX:2:2114:8722:3929_1:93707744",2.3e-16
"14511","HISEQ13:138:C6FWNANXX:2:1301:1731:19263_1:49822996",2.3e-16
"14512","HISEQ13:138:C6FWNANXX:2:2314:17163:69689_1:142914890",2.4e-16
"14513","HISEQ13:138:C6FWNANXX:2:2114:11064:62289_1:94656108",2.4e-16
"14514","HISEQ13:138:C6FWNANXX:2:1114:17233:5319_1:19821663",2.4e-16
"14515","HISEQ13:138:C6FWNANXX:2:1116:17554:66346_1:24210072",2.4e-16
"14516","HISEQ13:138:C6FWNANXX:2:1108:18376:97754_1:11868436",2.4e-16
"14517","HISEQ13:138:C6FWNANXX:2:2301:13871:28830_1:122986519",2.4e-16
"14518","HISEQ13:138:C6FWNANXX:2:2210:14388:79127_1:112668906",2.4e-16
"14519","HISEQ13:138:C6FWNANXX:2:1104:10499:22097_1:4686781",2.4e-16
"14520","HISEQ13:138:C6FWNANXX:2:1110:17582:82637_1:14747291",2.4e-16
"14521","HISEQ13:138:C6FWNANXX:2:2310:17067:20455_1:135853981",2.4e-16
"14522","HISEQ13:138:C6FWNANXX:2:1113:3194:60542_1:19090662",2.4e-16
"14523","HISEQ13:138:C6FWNANXX:2:1215:8371:74597_1:47406785",2.4e-16
"14524","HISEQ13:138:C6FWNANXX:2:1314:14721:58743_1:70424561",2.4e-16
"14525","HISEQ13:138:C6FWNANXX:2:2307:8461:34236_1:131581441",2.4e-16
"14526","HISEQ13:138:C6FWNANXX:2:1114:17531:82114_1:21110172",2.4e-16
"14527","HISEQ13:138:C6FWNANXX:2:1204:2988:7001_1:29240241",2.4e-16
"14528","HISEQ13:138:C6FWNANXX:2:1214:2020:30039_1:44985497",2.4e-16
"14529","HISEQ13:138:C6FWNANXX:2:2107:2921:77509_1:84218336",2.4e-16
"14530","HISEQ13:138:C6FWNANXX:2:2115:14434:54063_1:96129325",2.4e-16
"14531","HISEQ13:138:C6FWNANXX:2:2206:8561:13375_1:105765351",2.4e-16
"14532","HISEQ13:138:C6FWNANXX:2:2109:3784:26726_1:86430542",2.4e-16
"14533","HISEQ13:138:C6FWNANXX:2:1104:12018:88613_1:5679691",2.4e-16
"14534","HISEQ13:138:C6FWNANXX:2:1208:19171:26006_1:35466466",2.4e-16
"14535","HISEQ13:138:C6FWNANXX:2:2301:8936:39250_1:123130609",2.4e-16
"14536","HISEQ13:138:C6FWNANXX:2:1207:2772:12406_1:33748746",2.4e-16
"14537","HISEQ13:138:C6FWNANXX:2:2314:4442:68286_1:142891374",2.4e-16
"14538","HISEQ13:138:C6FWNANXX:2:1112:17242:50938_1:17310943",2.4e-16
"14539","HISEQ13:138:C6FWNANXX:2:1308:2954:92717_1:61339314",2.4e-16
"14540","HISEQ13:138:C6FWNANXX:2:2102:8223:85616_1:77158749",2.4e-16
"14541","HISEQ13:138:C6FWNANXX:2:1108:15320:66120_1:11369598",2.4e-16
"14542","HISEQ13:138:C6FWNANXX:2:1313:14381:20139_1:68117681",2.4e-16
"14543","HISEQ13:138:C6FWNANXX:2:2108:15133:69779_1:85590143",2.4e-16
"14544","HISEQ13:138:C6FWNANXX:2:2311:6973:78992_1:138292685",2.4e-16
"14545","HISEQ13:138:C6FWNANXX:2:1109:14217:6515_1:11986849",2.4e-16
"14546","HISEQ13:138:C6FWNANXX:2:1311:12050:92049_1:66056091",2.4e-16
"14547","HISEQ13:138:C6FWNANXX:2:2308:14006:56458_1:133391819",2.4e-16
"14548","HISEQ13:138:C6FWNANXX:2:1103:4491:52337_1:3667363",2.4e-16
"14549","HISEQ13:138:C6FWNANXX:2:2204:12268:79490_1:103859656",2.4e-16
"14550","HISEQ13:138:C6FWNANXX:2:2210:5752:85288_1:112762716",2.4e-16
"14551","HISEQ13:138:C6FWNANXX:2:1106:13526:25562_1:7710483",2.4e-16
"14552","HISEQ13:138:C6FWNANXX:2:2208:7723:79959_1:109675725",2.4e-16
"14553","HISEQ13:138:C6FWNANXX:2:2102:1930:54560_1:76714524",2.4e-16
"14554","HISEQ13:138:C6FWNANXX:2:1102:12292:17482_1:1690554",2.4e-16
"14555","HISEQ13:138:C6FWNANXX:2:1110:5479:5866_1:13534213",2.4e-16
"14556","HISEQ13:138:C6FWNANXX:2:1301:7786:42898_1:50170031",2.4e-16
"14557","HISEQ13:138:C6FWNANXX:2:1316:17959:78481_1:74174029",2.4e-16
"14558","HISEQ13:138:C6FWNANXX:2:2113:19423:73012_1:93234037",2.4e-16
"14559","HISEQ13:138:C6FWNANXX:2:2204:18033:54580_1:103506013",2.4e-16
"14560","HISEQ13:138:C6FWNANXX:2:2307:12759:55899_1:131904630",2.4e-16
"14561","HISEQ13:138:C6FWNANXX:2:2308:4368:61070_1:133461796",2.4e-16
"14562","HISEQ13:138:C6FWNANXX:2:1304:7585:99565_1:55396728",2.4e-16
"14563","HISEQ13:138:C6FWNANXX:2:2112:4076:38158_1:91107619",2.4e-16
"14564","HISEQ13:138:C6FWNANXX:2:1313:4058:23452_1:68169695",2.4e-16
"14565","HISEQ13:138:C6FWNANXX:2:2307:16411:25447_1:131453059",2.4e-16
"14566","HISEQ13:138:C6FWNANXX:2:2206:15589:31081_1:106025451",2.4e-16
"14567","HISEQ13:138:C6FWNANXX:2:2103:21269:95344_1:78705969",2.4e-16
"14568","HISEQ13:138:C6FWNANXX:2:1106:11073:81080_1:8556682",2.4e-16
"14569","HISEQ13:138:C6FWNANXX:2:1203:20220:87649_1:28972367",2.4e-16
"14570","HISEQ13:138:C6FWNANXX:2:1210:20513:33810_1:38667092",2.4e-16
"14571","HISEQ13:138:C6FWNANXX:2:1214:7432:96872_1:46109041",2.4e-16
"14572","HISEQ13:138:C6FWNANXX:2:2102:9432:70266_1:76939617",2.4e-16
"14573","HISEQ13:138:C6FWNANXX:2:2104:2097:29363_1:79175659",2.4e-16
"14574","HISEQ13:138:C6FWNANXX:2:2207:18331:37327_1:107570060",2.4e-16
"14575","HISEQ13:138:C6FWNANXX:2:2209:10386:38456_1:110542989",2.4e-16
"14576","HISEQ13:138:C6FWNANXX:2:1313:3512:20408_1:68119601",2.5e-16
"14577","HISEQ13:138:C6FWNANXX:2:1202:16030:97762_1:27667459",2.5e-16
"14578","HISEQ13:138:C6FWNANXX:2:2313:21185:59926_1:141143211",2.5e-16
"14579","HISEQ13:138:C6FWNANXX:2:1107:12928:51115_1:9610822",2.5e-16
"14580","HISEQ13:138:C6FWNANXX:2:1206:3182:90296_1:33431695",2.5e-16
"14581","HISEQ13:138:C6FWNANXX:2:1301:15665:30650_1:49991197",2.5e-16
"14582","HISEQ13:138:C6FWNANXX:2:2108:19808:77902_1:85711662",2.5e-16
"14583","HISEQ13:138:C6FWNANXX:2:2208:16185:79319_1:109669814",2.5e-16
"14584","HISEQ13:138:C6FWNANXX:2:2307:15393:38881_1:131653431",2.5e-16
"14585","HISEQ13:138:C6FWNANXX:2:1105:8208:43333_1:6484323",2.5e-16
"14586","HISEQ13:138:C6FWNANXX:2:1108:13236:57268_1:11233341",2.5e-16
"14587","HISEQ13:138:C6FWNANXX:2:1316:2799:4739_1:72882881",2.5e-16
"14588","HISEQ13:138:C6FWNANXX:2:2215:18100:14697_1:119515070",2.5e-16
"14589","HISEQ13:138:C6FWNANXX:2:2314:16018:2109_1:141807449",2.5e-16
"14590","HISEQ13:138:C6FWNANXX:2:2314:16194:19453_1:142087134",2.5e-16
"14591","HISEQ13:138:C6FWNANXX:2:2203:10083:91339_1:102617530",2.5e-16
"14592","HISEQ13:138:C6FWNANXX:2:1312:9235:52450_1:67019324",2.5e-16
"14593","HISEQ13:138:C6FWNANXX:2:2116:9509:47383_1:97644699",2.5e-16
"14594","HISEQ13:138:C6FWNANXX:2:2309:13214:42340_1:134676832",2.5e-16
"14595","HISEQ13:138:C6FWNANXX:2:1216:6227:99780_1:49549844",2.5e-16
"14596","HISEQ13:138:C6FWNANXX:2:1303:14980:24404_1:52808012",2.5e-16
"14597","HISEQ13:138:C6FWNANXX:2:2111:7967:41895_1:89685290",2.5e-16
"14598","HISEQ13:138:C6FWNANXX:2:2207:3821:86402_1:108293694",2.5e-16
"14599","HISEQ13:138:C6FWNANXX:2:2306:9743:8748_1:129749439",2.5e-16
"14600","HISEQ13:138:C6FWNANXX:2:1304:18730:94320_1:55319418",2.5e-16
"14601","HISEQ13:138:C6FWNANXX:2:1310:10861:47671_1:63753599",2.5e-16
"14602","HISEQ13:138:C6FWNANXX:2:2116:17392:75451_1:98105391",2.5e-16
"14603","HISEQ13:138:C6FWNANXX:2:2210:14073:59060_1:112365182",2.5e-16
"14604","HISEQ13:138:C6FWNANXX:2:1306:12548:62799_1:57831214",2.5e-16
"14605","HISEQ13:138:C6FWNANXX:2:2109:20497:47413_1:86748227",2.5e-16
"14606","HISEQ13:138:C6FWNANXX:2:2113:15672:37843_1:92669409",2.5e-16
"14607","HISEQ13:138:C6FWNANXX:2:1304:7497:6237_1:53999216",2.5e-16
"14608","HISEQ13:138:C6FWNANXX:2:1104:16891:91063_1:5718102",2.5e-16
"14609","HISEQ13:138:C6FWNANXX:2:2212:20831:53310_1:115350406",2.5e-16
"14610","HISEQ13:138:C6FWNANXX:2:2110:17986:55294_1:88377936",2.5e-16
"14611","HISEQ13:138:C6FWNANXX:2:2112:18374:33706_1:91040375",2.5e-16
"14612","HISEQ13:138:C6FWNANXX:2:2206:12791:13935_1:105773587",2.5e-16
"14613","HISEQ13:138:C6FWNANXX:2:2311:2721:74037_1:138216703",2.5e-16
"14614","HISEQ13:138:C6FWNANXX:2:1116:2642:31369_1:23607798",2.5e-16
"14615","HISEQ13:138:C6FWNANXX:2:1315:13034:9866_1:71276013",2.5e-16
"14616","HISEQ13:138:C6FWNANXX:2:1213:19888:40440_1:43517052",2.5e-16
"14617","HISEQ13:138:C6FWNANXX:2:1211:14502:79359_1:40958265",2.5e-16
"14618","HISEQ13:138:C6FWNANXX:2:1202:11289:17961_1:26492649",2.5e-16
"14619","HISEQ13:138:C6FWNANXX:2:1115:12825:92642_1:22962346",2.5e-16
"14620","HISEQ13:138:C6FWNANXX:2:2104:16060:70383_1:79768468",2.5e-16
"14621","HISEQ13:138:C6FWNANXX:2:1109:20565:11082_1:12058763",2.5e-16
"14622","HISEQ13:138:C6FWNANXX:2:1313:20649:62527_1:68825584",2.5e-16
"14623","HISEQ13:138:C6FWNANXX:2:1312:13811:85293_1:67563566",2.5e-16
"14624","HISEQ13:138:C6FWNANXX:2:2112:16644:22168_1:90859427",2.5e-16
"14625","HISEQ13:138:C6FWNANXX:2:1201:4021:34968_1:25287268",2.5e-16
"14626","HISEQ13:138:C6FWNANXX:2:1314:14314:72257_1:70658498",2.5e-16
"14627","HISEQ13:138:C6FWNANXX:2:1116:7946:94321_1:24690202",2.5e-16
"14628","HISEQ13:138:C6FWNANXX:2:1206:11071:89546_1:33421898",2.5e-16
"14629","HISEQ13:138:C6FWNANXX:2:2109:12259:29006_1:86469933",2.5e-16
"14630","HISEQ13:138:C6FWNANXX:2:2109:14265:23118_1:86379728",2.5e-16
"14631","HISEQ13:138:C6FWNANXX:2:2315:2632:34521_1:143963551",2.5e-16
"14632","HISEQ13:138:C6FWNANXX:2:1202:6464:94208_1:27610078",2.5e-16
"14633","HISEQ13:138:C6FWNANXX:2:2112:7217:80596_1:91777662",2.5e-16
"14634","HISEQ13:138:C6FWNANXX:2:1304:2020:84134_1:55162835",2.5e-16
"14635","HISEQ13:138:C6FWNANXX:2:1106:20569:21294_1:7647180",2.6e-16
"14636","HISEQ13:138:C6FWNANXX:2:2315:6510:10171_1:143558237",2.6e-16
"14637","HISEQ13:138:C6FWNANXX:2:2102:4919:10324_1:76087516",2.6e-16
"14638","HISEQ13:138:C6FWNANXX:2:1109:7110:37624_1:12472919",2.6e-16
"14639","HISEQ13:138:C6FWNANXX:2:2108:6096:21250_1:84856578",2.6e-16
"14640","HISEQ13:138:C6FWNANXX:2:2113:11320:25606_1:92472782",2.6e-16
"14641","HISEQ13:138:C6FWNANXX:2:1215:12987:87800_1:47632850",2.6e-16
"14642","HISEQ13:138:C6FWNANXX:2:1211:21086:35902_1:40259930",2.6e-16
"14643","HISEQ13:138:C6FWNANXX:2:1304:12474:17514_1:54171944",2.6e-16
"14644","HISEQ13:138:C6FWNANXX:2:2113:19609:4041_1:92133925",2.6e-16
"14645","HISEQ13:138:C6FWNANXX:2:2114:2662:7459_1:93762488",2.6e-16
"14646","HISEQ13:138:C6FWNANXX:2:2315:1358:13568_1:143614755",2.6e-16
"14647","HISEQ13:138:C6FWNANXX:2:2211:4641:42968_1:113636529",2.6e-16
"14648","HISEQ13:138:C6FWNANXX:2:1306:9580:51396_1:57654694",2.6e-16
"14649","HISEQ13:138:C6FWNANXX:2:2101:20384:9190_1:74664801",2.6e-16
"14650","HISEQ13:138:C6FWNANXX:2:1104:2684:68522_1:5378440",2.6e-16
"14651","HISEQ13:138:C6FWNANXX:2:1113:16110:94210_1:19651292",2.6e-16
"14652","HISEQ13:138:C6FWNANXX:2:1206:13063:64273_1:33041331",2.6e-16
"14653","HISEQ13:138:C6FWNANXX:2:1209:13973:44244_1:37275281",2.6e-16
"14654","HISEQ13:138:C6FWNANXX:2:2208:13426:67112_1:109484008",2.6e-16
"14655","HISEQ13:138:C6FWNANXX:2:1216:9329:66613_1:48973726",2.6e-16
"14656","HISEQ13:138:C6FWNANXX:2:2108:13198:57445_1:85399858",2.6e-16
"14657","HISEQ13:138:C6FWNANXX:2:1305:8855:25463_1:55765072",2.6e-16
"14658","HISEQ13:138:C6FWNANXX:2:1311:13495:3159_1:64613274",2.6e-16
"14659","HISEQ13:138:C6FWNANXX:2:1311:7195:56343_1:65471184",2.6e-16
"14660","HISEQ13:138:C6FWNANXX:2:2107:4132:32200_1:83542158",2.6e-16
"14661","HISEQ13:138:C6FWNANXX:2:2113:16013:3904_1:92129286",2.6e-16
"14662","HISEQ13:138:C6FWNANXX:2:2206:5214:12121_1:105746477",2.6e-16
"14663","HISEQ13:138:C6FWNANXX:2:2114:16005:66388_1:94722795",2.6e-16
"14664","HISEQ13:138:C6FWNANXX:2:1112:15924:99018_1:18099069",2.6e-16
"14665","HISEQ13:138:C6FWNANXX:2:2204:10842:32730_1:103188586",2.6e-16
"14666","HISEQ13:138:C6FWNANXX:2:1106:15249:49505_1:8076162",2.6e-16
"14667","HISEQ13:138:C6FWNANXX:2:2204:17690:11226_1:102883471",2.6e-16
"14668","HISEQ13:138:C6FWNANXX:2:2112:19696:65196_1:91533479",2.6e-16
"14669","HISEQ13:138:C6FWNANXX:2:1104:9949:95950_1:5787863",2.6e-16
"14670","HISEQ13:138:C6FWNANXX:2:1308:3402:12339_1:60088928",2.6e-16
"14671","HISEQ13:138:C6FWNANXX:2:2206:11870:80060_1:106745765",2.6e-16
"14672","HISEQ13:138:C6FWNANXX:2:2216:4068:79964_1:122249906",2.6e-16
"14673","HISEQ13:138:C6FWNANXX:2:2211:10295:15124_1:113203522",2.6e-16
"14674","HISEQ13:138:C6FWNANXX:2:2105:16515:17920_1:80437027",2.6e-16
"14675","HISEQ13:138:C6FWNANXX:2:2210:7088:74630_1:112599139",2.6e-16
"14676","HISEQ13:138:C6FWNANXX:2:1108:17151:39574_1:10957445",2.6e-16
"14677","HISEQ13:138:C6FWNANXX:2:1201:11193:77022_1:25910239",2.6e-16
"14678","HISEQ13:138:C6FWNANXX:2:1307:13749:9948_1:58531416",2.6e-16
"14679","HISEQ13:138:C6FWNANXX:2:2212:11298:45466_1:115222389",2.6e-16
"14680","HISEQ13:138:C6FWNANXX:2:2201:14278:4094_1:98556094",2.6e-16
"14681","HISEQ13:138:C6FWNANXX:2:1305:9069:20487_1:55690821",2.6e-16
"14682","HISEQ13:138:C6FWNANXX:2:2216:19614:97586_1:122553175",2.6e-16
"14683","HISEQ13:138:C6FWNANXX:2:2316:6460:80484_1:146379840",2.6e-16
"14684","HISEQ13:138:C6FWNANXX:2:2313:3118:100255_1:141795972",2.6e-16
"14685","HISEQ13:138:C6FWNANXX:2:1108:17026:44017_1:11027060",2.6e-16
"14686","HISEQ13:138:C6FWNANXX:2:2313:15761:97147_1:141745323",2.7e-16
"14687","HISEQ13:138:C6FWNANXX:2:1115:17797:99232_1:23075050",2.7e-16
"14688","HISEQ13:138:C6FWNANXX:2:1202:8063:72207_1:27288010",2.7e-16
"14689","HISEQ13:138:C6FWNANXX:2:1308:12858:48102_1:60643997",2.7e-16
"14690","HISEQ13:138:C6FWNANXX:2:2206:20852:51629_1:106327481",2.7e-16
"14691","HISEQ13:138:C6FWNANXX:2:2207:17257:5871_1:107107195",2.7e-16
"14692","HISEQ13:138:C6FWNANXX:2:2212:18086:64981_1:115531084",2.7e-16
"14693","HISEQ13:138:C6FWNANXX:2:2308:5265:25237_1:132919568",2.7e-16
"14694","HISEQ13:138:C6FWNANXX:2:2306:4473:79093_1:130785611",2.7e-16
"14695","HISEQ13:138:C6FWNANXX:2:2214:17653:69997_1:118801652",2.7e-16
"14696","HISEQ13:138:C6FWNANXX:2:1116:9776:92176_1:24652920",2.7e-16
"14697","HISEQ13:138:C6FWNANXX:2:2315:10460:45308_1:144142346",2.7e-16
"14698","HISEQ13:138:C6FWNANXX:2:1201:13656:32157_1:25248473",2.7e-16
"14699","HISEQ13:138:C6FWNANXX:2:1201:15992:26791_1:25171534",2.7e-16
"14700","HISEQ13:138:C6FWNANXX:2:1204:18725:19645_1:29413249",2.7e-16
"14701","HISEQ13:138:C6FWNANXX:2:1312:17778:52588_1:67025196",2.7e-16
"14702","HISEQ13:138:C6FWNANXX:2:2205:19988:51524_1:104888393",2.7e-16
"14703","HISEQ13:138:C6FWNANXX:2:1109:19937:78686_1:13124562",2.7e-16
"14704","HISEQ13:138:C6FWNANXX:2:2106:19584:59580_1:82490361",2.7e-16
"14705","HISEQ13:138:C6FWNANXX:2:1116:19035:43653_1:23821618",2.7e-16
"14706","HISEQ13:138:C6FWNANXX:2:1202:19881:47345_1:26927114",2.7e-16
"14707","HISEQ13:138:C6FWNANXX:2:2203:11087:70830_1:102325420",2.7e-16
"14708","HISEQ13:138:C6FWNANXX:2:2301:4021:67162_1:123523320",2.7e-16
"14709","HISEQ13:138:C6FWNANXX:2:1203:12375:81664_1:28882181",2.7e-16
"14710","HISEQ13:138:C6FWNANXX:2:2202:6857:3226_1:99948470",2.7e-16
"14711","HISEQ13:138:C6FWNANXX:2:1203:13459:94051_1:29067601",2.7e-16
"14712","HISEQ13:138:C6FWNANXX:2:1314:14729:55341_1:70369391",2.7e-16
"14713","HISEQ13:138:C6FWNANXX:2:1205:4195:39312_1:31175215",2.7e-16
"14714","HISEQ13:138:C6FWNANXX:2:1307:12787:17318_1:58645911",2.7e-16
"14715","HISEQ13:138:C6FWNANXX:2:2312:19695:39623_1:139236840",2.7e-16
"14716","HISEQ13:138:C6FWNANXX:2:2202:4049:3796_1:99958874",2.7e-16
"14717","HISEQ13:138:C6FWNANXX:2:2304:2329:48868_1:127470489",2.7e-16
"14718","HISEQ13:138:C6FWNANXX:2:1110:5965:72662_1:14588940",2.8e-16
"14719","HISEQ13:138:C6FWNANXX:2:2201:16559:31222_1:98942209",2.8e-16
"14720","HISEQ13:138:C6FWNANXX:2:2310:2590:58035_1:136434115",2.8e-16
"14721","HISEQ13:138:C6FWNANXX:2:2102:17298:66395_1:76884128",2.8e-16
"14722","HISEQ13:138:C6FWNANXX:2:2214:13254:47870_1:118439128",2.8e-16
"14723","HISEQ13:138:C6FWNANXX:2:2302:19024:6694_1:124068096",2.8e-16
"14724","HISEQ13:138:C6FWNANXX:2:1314:5961:8894_1:69578674",2.8e-16
"14725","HISEQ13:138:C6FWNANXX:2:1214:2889:60800_1:45502077",2.8e-16
"14726","HISEQ13:138:C6FWNANXX:2:2101:9118:57119_1:75347428",2.8e-16
"14727","HISEQ13:138:C6FWNANXX:2:1114:3386:50979_1:20581147",2.8e-16
"14728","HISEQ13:138:C6FWNANXX:2:1206:6290:12189_1:32249469",2.8e-16
"14729","HISEQ13:138:C6FWNANXX:2:1211:15313:38519_1:40302696",2.8e-16
"14730","HISEQ13:138:C6FWNANXX:2:1104:3158:23660_1:4707772",2.8e-16
"14731","HISEQ13:138:C6FWNANXX:2:1110:3499:14805_1:13675597",2.8e-16
"14732","HISEQ13:138:C6FWNANXX:2:1111:7058:16112_1:15257595",2.8e-16
"14733","HISEQ13:138:C6FWNANXX:2:1210:9061:88238_1:39514001",2.8e-16
"14734","HISEQ13:138:C6FWNANXX:2:1210:9425:93958_1:39603982",2.8e-16
"14735","HISEQ13:138:C6FWNANXX:2:2112:7236:3604_1:90700443",2.8e-16
"14736","HISEQ13:138:C6FWNANXX:2:2107:10986:60281_1:83962742",2.8e-16
"14737","HISEQ13:138:C6FWNANXX:2:2316:3131:81337_1:146396276",2.8e-16
"14738","HISEQ13:138:C6FWNANXX:2:1104:20559:28003_1:4778018",2.8e-16
"14739","HISEQ13:138:C6FWNANXX:2:2202:3444:23060_1:100233949",2.8e-16
"14740","HISEQ13:138:C6FWNANXX:2:2105:11286:45417_1:80835663",2.8e-16
"14741","HISEQ13:138:C6FWNANXX:2:1114:16241:75762_1:21004839",2.8e-16
"14742","HISEQ13:138:C6FWNANXX:2:1303:20653:60616_1:53345637",2.8e-16
"14743","HISEQ13:138:C6FWNANXX:2:2101:4022:55554_1:75325316",2.8e-16
"14744","HISEQ13:138:C6FWNANXX:2:1211:15291:6908_1:39792485",2.8e-16
"14745","HISEQ13:138:C6FWNANXX:2:2202:9392:29005_1:100319568",2.8e-16
"14746","HISEQ13:138:C6FWNANXX:2:1314:17614:88585_1:70935965",2.8e-16
"14747","HISEQ13:138:C6FWNANXX:2:2309:17507:95237_1:135484843",2.8e-16
"14748","HISEQ13:138:C6FWNANXX:2:1112:11543:41137_1:17151167",2.8e-16
"14749","HISEQ13:138:C6FWNANXX:2:2112:4296:13738_1:90768218",2.8e-16
"14750","HISEQ13:138:C6FWNANXX:2:2312:7572:78912_1:139857363",2.8e-16
"14751","HISEQ13:138:C6FWNANXX:2:1201:7660:33217_1:25262258",2.8e-16
"14752","HISEQ13:138:C6FWNANXX:2:1208:1509:97945_1:36572674",2.8e-16
"14753","HISEQ13:138:C6FWNANXX:2:1311:20268:88995_1:66004167",2.8e-16
"14754","HISEQ13:138:C6FWNANXX:2:2103:11448:92639_1:78664450",2.8e-16
"14755","HISEQ13:138:C6FWNANXX:2:1113:20662:46425_1:18858477",2.8e-16
"14756","HISEQ13:138:C6FWNANXX:2:2110:4267:78544_1:88728273",2.8e-16
"14757","HISEQ13:138:C6FWNANXX:2:1107:2509:22681_1:9172806",2.8e-16
"14758","HISEQ13:138:C6FWNANXX:2:1216:5392:52061_1:48720749",2.8e-16
"14759","HISEQ13:138:C6FWNANXX:2:1306:17270:3125_1:56920269",2.8e-16
"14760","HISEQ13:138:C6FWNANXX:2:2207:13676:16783_1:107268624",2.8e-16
"14761","HISEQ13:138:C6FWNANXX:2:2302:11330:44481_1:124598441",2.8e-16
"14762","HISEQ13:138:C6FWNANXX:2:2208:9756:2058_1:108510538",2.9e-16
"14763","HISEQ13:138:C6FWNANXX:2:1103:18400:74306_1:3997284",2.9e-16
"14764","HISEQ13:138:C6FWNANXX:2:1106:8912:30961_1:7789872",2.9e-16
"14765","HISEQ13:138:C6FWNANXX:2:1304:5043:24457_1:54270700",2.9e-16
"14766","HISEQ13:138:C6FWNANXX:2:2203:16820:42812_1:101927229",2.9e-16
"14767","HISEQ13:138:C6FWNANXX:2:2214:16327:57741_1:118599390",2.9e-16
"14768","HISEQ13:138:C6FWNANXX:2:2104:12539:62984_1:79659644",2.9e-16
"14769","HISEQ13:138:C6FWNANXX:2:2312:4495:24963_1:139001019",2.9e-16
"14770","HISEQ13:138:C6FWNANXX:2:1310:13044:27450_1:63431482",2.9e-16
"14771","HISEQ13:138:C6FWNANXX:2:2304:12866:56989_1:127588085",2.9e-16
"14772","HISEQ13:138:C6FWNANXX:2:2112:8493:3663_1:90700829",2.9e-16
"14773","HISEQ13:138:C6FWNANXX:2:2314:17163:69689_1:142914891",2.9e-16
"14774","HISEQ13:138:C6FWNANXX:2:1204:15713:34319_1:29631685",2.9e-16
"14775","HISEQ13:138:C6FWNANXX:2:1101:12178:92111_1:1333761",2.9e-16
"14776","HISEQ13:138:C6FWNANXX:2:1202:19383:69281_1:27249646",2.9e-16
"14777","HISEQ13:138:C6FWNANXX:2:1107:4664:21453_1:9154280",2.9e-16
"14778","HISEQ13:138:C6FWNANXX:2:1109:17793:74037_1:13052174",2.9e-16
"14779","HISEQ13:138:C6FWNANXX:2:2110:10407:2924_1:87573389",2.9e-16
"14780","HISEQ13:138:C6FWNANXX:2:1103:15651:44390_1:3551328",2.9e-16
"14781","HISEQ13:138:C6FWNANXX:2:1305:12586:56755_1:56239561",2.9e-16
"14782","HISEQ13:138:C6FWNANXX:2:1305:8082:31804_1:55862304",2.9e-16
"14783","HISEQ13:138:C6FWNANXX:2:2308:8580:53428_1:133345909",2.9e-16
"14784","HISEQ13:138:C6FWNANXX:2:2113:14152:30800_1:92557051",2.9e-16
"14785","HISEQ13:138:C6FWNANXX:2:1114:10499:74593_1:20982893",2.9e-16
"14786","HISEQ13:138:C6FWNANXX:2:1115:12322:96375_1:23026516",2.9e-16
"14787","HISEQ13:138:C6FWNANXX:2:2214:8359:85841_1:119061375",2.9e-16
"14788","HISEQ13:138:C6FWNANXX:2:1215:3487:59616_1:47152302",2.9e-16
"14789","HISEQ13:138:C6FWNANXX:2:1302:5007:98069_1:52436079",2.9e-16
"14790","HISEQ13:138:C6FWNANXX:2:1304:19882:11276_1:54080469",2.9e-16
"14791","HISEQ13:138:C6FWNANXX:2:2104:12845:83732_1:79959268",2.9e-16
"14792","HISEQ13:138:C6FWNANXX:2:2309:18596:43072_1:134689144",2.9e-16
"14793","HISEQ13:138:C6FWNANXX:2:2215:11115:18155_1:119570669",2.9e-16
"14794","HISEQ13:138:C6FWNANXX:2:2312:18618:88081_1:140007389",2.9e-16
"14795","HISEQ13:138:C6FWNANXX:2:1111:11136:73780_1:16203343",2.9e-16
"14796","HISEQ13:138:C6FWNANXX:2:1210:9200:76644_1:39332774",2.9e-16
"14797","HISEQ13:138:C6FWNANXX:2:1302:5037:37719_1:51544000",2.9e-16
"14798","HISEQ13:138:C6FWNANXX:2:1315:12732:85431_1:72569489",2.9e-16
"14799","HISEQ13:138:C6FWNANXX:2:1210:15867:21385_1:38469479",2.9e-16
"14800","HISEQ13:138:C6FWNANXX:2:1213:4877:36145_1:43443300",2.9e-16
"14801","HISEQ13:138:C6FWNANXX:2:1216:20623:97684_1:49514168",2.9e-16
"14802","HISEQ13:138:C6FWNANXX:2:1103:2493:21977_1:3216103",3e-16
"14803","HISEQ13:138:C6FWNANXX:2:1106:9951:15150_1:7550173",3e-16
"14804","HISEQ13:138:C6FWNANXX:2:2105:15011:63798_1:81104129",3e-16
"14805","HISEQ13:138:C6FWNANXX:2:2113:8584:46588_1:92807228",3e-16
"14806","HISEQ13:138:C6FWNANXX:2:1302:20582:33315_1:51483921",3e-16
"14807","HISEQ13:138:C6FWNANXX:2:2114:20625:53194_1:94506624",3e-16
"14808","HISEQ13:138:C6FWNANXX:2:2116:4518:20725_1:97201010",3e-16
"14809","HISEQ13:138:C6FWNANXX:2:2106:18536:97068_1:83041771",3e-16
"14810","HISEQ13:138:C6FWNANXX:2:1311:13708:58139_1:65500767",3e-16
"14811","HISEQ13:138:C6FWNANXX:2:2202:11728:82936_1:101084439",3e-16
"14812","HISEQ13:138:C6FWNANXX:2:2313:10495:82530_1:141510175",3e-16
"14813","HISEQ13:138:C6FWNANXX:2:1212:3109:39860_1:41885186",3e-16
"14814","HISEQ13:138:C6FWNANXX:2:2104:9891:28156_1:79158980",3e-16
"14815","HISEQ13:138:C6FWNANXX:2:2316:11728:29619_1:145524209",3e-16
"14816","HISEQ13:138:C6FWNANXX:2:1301:21491:80022_1:50719695",3e-16
"14817","HISEQ13:138:C6FWNANXX:2:1211:5147:78111_1:40936533",3e-16
"14818","HISEQ13:138:C6FWNANXX:2:2201:14001:28125_1:98898899",3e-16
"14819","HISEQ13:138:C6FWNANXX:2:1202:20368:90177_1:27554204",3e-16
"14820","HISEQ13:138:C6FWNANXX:2:2309:15843:78739_1:135232568",3e-16
"14821","HISEQ13:138:C6FWNANXX:2:2109:20652:63078_1:86989005",3e-16
"14822","HISEQ13:138:C6FWNANXX:2:1116:11524:65978_1:24200030",3e-16
"14823","HISEQ13:138:C6FWNANXX:2:2103:7265:3231_1:77391394",3e-16
"14824","HISEQ13:138:C6FWNANXX:2:1302:2544:46092_1:51668295",3e-16
"14825","HISEQ13:138:C6FWNANXX:2:2103:5175:59016_1:78187158",3e-16
"14826","HISEQ13:138:C6FWNANXX:2:2105:3793:53397_1:80950956",3e-16
"14827","HISEQ13:138:C6FWNANXX:2:1216:4055:26192_1:48271462",3e-16
"14828","HISEQ13:138:C6FWNANXX:2:2309:16312:33674_1:134544947",3e-16
"14829","HISEQ13:138:C6FWNANXX:2:1302:10147:69191_1:52008340",3e-16
"14830","HISEQ13:138:C6FWNANXX:2:2203:13952:29467_1:101733144",3e-16
"14831","HISEQ13:138:C6FWNANXX:2:1104:13405:68346_1:5376799",3e-16
"14832","HISEQ13:138:C6FWNANXX:2:1203:8648:19811_1:27973061",3e-16
"14833","HISEQ13:138:C6FWNANXX:2:1308:10152:46758_1:60624179",3.1e-16
"14834","HISEQ13:138:C6FWNANXX:2:2108:11356:13873_1:84745818",3.1e-16
"14835","HISEQ13:138:C6FWNANXX:2:2106:5395:48611_1:82325548",3.1e-16
"14836","HISEQ13:138:C6FWNANXX:2:1210:9522:28269_1:38578483",3.1e-16
"14837","HISEQ13:138:C6FWNANXX:2:1308:19129:5241_1:59979416",3.1e-16
"14838","HISEQ13:138:C6FWNANXX:2:1210:7472:28097_1:38574201",3.1e-16
"14839","HISEQ13:138:C6FWNANXX:2:2107:17908:63172_1:84005248",3.1e-16
"14840","HISEQ13:138:C6FWNANXX:2:2209:12420:50037_1:110721171",3.1e-16
"14841","HISEQ13:138:C6FWNANXX:2:1311:13119:74866_1:65773000",3.1e-16
"14842","HISEQ13:138:C6FWNANXX:2:2308:18730:88291_1:133876062",3.1e-16
"14843","HISEQ13:138:C6FWNANXX:2:1212:5290:43012_1:41938236",3.1e-16
"14844","HISEQ13:138:C6FWNANXX:2:2214:8856:46662_1:118417527",3.1e-16
"14845","HISEQ13:138:C6FWNANXX:2:2214:7288:25453_1:118071853",3.1e-16
"14846","HISEQ13:138:C6FWNANXX:2:2313:2476:56593_1:141087052",3.1e-16
"14847","HISEQ13:138:C6FWNANXX:2:2311:4212:15837_1:137302410",3.1e-16
"14848","HISEQ13:138:C6FWNANXX:2:2114:6104:80861_1:94955756",3.1e-16
"14849","HISEQ13:138:C6FWNANXX:2:2216:7481:16599_1:121181734",3.1e-16
"14850","HISEQ13:138:C6FWNANXX:2:1312:11682:38720_1:66795532",3.1e-16
"14851","HISEQ13:138:C6FWNANXX:2:1205:14983:46319_1:31282541",3.1e-16
"14852","HISEQ13:138:C6FWNANXX:2:1114:14600:22647_1:20110441",3.2e-16
"14853","HISEQ13:138:C6FWNANXX:2:1311:1404:54295_1:65437630",3.2e-16
"14854","HISEQ13:138:C6FWNANXX:2:1215:20922:91386_1:47695041",3.2e-16
"14855","HISEQ13:138:C6FWNANXX:2:2312:20704:39730_1:139237060",3.2e-16
"14856","HISEQ13:138:C6FWNANXX:2:1107:3458:11705_1:9003798",3.2e-16
"14857","HISEQ13:138:C6FWNANXX:2:1203:6506:25438_1:28054108",3.2e-16
"14858","HISEQ13:138:C6FWNANXX:2:2207:19797:21475_1:107335922",3.2e-16
"14859","HISEQ13:138:C6FWNANXX:2:2312:5975:24619_1:138997371",3.2e-16
"14860","HISEQ13:138:C6FWNANXX:2:1313:7971:22566_1:68157963",3.2e-16
"14861","HISEQ13:138:C6FWNANXX:2:2312:12472:100212_1:140197523",3.2e-16
"14862","HISEQ13:138:C6FWNANXX:2:1212:10511:99504_1:42863915",3.2e-16
"14863","HISEQ13:138:C6FWNANXX:2:2108:4021:10362_1:84692111",3.2e-16
"14864","HISEQ13:138:C6FWNANXX:2:2309:5093:95818_1:135494169",3.2e-16
"14865","HISEQ13:138:C6FWNANXX:2:2201:14046:44755_1:99137004",3.2e-16
"14866","HISEQ13:138:C6FWNANXX:2:2211:18900:11081_1:113143221",3.2e-16
"14867","HISEQ13:138:C6FWNANXX:2:1314:19918:61752_1:70480802",3.2e-16
"14868","HISEQ13:138:C6FWNANXX:2:2314:5375:78275_1:143056055",3.2e-16
"14869","HISEQ13:138:C6FWNANXX:2:1216:6227:99780_1:49549845",3.2e-16
"14870","HISEQ13:138:C6FWNANXX:2:2113:15628:39090_1:92689299",3.2e-16
"14871","HISEQ13:138:C6FWNANXX:2:1311:9468:36165_1:65142671",3.2e-16
"14872","HISEQ13:138:C6FWNANXX:2:1214:7845:91692_1:46020989",3.2e-16
"14873","HISEQ13:138:C6FWNANXX:2:2206:13142:84350_1:106807598",3.2e-16
"14874","HISEQ13:138:C6FWNANXX:2:1108:12539:32518_1:10847635",3.2e-16
"14875","HISEQ13:138:C6FWNANXX:2:1210:6874:82903_1:39430818",3.2e-16
"14876","HISEQ13:138:C6FWNANXX:2:1211:3876:80178_1:40968514",3.2e-16
"14877","HISEQ13:138:C6FWNANXX:2:1308:5576:96903_1:61406822",3.2e-16
"14878","HISEQ13:138:C6FWNANXX:2:1212:13012:85758_1:42639283",3.2e-16
"14879","HISEQ13:138:C6FWNANXX:2:2101:21282:8750_1:74661345",3.3e-16
"14880","HISEQ13:138:C6FWNANXX:2:1308:12731:84313_1:61212271",3.3e-16
"14881","HISEQ13:138:C6FWNANXX:2:2214:18427:75158_1:118887718",3.3e-16
"14882","HISEQ13:138:C6FWNANXX:2:1113:8822:72098_1:19283115",3.3e-16
"14883","HISEQ13:138:C6FWNANXX:2:2305:2438:94403_1:129558076",3.3e-16
"14884","HISEQ13:138:C6FWNANXX:2:2307:1893:98253_1:132534680",3.3e-16
"14885","HISEQ13:138:C6FWNANXX:2:2315:6510:10171_1:143558238",3.3e-16
"14886","HISEQ13:138:C6FWNANXX:2:1311:1949:40375_1:65210531",3.3e-16
"14887","HISEQ13:138:C6FWNANXX:2:2302:1314:11719_1:124135415",3.3e-16
"14888","HISEQ13:138:C6FWNANXX:2:2305:11703:98405_1:129618224",3.3e-16
"14889","HISEQ13:138:C6FWNANXX:2:2312:5872:73402_1:139769292",3.3e-16
"14890","HISEQ13:138:C6FWNANXX:2:1106:19731:6895_1:7426496",3.3e-16
"14891","HISEQ13:138:C6FWNANXX:2:1309:9060:39326_1:62057785",3.3e-16
"14892","HISEQ13:138:C6FWNANXX:2:1314:18391:16599_1:69711877",3.3e-16
"14893","HISEQ13:138:C6FWNANXX:2:2103:10801:28721_1:77755005",3.3e-16
"14894","HISEQ13:138:C6FWNANXX:2:1111:8500:78043_1:16278719",3.3e-16
"14895","HISEQ13:138:C6FWNANXX:2:2106:17390:48874_1:82331386",3.3e-16
"14896","HISEQ13:138:C6FWNANXX:2:2114:5496:29537_1:94122874",3.3e-16
"14897","HISEQ13:138:C6FWNANXX:2:2313:9050:98117_1:141759934",3.3e-16
"14898","HISEQ13:138:C6FWNANXX:2:1114:6297:93865_1:21305911",3.3e-16
"14899","HISEQ13:138:C6FWNANXX:2:2116:11233:47135_1:97640874",3.3e-16
"14900","HISEQ13:138:C6FWNANXX:2:1101:20571:25158_1:345059",3.3e-16
"14901","HISEQ13:138:C6FWNANXX:2:2209:16752:37213_1:110525144",3.3e-16
"14902","HISEQ13:138:C6FWNANXX:2:2212:12131:83123_1:115821615",3.3e-16
"14903","HISEQ13:138:C6FWNANXX:2:1209:15268:11372_1:36767352",3.3e-16
"14904","HISEQ13:138:C6FWNANXX:2:2103:12414:87810_1:78597266",3.3e-16
"14905","HISEQ13:138:C6FWNANXX:2:1215:5940:17212_1:46432256",3.3e-16
"14906","HISEQ13:138:C6FWNANXX:2:2310:10546:61430_1:136485064",3.3e-16
"14907","HISEQ13:138:C6FWNANXX:2:2209:12807:90742_1:111337830",3.3e-16
"14908","HISEQ13:138:C6FWNANXX:2:1213:16358:64895_1:43921871",3.4e-16
"14909","HISEQ13:138:C6FWNANXX:2:1302:11202:9003_1:51126373",3.4e-16
"14910","HISEQ13:138:C6FWNANXX:2:1306:9334:61157_1:57803965",3.4e-16
"14911","HISEQ13:138:C6FWNANXX:2:1308:11010:62329_1:60866401",3.4e-16
"14912","HISEQ13:138:C6FWNANXX:2:2115:1452:69927_1:96384087",3.4e-16
"14913","HISEQ13:138:C6FWNANXX:2:2204:18185:11976_1:102893275",3.4e-16
"14914","HISEQ13:138:C6FWNANXX:2:1209:2379:80269_1:37839921",3.4e-16
"14915","HISEQ13:138:C6FWNANXX:2:1215:11022:90522_1:47680028",3.4e-16
"14916","HISEQ13:138:C6FWNANXX:2:2107:14537:87685_1:84370834",3.4e-16
"14917","HISEQ13:138:C6FWNANXX:2:2209:13056:66835_1:110976705",3.4e-16
"14918","HISEQ13:138:C6FWNANXX:2:1302:16452:56544_1:51825885",3.4e-16
"14919","HISEQ13:138:C6FWNANXX:2:1306:3593:70849_1:57952290",3.4e-16
"14920","HISEQ13:138:C6FWNANXX:2:1306:4434:41956_1:57509017",3.4e-16
"14921","HISEQ13:138:C6FWNANXX:2:2301:1322:41194_1:123157221",3.4e-16
"14922","HISEQ13:138:C6FWNANXX:2:1115:17367:26085_1:21834853",3.4e-16
"14923","HISEQ13:138:C6FWNANXX:2:1109:16245:79383_1:13135589",3.4e-16
"14924","HISEQ13:138:C6FWNANXX:2:2209:19143:63397_1:110924433",3.4e-16
"14925","HISEQ13:138:C6FWNANXX:2:2213:3383:27470_1:116507264",3.4e-16
"14926","HISEQ13:138:C6FWNANXX:2:1307:9076:9236_1:58518750",3.4e-16
"14927","HISEQ13:138:C6FWNANXX:2:2105:4433:52687_1:80939970",3.4e-16
"14928","HISEQ13:138:C6FWNANXX:2:1106:13158:81497_1:8560760",3.4e-16
"14929","HISEQ13:138:C6FWNANXX:2:1116:7005:5724_1:23165461",3.4e-16
"14930","HISEQ13:138:C6FWNANXX:2:1316:15576:100523_1:74559127",3.4e-16
"14931","HISEQ13:138:C6FWNANXX:2:2102:1930:54560_1:76714523",3.4e-16
"14932","HISEQ13:138:C6FWNANXX:2:2202:3059:3965_1:99958720",3.4e-16
"14933","HISEQ13:138:C6FWNANXX:2:2206:13016:11579_1:105740578",3.4e-16
"14934","HISEQ13:138:C6FWNANXX:2:2312:9977:38797_1:139223131",3.4e-16
"14935","HISEQ13:138:C6FWNANXX:2:1311:9108:86706_1:65965000",3.4e-16
"14936","HISEQ13:138:C6FWNANXX:2:2110:9599:18905_1:87817628",3.4e-16
"14937","HISEQ13:138:C6FWNANXX:2:1104:2563:94405_1:5763891",3.4e-16
"14938","HISEQ13:138:C6FWNANXX:2:1106:3078:38451_1:7902303",3.4e-16
"14939","HISEQ13:138:C6FWNANXX:2:1109:4735:39045_1:12495915",3.4e-16
"14940","HISEQ13:138:C6FWNANXX:2:1209:18781:96247_1:38090516",3.4e-16
"14941","HISEQ13:138:C6FWNANXX:2:2215:4165:80217_1:120592844",3.5e-16
"14942","HISEQ13:138:C6FWNANXX:2:1311:8577:64196_1:65596913",3.5e-16
"14943","HISEQ13:138:C6FWNANXX:2:1212:11163:91934_1:42737815",3.5e-16
"14944","HISEQ13:138:C6FWNANXX:2:1309:17438:63339_1:62439387",3.5e-16
"14945","HISEQ13:138:C6FWNANXX:2:1314:15785:27455_1:69894476",3.5e-16
"14946","HISEQ13:138:C6FWNANXX:2:2102:11540:9484_1:76074654",3.5e-16
"14947","HISEQ13:138:C6FWNANXX:2:2115:10224:7524_1:95372550",3.5e-16
"14948","HISEQ13:138:C6FWNANXX:2:2313:18697:94243_1:141696644",3.5e-16
"14949","HISEQ13:138:C6FWNANXX:2:1314:11546:71149_1:70636919",3.5e-16
"14950","HISEQ13:138:C6FWNANXX:2:2306:9253:100186_1:131096172",3.5e-16
"14951","HISEQ13:138:C6FWNANXX:2:1201:10239:27974_1:25185264",3.5e-16
"14952","HISEQ13:138:C6FWNANXX:2:2204:16544:38355_1:103272022",3.5e-16
"14953","HISEQ13:138:C6FWNANXX:2:1205:16950:13258_1:30790033",3.5e-16
"14954","HISEQ13:138:C6FWNANXX:2:1206:9317:18134_1:32339896",3.5e-16
"14955","HISEQ13:138:C6FWNANXX:2:2206:6738:15028_1:105790909",3.5e-16
"14956","HISEQ13:138:C6FWNANXX:2:1104:5257:87985_1:5667184",3.5e-16
"14957","HISEQ13:138:C6FWNANXX:2:2107:17325:51528_1:83834179",3.5e-16
"14958","HISEQ13:138:C6FWNANXX:2:2107:20501:21988_1:83393439",3.5e-16
"14959","HISEQ13:138:C6FWNANXX:2:2114:9294:89143_1:95090198",3.5e-16
"14960","HISEQ13:138:C6FWNANXX:2:1316:15120:70819_1:74041682",3.5e-16
"14961","HISEQ13:138:C6FWNANXX:2:1111:5665:54615_1:15873946",3.5e-16
"14962","HISEQ13:138:C6FWNANXX:2:1207:10665:58514_1:34449915",3.5e-16
"14963","HISEQ13:138:C6FWNANXX:2:1113:15949:57601_1:19043736",3.5e-16
"14964","HISEQ13:138:C6FWNANXX:2:1313:9212:51380_1:68635468",3.5e-16
"14965","HISEQ13:138:C6FWNANXX:2:2206:10329:42086_1:106185977",3.5e-16
"14966","HISEQ13:138:C6FWNANXX:2:2114:14590:37442_1:94249726",3.5e-16
"14967","HISEQ13:138:C6FWNANXX:2:2103:19999:83099_1:78531083",3.5e-16
"14968","HISEQ13:138:C6FWNANXX:2:2316:8928:6096_1:145125905",3.5e-16
"14969","HISEQ13:138:C6FWNANXX:2:1201:4169:24774_1:25140154",3.5e-16
"14970","HISEQ13:138:C6FWNANXX:2:1104:14657:11744_1:4531508",3.5e-16
"14971","HISEQ13:138:C6FWNANXX:2:1305:4818:90605_1:56746150",3.5e-16
"14972","HISEQ13:138:C6FWNANXX:2:1209:13332:40909_1:37224524",3.5e-16
"14973","HISEQ13:138:C6FWNANXX:2:1312:19918:59001_1:67132751",3.5e-16
"14974","HISEQ13:138:C6FWNANXX:2:2309:9080:52486_1:134827582",3.5e-16
"14975","HISEQ13:138:C6FWNANXX:2:1306:4140:45180_1:57558519",3.5e-16
"14976","HISEQ13:138:C6FWNANXX:2:1206:7781:52135_1:32854690",3.5e-16
"14977","HISEQ13:138:C6FWNANXX:2:1108:15736:74889_1:11508001",3.5e-16
"14978","HISEQ13:138:C6FWNANXX:2:1105:17565:33439_1:6335758",3.5e-16
"14979","HISEQ13:138:C6FWNANXX:2:1108:15745:97783_1:11867898",3.5e-16
"14980","HISEQ13:138:C6FWNANXX:2:1316:4396:52644_1:73719792",3.5e-16
"14981","HISEQ13:138:C6FWNANXX:2:2316:8636:54323_1:145941386",3.5e-16
"14982","HISEQ13:138:C6FWNANXX:2:2306:11913:33224_1:130109653",3.6e-16
"14983","HISEQ13:138:C6FWNANXX:2:2303:2999:93869_1:126699830",3.6e-16
"14984","HISEQ13:138:C6FWNANXX:2:1307:3456:83089_1:59656593",3.6e-16
"14985","HISEQ13:138:C6FWNANXX:2:2201:9429:18581_1:98762248",3.6e-16
"14986","HISEQ13:138:C6FWNANXX:2:1113:3028:30360_1:18592415",3.6e-16
"14987","HISEQ13:138:C6FWNANXX:2:2303:9856:96499_1:126736778",3.6e-16
"14988","HISEQ13:138:C6FWNANXX:2:2107:4606:43908_1:83716151",3.6e-16
"14989","HISEQ13:138:C6FWNANXX:2:2216:15133:58103_1:121882881",3.6e-16
"14990","HISEQ13:138:C6FWNANXX:2:1202:5237:78885_1:27386392",3.6e-16
"14991","HISEQ13:138:C6FWNANXX:2:1307:17587:46942_1:59100031",3.6e-16
"14992","HISEQ13:138:C6FWNANXX:2:2312:17883:88532_1:140015206",3.6e-16
"14993","HISEQ13:138:C6FWNANXX:2:1207:19438:96771_1:35035454",3.6e-16
"14994","HISEQ13:138:C6FWNANXX:2:2213:2015:5895_1:116164587",3.6e-16
"14995","HISEQ13:138:C6FWNANXX:2:1212:12803:31517_1:41753436",3.6e-16
"14996","HISEQ13:138:C6FWNANXX:2:2209:8254:89496_1:111318328",3.6e-16
"14997","HISEQ13:138:C6FWNANXX:2:2313:15260:10675_1:140347333",3.6e-16
"14998","HISEQ13:138:C6FWNANXX:2:2204:18826:89724_1:104008812",3.6e-16
"14999","HISEQ13:138:C6FWNANXX:2:1201:2275:23073_1:25114101",3.6e-16
"15000","HISEQ13:138:C6FWNANXX:2:2309:8042:50796_1:134804579",3.6e-16
"15001","HISEQ13:138:C6FWNANXX:2:1314:18785:45735_1:70205037",3.6e-16
"15002","HISEQ13:138:C6FWNANXX:2:1209:2664:24766_1:36974520",3.6e-16
"15003","HISEQ13:138:C6FWNANXX:2:1316:9360:26454_1:73262732",3.6e-16
"15004","HISEQ13:138:C6FWNANXX:2:1114:14489:3188_1:19783403",3.6e-16
"15005","HISEQ13:138:C6FWNANXX:2:1111:9471:67943_1:16098421",3.6e-16
"15006","HISEQ13:138:C6FWNANXX:2:2205:5364:12637_1:104321137",3.6e-16
"15007","HISEQ13:138:C6FWNANXX:2:2215:15604:31152_1:119786503",3.6e-16
"15008","HISEQ13:138:C6FWNANXX:2:1307:16437:93724_1:59819835",3.7e-16
"15009","HISEQ13:138:C6FWNANXX:2:2102:7744:73316_1:76982340",3.7e-16
"15010","HISEQ13:138:C6FWNANXX:2:2207:19771:59660_1:107898531",3.7e-16
"15011","HISEQ13:138:C6FWNANXX:2:2310:5047:95931_1:137010420",3.7e-16
"15012","HISEQ13:138:C6FWNANXX:2:2212:6539:3354_1:114570354",3.7e-16
"15013","HISEQ13:138:C6FWNANXX:2:1108:5093:28903_1:10788324",3.7e-16
"15014","HISEQ13:138:C6FWNANXX:2:1114:11265:17698_1:20026061",3.7e-16
"15015","HISEQ13:138:C6FWNANXX:2:1315:17340:95239_1:72741411",3.7e-16
"15016","HISEQ13:138:C6FWNANXX:2:2101:11284:47052_1:75205681",3.7e-16
"15017","HISEQ13:138:C6FWNANXX:2:2110:14388:39841_1:88139839",3.7e-16
"15018","HISEQ13:138:C6FWNANXX:2:1305:5144:18643_1:55663642",3.7e-16
"15019","HISEQ13:138:C6FWNANXX:2:2215:20552:37286_1:119890343",3.7e-16
"15020","HISEQ13:138:C6FWNANXX:2:2305:13522:16375_1:128427087",3.7e-16
"15021","HISEQ13:138:C6FWNANXX:2:1313:15790:75497_1:69038831",3.7e-16
"15022","HISEQ13:138:C6FWNANXX:2:1313:15790:75497_1:69038832",3.7e-16
"15023","HISEQ13:138:C6FWNANXX:2:1111:10858:57021_1:15916543",3.7e-16
"15024","HISEQ13:138:C6FWNANXX:2:1209:3553:7389_1:36703015",3.7e-16
"15025","HISEQ13:138:C6FWNANXX:2:1215:17000:75642_1:47425517",3.7e-16
"15026","HISEQ13:138:C6FWNANXX:2:2205:18537:40526_1:104727901",3.7e-16
"15027","HISEQ13:138:C6FWNANXX:2:1102:2612:88947_1:2742898",3.7e-16
"15028","HISEQ13:138:C6FWNANXX:2:1109:3642:82751_1:13188210",3.7e-16
"15029","HISEQ13:138:C6FWNANXX:2:1211:11683:26627_1:40108936",3.7e-16
"15030","HISEQ13:138:C6FWNANXX:2:2310:19684:58652_1:136445075",3.7e-16
"15031","HISEQ13:138:C6FWNANXX:2:1207:11640:95033_1:35007303",3.7e-16
"15032","HISEQ13:138:C6FWNANXX:2:2209:10619:17560_1:110228611",3.7e-16
"15033","HISEQ13:138:C6FWNANXX:2:2109:19584:4576_1:86098982",3.7e-16
"15034","HISEQ13:138:C6FWNANXX:2:1112:9279:69673_1:17613641",3.7e-16
"15035","HISEQ13:138:C6FWNANXX:2:1316:5253:55203_1:73763810",3.7e-16
"15036","HISEQ13:138:C6FWNANXX:2:2310:19626:70100_1:136619894",3.7e-16
"15037","HISEQ13:138:C6FWNANXX:2:2308:13396:66018_1:133538972",3.7e-16
"15038","HISEQ13:138:C6FWNANXX:2:2103:18310:11439_1:77510794",3.8e-16
"15039","HISEQ13:138:C6FWNANXX:2:1211:21374:23178_1:40054511",3.8e-16
"15040","HISEQ13:138:C6FWNANXX:2:2114:20153:82739_1:94986864",3.8e-16
"15041","HISEQ13:138:C6FWNANXX:2:2114:15645:11237_1:93825893",3.8e-16
"15042","HISEQ13:138:C6FWNANXX:2:2205:1259:51286_1:104881509",3.8e-16
"15043","HISEQ13:138:C6FWNANXX:2:1108:17796:21718_1:10678630",3.8e-16
"15044","HISEQ13:138:C6FWNANXX:2:2302:14940:89900_1:125243896",3.8e-16
"15045","HISEQ13:138:C6FWNANXX:2:2203:16462:28896_1:101726372",3.8e-16
"15046","HISEQ13:138:C6FWNANXX:2:1104:17001:78445_1:5526900",3.8e-16
"15047","HISEQ13:138:C6FWNANXX:2:1104:18864:8742_1:4488348",3.8e-16
"15048","HISEQ13:138:C6FWNANXX:2:1203:9230:72199_1:28741789",3.8e-16
"15049","HISEQ13:138:C6FWNANXX:2:1214:13547:96315_1:46101933",3.8e-16
"15050","HISEQ13:138:C6FWNANXX:2:2114:13371:26024_1:94068257",3.8e-16
"15051","HISEQ13:138:C6FWNANXX:2:2204:1782:79069_1:103854329",3.8e-16
"15052","HISEQ13:138:C6FWNANXX:2:1304:6386:76490_1:55048008",3.8e-16
"15053","HISEQ13:138:C6FWNANXX:2:2210:17805:19188_1:111755006",3.8e-16
"15054","HISEQ13:138:C6FWNANXX:2:1102:3962:47180_1:2125849",3.8e-16
"15055","HISEQ13:138:C6FWNANXX:2:1312:18623:86647_1:67585277",3.8e-16
"15056","HISEQ13:138:C6FWNANXX:2:2311:8954:36983_1:137632187",3.8e-16
"15057","HISEQ13:138:C6FWNANXX:2:1106:1717:87129_1:8645798",3.8e-16
"15058","HISEQ13:138:C6FWNANXX:2:1109:2940:43410_1:12562312",3.8e-16
"15059","HISEQ13:138:C6FWNANXX:2:1209:11354:31380_1:37076717",3.8e-16
"15060","HISEQ13:138:C6FWNANXX:2:1206:5824:63993_1:33032663",3.8e-16
"15061","HISEQ13:138:C6FWNANXX:2:1208:13101:25037_1:35449891",3.8e-16
"15062","HISEQ13:138:C6FWNANXX:2:2110:13851:53182_1:88342702",3.8e-16
"15063","HISEQ13:138:C6FWNANXX:2:2203:8114:68555_1:102292954",3.8e-16
"15064","HISEQ13:138:C6FWNANXX:2:1104:15296:36955_1:4908050",3.8e-16
"15065","HISEQ13:138:C6FWNANXX:2:1108:2934:36968_1:10911684",3.8e-16
"15066","HISEQ13:138:C6FWNANXX:2:1207:2342:61877_1:34497708",3.8e-16
"15067","HISEQ13:138:C6FWNANXX:2:1211:6045:21414_1:40023339",3.8e-16
"15068","HISEQ13:138:C6FWNANXX:2:1214:4474:53473_1:45376854",3.8e-16
"15069","HISEQ13:138:C6FWNANXX:2:2104:17256:90896_1:80063490",3.8e-16
"15070","HISEQ13:138:C6FWNANXX:2:2214:5507:28966_1:118128286",3.8e-16
"15071","HISEQ13:138:C6FWNANXX:2:2216:9367:14467_1:121144641",3.8e-16
"15072","HISEQ13:138:C6FWNANXX:2:1308:16907:29035_1:60349526",3.9e-16
"15073","HISEQ13:138:C6FWNANXX:2:2106:16991:22985_1:81948874",3.9e-16
"15074","HISEQ13:138:C6FWNANXX:2:1108:8701:27570_1:10769729",3.9e-16
"15075","HISEQ13:138:C6FWNANXX:2:2113:14988:96161_1:93602750",3.9e-16
"15076","HISEQ13:138:C6FWNANXX:2:2214:15635:37437_1:118268200",3.9e-16
"15077","HISEQ13:138:C6FWNANXX:2:1104:15593:25918_1:4743801",3.9e-16
"15078","HISEQ13:138:C6FWNANXX:2:2314:17371:47578_1:142551242",3.9e-16
"15079","HISEQ13:138:C6FWNANXX:2:1114:2159:78955_1:21052393",3.9e-16
"15080","HISEQ13:138:C6FWNANXX:2:2301:16680:62303_1:123458617",3.9e-16
"15081","HISEQ13:138:C6FWNANXX:2:2306:15429:77461_1:130762990",3.9e-16
"15082","HISEQ13:138:C6FWNANXX:2:1104:2323:71814_1:5427214",3.9e-16
"15083","HISEQ13:138:C6FWNANXX:2:2216:9090:63285_1:121970955",3.9e-16
"15084","HISEQ13:138:C6FWNANXX:2:2303:4690:75434_1:126438049",3.9e-16
"15085","HISEQ13:138:C6FWNANXX:2:1115:16763:54826_1:22320984",3.9e-16
"15086","HISEQ13:138:C6FWNANXX:2:2214:10116:70472_1:118808290",3.9e-16
"15087","HISEQ13:138:C6FWNANXX:2:1211:13936:32804_1:40209977",3.9e-16
"15088","HISEQ13:138:C6FWNANXX:2:1303:17873:80494_1:53636442",3.9e-16
"15089","HISEQ13:138:C6FWNANXX:2:2215:18116:89353_1:120749371",3.9e-16
"15090","HISEQ13:138:C6FWNANXX:2:2314:11569:90566_1:143257931",3.9e-16
"15091","HISEQ13:138:C6FWNANXX:2:2105:9259:81327_1:81356822",3.9e-16
"15092","HISEQ13:138:C6FWNANXX:2:1207:5198:16384_1:33809667",3.9e-16
"15093","HISEQ13:138:C6FWNANXX:2:1212:9419:97393_1:42827435",3.9e-16
"15094","HISEQ13:138:C6FWNANXX:2:2116:18260:75999_1:98113762",3.9e-16
"15095","HISEQ13:138:C6FWNANXX:2:2314:13299:24714_1:142172199",3.9e-16
"15096","HISEQ13:138:C6FWNANXX:2:1312:8425:9278_1:66317230",3.9e-16
"15097","HISEQ13:138:C6FWNANXX:2:2311:18103:96543_1:138575537",3.9e-16
"15098","HISEQ13:138:C6FWNANXX:2:2101:20564:99732_1:75953562",3.9e-16
"15099","HISEQ13:138:C6FWNANXX:2:1202:17974:52760_1:27007309",3.9e-16
"15100","HISEQ13:138:C6FWNANXX:2:1206:17313:49764_1:32822432",3.9e-16
"15101","HISEQ13:138:C6FWNANXX:2:1106:7961:74624_1:8457273",4e-16
"15102","HISEQ13:138:C6FWNANXX:2:1201:16216:71846_1:25834248",4e-16
"15103","HISEQ13:138:C6FWNANXX:2:1315:12999:77088_1:72426702",4e-16
"15104","HISEQ13:138:C6FWNANXX:2:1301:11582:57138_1:50379430",4e-16
"15105","HISEQ13:138:C6FWNANXX:2:2102:5346:11641_1:76105481",4e-16
"15106","HISEQ13:138:C6FWNANXX:2:2307:10079:34379_1:131585485",4e-16
"15107","HISEQ13:138:C6FWNANXX:2:2307:15578:28231_1:131494164",4e-16
"15108","HISEQ13:138:C6FWNANXX:2:1206:20667:20090_1:32371775",4e-16
"15109","HISEQ13:138:C6FWNANXX:2:2112:19538:51954_1:91324943",4e-16
"15110","HISEQ13:138:C6FWNANXX:2:2310:19735:62306_1:136502084",4e-16
"15111","HISEQ13:138:C6FWNANXX:2:2202:7505:13136_1:100091505",4e-16
"15112","HISEQ13:138:C6FWNANXX:2:2115:13796:40922_1:95914524",4e-16
"15113","HISEQ13:138:C6FWNANXX:2:1103:6253:65148_1:3857419",4e-16
"15114","HISEQ13:138:C6FWNANXX:2:1212:21006:51512_1:42080172",4e-16
"15115","HISEQ13:138:C6FWNANXX:2:1213:20295:83254_1:44228301",4e-16
"15116","HISEQ13:138:C6FWNANXX:2:1309:17637:95388_1:62945775",4.1e-16
"15117","HISEQ13:138:C6FWNANXX:2:1203:15063:66262_1:28657956",4.1e-16
"15118","HISEQ13:138:C6FWNANXX:2:1301:13916:91521_1:50887136",4.1e-16
"15119","HISEQ13:138:C6FWNANXX:2:1308:10044:49585_1:60666897",4.1e-16
"15120","HISEQ13:138:C6FWNANXX:2:2104:15720:81132_1:79923646",4.1e-16
"15121","HISEQ13:138:C6FWNANXX:2:2203:8958:4552_1:101379321",4.1e-16
"15122","HISEQ13:138:C6FWNANXX:2:2205:20893:19473_1:104422254",4.1e-16
"15123","HISEQ13:138:C6FWNANXX:2:2208:17381:41375_1:109097432",4.1e-16
"15124","HISEQ13:138:C6FWNANXX:2:1101:9614:97875_1:1418298",4.1e-16
"15125","HISEQ13:138:C6FWNANXX:2:2316:8281:30949_1:145544636",4.1e-16
"15126","HISEQ13:138:C6FWNANXX:2:1110:4109:35395_1:13999150",4.1e-16
"15127","HISEQ13:138:C6FWNANXX:2:1203:12878:56157_1:28506231",4.1e-16
"15128","HISEQ13:138:C6FWNANXX:2:1106:7171:18378_1:7598912",4.1e-16
"15129","HISEQ13:138:C6FWNANXX:2:2215:6655:85898_1:120688438",4.1e-16
"15130","HISEQ13:138:C6FWNANXX:2:2314:1334:12452_1:141970090",4.1e-16
"15131","HISEQ13:138:C6FWNANXX:2:1205:2596:40528_1:31193653",4.1e-16
"15132","HISEQ13:138:C6FWNANXX:2:1110:16618:13743_1:13658759",4.1e-16
"15133","HISEQ13:138:C6FWNANXX:2:1311:16751:21755_1:64916065",4.1e-16
"15134","HISEQ13:138:C6FWNANXX:2:2105:7782:58278_1:81023627",4.1e-16
"15135","HISEQ13:138:C6FWNANXX:2:1315:13128:30138_1:71619646",4.1e-16
"15136","HISEQ13:138:C6FWNANXX:2:1116:15920:38606_1:23734775",4.1e-16
"15137","HISEQ13:138:C6FWNANXX:2:1102:11826:43002_1:2068500",4.1e-16
"15138","HISEQ13:138:C6FWNANXX:2:2314:2530:47881_1:142552277",4.1e-16
"15139","HISEQ13:138:C6FWNANXX:2:2103:5082:25757_1:77714962",4.2e-16
"15140","HISEQ13:138:C6FWNANXX:2:1212:11321:34823_1:41805891",4.2e-16
"15141","HISEQ13:138:C6FWNANXX:2:2112:11097:57505_1:91413592",4.2e-16
"15142","HISEQ13:138:C6FWNANXX:2:1201:11514:92214_1:26131092",4.2e-16
"15143","HISEQ13:138:C6FWNANXX:2:2108:13264:93311_1:85944835",4.2e-16
"15144","HISEQ13:138:C6FWNANXX:2:2301:7463:41120_1:123158257",4.2e-16
"15145","HISEQ13:138:C6FWNANXX:2:2303:18881:71392_1:126383888",4.2e-16
"15146","HISEQ13:138:C6FWNANXX:2:2310:1775:68680_1:136593668",4.2e-16
"15147","HISEQ13:138:C6FWNANXX:2:1208:20030:24426_1:35439501",4.2e-16
"15148","HISEQ13:138:C6FWNANXX:2:1208:20030:24426_1:35439502",4.2e-16
"15149","HISEQ13:138:C6FWNANXX:2:1207:5906:79743_1:34770588",4.2e-16
"15150","HISEQ13:138:C6FWNANXX:2:1309:14553:71382_1:62565672",4.2e-16
"15151","HISEQ13:138:C6FWNANXX:2:1304:18473:73531_1:55009011",4.2e-16
"15152","HISEQ13:138:C6FWNANXX:2:2213:7846:74516_1:117267984",4.2e-16
"15153","HISEQ13:138:C6FWNANXX:2:2114:15614:6794_1:93757106",4.2e-16
"15154","HISEQ13:138:C6FWNANXX:2:2302:6174:81060_1:125118186",4.2e-16
"15155","HISEQ13:138:C6FWNANXX:2:2312:5190:80599_1:139884694",4.2e-16
"15156","HISEQ13:138:C6FWNANXX:2:2316:10608:7056_1:145143340",4.2e-16
"15157","HISEQ13:138:C6FWNANXX:2:1301:17696:41786_1:50157263",4.2e-16
"15158","HISEQ13:138:C6FWNANXX:2:1311:5778:28642_1:65021689",4.2e-16
"15159","HISEQ13:138:C6FWNANXX:2:2205:18312:35135_1:104647912",4.2e-16
"15160","HISEQ13:138:C6FWNANXX:2:2205:20313:41233_1:104735545",4.2e-16
"15161","HISEQ13:138:C6FWNANXX:2:2211:13318:87395_1:114334177",4.2e-16
"15162","HISEQ13:138:C6FWNANXX:2:2314:6049:84587_1:143158335",4.2e-16
"15163","HISEQ13:138:C6FWNANXX:2:2116:10233:70387_1:98022281",4.2e-16
"15164","HISEQ13:138:C6FWNANXX:2:1110:13044:63113_1:14440456",4.2e-16
"15165","HISEQ13:138:C6FWNANXX:2:1115:3972:18152_1:21696876",4.2e-16
"15166","HISEQ13:138:C6FWNANXX:2:2101:20512:29628_1:74958249",4.2e-16
"15167","HISEQ13:138:C6FWNANXX:2:1208:21246:20814_1:35386270",4.2e-16
"15168","HISEQ13:138:C6FWNANXX:2:2110:8618:10920_1:87695355",4.2e-16
"15169","HISEQ13:138:C6FWNANXX:2:2208:6909:92823_1:109871234",4.2e-16
"15170","HISEQ13:138:C6FWNANXX:2:1102:9016:55173_1:2244893",4.2e-16
"15171","HISEQ13:138:C6FWNANXX:2:1114:10410:31074_1:20251517",4.2e-16
"15172","HISEQ13:138:C6FWNANXX:2:1203:21040:13792_1:27886972",4.2e-16
"15173","HISEQ13:138:C6FWNANXX:2:2114:4733:76248_1:94878963",4.2e-16
"15174","HISEQ13:138:C6FWNANXX:2:2305:19676:14347_1:128399097",4.2e-16
"15175","HISEQ13:138:C6FWNANXX:2:1310:14587:53294_1:63846592",4.2e-16
"15176","HISEQ13:138:C6FWNANXX:2:1209:4344:92432_1:38028923",4.3e-16
"15177","HISEQ13:138:C6FWNANXX:2:1207:11640:95033_1:35007302",4.3e-16
"15178","HISEQ13:138:C6FWNANXX:2:2113:13019:78158_1:93313110",4.3e-16
"15179","HISEQ13:138:C6FWNANXX:2:1109:17852:72236_1:13020714",4.3e-16
"15180","HISEQ13:138:C6FWNANXX:2:1212:18779:56368_1:42157385",4.3e-16
"15181","HISEQ13:138:C6FWNANXX:2:1310:12079:22453_1:63351909",4.3e-16
"15182","HISEQ13:138:C6FWNANXX:2:2208:4579:16787_1:108729279",4.3e-16
"15183","HISEQ13:138:C6FWNANXX:2:2208:4636:15448_1:108706644",4.3e-16
"15184","HISEQ13:138:C6FWNANXX:2:2110:17998:97449_1:89016532",4.3e-16
"15185","HISEQ13:138:C6FWNANXX:2:1109:14314:11387_1:12061470",4.3e-16
"15186","HISEQ13:138:C6FWNANXX:2:1305:11581:91022_1:56755080",4.3e-16
"15187","HISEQ13:138:C6FWNANXX:2:2308:1866:91630_1:133922305",4.3e-16
"15188","HISEQ13:138:C6FWNANXX:2:2214:6862:75052_1:118885347",4.3e-16
"15189","HISEQ13:138:C6FWNANXX:2:1105:20511:57010_1:6692983",4.3e-16
"15190","HISEQ13:138:C6FWNANXX:2:1113:10494:94418_1:19654263",4.3e-16
"15191","HISEQ13:138:C6FWNANXX:2:1201:20540:78996_1:25937568",4.3e-16
"15192","HISEQ13:138:C6FWNANXX:2:1207:5326:49956_1:34316445",4.3e-16
"15193","HISEQ13:138:C6FWNANXX:2:1305:12569:91734_1:56762680",4.3e-16
"15194","HISEQ13:138:C6FWNANXX:2:1314:2419:98071_1:71093932",4.3e-16
"15195","HISEQ13:138:C6FWNANXX:2:2114:11442:35468_1:94217008",4.3e-16
"15196","HISEQ13:138:C6FWNANXX:2:2116:9920:64988_1:97931852",4.3e-16
"15197","HISEQ13:138:C6FWNANXX:2:2202:15477:3477_1:99953682",4.3e-16
"15198","HISEQ13:138:C6FWNANXX:2:2209:4964:39977_1:110564722",4.3e-16
"15199","HISEQ13:138:C6FWNANXX:2:2211:8046:78902_1:114199826",4.3e-16
"15200","HISEQ13:138:C6FWNANXX:2:1108:7376:25259_1:10734687",4.3e-16
"15201","HISEQ13:138:C6FWNANXX:2:1209:6000:66222_1:37618217",4.3e-16
"15202","HISEQ13:138:C6FWNANXX:2:1208:15758:68530_1:36121700",4.3e-16
"15203","HISEQ13:138:C6FWNANXX:2:1215:12537:20655_1:46493066",4.3e-16
"15204","HISEQ13:138:C6FWNANXX:2:1306:5191:79334_1:58082145",4.3e-16
"15205","HISEQ13:138:C6FWNANXX:2:1313:5299:63471_1:68834899",4.3e-16
"15206","HISEQ13:138:C6FWNANXX:2:2103:3326:25636_1:77711055",4.3e-16
"15207","HISEQ13:138:C6FWNANXX:2:2109:5124:34032_1:86543691",4.3e-16
"15208","HISEQ13:138:C6FWNANXX:2:2112:2045:90908_1:91938970",4.3e-16
"15209","HISEQ13:138:C6FWNANXX:2:2307:20267:13062_1:131272640",4.3e-16
"15210","HISEQ13:138:C6FWNANXX:2:2115:6381:74410_1:96457455",4.3e-16
"15211","HISEQ13:138:C6FWNANXX:2:2205:20331:13998_1:104342037",4.3e-16
"15212","HISEQ13:138:C6FWNANXX:2:1102:17648:41230_1:2040087",4.3e-16
"15213","HISEQ13:138:C6FWNANXX:2:2215:10472:28558_1:119744349",4.3e-16
"15214","HISEQ13:138:C6FWNANXX:2:2313:13107:71453_1:141328021",4.3e-16
"15215","HISEQ13:138:C6FWNANXX:2:1304:20060:11967_1:54087926",4.3e-16
"15216","HISEQ13:138:C6FWNANXX:2:2115:6218:99038_1:96864373",4.3e-16
"15217","HISEQ13:138:C6FWNANXX:2:2201:11669:6278_1:98588086",4.3e-16
"15218","HISEQ13:138:C6FWNANXX:2:2204:17127:71870_1:103753656",4.3e-16
"15219","HISEQ13:138:C6FWNANXX:2:2316:14706:70852_1:146221616",4.3e-16
"15220","HISEQ13:138:C6FWNANXX:2:1109:5686:24858_1:12271827",4.3e-16
"15221","HISEQ13:138:C6FWNANXX:2:1311:15621:46116_1:65306023",4.3e-16
"15222","HISEQ13:138:C6FWNANXX:2:2311:18250:93439_1:138524252",4.3e-16
"15223","HISEQ13:138:C6FWNANXX:2:1202:11289:17961_1:26492650",4.4e-16
"15224","HISEQ13:138:C6FWNANXX:2:1212:6124:79892_1:42539090",4.4e-16
"15225","HISEQ13:138:C6FWNANXX:2:2108:13410:19655_1:84831850",4.4e-16
"15226","HISEQ13:138:C6FWNANXX:2:2211:9313:44784_1:113668986",4.4e-16
"15227","HISEQ13:138:C6FWNANXX:2:2211:9312:48706_1:113727847",4.4e-16
"15228","HISEQ13:138:C6FWNANXX:2:2213:16278:96070_1:117615357",4.4e-16
"15229","HISEQ13:138:C6FWNANXX:2:1211:15935:36931_1:40275041",4.4e-16
"15230","HISEQ13:138:C6FWNANXX:2:2207:2548:90088_1:108348557",4.4e-16
"15231","HISEQ13:138:C6FWNANXX:2:1311:18468:97360_1:66143023",4.4e-16
"15232","HISEQ13:138:C6FWNANXX:2:1110:9405:69686_1:14542255",4.4e-16
"15233","HISEQ13:138:C6FWNANXX:2:1115:10401:50101_1:22238964",4.4e-16
"15234","HISEQ13:138:C6FWNANXX:2:2104:7516:59784_1:79614894",4.4e-16
"15235","HISEQ13:138:C6FWNANXX:2:2214:14892:6705_1:117766588",4.4e-16
"15236","HISEQ13:138:C6FWNANXX:2:1215:16854:37659_1:46783202",4.4e-16
"15237","HISEQ13:138:C6FWNANXX:2:1212:8291:65419_1:42302141",4.4e-16
"15238","HISEQ13:138:C6FWNANXX:2:1310:19980:19859_1:63313746",4.4e-16
"15239","HISEQ13:138:C6FWNANXX:2:2314:13755:13733_1:141993258",4.4e-16
"15240","HISEQ13:138:C6FWNANXX:2:1210:9201:68870_1:39211097",4.4e-16
"15241","HISEQ13:138:C6FWNANXX:2:1216:4094:21773_1:48197624",4.4e-16
"15242","HISEQ13:138:C6FWNANXX:2:1113:19535:36589_1:18698194",4.4e-16
"15243","HISEQ13:138:C6FWNANXX:2:1206:7928:45103_1:32748459",4.4e-16
"15244","HISEQ13:138:C6FWNANXX:2:2215:5019:24143_1:119668557",4.4e-16
"15245","HISEQ13:138:C6FWNANXX:2:1302:10372:31260_1:51452683",4.4e-16
"15246","HISEQ13:138:C6FWNANXX:2:1203:6694:24781_1:28046574",4.4e-16
"15247","HISEQ13:138:C6FWNANXX:2:2114:2996:28757_1:94110181",4.4e-16
"15248","HISEQ13:138:C6FWNANXX:2:2212:11512:46481_1:115238124",4.4e-16
"15249","HISEQ13:138:C6FWNANXX:2:1106:7855:3938_1:7378816",4.5e-16
"15250","HISEQ13:138:C6FWNANXX:2:2303:11937:88641_1:126626900",4.5e-16
"15251","HISEQ13:138:C6FWNANXX:2:1314:19918:61752_1:70480801",4.5e-16
"15252","HISEQ13:138:C6FWNANXX:2:2214:6498:25156_1:118067593",4.5e-16
"15253","HISEQ13:138:C6FWNANXX:2:1203:16719:99519_1:29149892",4.5e-16
"15254","HISEQ13:138:C6FWNANXX:2:1305:17855:29152_1:55822907",4.5e-16
"15255","HISEQ13:138:C6FWNANXX:2:2106:17920:3079_1:81658594",4.5e-16
"15256","HISEQ13:138:C6FWNANXX:2:1104:5257:87985_1:5667185",4.5e-16
"15257","HISEQ13:138:C6FWNANXX:2:1115:6069:80678_1:22755234",4.5e-16
"15258","HISEQ13:138:C6FWNANXX:2:2212:13358:60152_1:115455737",4.5e-16
"15259","HISEQ13:138:C6FWNANXX:2:2307:5655:71336_1:132134103",4.5e-16
"15260","HISEQ13:138:C6FWNANXX:2:1311:14881:64664_1:65606180",4.5e-16
"15261","HISEQ13:138:C6FWNANXX:2:2315:11672:2608_1:143435521",4.5e-16
"15262","HISEQ13:138:C6FWNANXX:2:1216:4258:52486_1:48724862",4.5e-16
"15263","HISEQ13:138:C6FWNANXX:2:1107:12560:62406_1:9783186",4.5e-16
"15264","HISEQ13:138:C6FWNANXX:2:2116:2685:55053_1:97770555",4.5e-16
"15265","HISEQ13:138:C6FWNANXX:2:1205:14086:45031_1:31263472",4.5e-16
"15266","HISEQ13:138:C6FWNANXX:2:1307:12159:53238_1:59195579",4.5e-16
"15267","HISEQ13:138:C6FWNANXX:2:2210:19651:94466_1:112902621",4.5e-16
"15268","HISEQ13:138:C6FWNANXX:2:2106:1599:96423_1:83027445",4.5e-16
"15269","HISEQ13:138:C6FWNANXX:2:1314:14721:58743_1:70424560",4.5e-16
"15270","HISEQ13:138:C6FWNANXX:2:1303:20446:55356_1:53267910",4.5e-16
"15271","HISEQ13:138:C6FWNANXX:2:2203:9872:36170_1:101828687",4.5e-16
"15272","HISEQ13:138:C6FWNANXX:2:2103:8710:95901_1:78710852",4.5e-16
"15273","HISEQ13:138:C6FWNANXX:2:1110:5194:16553_1:13703839",4.5e-16
"15274","HISEQ13:138:C6FWNANXX:2:1114:18545:37096_1:20353844",4.5e-16
"15275","HISEQ13:138:C6FWNANXX:2:2314:12321:14339_1:142005291",4.5e-16
"15276","HISEQ13:138:C6FWNANXX:2:2106:3771:10156_1:81759601",4.5e-16
"15277","HISEQ13:138:C6FWNANXX:2:2204:12924:73964_1:103781452",4.5e-16
"15278","HISEQ13:138:C6FWNANXX:2:2307:7700:15411_1:131303510",4.5e-16
"15279","HISEQ13:138:C6FWNANXX:2:1115:18228:79030_1:22731987",4.6e-16
"15280","HISEQ13:138:C6FWNANXX:2:1103:19119:38909_1:3470840",4.6e-16
"15281","HISEQ13:138:C6FWNANXX:2:2114:17094:45712_1:94384127",4.6e-16
"15282","HISEQ13:138:C6FWNANXX:2:2314:7680:98821_1:143392948",4.6e-16
"15283","HISEQ13:138:C6FWNANXX:2:2206:17853:83029_1:106790460",4.6e-16
"15284","HISEQ13:138:C6FWNANXX:2:1215:13836:16654_1:46425513",4.6e-16
"15285","HISEQ13:138:C6FWNANXX:2:1311:11156:84942_1:65937113",4.6e-16
"15286","HISEQ13:138:C6FWNANXX:2:2306:17863:85712_1:130883028",4.6e-16
"15287","HISEQ13:138:C6FWNANXX:2:1113:4391:60390_1:19086753",4.6e-16
"15288","HISEQ13:138:C6FWNANXX:2:2201:13629:81773_1:99664660",4.6e-16
"15289","HISEQ13:138:C6FWNANXX:2:1212:5228:19506_1:41557699",4.6e-16
"15290","HISEQ13:138:C6FWNANXX:2:1213:3486:54674_1:43749097",4.6e-16
"15291","HISEQ13:138:C6FWNANXX:2:1304:6574:14295_1:54122756",4.6e-16
"15292","HISEQ13:138:C6FWNANXX:2:2104:14975:38658_1:79310630",4.6e-16
"15293","HISEQ13:138:C6FWNANXX:2:2315:11681:33722_1:143948755",4.6e-16
"15294","HISEQ13:138:C6FWNANXX:2:1310:13193:51126_1:63810040",4.6e-16
"15295","HISEQ13:138:C6FWNANXX:2:2316:3143:93182_1:146593263",4.6e-16
"15296","HISEQ13:138:C6FWNANXX:2:2308:11920:62385_1:133482118",4.6e-16
"15297","HISEQ13:138:C6FWNANXX:2:1215:16620:41533_1:46850335",4.6e-16
"15298","HISEQ13:138:C6FWNANXX:2:2110:9566:9256_1:87672483",4.6e-16
"15299","HISEQ13:138:C6FWNANXX:2:1307:20268:41868_1:59024004",4.6e-16
"15300","HISEQ13:138:C6FWNANXX:2:2309:3631:49527_1:134784758",4.6e-16
"15301","HISEQ13:138:C6FWNANXX:2:2107:14295:25083_1:83440622",4.6e-16
"15302","HISEQ13:138:C6FWNANXX:2:1201:7722:16192_1:25012048",4.7e-16
"15303","HISEQ13:138:C6FWNANXX:2:2107:7122:8910_1:83197418",4.7e-16
"15304","HISEQ13:138:C6FWNANXX:2:2210:11841:51579_1:112249562",4.7e-16
"15305","HISEQ13:138:C6FWNANXX:2:2307:6088:25352_1:131451147",4.7e-16
"15306","HISEQ13:138:C6FWNANXX:2:2314:16129:31568_1:142287281",4.7e-16
"15307","HISEQ13:138:C6FWNANXX:2:1103:10018:36729_1:3436128",4.7e-16
"15308","HISEQ13:138:C6FWNANXX:2:1111:11477:36599_1:15585040",4.7e-16
"15309","HISEQ13:138:C6FWNANXX:2:1111:9919:72576_1:16181059",4.7e-16
"15310","HISEQ13:138:C6FWNANXX:2:2108:11559:53447_1:85339715",4.7e-16
"15311","HISEQ13:138:C6FWNANXX:2:2212:17585:2855_1:114564290",4.7e-16
"15312","HISEQ13:138:C6FWNANXX:2:2214:2515:95945_1:119223347",4.7e-16
"15313","HISEQ13:138:C6FWNANXX:2:1212:8352:32904_1:41773065",4.7e-16
"15314","HISEQ13:138:C6FWNANXX:2:2201:15648:84166_1:99697035",4.7e-16
"15315","HISEQ13:138:C6FWNANXX:2:2108:10453:49943_1:85286764",4.7e-16
"15316","HISEQ13:138:C6FWNANXX:2:1104:4244:2943_1:4399940",4.7e-16
"15317","HISEQ13:138:C6FWNANXX:2:2101:3179:100556_1:75964526",4.7e-16
"15318","HISEQ13:138:C6FWNANXX:2:1301:13742:42836_1:50171116",4.7e-16
"15319","HISEQ13:138:C6FWNANXX:2:1113:9671:36551_1:18696119",4.7e-16
"15320","HISEQ13:138:C6FWNANXX:2:1216:7483:36736_1:48453668",4.7e-16
"15321","HISEQ13:138:C6FWNANXX:2:1314:11503:75761_1:70717390",4.8e-16
"15322","HISEQ13:138:C6FWNANXX:2:2314:11616:56215_1:142690517",4.8e-16
"15323","HISEQ13:138:C6FWNANXX:2:1102:20327:46658_1:2121498",4.8e-16
"15324","HISEQ13:138:C6FWNANXX:2:1309:8863:12988_1:61640494",4.8e-16
"15325","HISEQ13:138:C6FWNANXX:2:1103:16857:30284_1:3345261",4.8e-16
"15326","HISEQ13:138:C6FWNANXX:2:2302:3902:42356_1:124568796",4.8e-16
"15327","HISEQ13:138:C6FWNANXX:2:1112:13720:56137_1:17395083",4.8e-16
"15328","HISEQ13:138:C6FWNANXX:2:2204:19193:28182_1:103125552",4.8e-16
"15329","HISEQ13:138:C6FWNANXX:2:1212:4488:32080_1:41759954",4.8e-16
"15330","HISEQ13:138:C6FWNANXX:2:2113:18540:61415_1:93045471",4.8e-16
"15331","HISEQ13:138:C6FWNANXX:2:2301:7426:71896_1:123590640",4.8e-16
"15332","HISEQ13:138:C6FWNANXX:2:1110:7343:4438_1:13510804",4.8e-16
"15333","HISEQ13:138:C6FWNANXX:2:1110:9936:28928_1:13898188",4.8e-16
"15334","HISEQ13:138:C6FWNANXX:2:1208:2910:87666_1:36413295",4.8e-16
"15335","HISEQ13:138:C6FWNANXX:2:1215:16432:76555_1:47442309",4.8e-16
"15336","HISEQ13:138:C6FWNANXX:2:2110:17508:54321_1:88362466",4.8e-16
"15337","HISEQ13:138:C6FWNANXX:2:2203:16480:59302_1:102161583",4.8e-16
"15338","HISEQ13:138:C6FWNANXX:2:1209:7810:50009_1:37367960",4.8e-16
"15339","HISEQ13:138:C6FWNANXX:2:1307:19315:11258_1:58555577",4.8e-16
"15340","HISEQ13:138:C6FWNANXX:2:1311:3268:36573_1:65149718",4.8e-16
"15341","HISEQ13:138:C6FWNANXX:2:2107:16096:35553_1:83595933",4.8e-16
"15342","HISEQ13:138:C6FWNANXX:2:2207:12389:50999_1:107767461",4.8e-16
"15343","HISEQ13:138:C6FWNANXX:2:2313:20072:98734_1:141770520",4.8e-16
"15344","HISEQ13:138:C6FWNANXX:2:1105:17565:33439_1:6335759",4.8e-16
"15345","HISEQ13:138:C6FWNANXX:2:2202:15488:79976_1:101042596",4.8e-16
"15346","HISEQ13:138:C6FWNANXX:2:2211:15087:28121_1:113407928",4.8e-16
"15347","HISEQ13:138:C6FWNANXX:2:1105:6892:81251_1:7054098",4.8e-16
"15348","HISEQ13:138:C6FWNANXX:2:2105:15618:93130_1:81529096",4.9e-16
"15349","HISEQ13:138:C6FWNANXX:2:1105:13208:94641_1:7255602",4.9e-16
"15350","HISEQ13:138:C6FWNANXX:2:1304:10995:73349_1:55003913",4.9e-16
"15351","HISEQ13:138:C6FWNANXX:2:1113:8732:32140_1:18622345",4.9e-16
"15352","HISEQ13:138:C6FWNANXX:2:2302:6673:8683_1:124093992",4.9e-16
"15353","HISEQ13:138:C6FWNANXX:2:1110:7051:69248_1:14533750",4.9e-16
"15354","HISEQ13:138:C6FWNANXX:2:1206:4837:5666_1:32150704",4.9e-16
"15355","HISEQ13:138:C6FWNANXX:2:2112:15487:23854_1:90887532",4.9e-16
"15356","HISEQ13:138:C6FWNANXX:2:2111:14709:52488_1:89852378",4.9e-16
"15357","HISEQ13:138:C6FWNANXX:2:1202:19082:69360_1:27249620",4.9e-16
"15358","HISEQ13:138:C6FWNANXX:2:2311:7079:81112_1:138328467",4.9e-16
"15359","HISEQ13:138:C6FWNANXX:2:1312:11849:89369_1:67629516",4.9e-16
"15360","HISEQ13:138:C6FWNANXX:2:1301:17664:45028_1:50204640",4.9e-16
"15361","HISEQ13:138:C6FWNANXX:2:1106:9738:88841_1:8673978",4.9e-16
"15362","HISEQ13:138:C6FWNANXX:2:1211:5364:11489_1:39862599",5e-16
"15363","HISEQ13:138:C6FWNANXX:2:1110:9124:28496_1:13890111",5e-16
"15364","HISEQ13:138:C6FWNANXX:2:2301:21263:36904_1:123100914",5e-16
"15365","HISEQ13:138:C6FWNANXX:2:1207:15228:63390_1:34522828",5e-16
"15366","HISEQ13:138:C6FWNANXX:2:2301:6894:81533_1:123728734",5e-16
"15367","HISEQ13:138:C6FWNANXX:2:1108:17251:7286_1:10458590",5e-16
"15368","HISEQ13:138:C6FWNANXX:2:2108:19376:13109_1:84736237",5e-16
"15369","HISEQ13:138:C6FWNANXX:2:2114:6104:80861_1:94955755",5e-16
"15370","HISEQ13:138:C6FWNANXX:2:1102:3082:9184_1:1566532",5e-16
"15371","HISEQ13:138:C6FWNANXX:2:2112:15118:47824_1:91261652",5e-16
"15372","HISEQ13:138:C6FWNANXX:2:2312:7005:54469_1:139467726",5e-16
"15373","HISEQ13:138:C6FWNANXX:2:2203:6527:23740_1:101649796",5e-16
"15374","HISEQ13:138:C6FWNANXX:2:1311:15771:19681_1:64880312",5e-16
"15375","HISEQ13:138:C6FWNANXX:2:2111:14251:92065_1:90517996",5e-16
"15376","HISEQ13:138:C6FWNANXX:2:1103:12192:38808_1:3469559",5e-16
"15377","HISEQ13:138:C6FWNANXX:2:1107:18147:98764_1:10344331",5e-16
"15378","HISEQ13:138:C6FWNANXX:2:1108:21189:64177_1:11339347",5e-16
"15379","HISEQ13:138:C6FWNANXX:2:2204:12078:89313_1:104003981",5e-16
"15380","HISEQ13:138:C6FWNANXX:2:2314:4360:55653_1:142680651",5e-16
"15381","HISEQ13:138:C6FWNANXX:2:1106:6220:78599_1:8517835",5e-16
"15382","HISEQ13:138:C6FWNANXX:2:2304:1762:72681_1:127811636",5e-16
"15383","HISEQ13:138:C6FWNANXX:2:1205:18751:77963_1:31755468",5.1e-16
"15384","HISEQ13:138:C6FWNANXX:2:1205:2860:31113_1:31052221",5.1e-16
"15385","HISEQ13:138:C6FWNANXX:2:1311:13408:40209_1:65208842",5.1e-16
"15386","HISEQ13:138:C6FWNANXX:2:1315:12999:77088_1:72426701",5.1e-16
"15387","HISEQ13:138:C6FWNANXX:2:1106:12121:75099_1:8465830",5.1e-16
"15388","HISEQ13:138:C6FWNANXX:2:2203:7739:10741_1:101464110",5.1e-16
"15389","HISEQ13:138:C6FWNANXX:2:1111:8844:60702_1:15974467",5.1e-16
"15390","HISEQ13:138:C6FWNANXX:2:2206:19037:48481_1:106279613",5.1e-16
"15391","HISEQ13:138:C6FWNANXX:2:2205:12974:100228_1:105589420",5.1e-16
"15392","HISEQ13:138:C6FWNANXX:2:2309:7415:7711_1:134148004",5.1e-16
"15393","HISEQ13:138:C6FWNANXX:2:2314:1676:83936_1:143145353",5.1e-16
"15394","HISEQ13:138:C6FWNANXX:2:1203:13023:89741_1:29001320",5.1e-16
"15395","HISEQ13:138:C6FWNANXX:2:1203:13747:84930_1:28930685",5.1e-16
"15396","HISEQ13:138:C6FWNANXX:2:1115:6907:54741_1:22314503",5.1e-16
"15397","HISEQ13:138:C6FWNANXX:2:1201:12875:39055_1:25351816",5.1e-16
"15398","HISEQ13:138:C6FWNANXX:2:2114:8016:35887_1:94224314",5.2e-16
"15399","HISEQ13:138:C6FWNANXX:2:2207:6621:62502_1:107940694",5.2e-16
"15400","HISEQ13:138:C6FWNANXX:2:2308:1866:91630_1:133922304",5.2e-16
"15401","HISEQ13:138:C6FWNANXX:2:2301:9257:17118_1:122819449",5.2e-16
"15402","HISEQ13:138:C6FWNANXX:2:1301:17154:48105_1:50248307",5.2e-16
"15403","HISEQ13:138:C6FWNANXX:2:1210:20589:49065_1:38905809",5.2e-16
"15404","HISEQ13:138:C6FWNANXX:2:2116:6363:99481_1:98499463",5.2e-16
"15405","HISEQ13:138:C6FWNANXX:2:1315:9029:77120_1:72425900",5.2e-16
"15406","HISEQ13:138:C6FWNANXX:2:2311:17411:95952_1:138563446",5.2e-16
"15407","HISEQ13:138:C6FWNANXX:2:2308:1589:5011_1:132617393",5.2e-16
"15408","HISEQ13:138:C6FWNANXX:2:1103:10553:28854_1:3321789",5.2e-16
"15409","HISEQ13:138:C6FWNANXX:2:2304:5010:87086_1:128020249",5.2e-16
"15410","HISEQ13:138:C6FWNANXX:2:2310:20617:84266_1:136837015",5.2e-16
"15411","HISEQ13:138:C6FWNANXX:2:1108:17507:21604_1:10678560",5.2e-16
"15412","HISEQ13:138:C6FWNANXX:2:2115:5775:55936_1:96156046",5.2e-16
"15413","HISEQ13:138:C6FWNANXX:2:1110:20925:32746_1:13959554",5.2e-16
"15414","HISEQ13:138:C6FWNANXX:2:1307:10512:35617_1:58926204",5.2e-16
"15415","HISEQ13:138:C6FWNANXX:2:1312:7926:21838_1:66522283",5.2e-16
"15416","HISEQ13:138:C6FWNANXX:2:2105:2297:77557_1:81300053",5.2e-16
"15417","HISEQ13:138:C6FWNANXX:2:2212:17537:84938_1:115850679",5.2e-16
"15418","HISEQ13:138:C6FWNANXX:2:1211:5139:82869_1:41013776",5.2e-16
"15419","HISEQ13:138:C6FWNANXX:2:2105:5473:12720_1:80359269",5.2e-16
"15420","HISEQ13:138:C6FWNANXX:2:2108:6406:69488_1:85580780",5.2e-16
"15421","HISEQ13:138:C6FWNANXX:2:2209:1225:67774_1:110989495",5.2e-16
"15422","HISEQ13:138:C6FWNANXX:2:1209:12571:81965_1:37865856",5.2e-16
"15423","HISEQ13:138:C6FWNANXX:2:2112:4842:53302_1:91345443",5.2e-16
"15424","HISEQ13:138:C6FWNANXX:2:2107:11496:82681_1:84294324",5.3e-16
"15425","HISEQ13:138:C6FWNANXX:2:1306:14508:47391_1:57594648",5.3e-16
"15426","HISEQ13:138:C6FWNANXX:2:2302:18157:85414_1:125180766",5.3e-16
"15427","HISEQ13:138:C6FWNANXX:2:1304:8181:69887_1:54951692",5.3e-16
"15428","HISEQ13:138:C6FWNANXX:2:2103:10131:22020_1:77662145",5.3e-16
"15429","HISEQ13:138:C6FWNANXX:2:2306:10577:11796_1:129797382",5.3e-16
"15430","HISEQ13:138:C6FWNANXX:2:2113:9874:82250_1:93381003",5.3e-16
"15431","HISEQ13:138:C6FWNANXX:2:1206:20013:85220_1:33355290",5.3e-16
"15432","HISEQ13:138:C6FWNANXX:2:1209:8983:6375_1:36688467",5.3e-16
"15433","HISEQ13:138:C6FWNANXX:2:1113:20289:59153_1:19069332",5.3e-16
"15434","HISEQ13:138:C6FWNANXX:2:1113:5590:16654_1:18367056",5.3e-16
"15435","HISEQ13:138:C6FWNANXX:2:1205:10049:85529_1:31869520",5.3e-16
"15436","HISEQ13:138:C6FWNANXX:2:2101:5476:75842_1:75613601",5.3e-16
"15437","HISEQ13:138:C6FWNANXX:2:2108:5621:15283_1:84767273",5.3e-16
"15438","HISEQ13:138:C6FWNANXX:2:2201:13010:84216_1:99696581",5.3e-16
"15439","HISEQ13:138:C6FWNANXX:2:2305:16167:32653_1:128662008",5.3e-16
"15440","HISEQ13:138:C6FWNANXX:2:1113:12700:36056_1:18688398",5.3e-16
"15441","HISEQ13:138:C6FWNANXX:2:2114:10838:32232_1:94164281",5.3e-16
"15442","HISEQ13:138:C6FWNANXX:2:2207:16824:27488_1:107423239",5.3e-16
"15443","HISEQ13:138:C6FWNANXX:2:2309:6529:27498_1:134448511",5.3e-16
"15444","HISEQ13:138:C6FWNANXX:2:1101:10342:29279_1:405966",5.3e-16
"15445","HISEQ13:138:C6FWNANXX:2:1102:15416:43433_1:2072908",5.3e-16
"15446","HISEQ13:138:C6FWNANXX:2:1313:11914:86971_1:69230517",5.3e-16
"15447","HISEQ13:138:C6FWNANXX:2:2105:19809:100384_1:81634936",5.3e-16
"15448","HISEQ13:138:C6FWNANXX:2:2109:18119:70999_1:87106402",5.3e-16
"15449","HISEQ13:138:C6FWNANXX:2:2205:3848:86695_1:105390938",5.3e-16
"15450","HISEQ13:138:C6FWNANXX:2:2209:16278:83546_1:111232137",5.3e-16
"15451","HISEQ13:138:C6FWNANXX:2:2307:1700:28104_1:131491401",5.3e-16
"15452","HISEQ13:138:C6FWNANXX:2:2308:5940:80914_1:133760314",5.3e-16
"15453","HISEQ13:138:C6FWNANXX:2:1310:4625:63044_1:63998892",5.3e-16
"15454","HISEQ13:138:C6FWNANXX:2:1312:7098:70606_1:67318604",5.3e-16
"15455","HISEQ13:138:C6FWNANXX:2:1109:11304:43569_1:12567886",5.4e-16
"15456","HISEQ13:138:C6FWNANXX:2:1316:13517:75156_1:74115732",5.4e-16
"15457","HISEQ13:138:C6FWNANXX:2:1103:8487:46087_1:3576072",5.4e-16
"15458","HISEQ13:138:C6FWNANXX:2:1211:20153:22023_1:40038146",5.4e-16
"15459","HISEQ13:138:C6FWNANXX:2:1302:20342:27461_1:51396068",5.4e-16
"15460","HISEQ13:138:C6FWNANXX:2:2202:3589:91150_1:101201438",5.4e-16
"15461","HISEQ13:138:C6FWNANXX:2:2206:17676:23718_1:105916793",5.4e-16
"15462","HISEQ13:138:C6FWNANXX:2:2104:10902:68098_1:79734926",5.4e-16
"15463","HISEQ13:138:C6FWNANXX:2:1311:11814:47476_1:65325400",5.4e-16
"15464","HISEQ13:138:C6FWNANXX:2:2210:10105:66603_1:112478407",5.4e-16
"15465","HISEQ13:138:C6FWNANXX:2:2213:9180:59864_1:117031086",5.4e-16
"15466","HISEQ13:138:C6FWNANXX:2:1102:2251:49902_1:2166083",5.4e-16
"15467","HISEQ13:138:C6FWNANXX:2:1104:17001:78445_1:5526899",5.4e-16
"15468","HISEQ13:138:C6FWNANXX:2:1208:21126:49016_1:35820130",5.4e-16
"15469","HISEQ13:138:C6FWNANXX:2:2116:16979:100724_1:98522447",5.4e-16
"15470","HISEQ13:138:C6FWNANXX:2:2304:14087:87527_1:128028937",5.4e-16
"15471","HISEQ13:138:C6FWNANXX:2:1115:4061:48722_1:22212071",5.4e-16
"15472","HISEQ13:138:C6FWNANXX:2:2308:11600:88154_1:133870703",5.4e-16
"15473","HISEQ13:138:C6FWNANXX:2:2315:10154:6834_1:143505734",5.4e-16
"15474","HISEQ13:138:C6FWNANXX:2:1109:6865:84543_1:13216620",5.4e-16
"15475","HISEQ13:138:C6FWNANXX:2:1308:6005:99800_1:61453757",5.4e-16
"15476","HISEQ13:138:C6FWNANXX:2:1311:20733:19137_1:64873353",5.4e-16
"15477","HISEQ13:138:C6FWNANXX:2:2313:7263:62582_1:141185074",5.4e-16
"15478","HISEQ13:138:C6FWNANXX:2:2306:8367:85752_1:130884787",5.4e-16
"15479","HISEQ13:138:C6FWNANXX:2:1301:2310:55850_1:50359575",5.4e-16
"15480","HISEQ13:138:C6FWNANXX:2:2301:18383:91025_1:123864982",5.4e-16
"15481","HISEQ13:138:C6FWNANXX:2:1310:10482:81209_1:64283770",5.4e-16
"15482","HISEQ13:138:C6FWNANXX:2:1310:16340:26321_1:63415925",5.4e-16
"15483","HISEQ13:138:C6FWNANXX:2:2307:21029:13140_1:131272768",5.4e-16
"15484","HISEQ13:138:C6FWNANXX:2:1214:9339:7246_1:44602608",5.4e-16
"15485","HISEQ13:138:C6FWNANXX:2:1307:14136:22747_1:58727560",5.4e-16
"15486","HISEQ13:138:C6FWNANXX:2:2208:13170:96020_1:109922001",5.4e-16
"15487","HISEQ13:138:C6FWNANXX:2:1303:15311:68338_1:53459082",5.4e-16
"15488","HISEQ13:138:C6FWNANXX:2:1305:17855:29152_1:55822908",5.4e-16
"15489","HISEQ13:138:C6FWNANXX:2:1213:5632:9947_1:43012834",5.4e-16
"15490","HISEQ13:138:C6FWNANXX:2:2116:5182:50204_1:97689610",5.5e-16
"15491","HISEQ13:138:C6FWNANXX:2:1316:21358:34024_1:73399457",5.5e-16
"15492","HISEQ13:138:C6FWNANXX:2:2103:12499:19124_1:77619953",5.5e-16
"15493","HISEQ13:138:C6FWNANXX:2:2208:17570:28873_1:108911035",5.5e-16
"15494","HISEQ13:138:C6FWNANXX:2:1102:17720:37132_1:1981373",5.5e-16
"15495","HISEQ13:138:C6FWNANXX:2:1207:20353:32324_1:34054263",5.5e-16
"15496","HISEQ13:138:C6FWNANXX:2:2215:16338:38092_1:119901638",5.5e-16
"15497","HISEQ13:138:C6FWNANXX:2:1109:3915:12344_1:12074996",5.5e-16
"15498","HISEQ13:138:C6FWNANXX:2:2104:18292:93924_1:80106727",5.5e-16
"15499","HISEQ13:138:C6FWNANXX:2:1204:19872:85988_1:30398046",5.5e-16
"15500","HISEQ13:138:C6FWNANXX:2:2208:19183:93720_1:109885212",5.5e-16
"15501","HISEQ13:138:C6FWNANXX:2:2211:12286:71341_1:114083267",5.5e-16
"15502","HISEQ13:138:C6FWNANXX:2:2306:7644:100602_1:131103086",5.5e-16
"15503","HISEQ13:138:C6FWNANXX:2:2306:8523:10994_1:129782313",5.5e-16
"15504","HISEQ13:138:C6FWNANXX:2:1315:6846:42911_1:71836999",5.5e-16
"15505","HISEQ13:138:C6FWNANXX:2:2306:7393:18435_1:129892752",5.5e-16
"15506","HISEQ13:138:C6FWNANXX:2:1309:15349:17974_1:61720019",5.5e-16
"15507","HISEQ13:138:C6FWNANXX:2:1312:15308:68036_1:67279232",5.5e-16
"15508","HISEQ13:138:C6FWNANXX:2:1304:19882:11276_1:54080468",5.5e-16
"15509","HISEQ13:138:C6FWNANXX:2:1301:13641:79811_1:50714611",5.5e-16
"15510","HISEQ13:138:C6FWNANXX:2:1306:16394:46438_1:57579817",5.5e-16
"15511","HISEQ13:138:C6FWNANXX:2:2205:10064:16795_1:104383788",5.5e-16
"15512","HISEQ13:138:C6FWNANXX:2:2211:20731:94213_1:114442208",5.5e-16
"15513","HISEQ13:138:C6FWNANXX:2:1101:21165:89580_1:1298409",5.5e-16
"15514","HISEQ13:138:C6FWNANXX:2:2315:1975:39975_1:144049510",5.5e-16
"15515","HISEQ13:138:C6FWNANXX:2:1305:6866:22125_1:55716704",5.5e-16
"15516","HISEQ13:138:C6FWNANXX:2:1101:13098:86998_1:1256515",5.6e-16
"15517","HISEQ13:138:C6FWNANXX:2:2101:11155:86761_1:75770662",5.6e-16
"15518","HISEQ13:138:C6FWNANXX:2:1112:13052:46926_1:17245168",5.6e-16
"15519","HISEQ13:138:C6FWNANXX:2:1304:19369:79740_1:55098405",5.6e-16
"15520","HISEQ13:138:C6FWNANXX:2:1212:4189:69774_1:42374561",5.6e-16
"15521","HISEQ13:138:C6FWNANXX:2:2112:20897:68726_1:91589138",5.6e-16
"15522","HISEQ13:138:C6FWNANXX:2:2109:9749:2741_1:86066993",5.6e-16
"15523","HISEQ13:138:C6FWNANXX:2:1216:2235:81844_1:49238864",5.6e-16
"15524","HISEQ13:138:C6FWNANXX:2:2203:10810:13272_1:101504146",5.6e-16
"15525","HISEQ13:138:C6FWNANXX:2:1111:17458:99466_1:16675485",5.6e-16
"15526","HISEQ13:138:C6FWNANXX:2:1115:14204:26376_1:21838308",5.6e-16
"15527","HISEQ13:138:C6FWNANXX:2:1305:17755:7791_1:55505283",5.6e-16
"15528","HISEQ13:138:C6FWNANXX:2:2303:15668:32129_1:125826732",5.6e-16
"15529","HISEQ13:138:C6FWNANXX:2:2310:3247:21514_1:135870619",5.6e-16
"15530","HISEQ13:138:C6FWNANXX:2:1108:2034:51643_1:11141164",5.7e-16
"15531","HISEQ13:138:C6FWNANXX:2:1109:14666:19836_1:12195166",5.7e-16
"15532","HISEQ13:138:C6FWNANXX:2:1114:16303:22009_1:20102456",5.7e-16
"15533","HISEQ13:138:C6FWNANXX:2:1207:10150:35760_1:34104981",5.7e-16
"15534","HISEQ13:138:C6FWNANXX:2:1303:10054:26513_1:52840836",5.7e-16
"15535","HISEQ13:138:C6FWNANXX:2:2113:12857:56689_1:92968704",5.7e-16
"15536","HISEQ13:138:C6FWNANXX:2:2207:12736:67411_1:108012572",5.7e-16
"15537","HISEQ13:138:C6FWNANXX:2:2301:14153:21224_1:122876857",5.7e-16
"15538","HISEQ13:138:C6FWNANXX:2:2305:20470:64280_1:129125213",5.7e-16
"15539","HISEQ13:138:C6FWNANXX:2:2307:17247:85979_1:132351774",5.7e-16
"15540","HISEQ13:138:C6FWNANXX:2:2307:18101:87961_1:132381879",5.7e-16
"15541","HISEQ13:138:C6FWNANXX:2:2316:12642:28011_1:145498764",5.7e-16
"15542","HISEQ13:138:C6FWNANXX:2:1102:12743:23436_1:1779112",5.7e-16
"15543","HISEQ13:138:C6FWNANXX:2:1213:18849:68499_1:43980401",5.7e-16
"15544","HISEQ13:138:C6FWNANXX:2:1110:4233:20587_1:13766911",5.7e-16
"15545","HISEQ13:138:C6FWNANXX:2:1205:12242:21056_1:30905823",5.7e-16
"15546","HISEQ13:138:C6FWNANXX:2:1309:15968:23423_1:61806893",5.7e-16
"15547","HISEQ13:138:C6FWNANXX:2:2113:16810:36673_1:92649639",5.7e-16
"15548","HISEQ13:138:C6FWNANXX:2:2114:10021:71276_1:94802800",5.7e-16
"15549","HISEQ13:138:C6FWNANXX:2:2209:9117:5623_1:110046856",5.7e-16
"15550","HISEQ13:138:C6FWNANXX:2:1308:6018:37398_1:60476057",5.7e-16
"15551","HISEQ13:138:C6FWNANXX:2:2114:11278:61510_1:94643980",5.7e-16
"15552","HISEQ13:138:C6FWNANXX:2:1213:10216:83596_1:44230409",5.7e-16
"15553","HISEQ13:138:C6FWNANXX:2:2312:18349:95042_1:140118964",5.7e-16
"15554","HISEQ13:138:C6FWNANXX:2:1304:14013:73620_1:55008201",5.7e-16
"15555","HISEQ13:138:C6FWNANXX:2:2214:14371:61351_1:118660851",5.7e-16
"15556","HISEQ13:138:C6FWNANXX:2:2201:10416:61881_1:99379327",5.7e-16
"15557","HISEQ13:138:C6FWNANXX:2:1207:10884:52074_1:34351547",5.7e-16
"15558","HISEQ13:138:C6FWNANXX:2:1211:2051:43357_1:40376251",5.7e-16
"15559","HISEQ13:138:C6FWNANXX:2:2104:12415:54412_1:79537146",5.7e-16
"15560","HISEQ13:138:C6FWNANXX:2:2113:12907:12037_1:92260262",5.7e-16
"15561","HISEQ13:138:C6FWNANXX:2:2208:3218:42076_1:109106121",5.7e-16
"15562","HISEQ13:138:C6FWNANXX:2:1301:2092:1915_1:49567387",5.7e-16
"15563","HISEQ13:138:C6FWNANXX:2:1206:8467:31144_1:32535752",5.7e-16
"15564","HISEQ13:138:C6FWNANXX:2:2307:10913:34454_1:131585667",5.7e-16
"15565","HISEQ13:138:C6FWNANXX:2:2316:4477:35397_1:145620254",5.7e-16
"15566","HISEQ13:138:C6FWNANXX:2:1316:5160:71733_1:74052673",5.7e-16
"15567","HISEQ13:138:C6FWNANXX:2:1102:15135:45621_1:2105829",5.7e-16
"15568","HISEQ13:138:C6FWNANXX:2:1111:4678:73824_1:16201973",5.7e-16
"15569","HISEQ13:138:C6FWNANXX:2:2109:5378:61690_1:86963322",5.7e-16
"15570","HISEQ13:138:C6FWNANXX:2:2112:6595:13205_1:90765266",5.7e-16
"15571","HISEQ13:138:C6FWNANXX:2:1112:1643:27547_1:16930631",5.7e-16
"15572","HISEQ13:138:C6FWNANXX:2:1314:5462:13370_1:69654451",5.7e-16
"15573","HISEQ13:138:C6FWNANXX:2:1314:8663:26802_1:69884403",5.7e-16
"15574","HISEQ13:138:C6FWNANXX:2:2213:4948:16012_1:116328834",5.7e-16
"15575","HISEQ13:138:C6FWNANXX:2:2313:9960:52556_1:141023221",5.7e-16
"15576","HISEQ13:138:C6FWNANXX:2:1107:9502:8689_1:8958870",5.8e-16
"15577","HISEQ13:138:C6FWNANXX:2:1114:1384:44802_1:20480094",5.8e-16
"15578","HISEQ13:138:C6FWNANXX:2:2308:6996:40994_1:133156333",5.8e-16
"15579","HISEQ13:138:C6FWNANXX:2:1304:8984:74333_1:55018377",5.8e-16
"15580","HISEQ13:138:C6FWNANXX:2:1308:18613:65399_1:60914196",5.8e-16
"15581","HISEQ13:138:C6FWNANXX:2:2109:4008:83301_1:87293849",5.8e-16
"15582","HISEQ13:138:C6FWNANXX:2:1312:17128:14747_1:66405133",5.8e-16
"15583","HISEQ13:138:C6FWNANXX:2:1103:4235:19527_1:3182687",5.8e-16
"15584","HISEQ13:138:C6FWNANXX:2:1211:11215:75435_1:40893822",5.8e-16
"15585","HISEQ13:138:C6FWNANXX:2:2205:11184:19496_1:104420510",5.8e-16
"15586","HISEQ13:138:C6FWNANXX:2:1114:13004:98126_1:21379461",5.8e-16
"15587","HISEQ13:138:C6FWNANXX:2:1107:14002:34427_1:9353626",5.9e-16
"15588","HISEQ13:138:C6FWNANXX:2:1209:15365:31251_1:37077426",5.9e-16
"15589","HISEQ13:138:C6FWNANXX:2:1303:5641:83926_1:53685781",5.9e-16
"15590","HISEQ13:138:C6FWNANXX:2:1309:2301:19489_1:61741242",5.9e-16
"15591","HISEQ13:138:C6FWNANXX:2:1304:19184:22971_1:54250929",6e-16
"15592","HISEQ13:138:C6FWNANXX:2:2108:6096:21250_1:84856577",6e-16
"15593","HISEQ13:138:C6FWNANXX:2:2109:15436:79709_1:87238601",6e-16
"15594","HISEQ13:138:C6FWNANXX:2:2209:18377:7743_1:110078741",6e-16
"15595","HISEQ13:138:C6FWNANXX:2:1115:18484:50683_1:22249233",6e-16
"15596","HISEQ13:138:C6FWNANXX:2:1305:1499:62041_1:56315497",6e-16
"15597","HISEQ13:138:C6FWNANXX:2:2101:13463:50581_1:75255562",6e-16
"15598","HISEQ13:138:C6FWNANXX:2:2112:6265:61750_1:91475761",6e-16
"15599","HISEQ13:138:C6FWNANXX:2:2115:3892:34106_1:95802742",6e-16
"15600","HISEQ13:138:C6FWNANXX:2:2315:18221:86551_1:144822019",6e-16
"15601","HISEQ13:138:C6FWNANXX:2:2303:5309:70984_1:126374922",6e-16
"15602","HISEQ13:138:C6FWNANXX:2:1312:11996:78058_1:67443230",6e-16
"15603","HISEQ13:138:C6FWNANXX:2:2110:9377:72851_1:88641735",6e-16
"15604","HISEQ13:138:C6FWNANXX:2:2203:5904:58897_1:102152611",6e-16
"15605","HISEQ13:138:C6FWNANXX:2:2214:19500:94240_1:119198467",6e-16
"15606","HISEQ13:138:C6FWNANXX:2:2305:19600:56497_1:129009244",6e-16
"15607","HISEQ13:138:C6FWNANXX:2:1212:9428:84744_1:42617903",6e-16
"15608","HISEQ13:138:C6FWNANXX:2:1109:17537:61202_1:12846811",6e-16
"15609","HISEQ13:138:C6FWNANXX:2:2314:9062:88097_1:143215895",6.1e-16
"15610","HISEQ13:138:C6FWNANXX:2:1203:16951:18274_1:27952703",6.1e-16
"15611","HISEQ13:138:C6FWNANXX:2:2316:17804:19558_1:145356687",6.1e-16
"15612","HISEQ13:138:C6FWNANXX:2:1108:12966:48562_1:11096706",6.1e-16
"15613","HISEQ13:138:C6FWNANXX:2:1306:12970:93487_1:58297103",6.1e-16
"15614","HISEQ13:138:C6FWNANXX:2:1115:9672:30053_1:21900692",6.1e-16
"15615","HISEQ13:138:C6FWNANXX:2:2101:2583:59462_1:75377927",6.1e-16
"15616","HISEQ13:138:C6FWNANXX:2:2101:2583:59462_1:75377928",6.1e-16
"15617","HISEQ13:138:C6FWNANXX:2:2102:7217:56194_1:76736805",6.1e-16
"15618","HISEQ13:138:C6FWNANXX:2:1105:8508:82305_1:7069680",6.1e-16
"15619","HISEQ13:138:C6FWNANXX:2:2209:18028:24793_1:110340298",6.1e-16
"15620","HISEQ13:138:C6FWNANXX:2:2110:6558:97658_1:89018118",6.1e-16
"15621","HISEQ13:138:C6FWNANXX:2:2204:14003:39990_1:103293362",6.1e-16
"15622","HISEQ13:138:C6FWNANXX:2:2212:3315:28377_1:114952185",6.1e-16
"15623","HISEQ13:138:C6FWNANXX:2:2215:10469:21602_1:119628344",6.1e-16
"15624","HISEQ13:138:C6FWNANXX:2:2303:18786:28119_1:125770637",6.1e-16
"15625","HISEQ13:138:C6FWNANXX:2:1216:7226:6901_1:47939339",6.1e-16
"15626","HISEQ13:138:C6FWNANXX:2:2309:5005:58878_1:134926382",6.2e-16
"15627","HISEQ13:138:C6FWNANXX:2:2204:7649:72452_1:103759194",6.2e-16
"15628","HISEQ13:138:C6FWNANXX:2:1109:17897:24003_1:12262656",6.2e-16
"15629","HISEQ13:138:C6FWNANXX:2:1209:11660:19283_1:36891028",6.2e-16
"15630","HISEQ13:138:C6FWNANXX:2:1301:10590:5465_1:49618101",6.2e-16
"15631","HISEQ13:138:C6FWNANXX:2:1307:7572:58069_1:59271571",6.2e-16
"15632","HISEQ13:138:C6FWNANXX:2:2101:5348:48546_1:75225731",6.2e-16
"15633","HISEQ13:138:C6FWNANXX:2:2212:1407:30346_1:114983326",6.2e-16
"15634","HISEQ13:138:C6FWNANXX:2:1111:20188:92774_1:16551869",6.2e-16
"15635","HISEQ13:138:C6FWNANXX:2:1209:11354:31380_1:37076718",6.2e-16
"15636","HISEQ13:138:C6FWNANXX:2:2114:13239:51113_1:94472512",6.2e-16
"15637","HISEQ13:138:C6FWNANXX:2:2112:17671:2044_1:90683075",6.2e-16
"15638","HISEQ13:138:C6FWNANXX:2:2304:11390:20125_1:127061053",6.2e-16
"15639","HISEQ13:138:C6FWNANXX:2:1303:9031:48926_1:53169869",6.2e-16
"15640","HISEQ13:138:C6FWNANXX:2:2115:15149:21058_1:95593593",6.2e-16
"15641","HISEQ13:138:C6FWNANXX:2:2309:5452:99316_1:135548058",6.2e-16
"15642","HISEQ13:138:C6FWNANXX:2:1313:8699:16682_1:68058573",6.3e-16
"15643","HISEQ13:138:C6FWNANXX:2:1111:6606:59182_1:15948974",6.3e-16
"15644","HISEQ13:138:C6FWNANXX:2:2201:14613:84998_1:99707465",6.3e-16
"15645","HISEQ13:138:C6FWNANXX:2:1213:5785:30381_1:43348270",6.3e-16
"15646","HISEQ13:138:C6FWNANXX:2:1202:10489:87621_1:27515525",6.3e-16
"15647","HISEQ13:138:C6FWNANXX:2:2309:11798:69687_1:135094411",6.3e-16
"15648","HISEQ13:138:C6FWNANXX:2:1303:20206:86220_1:53721888",6.3e-16
"15649","HISEQ13:138:C6FWNANXX:2:2306:18655:47262_1:130320805",6.3e-16
"15650","HISEQ13:138:C6FWNANXX:2:2105:12019:4929_1:80247670",6.3e-16
"15651","HISEQ13:138:C6FWNANXX:2:2201:9446:6396_1:98587731",6.3e-16
"15652","HISEQ13:138:C6FWNANXX:2:2305:12658:45415_1:128847346",6.3e-16
"15653","HISEQ13:138:C6FWNANXX:2:1104:20146:18649_1:4636223",6.3e-16
"15654","HISEQ13:138:C6FWNANXX:2:1302:16330:47121_1:51685596",6.3e-16
"15655","HISEQ13:138:C6FWNANXX:2:2202:12109:27940_1:100302493",6.3e-16
"15656","HISEQ13:138:C6FWNANXX:2:2215:3248:39913_1:119927848",6.3e-16
"15657","HISEQ13:138:C6FWNANXX:2:1109:16674:59329_1:12818421",6.3e-16
"15658","HISEQ13:138:C6FWNANXX:2:1303:13879:7812_1:52563687",6.3e-16
"15659","HISEQ13:138:C6FWNANXX:2:2202:10709:17138_1:100149256",6.3e-16
"15660","HISEQ13:138:C6FWNANXX:2:2309:6732:47418_1:134750982",6.3e-16
"15661","HISEQ13:138:C6FWNANXX:2:1212:12916:41922_1:41919422",6.3e-16
"15662","HISEQ13:138:C6FWNANXX:2:1314:14019:99518_1:71122372",6.3e-16
"15663","HISEQ13:138:C6FWNANXX:2:1316:15726:82285_1:74243358",6.3e-16
"15664","HISEQ13:138:C6FWNANXX:2:2206:3376:85068_1:106816469",6.3e-16
"15665","HISEQ13:138:C6FWNANXX:2:1303:17075:53281_1:53237652",6.4e-16
"15666","HISEQ13:138:C6FWNANXX:2:2307:13945:5477_1:131156976",6.4e-16
"15667","HISEQ13:138:C6FWNANXX:2:1213:17016:51271_1:43698347",6.4e-16
"15668","HISEQ13:138:C6FWNANXX:2:1313:6421:8082_1:67918306",6.4e-16
"15669","HISEQ13:138:C6FWNANXX:2:1307:12159:26463_1:58784672",6.4e-16
"15670","HISEQ13:138:C6FWNANXX:2:2104:6005:18661_1:79021486",6.4e-16
"15671","HISEQ13:138:C6FWNANXX:2:1203:18134:33586_1:28177921",6.4e-16
"15672","HISEQ13:138:C6FWNANXX:2:2115:7323:28802_1:95718100",6.4e-16
"15673","HISEQ13:138:C6FWNANXX:2:2306:6756:78296_1:130775509",6.4e-16
"15674","HISEQ13:138:C6FWNANXX:2:1315:13646:85271_1:72569647",6.4e-16
"15675","HISEQ13:138:C6FWNANXX:2:1313:6992:40755_1:68460830",6.4e-16
"15676","HISEQ13:138:C6FWNANXX:2:2115:15027:99206_1:96866217",6.4e-16
"15677","HISEQ13:138:C6FWNANXX:2:1105:10385:81515_1:7058677",6.5e-16
"15678","HISEQ13:138:C6FWNANXX:2:2301:3230:20918_1:122871393",6.5e-16
"15679","HISEQ13:138:C6FWNANXX:2:2211:19755:89974_1:114375509",6.5e-16
"15680","HISEQ13:138:C6FWNANXX:2:1107:2372:90055_1:10206992",6.5e-16
"15681","HISEQ13:138:C6FWNANXX:2:1301:20179:28357_1:49959174",6.5e-16
"15682","HISEQ13:138:C6FWNANXX:2:1310:2608:95097_1:64502580",6.5e-16
"15683","HISEQ13:138:C6FWNANXX:2:2104:9659:87083_1:80008445",6.5e-16
"15684","HISEQ13:138:C6FWNANXX:2:2309:7004:63131_1:134992491",6.5e-16
"15685","HISEQ13:138:C6FWNANXX:2:2206:17132:48521_1:106282845",6.5e-16
"15686","HISEQ13:138:C6FWNANXX:2:2211:5131:82092_1:114250489",6.5e-16
"15687","HISEQ13:138:C6FWNANXX:2:2116:14038:58243_1:97822669",6.5e-16
"15688","HISEQ13:138:C6FWNANXX:2:2215:7849:73360_1:120482493",6.5e-16
"15689","HISEQ13:138:C6FWNANXX:2:2303:8267:93495_1:126693496",6.5e-16
"15690","HISEQ13:138:C6FWNANXX:2:1312:16003:27189_1:66609455",6.5e-16
"15691","HISEQ13:138:C6FWNANXX:2:2214:4393:41778_1:118339347",6.6e-16
"15692","HISEQ13:138:C6FWNANXX:2:2215:3478:43536_1:119989967",6.6e-16
"15693","HISEQ13:138:C6FWNANXX:2:2105:5473:12720_1:80359268",6.6e-16
"15694","HISEQ13:138:C6FWNANXX:2:1303:2779:33450_1:52938929",6.6e-16
"15695","HISEQ13:138:C6FWNANXX:2:2103:10801:28721_1:77755004",6.6e-16
"15696","HISEQ13:138:C6FWNANXX:2:1301:14781:41074_1:50145656",6.6e-16
"15697","HISEQ13:138:C6FWNANXX:2:1115:19600:3503_1:21454349",6.6e-16
"15698","HISEQ13:138:C6FWNANXX:2:2208:19899:17289_1:108739610",6.6e-16
"15699","HISEQ13:138:C6FWNANXX:2:1301:13370:93145_1:50908982",6.6e-16
"15700","HISEQ13:138:C6FWNANXX:2:1315:6811:46090_1:71892560",6.6e-16
"15701","HISEQ13:138:C6FWNANXX:2:1204:8835:29018_1:29552694",6.6e-16
"15702","HISEQ13:138:C6FWNANXX:2:1215:14325:65626_1:47256564",6.6e-16
"15703","HISEQ13:138:C6FWNANXX:2:1115:8719:47155_1:22187748",6.6e-16
"15704","HISEQ13:138:C6FWNANXX:2:1312:19552:25201_1:66577433",6.7e-16
"15705","HISEQ13:138:C6FWNANXX:2:1203:13407:50288_1:28422570",6.7e-16
"15706","HISEQ13:138:C6FWNANXX:2:1213:7683:30523_1:43352650",6.7e-16
"15707","HISEQ13:138:C6FWNANXX:2:2113:20143:67732_1:93145841",6.7e-16
"15708","HISEQ13:138:C6FWNANXX:2:1314:10458:80528_1:70798017",6.7e-16
"15709","HISEQ13:138:C6FWNANXX:2:2301:18744:21634_1:122884683",6.7e-16
"15710","HISEQ13:138:C6FWNANXX:2:2313:3029:95122_1:141709846",6.7e-16
"15711","HISEQ13:138:C6FWNANXX:2:1202:19930:56852_1:27066020",6.7e-16
"15712","HISEQ13:138:C6FWNANXX:2:1209:6098:77255_1:37794140",6.7e-16
"15713","HISEQ13:138:C6FWNANXX:2:1216:19739:44087_1:48585797",6.7e-16
"15714","HISEQ13:138:C6FWNANXX:2:1307:7572:58069_1:59271570",6.7e-16
"15715","HISEQ13:138:C6FWNANXX:2:2210:4771:64889_1:112451511",6.7e-16
"15716","HISEQ13:138:C6FWNANXX:2:2302:11901:75791_1:125044459",6.7e-16
"15717","HISEQ13:138:C6FWNANXX:2:2310:3079:90024_1:136923017",6.7e-16
"15718","HISEQ13:138:C6FWNANXX:2:1101:7204:95620_1:1384711",6.7e-16
"15719","HISEQ13:138:C6FWNANXX:2:1314:21284:81837_1:70821654",6.7e-16
"15720","HISEQ13:138:C6FWNANXX:2:2116:12913:56874_1:97801755",6.7e-16
"15721","HISEQ13:138:C6FWNANXX:2:1107:12934:83450_1:10104953",6.7e-16
"15722","HISEQ13:138:C6FWNANXX:2:1107:10665:99827_1:10358054",6.8e-16
"15723","HISEQ13:138:C6FWNANXX:2:2116:8260:58357_1:97825524",6.8e-16
"15724","HISEQ13:138:C6FWNANXX:2:2106:12457:79910_1:82786988",6.8e-16
"15725","HISEQ13:138:C6FWNANXX:2:2111:20069:99441_1:90651029",6.8e-16
"15726","HISEQ13:138:C6FWNANXX:2:2305:12692:100096_1:129643509",6.8e-16
"15727","HISEQ13:138:C6FWNANXX:2:2115:3506:34504_1:95810847",6.8e-16
"15728","HISEQ13:138:C6FWNANXX:2:1302:3242:81575_1:52191593",6.8e-16
"15729","HISEQ13:138:C6FWNANXX:2:1212:18337:59091_1:42202073",6.8e-16
"15730","HISEQ13:138:C6FWNANXX:2:1304:12569:2676_1:53948256",6.8e-16
"15731","HISEQ13:138:C6FWNANXX:2:1108:19582:24253_1:10721598",6.8e-16
"15732","HISEQ13:138:C6FWNANXX:2:1212:8268:95953_1:42802743",6.8e-16
"15733","HISEQ13:138:C6FWNANXX:2:1214:3951:2548_1:44526109",6.8e-16
"15734","HISEQ13:138:C6FWNANXX:2:1305:8799:86944_1:56689810",6.8e-16
"15735","HISEQ13:138:C6FWNANXX:2:1316:15908:97176_1:74498930",6.8e-16
"15736","HISEQ13:138:C6FWNANXX:2:1211:15357:36874_1:40274948",6.9e-16
"15737","HISEQ13:138:C6FWNANXX:2:2114:13455:88914_1:95086928",6.9e-16
"15738","HISEQ13:138:C6FWNANXX:2:1115:11718:59758_1:22404608",6.9e-16
"15739","HISEQ13:138:C6FWNANXX:2:1108:17980:37238_1:10918662",6.9e-16
"15740","HISEQ13:138:C6FWNANXX:2:2108:4929:46048_1:85228885",6.9e-16
"15741","HISEQ13:138:C6FWNANXX:2:2308:5658:54151_1:133356546",6.9e-16
"15742","HISEQ13:138:C6FWNANXX:2:2103:6812:72496_1:78374939",6.9e-16
"15743","HISEQ13:138:C6FWNANXX:2:1113:9573:35444_1:18675407",6.9e-16
"15744","HISEQ13:138:C6FWNANXX:2:1210:17826:73541_1:39287549",6.9e-16
"15745","HISEQ13:138:C6FWNANXX:2:2211:14736:9165_1:113111598",7e-16
"15746","HISEQ13:138:C6FWNANXX:2:1109:19937:78686_1:13124563",7e-16
"15747","HISEQ13:138:C6FWNANXX:2:1113:15625:60087_1:19085030",7e-16
"15748","HISEQ13:138:C6FWNANXX:2:2114:10576:9041_1:93792334",7e-16
"15749","HISEQ13:138:C6FWNANXX:2:1211:8775:58081_1:40615596",7e-16
"15750","HISEQ13:138:C6FWNANXX:2:1103:7960:35305_1:3417350",7e-16
"15751","HISEQ13:138:C6FWNANXX:2:1116:10348:19697_1:23406923",7e-16
"15752","HISEQ13:138:C6FWNANXX:2:2201:12549:58810_1:99336337",7e-16
"15753","HISEQ13:138:C6FWNANXX:2:2203:19880:100714_1:102751809",7e-16
"15754","HISEQ13:138:C6FWNANXX:2:1216:9983:41322_1:48536597",7e-16
"15755","HISEQ13:138:C6FWNANXX:2:1205:3172:35306_1:31115123",7e-16
"15756","HISEQ13:138:C6FWNANXX:2:2104:3998:36768_1:79283803",7e-16
"15757","HISEQ13:138:C6FWNANXX:2:2308:11573:52140_1:133327615",7e-16
"15758","HISEQ13:138:C6FWNANXX:2:1316:6997:19018_1:73136730",7e-16
"15759","HISEQ13:138:C6FWNANXX:2:1205:21116:18988_1:30874151",7.1e-16
"15760","HISEQ13:138:C6FWNANXX:2:2101:12281:71324_1:75550814",7.1e-16
"15761","HISEQ13:138:C6FWNANXX:2:1205:8271:53445_1:31386725",7.1e-16
"15762","HISEQ13:138:C6FWNANXX:2:1206:17293:28737_1:32499394",7.1e-16
"15763","HISEQ13:138:C6FWNANXX:2:1211:14422:51935_1:40516360",7.1e-16
"15764","HISEQ13:138:C6FWNANXX:2:1301:7526:9283_1:49676645",7.1e-16
"15765","HISEQ13:138:C6FWNANXX:2:1307:11662:68781_1:59438490",7.1e-16
"15766","HISEQ13:138:C6FWNANXX:2:1316:2799:4739_1:72882880",7.1e-16
"15767","HISEQ13:138:C6FWNANXX:2:1112:19920:86270_1:17890782",7.1e-16
"15768","HISEQ13:138:C6FWNANXX:2:1116:18296:96335_1:24727664",7.1e-16
"15769","HISEQ13:138:C6FWNANXX:2:1102:17533:5801_1:1521488",7.1e-16
"15770","HISEQ13:138:C6FWNANXX:2:2114:13669:36381_1:94233566",7.1e-16
"15771","HISEQ13:138:C6FWNANXX:2:2115:19926:84703_1:96628282",7.1e-16
"15772","HISEQ13:138:C6FWNANXX:2:2115:4931:81363_1:96571229",7.1e-16
"15773","HISEQ13:138:C6FWNANXX:2:2304:13096:3304_1:126819681",7.1e-16
"15774","HISEQ13:138:C6FWNANXX:2:1110:11170:23475_1:13811749",7.2e-16
"15775","HISEQ13:138:C6FWNANXX:2:2205:16593:21128_1:104446953",7.2e-16
"15776","HISEQ13:138:C6FWNANXX:2:1216:19407:41868_1:48547287",7.2e-16
"15777","HISEQ13:138:C6FWNANXX:2:1106:11586:12904_1:7515688",7.2e-16
"15778","HISEQ13:138:C6FWNANXX:2:1110:20307:21798_1:13789901",7.2e-16
"15779","HISEQ13:138:C6FWNANXX:2:1216:10826:35192_1:48428390",7.2e-16
"15780","HISEQ13:138:C6FWNANXX:2:1216:5275:63867_1:48925186",7.2e-16
"15781","HISEQ13:138:C6FWNANXX:2:1316:9360:26454_1:73262733",7.2e-16
"15782","HISEQ13:138:C6FWNANXX:2:2103:2977:42982_1:77957026",7.2e-16
"15783","HISEQ13:138:C6FWNANXX:2:1103:19507:86505_1:4179313",7.2e-16
"15784","HISEQ13:138:C6FWNANXX:2:1316:14227:18074_1:73120822",7.3e-16
"15785","HISEQ13:138:C6FWNANXX:2:2114:19650:40427_1:94299341",7.3e-16
"15786","HISEQ13:138:C6FWNANXX:2:2305:12527:49736_1:128909469",7.3e-16
"15787","HISEQ13:138:C6FWNANXX:2:2113:4799:74434_1:93251179",7.3e-16
"15788","HISEQ13:138:C6FWNANXX:2:2115:13354:3888_1:95311916",7.3e-16
"15789","HISEQ13:138:C6FWNANXX:2:1108:14603:93957_1:11804925",7.3e-16
"15790","HISEQ13:138:C6FWNANXX:2:2101:5937:22779_1:74858293",7.3e-16
"15791","HISEQ13:138:C6FWNANXX:2:2106:10767:70552_1:82651135",7.3e-16
"15792","HISEQ13:138:C6FWNANXX:2:1313:13904:91976_1:69314134",7.3e-16
"15793","HISEQ13:138:C6FWNANXX:2:2301:7053:26945_1:122956887",7.3e-16
"15794","HISEQ13:138:C6FWNANXX:2:2313:14281:18357_1:140470942",7.3e-16
"15795","HISEQ13:138:C6FWNANXX:2:1209:13368:86675_1:37940233",7.3e-16
"15796","HISEQ13:138:C6FWNANXX:2:1215:9760:97956_1:47804247",7.3e-16
"15797","HISEQ13:138:C6FWNANXX:2:2113:14979:75599_1:93273209",7.3e-16
"15798","HISEQ13:138:C6FWNANXX:2:1308:20250:26605_1:60312043",7.3e-16
"15799","HISEQ13:138:C6FWNANXX:2:1214:15524:13710_1:44711926",7.3e-16
"15800","HISEQ13:138:C6FWNANXX:2:1102:20701:99769_1:2909130",7.3e-16
"15801","HISEQ13:138:C6FWNANXX:2:1306:5276:88940_1:58226792",7.3e-16
"15802","HISEQ13:138:C6FWNANXX:2:2208:8706:39652_1:109069456",7.3e-16
"15803","HISEQ13:138:C6FWNANXX:2:2214:9117:67407_1:118758307",7.3e-16
"15804","HISEQ13:138:C6FWNANXX:2:2114:5947:13874_1:93868202",7.3e-16
"15805","HISEQ13:138:C6FWNANXX:2:1311:10701:36504_1:65151227",7.3e-16
"15806","HISEQ13:138:C6FWNANXX:2:1115:13324:41333_1:22092221",7.3e-16
"15807","HISEQ13:138:C6FWNANXX:2:1314:13890:68758_1:70598775",7.3e-16
"15808","HISEQ13:138:C6FWNANXX:2:1313:14736:18492_1:68088981",7.3e-16
"15809","HISEQ13:138:C6FWNANXX:2:1316:20033:6849_1:72925430",7.3e-16
"15810","HISEQ13:138:C6FWNANXX:2:2115:3496:22682_1:95615633",7.3e-16
"15811","HISEQ13:138:C6FWNANXX:2:2213:18376:19373_1:116383099",7.3e-16
"15812","HISEQ13:138:C6FWNANXX:2:1109:10630:11814_1:12068518",7.3e-16
"15813","HISEQ13:138:C6FWNANXX:2:1316:5160:71733_1:74052674",7.4e-16
"15814","HISEQ13:138:C6FWNANXX:2:1106:8727:49105_1:8067212",7.4e-16
"15815","HISEQ13:138:C6FWNANXX:2:2212:15764:28107_1:114950754",7.4e-16
"15816","HISEQ13:138:C6FWNANXX:2:1112:2754:56315_1:17396865",7.4e-16
"15817","HISEQ13:138:C6FWNANXX:2:1314:19743:2744_1:69475964",7.4e-16
"15818","HISEQ13:138:C6FWNANXX:2:1316:11702:66879_1:73970665",7.4e-16
"15819","HISEQ13:138:C6FWNANXX:2:2309:4425:46655_1:134739033",7.4e-16
"15820","HISEQ13:138:C6FWNANXX:2:1305:1536:20282_1:55689288",7.4e-16
"15821","HISEQ13:138:C6FWNANXX:2:1314:2489:80119_1:70788058",7.4e-16
"15822","HISEQ13:138:C6FWNANXX:2:1307:17383:36322_1:58939041",7.4e-16
"15823","HISEQ13:138:C6FWNANXX:2:2314:9160:86648_1:143191569",7.5e-16
"15824","HISEQ13:138:C6FWNANXX:2:1315:5334:10137_1:71278616",7.5e-16
"15825","HISEQ13:138:C6FWNANXX:2:1309:13246:10701_1:61606072",7.5e-16
"15826","HISEQ13:138:C6FWNANXX:2:2208:9272:84245_1:109740274",7.5e-16
"15827","HISEQ13:138:C6FWNANXX:2:2305:15341:52597_1:128954126",7.5e-16
"15828","HISEQ13:138:C6FWNANXX:2:1101:3947:86852_1:1254681",7.5e-16
"15829","HISEQ13:138:C6FWNANXX:2:1111:2263:58147_1:15931230",7.5e-16
"15830","HISEQ13:138:C6FWNANXX:2:1312:14431:13825_1:66392140",7.5e-16
"15831","HISEQ13:138:C6FWNANXX:2:2305:8909:6635_1:128284478",7.5e-16
"15832","HISEQ13:138:C6FWNANXX:2:1111:19334:42757_1:15686432",7.5e-16
"15833","HISEQ13:138:C6FWNANXX:2:1214:18126:69402_1:45649324",7.5e-16
"15834","HISEQ13:138:C6FWNANXX:2:1314:17614:88585_1:70935966",7.5e-16
"15835","HISEQ13:138:C6FWNANXX:2:2107:15056:73869_1:84164343",7.5e-16
"15836","HISEQ13:138:C6FWNANXX:2:1203:15063:66262_1:28657957",7.5e-16
"15837","HISEQ13:138:C6FWNANXX:2:1302:8369:55434_1:51806309",7.5e-16
"15838","HISEQ13:138:C6FWNANXX:2:2106:17209:18924_1:81890249",7.5e-16
"15839","HISEQ13:138:C6FWNANXX:2:2114:20804:86464_1:95047729",7.6e-16
"15840","HISEQ13:138:C6FWNANXX:2:2305:19888:59262_1:129052742",7.6e-16
"15841","HISEQ13:138:C6FWNANXX:2:2114:3036:18142_1:93935940",7.6e-16
"15842","HISEQ13:138:C6FWNANXX:2:2312:7740:96224_1:140132568",7.6e-16
"15843","HISEQ13:138:C6FWNANXX:2:2215:20668:43216_1:119985460",7.6e-16
"15844","HISEQ13:138:C6FWNANXX:2:1106:18447:3703_1:7377044",7.7e-16
"15845","HISEQ13:138:C6FWNANXX:2:1314:5132:67660_1:70575657",7.7e-16
"15846","HISEQ13:138:C6FWNANXX:2:2301:20313:20923_1:122874407",7.7e-16
"15847","HISEQ13:138:C6FWNANXX:2:2311:4661:3242_1:137103332",7.7e-16
"15848","HISEQ13:138:C6FWNANXX:2:2316:8042:86866_1:146490654",7.7e-16
"15849","HISEQ13:138:C6FWNANXX:2:2115:3342:23503_1:95631913",7.7e-16
"15850","HISEQ13:138:C6FWNANXX:2:2206:16984:52615_1:106341422",7.7e-16
"15851","HISEQ13:138:C6FWNANXX:2:2307:5350:56996_1:131917997",7.7e-16
"15852","HISEQ13:138:C6FWNANXX:2:1208:15978:21537_1:35396607",7.7e-16
"15853","HISEQ13:138:C6FWNANXX:2:1208:4786:10426_1:35221644",7.7e-16
"15854","HISEQ13:138:C6FWNANXX:2:2107:20501:21988_1:83393438",7.7e-16
"15855","HISEQ13:138:C6FWNANXX:2:1107:19462:75194_1:9979760",7.7e-16
"15856","HISEQ13:138:C6FWNANXX:2:2203:7488:94048_1:102656853",7.7e-16
"15857","HISEQ13:138:C6FWNANXX:2:2216:19342:83770_1:122321136",7.7e-16
"15858","HISEQ13:138:C6FWNANXX:2:2315:2826:89798_1:144873060",7.7e-16
"15859","HISEQ13:138:C6FWNANXX:2:1116:3344:68317_1:24241888",7.7e-16
"15860","HISEQ13:138:C6FWNANXX:2:1208:17170:52057_1:35866138",7.7e-16
"15861","HISEQ13:138:C6FWNANXX:2:2208:16507:60070_1:109378896",7.7e-16
"15862","HISEQ13:138:C6FWNANXX:2:2104:16600:21524_1:79066294",7.7e-16
"15863","HISEQ13:138:C6FWNANXX:2:2308:16838:86521_1:133848942",7.8e-16
"15864","HISEQ13:138:C6FWNANXX:2:2107:13450:22754_1:83406817",7.8e-16
"15865","HISEQ13:138:C6FWNANXX:2:2316:2765:99853_1:146708380",7.8e-16
"15866","HISEQ13:138:C6FWNANXX:2:1209:3388:81603_1:37860104",7.8e-16
"15867","HISEQ13:138:C6FWNANXX:2:1304:15114:10098_1:54060845",7.8e-16
"15868","HISEQ13:138:C6FWNANXX:2:2215:9020:14728_1:119513357",7.8e-16
"15869","HISEQ13:138:C6FWNANXX:2:2105:1555:60826_1:81057995",7.8e-16
"15870","HISEQ13:138:C6FWNANXX:2:1206:19659:16571_1:32319367",7.8e-16
"15871","HISEQ13:138:C6FWNANXX:2:2107:7122:8910_1:83197417",7.8e-16
"15872","HISEQ13:138:C6FWNANXX:2:1101:21440:75994_1:1094948",7.8e-16
"15873","HISEQ13:138:C6FWNANXX:2:1216:21320:7931_1:47959863",7.8e-16
"15874","HISEQ13:138:C6FWNANXX:2:2103:20811:96174_1:78716533",7.8e-16
"15875","HISEQ13:138:C6FWNANXX:2:2105:15064:89541_1:81478131",7.8e-16
"15876","HISEQ13:138:C6FWNANXX:2:2106:15295:22713_1:81944908",7.8e-16
"15877","HISEQ13:138:C6FWNANXX:2:2216:6579:64542_1:121991452",7.9e-16
"15878","HISEQ13:138:C6FWNANXX:2:1113:5545:87851_1:19544772",7.9e-16
"15879","HISEQ13:138:C6FWNANXX:2:1104:6389:69138_1:5386729",7.9e-16
"15880","HISEQ13:138:C6FWNANXX:2:1306:20081:23922_1:57237489",7.9e-16
"15881","HISEQ13:138:C6FWNANXX:2:2107:11418:60422_1:83962850",7.9e-16
"15882","HISEQ13:138:C6FWNANXX:2:1107:13265:46603_1:9541486",7.9e-16
"15883","HISEQ13:138:C6FWNANXX:2:1114:16512:81186_1:21093190",7.9e-16
"15884","HISEQ13:138:C6FWNANXX:2:1216:10672:33354_1:48397608",7.9e-16
"15885","HISEQ13:138:C6FWNANXX:2:2314:5253:57058_1:142705735",7.9e-16
"15886","HISEQ13:138:C6FWNANXX:2:2312:14380:74818_1:139794849",7.9e-16
"15887","HISEQ13:138:C6FWNANXX:2:1101:12890:67790_1:976289",7.9e-16
"15888","HISEQ13:138:C6FWNANXX:2:1203:7844:25475_1:28054344",7.9e-16
"15889","HISEQ13:138:C6FWNANXX:2:2110:3823:81617_1:88774327",7.9e-16
"15890","HISEQ13:138:C6FWNANXX:2:1102:19774:79503_1:2609284",7.9e-16
"15891","HISEQ13:138:C6FWNANXX:2:1201:7527:9381_1:24912273",7.9e-16
"15892","HISEQ13:138:C6FWNANXX:2:1208:8055:16185_1:35311117",7.9e-16
"15893","HISEQ13:138:C6FWNANXX:2:2313:11887:96874_1:141740440",7.9e-16
"15894","HISEQ13:138:C6FWNANXX:2:1205:16855:94638_1:32005592",7.9e-16
"15895","HISEQ13:138:C6FWNANXX:2:2102:14997:51430_1:76670497",7.9e-16
"15896","HISEQ13:138:C6FWNANXX:2:1106:14639:60299_1:8240328",7.9e-16
"15897","HISEQ13:138:C6FWNANXX:2:1209:19273:5669_1:36678644",7.9e-16
"15898","HISEQ13:138:C6FWNANXX:2:1316:5586:83856_1:74267360",7.9e-16
"15899","HISEQ13:138:C6FWNANXX:2:2301:20627:11149_1:122736298",7.9e-16
"15900","HISEQ13:138:C6FWNANXX:2:2314:7796:71683_1:142946083",7.9e-16
"15901","HISEQ13:138:C6FWNANXX:2:1116:2119:34726_1:23663065",7.9e-16
"15902","HISEQ13:138:C6FWNANXX:2:2215:3967:78986_1:120572085",8e-16
"15903","HISEQ13:138:C6FWNANXX:2:2113:19236:61779_1:93053639",8e-16
"15904","HISEQ13:138:C6FWNANXX:2:2216:2074:27402_1:121360442",8e-16
"15905","HISEQ13:138:C6FWNANXX:2:1113:8844:90298_1:19587396",8e-16
"15906","HISEQ13:138:C6FWNANXX:2:2107:20179:86133_1:84349362",8e-16
"15907","HISEQ13:138:C6FWNANXX:2:2311:4906:24229_1:137431841",8e-16
"15908","HISEQ13:138:C6FWNANXX:2:1113:16339:56505_1:19027154",8e-16
"15909","HISEQ13:138:C6FWNANXX:2:2303:8446:13882_1:125566697",8e-16
"15910","HISEQ13:138:C6FWNANXX:2:1105:3440:15577_1:6066775",8e-16
"15911","HISEQ13:138:C6FWNANXX:2:1108:19389:6819_1:10451285",8e-16
"15912","HISEQ13:138:C6FWNANXX:2:1305:2860:65040_1:56360960",8e-16
"15913","HISEQ13:138:C6FWNANXX:2:2101:2997:28704_1:74940603",8e-16
"15914","HISEQ13:138:C6FWNANXX:2:1105:8365:98936_1:7319592",8.1e-16
"15915","HISEQ13:138:C6FWNANXX:2:1311:16632:64679_1:65606548",8.1e-16
"15916","HISEQ13:138:C6FWNANXX:2:1305:9453:100293_1:56894712",8.1e-16
"15917","HISEQ13:138:C6FWNANXX:2:1212:8291:65419_1:42302140",8.1e-16
"15918","HISEQ13:138:C6FWNANXX:2:1202:6570:74682_1:27324234",8.1e-16
"15919","HISEQ13:138:C6FWNANXX:2:2116:19632:17551_1:97155126",8.1e-16
"15920","HISEQ13:138:C6FWNANXX:2:2201:19694:31046_1:98942754",8.1e-16
"15921","HISEQ13:138:C6FWNANXX:2:2210:17186:13193_1:111662877",8.1e-16
"15922","HISEQ13:138:C6FWNANXX:2:2213:16875:3504_1:116131017",8.1e-16
"15923","HISEQ13:138:C6FWNANXX:2:1206:10809:96883_1:33531700",8.1e-16
"15924","HISEQ13:138:C6FWNANXX:2:1115:19504:8799_1:21543784",8.1e-16
"15925","HISEQ13:138:C6FWNANXX:2:1301:15416:15563_1:49770149",8.1e-16
"15926","HISEQ13:138:C6FWNANXX:2:2112:7818:17037_1:90796632",8.1e-16
"15927","HISEQ13:138:C6FWNANXX:2:1111:10574:64166_1:16034344",8.1e-16
"15928","HISEQ13:138:C6FWNANXX:2:1206:18063:4301_1:32134205",8.1e-16
"15929","HISEQ13:138:C6FWNANXX:2:1103:11000:91937_1:4255314",8.1e-16
"15930","HISEQ13:138:C6FWNANXX:2:1207:1388:36400_1:34110815",8.1e-16
"15931","HISEQ13:138:C6FWNANXX:2:2213:19836:44376_1:116783409",8.1e-16
"15932","HISEQ13:138:C6FWNANXX:2:2108:16560:80946_1:85756726",8.1e-16
"15933","HISEQ13:138:C6FWNANXX:2:2210:14129:9929_1:111612677",8.2e-16
"15934","HISEQ13:138:C6FWNANXX:2:1307:15261:2431_1:58416506",8.2e-16
"15935","HISEQ13:138:C6FWNANXX:2:1316:3134:77163_1:74148447",8.2e-16
"15936","HISEQ13:138:C6FWNANXX:2:2114:9720:52536_1:94495944",8.2e-16
"15937","HISEQ13:138:C6FWNANXX:2:2309:10295:2455_1:134068857",8.2e-16
"15938","HISEQ13:138:C6FWNANXX:2:2215:15839:65131_1:120347229",8.3e-16
"15939","HISEQ13:138:C6FWNANXX:2:1104:10769:68891_1:5383897",8.3e-16
"15940","HISEQ13:138:C6FWNANXX:2:2305:4284:24354_1:128540880",8.3e-16
"15941","HISEQ13:138:C6FWNANXX:2:1208:20917:39069_1:35666133",8.3e-16
"15942","HISEQ13:138:C6FWNANXX:2:1311:7607:86692_1:65964699",8.3e-16
"15943","HISEQ13:138:C6FWNANXX:2:1104:15376:72038_1:5433429",8.3e-16
"15944","HISEQ13:138:C6FWNANXX:2:1205:9841:91493_1:31956033",8.3e-16
"15945","HISEQ13:138:C6FWNANXX:2:2109:5245:10920_1:86190990",8.3e-16
"15946","HISEQ13:138:C6FWNANXX:2:2312:3522:73909_1:139777010",8.3e-16
"15947","HISEQ13:138:C6FWNANXX:2:2111:18565:61944_1:90006577",8.3e-16
"15948","HISEQ13:138:C6FWNANXX:2:1105:8773:45090_1:6510637",8.3e-16
"15949","HISEQ13:138:C6FWNANXX:2:1114:19678:49202_1:20555286",8.3e-16
"15950","HISEQ13:138:C6FWNANXX:2:1212:12803:31517_1:41753437",8.3e-16
"15951","HISEQ13:138:C6FWNANXX:2:1204:20603:96198_1:30550251",8.4e-16
"15952","HISEQ13:138:C6FWNANXX:2:1201:12913:74962_1:25877767",8.4e-16
"15953","HISEQ13:138:C6FWNANXX:2:1307:17714:4525_1:58451506",8.4e-16
"15954","HISEQ13:138:C6FWNANXX:2:1313:7881:63519_1:68839536",8.4e-16
"15955","HISEQ13:138:C6FWNANXX:2:2106:4470:42605_1:82235944",8.4e-16
"15956","HISEQ13:138:C6FWNANXX:2:2301:4230:21879_1:122885603",8.4e-16
"15957","HISEQ13:138:C6FWNANXX:2:1112:12697:65291_1:17544600",8.4e-16
"15958","HISEQ13:138:C6FWNANXX:2:1101:11254:100759_1:1461830",8.5e-16
"15959","HISEQ13:138:C6FWNANXX:2:2116:12509:42580_1:97567770",8.5e-16
"15960","HISEQ13:138:C6FWNANXX:2:2212:18656:59062_1:115440973",8.5e-16
"15961","HISEQ13:138:C6FWNANXX:2:1115:8133:96116_1:23021135",8.5e-16
"15962","HISEQ13:138:C6FWNANXX:2:1201:13656:32157_1:25248474",8.5e-16
"15963","HISEQ13:138:C6FWNANXX:2:1201:15992:26791_1:25171533",8.5e-16
"15964","HISEQ13:138:C6FWNANXX:2:1209:19295:91820_1:38024122",8.5e-16
"15965","HISEQ13:138:C6FWNANXX:2:1215:17381:100456_1:47848405",8.5e-16
"15966","HISEQ13:138:C6FWNANXX:2:2115:20937:93053_1:96767923",8.5e-16
"15967","HISEQ13:138:C6FWNANXX:2:2204:20719:6073_1:102813374",8.5e-16
"15968","HISEQ13:138:C6FWNANXX:2:2303:2576:81508_1:126526058",8.5e-16
"15969","HISEQ13:138:C6FWNANXX:2:1212:19961:38111_1:41860148",8.5e-16
"15970","HISEQ13:138:C6FWNANXX:2:2313:17312:61673_1:141170886",8.5e-16
"15971","HISEQ13:138:C6FWNANXX:2:1304:15862:36398_1:54450673",8.6e-16
"15972","HISEQ13:138:C6FWNANXX:2:2103:8723:40306_1:77922696",8.6e-16
"15973","HISEQ13:138:C6FWNANXX:2:2303:16075:79784_1:126503771",8.6e-16
"15974","HISEQ13:138:C6FWNANXX:2:1108:17678:30756_1:10821704",8.6e-16
"15975","HISEQ13:138:C6FWNANXX:2:2201:8821:12883_1:98680145",8.6e-16
"15976","HISEQ13:138:C6FWNANXX:2:1111:17114:69458_1:16125947",8.6e-16
"15977","HISEQ13:138:C6FWNANXX:2:2214:20560:53755_1:118538613",8.6e-16
"15978","HISEQ13:138:C6FWNANXX:2:1216:11787:10571_1:48004990",8.7e-16
"15979","HISEQ13:138:C6FWNANXX:2:1314:1322:2496_1:69467996",8.7e-16
"15980","HISEQ13:138:C6FWNANXX:2:2210:6199:59423_1:112367414",8.7e-16
"15981","HISEQ13:138:C6FWNANXX:2:1102:3217:59270_1:2306501",8.7e-16
"15982","HISEQ13:138:C6FWNANXX:2:2102:14789:22035_1:76255791",8.7e-16
"15983","HISEQ13:138:C6FWNANXX:2:2311:18103:96543_1:138575538",8.7e-16
"15984","HISEQ13:138:C6FWNANXX:2:2306:4660:38010_1:130181726",8.7e-16
"15985","HISEQ13:138:C6FWNANXX:2:1315:7304:63858_1:72198006",8.7e-16
"15986","HISEQ13:138:C6FWNANXX:2:1307:2400:84287_1:59675633",8.7e-16
"15987","HISEQ13:138:C6FWNANXX:2:1315:13648:46581_1:71902635",8.7e-16
"15988","HISEQ13:138:C6FWNANXX:2:2206:12210:100686_1:107045646",8.7e-16
"15989","HISEQ13:138:C6FWNANXX:2:2311:5354:20404_1:137372897",8.7e-16
"15990","HISEQ13:138:C6FWNANXX:2:2315:18735:69337_1:144538912",8.7e-16
"15991","HISEQ13:138:C6FWNANXX:2:1205:8650:74789_1:31708402",8.7e-16
"15992","HISEQ13:138:C6FWNANXX:2:2315:10005:6489_1:143497484",8.8e-16
"15993","HISEQ13:138:C6FWNANXX:2:1115:18413:58004_1:22376669",8.8e-16
"15994","HISEQ13:138:C6FWNANXX:2:1308:9510:65203_1:60908548",8.8e-16
"15995","HISEQ13:138:C6FWNANXX:2:2109:10913:75470_1:87173678",8.8e-16
"15996","HISEQ13:138:C6FWNANXX:2:1214:4006:7792_1:44613902",8.8e-16
"15997","HISEQ13:138:C6FWNANXX:2:2203:8772:8712_1:101435996",8.8e-16
"15998","HISEQ13:138:C6FWNANXX:2:1116:19748:8752_1:23224339",8.8e-16
"15999","HISEQ13:138:C6FWNANXX:2:2116:18849:53163_1:97741304",8.8e-16
"16000","HISEQ13:138:C6FWNANXX:2:2204:10306:14555_1:102929310",8.8e-16
"16001","HISEQ13:138:C6FWNANXX:2:1312:19552:25201_1:66577432",8.9e-16
"16002","HISEQ13:138:C6FWNANXX:2:1312:5137:35481_1:66741290",8.9e-16
"16003","HISEQ13:138:C6FWNANXX:2:2316:19255:96801_1:146661378",8.9e-16
"16004","HISEQ13:138:C6FWNANXX:2:1211:4501:64825_1:40723906",8.9e-16
"16005","HISEQ13:138:C6FWNANXX:2:2109:5180:93357_1:87445723",8.9e-16
"16006","HISEQ13:138:C6FWNANXX:2:2202:20810:56463_1:100707247",8.9e-16
"16007","HISEQ13:138:C6FWNANXX:2:2310:3536:10853_1:135704868",8.9e-16
"16008","HISEQ13:138:C6FWNANXX:2:2113:15614:93609_1:93561835",8.9e-16
"16009","HISEQ13:138:C6FWNANXX:2:2305:19524:99945_1:129641228",8.9e-16
"16010","HISEQ13:138:C6FWNANXX:2:2201:4930:39640_1:99060904",8.9e-16
"16011","HISEQ13:138:C6FWNANXX:2:2214:19500:94240_1:119198468",8.9e-16
"16012","HISEQ13:138:C6FWNANXX:2:2311:17174:67908_1:138119925",8.9e-16
"16013","HISEQ13:138:C6FWNANXX:2:2315:12124:48231_1:144188384",8.9e-16
"16014","HISEQ13:138:C6FWNANXX:2:2313:10417:51907_1:141011267",9e-16
"16015","HISEQ13:138:C6FWNANXX:2:2204:19992:98107_1:104131561",9e-16
"16016","HISEQ13:138:C6FWNANXX:2:2208:5538:49882_1:109222827",9e-16
"16017","HISEQ13:138:C6FWNANXX:2:1206:16896:29658_1:32514627",9e-16
"16018","HISEQ13:138:C6FWNANXX:2:1313:9342:56276_1:68719079",9e-16
"16019","HISEQ13:138:C6FWNANXX:2:2312:3553:58827_1:139538361",9e-16
"16020","HISEQ13:138:C6FWNANXX:2:2316:9405:68514_1:146182713",9e-16
"16021","HISEQ13:138:C6FWNANXX:2:1308:2219:59568_1:60821592",9e-16
"16022","HISEQ13:138:C6FWNANXX:2:1103:3075:22777_1:3230938",9.1e-16
"16023","HISEQ13:138:C6FWNANXX:2:2114:11958:62198_1:94652087",9.1e-16
"16024","HISEQ13:138:C6FWNANXX:2:1104:7180:41785_1:4980535",9.1e-16
"16025","HISEQ13:138:C6FWNANXX:2:1301:5431:36321_1:50074040",9.1e-16
"16026","HISEQ13:138:C6FWNANXX:2:2101:3373:70611_1:75538470",9.1e-16
"16027","HISEQ13:138:C6FWNANXX:2:2104:10639:50350_1:79479020",9.1e-16
"16028","HISEQ13:138:C6FWNANXX:2:2306:4168:10110_1:129770562",9.1e-16
"16029","HISEQ13:138:C6FWNANXX:2:2210:10371:15469_1:111695853",9.1e-16
"16030","HISEQ13:138:C6FWNANXX:2:2213:4950:99259_1:117665291",9.1e-16
"16031","HISEQ13:138:C6FWNANXX:2:2307:7138:3538_1:131129291",9.1e-16
"16032","HISEQ13:138:C6FWNANXX:2:1112:12955:32117_1:17006361",9.2e-16
"16033","HISEQ13:138:C6FWNANXX:2:2116:9143:79138_1:98165452",9.2e-16
"16034","HISEQ13:138:C6FWNANXX:2:2208:7114:42445_1:109110659",9.2e-16
"16035","HISEQ13:138:C6FWNANXX:2:2105:4550:25482_1:80543795",9.2e-16
"16036","HISEQ13:138:C6FWNANXX:2:1110:11550:52101_1:14265983",9.2e-16
"16037","HISEQ13:138:C6FWNANXX:2:1208:16772:93650_1:36509194",9.2e-16
"16038","HISEQ13:138:C6FWNANXX:2:2116:10493:92602_1:98388124",9.2e-16
"16039","HISEQ13:138:C6FWNANXX:2:2213:3965:87580_1:117476730",9.2e-16
"16040","HISEQ13:138:C6FWNANXX:2:1211:9536:96104_1:41229193",9.2e-16
"16041","HISEQ13:138:C6FWNANXX:2:2302:15846:49558_1:124673195",9.2e-16
"16042","HISEQ13:138:C6FWNANXX:2:1216:17366:73344_1:49093203",9.2e-16
"16043","HISEQ13:138:C6FWNANXX:2:2313:20629:30096_1:140661160",9.2e-16
"16044","HISEQ13:138:C6FWNANXX:2:1202:11956:79532_1:27398558",9.2e-16
"16045","HISEQ13:138:C6FWNANXX:2:2303:4923:47325_1:126042330",9.2e-16
"16046","HISEQ13:138:C6FWNANXX:2:1308:5416:66387_1:60927195",9.2e-16
"16047","HISEQ13:138:C6FWNANXX:2:1307:20878:18359_1:58663021",9.2e-16
"16048","HISEQ13:138:C6FWNANXX:2:1311:12841:30728_1:65054979",9.2e-16
"16049","HISEQ13:138:C6FWNANXX:2:2314:14269:83984_1:143147936",9.2e-16
"16050","HISEQ13:138:C6FWNANXX:2:2216:14319:43925_1:121641589",9.2e-16
"16051","HISEQ13:138:C6FWNANXX:2:1216:4279:61883_1:48889896",9.2e-16
"16052","HISEQ13:138:C6FWNANXX:2:1308:18080:14090_1:60118872",9.2e-16
"16053","HISEQ13:138:C6FWNANXX:2:2208:3629:14746_1:108695196",9.2e-16
"16054","HISEQ13:138:C6FWNANXX:2:1116:13254:27492_1:23541434",9.2e-16
"16055","HISEQ13:138:C6FWNANXX:2:1307:12541:43532_1:59049313",9.2e-16
"16056","HISEQ13:138:C6FWNANXX:2:2203:12423:30160_1:101743648",9.2e-16
"16057","HISEQ13:138:C6FWNANXX:2:1111:1729:52473_1:15836653",9.2e-16
"16058","HISEQ13:138:C6FWNANXX:2:1115:1528:23739_1:21789593",9.3e-16
"16059","HISEQ13:138:C6FWNANXX:2:1309:15968:23423_1:61806894",9.3e-16
"16060","HISEQ13:138:C6FWNANXX:2:2308:15454:57377_1:133407391",9.3e-16
"16061","HISEQ13:138:C6FWNANXX:2:2309:1649:23422_1:134386552",9.3e-16
"16062","HISEQ13:138:C6FWNANXX:2:2305:5300:35196_1:128696570",9.3e-16
"16063","HISEQ13:138:C6FWNANXX:2:1206:15080:15960_1:32307453",9.3e-16
"16064","HISEQ13:138:C6FWNANXX:2:2113:15228:29263_1:92533304",9.3e-16
"16065","HISEQ13:138:C6FWNANXX:2:1309:8955:74008_1:62608277",9.3e-16
"16066","HISEQ13:138:C6FWNANXX:2:2105:11672:76042_1:81279884",9.3e-16
"16067","HISEQ13:138:C6FWNANXX:2:2214:5700:13610_1:117879301",9.3e-16
"16068","HISEQ13:138:C6FWNANXX:2:2215:17990:29992_1:119766455",9.3e-16
"16069","HISEQ13:138:C6FWNANXX:2:2309:9317:76645_1:135200917",9.3e-16
"16070","HISEQ13:138:C6FWNANXX:2:1206:18766:20964_1:32382831",9.3e-16
"16071","HISEQ13:138:C6FWNANXX:2:1214:16136:88710_1:45971929",9.3e-16
"16072","HISEQ13:138:C6FWNANXX:2:2202:18899:64592_1:100824743",9.3e-16
"16073","HISEQ13:138:C6FWNANXX:2:2211:4986:84527_1:114289800",9.3e-16
"16074","HISEQ13:138:C6FWNANXX:2:2307:7700:15411_1:131303511",9.3e-16
"16075","HISEQ13:138:C6FWNANXX:2:2309:8033:68609_1:135078135",9.3e-16
"16076","HISEQ13:138:C6FWNANXX:2:1304:21303:88602_1:55233624",9.3e-16
"16077","HISEQ13:138:C6FWNANXX:2:1307:15385:68605_1:59435437",9.3e-16
"16078","HISEQ13:138:C6FWNANXX:2:1309:4254:44366_1:62135199",9.3e-16
"16079","HISEQ13:138:C6FWNANXX:2:1312:5698:23438_1:66546334",9.3e-16
"16080","HISEQ13:138:C6FWNANXX:2:2204:11732:42365_1:103328256",9.3e-16
"16081","HISEQ13:138:C6FWNANXX:2:2202:14854:24873_1:100260731",9.3e-16
"16082","HISEQ13:138:C6FWNANXX:2:2207:8917:90411_1:108353455",9.3e-16
"16083","HISEQ13:138:C6FWNANXX:2:2304:12255:90307_1:128068293",9.3e-16
"16084","HISEQ13:138:C6FWNANXX:2:2309:5328:48729_1:134769974",9.3e-16
"16085","HISEQ13:138:C6FWNANXX:2:2310:7951:15823_1:135782384",9.3e-16
"16086","HISEQ13:138:C6FWNANXX:2:2312:8522:69976_1:139713653",9.3e-16
"16087","HISEQ13:138:C6FWNANXX:2:2113:16879:34336_1:92613656",9.3e-16
"16088","HISEQ13:138:C6FWNANXX:2:1310:19110:84987_1:64344710",9.4e-16
"16089","HISEQ13:138:C6FWNANXX:2:2110:18467:87914_1:88872413",9.4e-16
"16090","HISEQ13:138:C6FWNANXX:2:2110:5614:25686_1:87920146",9.4e-16
"16091","HISEQ13:138:C6FWNANXX:2:2216:20810:30942_1:121423345",9.4e-16
"16092","HISEQ13:138:C6FWNANXX:2:2312:13868:61208_1:139575836",9.4e-16
"16093","HISEQ13:138:C6FWNANXX:2:1212:7396:70655_1:42387765",9.4e-16
"16094","HISEQ13:138:C6FWNANXX:2:1102:2756:64690_1:2383965",9.4e-16
"16095","HISEQ13:138:C6FWNANXX:2:2308:15850:56608_1:133396082",9.5e-16
"16096","HISEQ13:138:C6FWNANXX:2:1106:3962:73073_1:8433525",9.5e-16
"16097","HISEQ13:138:C6FWNANXX:2:1109:10582:16321_1:12139291",9.5e-16
"16098","HISEQ13:138:C6FWNANXX:2:1116:21171:19408_1:23404955",9.5e-16
"16099","HISEQ13:138:C6FWNANXX:2:1210:14763:47783_1:38884778",9.5e-16
"16100","HISEQ13:138:C6FWNANXX:2:1216:16279:41117_1:48533790",9.5e-16
"16101","HISEQ13:138:C6FWNANXX:2:1306:2864:78187_1:58063176",9.5e-16
"16102","HISEQ13:138:C6FWNANXX:2:1308:1324:45751_1:60607065",9.5e-16
"16103","HISEQ13:138:C6FWNANXX:2:2104:6556:12498_1:78931440",9.5e-16
"16104","HISEQ13:138:C6FWNANXX:2:2316:10961:77159_1:146325654",9.5e-16
"16105","HISEQ13:138:C6FWNANXX:2:1203:19933:24966_1:28049141",9.5e-16
"16106","HISEQ13:138:C6FWNANXX:2:1311:1404:54295_1:65437629",9.5e-16
"16107","HISEQ13:138:C6FWNANXX:2:1111:2656:34108_1:15542883",9.5e-16
"16108","HISEQ13:138:C6FWNANXX:2:1111:7668:100408_1:16691704",9.5e-16
"16109","HISEQ13:138:C6FWNANXX:2:1202:5304:93956_1:27606324",9.5e-16
"16110","HISEQ13:138:C6FWNANXX:2:1207:10665:58514_1:34449916",9.5e-16
"16111","HISEQ13:138:C6FWNANXX:2:2102:8945:31174_1:76382082",9.5e-16
"16112","HISEQ13:138:C6FWNANXX:2:1305:1536:20282_1:55689289",9.6e-16
"16113","HISEQ13:138:C6FWNANXX:2:2216:4224:33702_1:121465953",9.6e-16
"16114","HISEQ13:138:C6FWNANXX:2:1111:7960:54234_1:15866409",9.6e-16
"16115","HISEQ13:138:C6FWNANXX:2:1104:18893:16404_1:4602594",9.7e-16
"16116","HISEQ13:138:C6FWNANXX:2:1304:6720:52726_1:54692969",9.7e-16
"16117","HISEQ13:138:C6FWNANXX:2:1307:9797:14563_1:58603333",9.7e-16
"16118","HISEQ13:138:C6FWNANXX:2:2116:19792:47705_1:97651197",9.7e-16
"16119","HISEQ13:138:C6FWNANXX:2:2105:15533:36326_1:80705270",9.7e-16
"16120","HISEQ13:138:C6FWNANXX:2:1104:5957:69955_1:5397809",9.7e-16
"16121","HISEQ13:138:C6FWNANXX:2:1106:11874:98557_1:8822860",9.7e-16
"16122","HISEQ13:138:C6FWNANXX:2:2107:11527:26468_1:83458799",9.7e-16
"16123","HISEQ13:138:C6FWNANXX:2:2306:2011:54880_1:130428722",9.7e-16
"16124","HISEQ13:138:C6FWNANXX:2:2309:6714:52839_1:134834559",9.7e-16
"16125","HISEQ13:138:C6FWNANXX:2:1107:19432:12253_1:9018381",9.7e-16
"16126","HISEQ13:138:C6FWNANXX:2:2109:11269:5890_1:86116471",9.7e-16
"16127","HISEQ13:138:C6FWNANXX:2:2209:12709:65843_1:110961221",9.7e-16
"16128","HISEQ13:138:C6FWNANXX:2:1114:12228:39755_1:20398464",9.7e-16
"16129","HISEQ13:138:C6FWNANXX:2:1308:14887:11132_1:60072044",9.7e-16
"16130","HISEQ13:138:C6FWNANXX:2:1209:9228:82380_1:37873013",9.8e-16
"16131","HISEQ13:138:C6FWNANXX:2:1212:4511:41460_1:41909580",9.8e-16
"16132","HISEQ13:138:C6FWNANXX:2:2103:3245:30750_1:77786258",9.8e-16
"16133","HISEQ13:138:C6FWNANXX:2:2115:15880:59504_1:96219382",9.8e-16
"16134","HISEQ13:138:C6FWNANXX:2:2207:7037:53567_1:107807264",9.8e-16
"16135","HISEQ13:138:C6FWNANXX:2:1102:8613:90730_1:2770223",9.8e-16
"16136","HISEQ13:138:C6FWNANXX:2:1202:16170:31236_1:26688497",9.8e-16
"16137","HISEQ13:138:C6FWNANXX:2:1101:2008:16905_1:219764",9.8e-16
"16138","HISEQ13:138:C6FWNANXX:2:1305:15261:64681_1:56355708",9.9e-16
"16139","HISEQ13:138:C6FWNANXX:2:2201:1295:14251_1:98700379",9.9e-16
"16140","HISEQ13:138:C6FWNANXX:2:2212:4174:77190_1:115724171",9.9e-16
"16141","HISEQ13:138:C6FWNANXX:2:1207:10884:52074_1:34351546",9.9e-16
"16142","HISEQ13:138:C6FWNANXX:2:1307:20555:63137_1:59351919",9.9e-16
"16143","HISEQ13:138:C6FWNANXX:2:2210:12654:9118_1:111600987",9.9e-16
"16144","HISEQ13:138:C6FWNANXX:2:2314:13733:69232_1:142905658",9.9e-16
"16145","HISEQ13:138:C6FWNANXX:2:1315:11943:46551_1:71902244",9.9e-16
"16146","HISEQ13:138:C6FWNANXX:2:2315:2826:89798_1:144873059",9.9e-16
"16147","HISEQ13:138:C6FWNANXX:2:1209:14011:31144_1:37073311",1e-15
"16148","HISEQ13:138:C6FWNANXX:2:1316:20023:80232_1:74204876",1e-15
"16149","HISEQ13:138:C6FWNANXX:2:2114:11810:64181_1:94685204",1e-15
"16150","HISEQ13:138:C6FWNANXX:2:2210:19707:88604_1:112815465",1e-15
"16151","HISEQ13:138:C6FWNANXX:2:1203:4190:55775_1:28500916",1e-15
"16152","HISEQ13:138:C6FWNANXX:2:2216:12414:23376_1:121295166",1e-15
"16153","HISEQ13:138:C6FWNANXX:2:1202:7749:48895_1:26946613",1e-15
"16154","HISEQ13:138:C6FWNANXX:2:2108:4929:46048_1:85228886",1e-15
"16155","HISEQ13:138:C6FWNANXX:2:1216:20153:67120_1:48984658",1e-15
"16156","HISEQ13:138:C6FWNANXX:2:1307:10358:44127_1:59056449",1e-15
"16157","HISEQ13:138:C6FWNANXX:2:2204:19063:19519_1:103003746",1e-15
"16158","HISEQ13:138:C6FWNANXX:2:2210:20381:83391_1:112735179",1e-15
"16159","HISEQ13:138:C6FWNANXX:2:2216:17210:35970_1:121506359",1e-15
"16160","HISEQ13:138:C6FWNANXX:2:2109:4170:20513_1:86339202",1e-15
"16161","HISEQ13:138:C6FWNANXX:2:1306:9610:78653_1:58071492",1e-15
"16162","HISEQ13:138:C6FWNANXX:2:2308:20376:89928_1:133899121",1e-15
"16163","HISEQ13:138:C6FWNANXX:2:2209:12790:22635_1:110305236",1e-15
"16164","HISEQ13:138:C6FWNANXX:2:1206:16358:56231_1:32917172",1e-15
"16165","HISEQ13:138:C6FWNANXX:2:2309:1400:15925_1:134272330",1e-15
"16166","HISEQ13:138:C6FWNANXX:2:1309:12001:9304_1:61586137",1e-15
"16167","HISEQ13:138:C6FWNANXX:2:2307:9831:95561_1:132494819",1e-15
"16168","HISEQ13:138:C6FWNANXX:2:1106:18061:36639_1:7878603",1e-15
"16169","HISEQ13:138:C6FWNANXX:2:1311:4362:98765_1:66164229",1e-15
"16170","HISEQ13:138:C6FWNANXX:2:2113:14048:48239_1:92832156",1e-15
"16171","HISEQ13:138:C6FWNANXX:2:2311:4604:22987_1:137412174",1e-15
"16172","HISEQ13:138:C6FWNANXX:2:1208:10267:73018_1:36190119",1e-15
"16173","HISEQ13:138:C6FWNANXX:2:2313:18054:57909_1:141110649",1e-15
"16174","HISEQ13:138:C6FWNANXX:2:1302:21176:28393_1:51410761",1e-15
"16175","HISEQ13:138:C6FWNANXX:2:1115:14707:2701_1:21436540",1e-15
"16176","HISEQ13:138:C6FWNANXX:2:2111:10983:89843_1:90478096",1e-15
"16177","HISEQ13:138:C6FWNANXX:2:1102:11547:41866_1:2050037",1e-15
"16178","HISEQ13:138:C6FWNANXX:2:1116:15920:38606_1:23734774",1e-15
"16179","HISEQ13:138:C6FWNANXX:2:2116:4461:35685_1:97450202",1e-15
"16180","HISEQ13:138:C6FWNANXX:2:2108:8519:55556_1:85372922",1e-15
"16181","HISEQ13:138:C6FWNANXX:2:1312:1906:37288_1:66773210",1e-15
"16182","HISEQ13:138:C6FWNANXX:2:2104:14978:90107_1:80052354",1e-15
"16183","HISEQ13:138:C6FWNANXX:2:1301:10225:26253_1:49928268",1e-15
"16184","HISEQ13:138:C6FWNANXX:2:1110:12684:31140_1:13934429",1e-15
"16185","HISEQ13:138:C6FWNANXX:2:2312:18971:95367_1:140122998",1e-15
"16186","HISEQ13:138:C6FWNANXX:2:1111:9104:49862_1:15797389",1e-15
"16187","HISEQ13:138:C6FWNANXX:2:1307:11800:79190_1:59596498",1e-15
"16188","HISEQ13:138:C6FWNANXX:2:1309:21321:18952_1:61737018",1e-15
"16189","HISEQ13:138:C6FWNANXX:2:2101:17198:70332_1:75537403",1e-15
"16190","HISEQ13:138:C6FWNANXX:2:2106:12509:84945_1:82860015",1e-15
"16191","HISEQ13:138:C6FWNANXX:2:2207:3059:33534_1:107512183",1e-15
"16192","HISEQ13:138:C6FWNANXX:2:2307:7682:29926_1:131518568",1e-15
"16193","HISEQ13:138:C6FWNANXX:2:1305:17019:75255_1:56517918",1e-15
"16194","HISEQ13:138:C6FWNANXX:2:1309:11786:81390_1:62723321",1e-15
"16195","HISEQ13:138:C6FWNANXX:2:2212:20838:6259_1:114620616",1e-15
"16196","HISEQ13:138:C6FWNANXX:2:2213:4950:99259_1:117665290",1e-15
"16197","HISEQ13:138:C6FWNANXX:2:2308:16525:88169_1:133871743",1e-15
"16198","HISEQ13:138:C6FWNANXX:2:1305:18528:58052_1:56259466",1e-15
"16199","HISEQ13:138:C6FWNANXX:2:1302:15511:52573_1:51767121",1e-15
"16200","HISEQ13:138:C6FWNANXX:2:1303:6328:17217_1:52699046",1e-15
"16201","HISEQ13:138:C6FWNANXX:2:2107:9922:8534_1:83194223",1e-15
"16202","HISEQ13:138:C6FWNANXX:2:2211:10050:17301_1:113238495",1e-15
"16203","HISEQ13:138:C6FWNANXX:2:2313:17312:61673_1:141170885",1e-15
"16204","HISEQ13:138:C6FWNANXX:2:1207:16281:70892_1:34638534",1e-15
"16205","HISEQ13:138:C6FWNANXX:2:2114:1404:23024_1:94016987",1e-15
"16206","HISEQ13:138:C6FWNANXX:2:2309:15198:31894_1:134517980",1e-15
"16207","HISEQ13:138:C6FWNANXX:2:1215:5092:42093_1:46856183",1e-15
"16208","HISEQ13:138:C6FWNANXX:2:1315:13034:9866_1:71276014",1e-15
"16209","HISEQ13:138:C6FWNANXX:2:2116:8619:21653_1:97218079",1e-15
"16210","HISEQ13:138:C6FWNANXX:2:2210:4080:82171_1:112713172",1e-15
"16211","HISEQ13:138:C6FWNANXX:2:1207:19270:11030_1:33732837",1e-15
"16212","HISEQ13:138:C6FWNANXX:2:2110:5757:16869_1:87786067",1e-15
"16213","HISEQ13:138:C6FWNANXX:2:1108:7975:13879_1:10557069",1e-15
"16214","HISEQ13:138:C6FWNANXX:2:1304:14576:8815_1:54042210",1e-15
"16215","HISEQ13:138:C6FWNANXX:2:1310:3447:64020_1:64014291",1e-15
"16216","HISEQ13:138:C6FWNANXX:2:2114:5661:39482_1:94279940",1e-15
"16217","HISEQ13:138:C6FWNANXX:2:2213:7495:12717_1:116273624",1e-15
"16218","HISEQ13:138:C6FWNANXX:2:2214:5700:13610_1:117879302",1e-15
"16219","HISEQ13:138:C6FWNANXX:2:1312:15685:14953_1:66409006",1e-15
"16220","HISEQ13:138:C6FWNANXX:2:2314:7126:94648_1:143322969",1e-15
"16221","HISEQ13:138:C6FWNANXX:2:2114:11963:12907_1:93853212",1e-15
"16222","HISEQ13:138:C6FWNANXX:2:2104:18852:91769_1:80078478",1.1e-15
"16223","HISEQ13:138:C6FWNANXX:2:2201:16364:45048_1:99140884",1.1e-15
"16224","HISEQ13:138:C6FWNANXX:2:1303:2512:44709_1:53105951",1.1e-15
"16225","HISEQ13:138:C6FWNANXX:2:1107:8889:40984_1:9452371",1.1e-15
"16226","HISEQ13:138:C6FWNANXX:2:1308:5422:58193_1:60798442",1.1e-15
"16227","HISEQ13:138:C6FWNANXX:2:2211:6648:35732_1:113523929",1.1e-15
"16228","HISEQ13:138:C6FWNANXX:2:2316:18271:59342_1:146028267",1.1e-15
"16229","HISEQ13:138:C6FWNANXX:2:1307:6036:74697_1:59526282",1.1e-15
"16230","HISEQ13:138:C6FWNANXX:2:2305:15118:87739_1:129461959",1.1e-15
"16231","HISEQ13:138:C6FWNANXX:2:1111:4793:83865_1:16381981",1.1e-15
"16232","HISEQ13:138:C6FWNANXX:2:1114:15304:26532_1:20177568",1.1e-15
"16233","HISEQ13:138:C6FWNANXX:2:2102:19358:88031_1:77196441",1.1e-15
"16234","HISEQ13:138:C6FWNANXX:2:2107:11821:94949_1:84478441",1.1e-15
"16235","HISEQ13:138:C6FWNANXX:2:2205:14014:34538_1:104639935",1.1e-15
"16236","HISEQ13:138:C6FWNANXX:2:1216:19753:45964_1:48616008",1.1e-15
"16237","HISEQ13:138:C6FWNANXX:2:1305:11962:76413_1:56532068",1.1e-15
"16238","HISEQ13:138:C6FWNANXX:2:1115:19914:56936_1:22355803",1.1e-15
"16239","HISEQ13:138:C6FWNANXX:2:2213:14976:80836_1:117370089",1.1e-15
"16240","HISEQ13:138:C6FWNANXX:2:1214:11396:29202_1:44970754",1.1e-15
"16241","HISEQ13:138:C6FWNANXX:2:1105:8450:37241_1:6390432",1.1e-15
"16242","HISEQ13:138:C6FWNANXX:2:1308:9450:23370_1:60259384",1.1e-15
"16243","HISEQ13:138:C6FWNANXX:2:1208:9002:77741_1:36259260",1.1e-15
"16244","HISEQ13:138:C6FWNANXX:2:1313:9289:58434_1:68752397",1.1e-15
"16245","HISEQ13:138:C6FWNANXX:2:2314:16401:9144_1:141920282",1.1e-15
"16246","HISEQ13:138:C6FWNANXX:2:2306:4575:32933_1:130104652",1.1e-15
"16247","HISEQ13:138:C6FWNANXX:2:1110:3398:8614_1:13576967",1.1e-15
"16248","HISEQ13:138:C6FWNANXX:2:1116:19749:63500_1:24159294",1.1e-15
"16249","HISEQ13:138:C6FWNANXX:2:2301:3183:86162_1:123790907",1.1e-15
"16250","HISEQ13:138:C6FWNANXX:2:2104:16976:91824_1:80078074",1.1e-15
"16251","HISEQ13:138:C6FWNANXX:2:2314:12655:63476_1:142810420",1.1e-15
"16252","HISEQ13:138:C6FWNANXX:2:1101:9551:74791_1:1077946",1.1e-15
"16253","HISEQ13:138:C6FWNANXX:2:1115:14519:46815_1:22184826",1.1e-15
"16254","HISEQ13:138:C6FWNANXX:2:2102:2558:74871_1:77003073",1.1e-15
"16255","HISEQ13:138:C6FWNANXX:2:2207:17511:55758_1:107842936",1.1e-15
"16256","HISEQ13:138:C6FWNANXX:2:2212:3895:9353_1:114660790",1.1e-15
"16257","HISEQ13:138:C6FWNANXX:2:2312:7005:54469_1:139467727",1.1e-15
"16258","HISEQ13:138:C6FWNANXX:2:1103:4235:19527_1:3182686",1.1e-15
"16259","HISEQ13:138:C6FWNANXX:2:1112:10481:77034_1:17737114",1.1e-15
"16260","HISEQ13:138:C6FWNANXX:2:1113:6760:10877_1:18272702",1.1e-15
"16261","HISEQ13:138:C6FWNANXX:2:2114:15422:66296_1:94722649",1.1e-15
"16262","HISEQ13:138:C6FWNANXX:2:2210:16772:7645_1:111578960",1.1e-15
"16263","HISEQ13:138:C6FWNANXX:2:2215:2593:56445_1:120199294",1.1e-15
"16264","HISEQ13:138:C6FWNANXX:2:2313:5940:14166_1:140401250",1.1e-15
"16265","HISEQ13:138:C6FWNANXX:2:1104:20670:53080_1:5150515",1.1e-15
"16266","HISEQ13:138:C6FWNANXX:2:2112:5217:79570_1:91761178",1.1e-15
"16267","HISEQ13:138:C6FWNANXX:2:2115:11768:99677_1:96873773",1.1e-15
"16268","HISEQ13:138:C6FWNANXX:2:2308:3820:74071_1:133658312",1.1e-15
"16269","HISEQ13:138:C6FWNANXX:2:2308:6900:15748_1:132776592",1.1e-15
"16270","HISEQ13:138:C6FWNANXX:2:2206:19441:95427_1:106969757",1.1e-15
"16271","HISEQ13:138:C6FWNANXX:2:1316:9965:10279_1:72984668",1.1e-15
"16272","HISEQ13:138:C6FWNANXX:2:2105:17414:9963_1:80321639",1.1e-15
"16273","HISEQ13:138:C6FWNANXX:2:2205:2023:83690_1:105347494",1.1e-15
"16274","HISEQ13:138:C6FWNANXX:2:2308:6995:21117_1:132859428",1.1e-15
"16275","HISEQ13:138:C6FWNANXX:2:1112:5747:48016_1:17263835",1.1e-15
"16276","HISEQ13:138:C6FWNANXX:2:2312:12678:91838_1:140065932",1.1e-15
"16277","HISEQ13:138:C6FWNANXX:2:2101:2799:77406_1:75634397",1.1e-15
"16278","HISEQ13:138:C6FWNANXX:2:2107:17775:59015_1:83945418",1.1e-15
"16279","HISEQ13:138:C6FWNANXX:2:2303:15261:60647_1:126231765",1.1e-15
"16280","HISEQ13:138:C6FWNANXX:2:2306:14651:48595_1:130338544",1.1e-15
"16281","HISEQ13:138:C6FWNANXX:2:1116:9097:59839_1:24097134",1.1e-15
"16282","HISEQ13:138:C6FWNANXX:2:2114:4279:25997_1:94062287",1.1e-15
"16283","HISEQ13:138:C6FWNANXX:2:2315:8437:25835_1:143819591",1.1e-15
"16284","HISEQ13:138:C6FWNANXX:2:2105:5976:92421_1:81516398",1.1e-15
"16285","HISEQ13:138:C6FWNANXX:2:2308:11203:18929_1:132826638",1.1e-15
"16286","HISEQ13:138:C6FWNANXX:2:1111:1862:23014_1:15368203",1.1e-15
"16287","HISEQ13:138:C6FWNANXX:2:1115:13190:77365_1:22701027",1.1e-15
"16288","HISEQ13:138:C6FWNANXX:2:1103:9909:43516_1:3539161",1.1e-15
"16289","HISEQ13:138:C6FWNANXX:2:1107:4252:55397_1:9674298",1.1e-15
"16290","HISEQ13:138:C6FWNANXX:2:2105:21198:12440_1:80358566",1.1e-15
"16291","HISEQ13:138:C6FWNANXX:2:1106:4724:98384_1:8817675",1.1e-15
"16292","HISEQ13:138:C6FWNANXX:2:2111:5778:42366_1:89692754",1.1e-15
"16293","HISEQ13:138:C6FWNANXX:2:1111:19579:88202_1:16462953",1.1e-15
"16294","HISEQ13:138:C6FWNANXX:2:2210:17385:30596_1:111929543",1.1e-15
"16295","HISEQ13:138:C6FWNANXX:2:1308:9917:18118_1:60178681",1.1e-15
"16296","HISEQ13:138:C6FWNANXX:2:2102:19576:37523_1:76476580",1.1e-15
"16297","HISEQ13:138:C6FWNANXX:2:2204:21111:28162_1:103125904",1.1e-15
"16298","HISEQ13:138:C6FWNANXX:2:2116:8504:35925_1:97455291",1.1e-15
"16299","HISEQ13:138:C6FWNANXX:2:2310:8249:70361_1:136621389",1.1e-15
"16300","HISEQ13:138:C6FWNANXX:2:2101:16656:9327_1:74667784",1.1e-15
"16301","HISEQ13:138:C6FWNANXX:2:2115:17409:71242_1:96407608",1.1e-15
"16302","HISEQ13:138:C6FWNANXX:2:2116:16557:26233_1:97295292",1.1e-15
"16303","HISEQ13:138:C6FWNANXX:2:2303:7123:2630_1:125405962",1.1e-15
"16304","HISEQ13:138:C6FWNANXX:2:2309:19942:17362_1:134298754",1.1e-15
"16305","HISEQ13:138:C6FWNANXX:2:1108:3677:80121_1:11587691",1.1e-15
"16306","HISEQ13:138:C6FWNANXX:2:1109:7906:37811_1:12477011",1.1e-15
"16307","HISEQ13:138:C6FWNANXX:2:1202:12027:27396_1:26632452",1.1e-15
"16308","HISEQ13:138:C6FWNANXX:2:1212:16238:37359_1:41847354",1.1e-15
"16309","HISEQ13:138:C6FWNANXX:2:2106:20368:21925_1:81934848",1.1e-15
"16310","HISEQ13:138:C6FWNANXX:2:2115:17409:71242_1:96407609",1.1e-15
"16311","HISEQ13:138:C6FWNANXX:2:2205:5100:70589_1:105158847",1.1e-15
"16312","HISEQ13:138:C6FWNANXX:2:2208:8381:85795_1:109766320",1.1e-15
"16313","HISEQ13:138:C6FWNANXX:2:2209:15950:42292_1:110604767",1.1e-15
"16314","HISEQ13:138:C6FWNANXX:2:2212:15479:69446_1:115602319",1.1e-15
"16315","HISEQ13:138:C6FWNANXX:2:1312:11809:73320_1:67364862",1.1e-15
"16316","HISEQ13:138:C6FWNANXX:2:2310:5957:64527_1:136533977",1.1e-15
"16317","HISEQ13:138:C6FWNANXX:2:1106:5692:42174_1:7959876",1.1e-15
"16318","HISEQ13:138:C6FWNANXX:2:2105:15064:89541_1:81478130",1.1e-15
"16319","HISEQ13:138:C6FWNANXX:2:1215:10924:43408_1:46878790",1.1e-15
"16320","HISEQ13:138:C6FWNANXX:2:1106:1883:26598_1:7723638",1.1e-15
"16321","HISEQ13:138:C6FWNANXX:2:1104:9427:27587_1:4768607",1.1e-15
"16322","HISEQ13:138:C6FWNANXX:2:2303:15017:28947_1:125780614",1.1e-15
"16323","HISEQ13:138:C6FWNANXX:2:2314:6858:98520_1:143388622",1.1e-15
"16324","HISEQ13:138:C6FWNANXX:2:2207:19516:13497_1:107218143",1.1e-15
"16325","HISEQ13:138:C6FWNANXX:2:2306:1945:38895_1:130192484",1.1e-15
"16326","HISEQ13:138:C6FWNANXX:2:2301:10170:29416_1:122992862",1.1e-15
"16327","HISEQ13:138:C6FWNANXX:2:2301:19082:5343_1:122654939",1.1e-15
"16328","HISEQ13:138:C6FWNANXX:2:2212:20838:6259_1:114620615",1.1e-15
"16329","HISEQ13:138:C6FWNANXX:2:1205:12086:47921_1:31304650",1.2e-15
"16330","HISEQ13:138:C6FWNANXX:2:1211:13640:82495_1:41007384",1.2e-15
"16331","HISEQ13:138:C6FWNANXX:2:2214:12969:55983_1:118570008",1.2e-15
"16332","HISEQ13:138:C6FWNANXX:2:1108:16093:89338_1:11735404",1.2e-15
"16333","HISEQ13:138:C6FWNANXX:2:2313:8826:76044_1:141404243",1.2e-15
"16334","HISEQ13:138:C6FWNANXX:2:1116:5339:83566_1:24506723",1.2e-15
"16335","HISEQ13:138:C6FWNANXX:2:1313:13098:16253_1:68055341",1.2e-15
"16336","HISEQ13:138:C6FWNANXX:2:1204:21343:84368_1:30376227",1.2e-15
"16337","HISEQ13:138:C6FWNANXX:2:1202:10762:8928_1:26360546",1.2e-15
"16338","HISEQ13:138:C6FWNANXX:2:2104:7884:24540_1:79107891",1.2e-15
"16339","HISEQ13:138:C6FWNANXX:2:2203:20894:13928_1:101513202",1.2e-15
"16340","HISEQ13:138:C6FWNANXX:2:2216:19997:5542_1:121000435",1.2e-15
"16341","HISEQ13:138:C6FWNANXX:2:2303:13762:94719_1:126712697",1.2e-15
"16342","HISEQ13:138:C6FWNANXX:2:2104:14628:44390_1:79393410",1.2e-15
"16343","HISEQ13:138:C6FWNANXX:2:1111:16595:55964_1:15897104",1.2e-15
"16344","HISEQ13:138:C6FWNANXX:2:2306:15327:27138_1:130022125",1.2e-15
"16345","HISEQ13:138:C6FWNANXX:2:1113:12734:47700_1:18877258",1.2e-15
"16346","HISEQ13:138:C6FWNANXX:2:1115:1617:49527_1:22228505",1.2e-15
"16347","HISEQ13:138:C6FWNANXX:2:2106:14920:93065_1:82981539",1.2e-15
"16348","HISEQ13:138:C6FWNANXX:2:2301:10994:71406_1:123584301",1.2e-15
"16349","HISEQ13:138:C6FWNANXX:2:1207:5345:67004_1:34578682",1.2e-15
"16350","HISEQ13:138:C6FWNANXX:2:2204:18826:89724_1:104008811",1.2e-15
"16351","HISEQ13:138:C6FWNANXX:2:1205:12266:49543_1:31331241",1.2e-15
"16352","HISEQ13:138:C6FWNANXX:2:1201:6433:4198_1:24834831",1.2e-15
"16353","HISEQ13:138:C6FWNANXX:2:1314:15882:54289_1:70352763",1.2e-15
"16354","HISEQ13:138:C6FWNANXX:2:1105:1413:73285_1:6932424",1.2e-15
"16355","HISEQ13:138:C6FWNANXX:2:1212:14222:28327_1:41701071",1.2e-15
"16356","HISEQ13:138:C6FWNANXX:2:1213:9689:24952_1:43259199",1.2e-15
"16357","HISEQ13:138:C6FWNANXX:2:2107:4917:41704_1:83682860",1.2e-15
"16358","HISEQ13:138:C6FWNANXX:2:2213:2576:100390_1:117681152",1.2e-15
"16359","HISEQ13:138:C6FWNANXX:2:2209:14015:13414_1:110164706",1.2e-15
"16360","HISEQ13:138:C6FWNANXX:2:2303:12657:34984_1:125865202",1.2e-15
"16361","HISEQ13:138:C6FWNANXX:2:2304:11390:8223_1:126888126",1.2e-15
"16362","HISEQ13:138:C6FWNANXX:2:1301:12942:23040_1:49880447",1.2e-15
"16363","HISEQ13:138:C6FWNANXX:2:2212:14595:73397_1:115665959",1.2e-15
"16364","HISEQ13:138:C6FWNANXX:2:2216:9077:58039_1:121881582",1.2e-15
"16365","HISEQ13:138:C6FWNANXX:2:1207:8369:38246_1:34138224",1.2e-15
"16366","HISEQ13:138:C6FWNANXX:2:2206:12522:18676_1:105843162",1.2e-15
"16367","HISEQ13:138:C6FWNANXX:2:2309:2978:65819_1:135034344",1.2e-15
"16368","HISEQ13:138:C6FWNANXX:2:2310:7195:43691_1:136211103",1.2e-15
"16369","HISEQ13:138:C6FWNANXX:2:2315:15067:14278_1:143629818",1.2e-15
"16370","HISEQ13:138:C6FWNANXX:2:2115:10060:82126_1:96584682",1.2e-15
"16371","HISEQ13:138:C6FWNANXX:2:2216:8511:79143_1:122238325",1.2e-15
"16372","HISEQ13:138:C6FWNANXX:2:1106:4639:62319_1:8269215",1.2e-15
"16373","HISEQ13:138:C6FWNANXX:2:1301:5208:89760_1:50859820",1.2e-15
"16374","HISEQ13:138:C6FWNANXX:2:2210:5752:85288_1:112762717",1.2e-15
"16375","HISEQ13:138:C6FWNANXX:2:2308:2647:2945_1:132584242",1.2e-15
"16376","HISEQ13:138:C6FWNANXX:2:1114:10349:10575_1:19908006",1.2e-15
"16377","HISEQ13:138:C6FWNANXX:2:1204:9627:70327_1:30165774",1.2e-15
"16378","HISEQ13:138:C6FWNANXX:2:1302:20084:70610_1:52032175",1.2e-15
"16379","HISEQ13:138:C6FWNANXX:2:2315:9440:99430_1:145033509",1.2e-15
"16380","HISEQ13:138:C6FWNANXX:2:1312:11806:56958_1:67094014",1.2e-15
"16381","HISEQ13:138:C6FWNANXX:2:2104:15773:4396_1:78817394",1.2e-15
"16382","HISEQ13:138:C6FWNANXX:2:1108:4361:57260_1:11231610",1.2e-15
"16383","HISEQ13:138:C6FWNANXX:2:1114:17340:27909_1:20198733",1.2e-15
"16384","HISEQ13:138:C6FWNANXX:2:2316:19048:29443_1:145521605",1.2e-15
"16385","HISEQ13:138:C6FWNANXX:2:1211:14155:89585_1:41124371",1.2e-15
"16386","HISEQ13:138:C6FWNANXX:2:1210:8601:58864_1:39056260",1.2e-15
"16387","HISEQ13:138:C6FWNANXX:2:2313:13798:64100_1:141210934",1.2e-15
"16388","HISEQ13:138:C6FWNANXX:2:1109:3034:84935_1:13219862",1.2e-15
"16389","HISEQ13:138:C6FWNANXX:2:2308:11203:18929_1:132826639",1.2e-15
"16390","HISEQ13:138:C6FWNANXX:2:1213:4785:89986_1:44332924",1.2e-15
"16391","HISEQ13:138:C6FWNANXX:2:2301:2912:20741_1:122867747",1.2e-15
"16392","HISEQ13:138:C6FWNANXX:2:2310:17437:34725_1:136074345",1.2e-15
"16393","HISEQ13:138:C6FWNANXX:2:2110:4552:90908_1:88915965",1.2e-15
"16394","HISEQ13:138:C6FWNANXX:2:1113:5485:84817_1:19494785",1.2e-15
"16395","HISEQ13:138:C6FWNANXX:2:2304:7426:49016_1:127474949",1.2e-15
"16396","HISEQ13:138:C6FWNANXX:2:1212:16885:19173_1:41552375",1.2e-15
"16397","HISEQ13:138:C6FWNANXX:2:2213:17521:83631_1:117415169",1.2e-15
"16398","HISEQ13:138:C6FWNANXX:2:1302:1932:83816_1:52224485",1.2e-15
"16399","HISEQ13:138:C6FWNANXX:2:2305:6446:76125_1:129293209",1.2e-15
"16400","HISEQ13:138:C6FWNANXX:2:1102:10091:15434_1:1660640",1.2e-15
"16401","HISEQ13:138:C6FWNANXX:2:1304:16680:23629_1:54261751",1.2e-15
"16402","HISEQ13:138:C6FWNANXX:2:2115:20452:99892_1:96879396",1.2e-15
"16403","HISEQ13:138:C6FWNANXX:2:2308:3764:90240_1:133899780",1.2e-15
"16404","HISEQ13:138:C6FWNANXX:2:1207:12718:74473_1:34691559",1.2e-15
"16405","HISEQ13:138:C6FWNANXX:2:1214:16742:65576_1:45585559",1.2e-15
"16406","HISEQ13:138:C6FWNANXX:2:1303:8601:66124_1:53424699",1.2e-15
"16407","HISEQ13:138:C6FWNANXX:2:2107:11887:18335_1:83339768",1.2e-15
"16408","HISEQ13:138:C6FWNANXX:2:1214:4400:95717_1:46087241",1.2e-15
"16409","HISEQ13:138:C6FWNANXX:2:2205:5121:39299_1:104707343",1.2e-15
"16410","HISEQ13:138:C6FWNANXX:2:2210:10727:68103_1:112500710",1.2e-15
"16411","HISEQ13:138:C6FWNANXX:2:2305:20680:12449_1:128370369",1.2e-15
"16412","HISEQ13:138:C6FWNANXX:2:2205:19344:23011_1:104476517",1.2e-15
"16413","HISEQ13:138:C6FWNANXX:2:2208:5026:64260_1:109440846",1.2e-15
"16414","HISEQ13:138:C6FWNANXX:2:2316:8648:36163_1:145634295",1.2e-15
"16415","HISEQ13:138:C6FWNANXX:2:1114:20262:100663_1:21422682",1.3e-15
"16416","HISEQ13:138:C6FWNANXX:2:1314:17813:80822_1:70804001",1.3e-15
"16417","HISEQ13:138:C6FWNANXX:2:2214:5651:81736_1:118991266",1.3e-15
"16418","HISEQ13:138:C6FWNANXX:2:2215:16393:88642_1:120736447",1.3e-15
"16419","HISEQ13:138:C6FWNANXX:2:2308:14368:83453_1:133799817",1.3e-15
"16420","HISEQ13:138:C6FWNANXX:2:1111:10425:23751_1:15381618",1.3e-15
"16421","HISEQ13:138:C6FWNANXX:2:2108:4569:9936_1:84684785",1.3e-15
"16422","HISEQ13:138:C6FWNANXX:2:1116:2642:31369_1:23607797",1.3e-15
"16423","HISEQ13:138:C6FWNANXX:2:1314:10458:80528_1:70798016",1.3e-15
"16424","HISEQ13:138:C6FWNANXX:2:2110:4238:44304_1:88206682",1.3e-15
"16425","HISEQ13:138:C6FWNANXX:2:2112:14996:70084_1:91611475",1.3e-15
"16426","HISEQ13:138:C6FWNANXX:2:2204:17654:34435_1:103214920",1.3e-15
"16427","HISEQ13:138:C6FWNANXX:2:2304:2329:48868_1:127470490",1.3e-15
"16428","HISEQ13:138:C6FWNANXX:2:2103:3374:52323_1:78091917",1.3e-15
"16429","HISEQ13:138:C6FWNANXX:2:1216:6824:90799_1:49395725",1.3e-15
"16430","HISEQ13:138:C6FWNANXX:2:2106:14229:61322_1:82515277",1.3e-15
"16431","HISEQ13:138:C6FWNANXX:2:2315:12124:48231_1:144188385",1.3e-15
"16432","HISEQ13:138:C6FWNANXX:2:1212:10233:56906_1:42163680",1.3e-15
"16433","HISEQ13:138:C6FWNANXX:2:2109:15600:59560_1:86934596",1.3e-15
"16434","HISEQ13:138:C6FWNANXX:2:2114:6769:71463_1:94802116",1.3e-15
"16435","HISEQ13:138:C6FWNANXX:2:2204:21087:89487_1:104005561",1.3e-15
"16436","HISEQ13:138:C6FWNANXX:2:1109:19669:54457_1:12739867",1.3e-15
"16437","HISEQ13:138:C6FWNANXX:2:1214:9536:98440_1:46134733",1.3e-15
"16438","HISEQ13:138:C6FWNANXX:2:1215:12891:36445_1:46761268",1.3e-15
"16439","HISEQ13:138:C6FWNANXX:2:1211:4351:12311_1:39878592",1.3e-15
"16440","HISEQ13:138:C6FWNANXX:2:1316:7569:98807_1:74527124",1.3e-15
"16441","HISEQ13:138:C6FWNANXX:2:2114:19215:86833_1:95055373",1.3e-15
"16442","HISEQ13:138:C6FWNANXX:2:1303:7968:91491_1:53797618",1.3e-15
"16443","HISEQ13:138:C6FWNANXX:2:2106:9774:53201_1:82392936",1.3e-15
"16444","HISEQ13:138:C6FWNANXX:2:2116:16320:13864_1:97091504",1.3e-15
"16445","HISEQ13:138:C6FWNANXX:2:2314:17672:45716_1:142518359",1.3e-15
"16446","HISEQ13:138:C6FWNANXX:2:1315:7608:26394_1:71554512",1.3e-15
"16447","HISEQ13:138:C6FWNANXX:2:2106:9214:63027_1:82540256",1.3e-15
"16448","HISEQ13:138:C6FWNANXX:2:1310:20872:36799_1:63584535",1.3e-15
"16449","HISEQ13:138:C6FWNANXX:2:1110:2869:84815_1:14779251",1.3e-15
"16450","HISEQ13:138:C6FWNANXX:2:1213:1870:2242_1:42884990",1.3e-15
"16451","HISEQ13:138:C6FWNANXX:2:1314:4742:11553_1:69624716",1.3e-15
"16452","HISEQ13:138:C6FWNANXX:2:2314:16579:54582_1:142666529",1.3e-15
"16453","HISEQ13:138:C6FWNANXX:2:1107:15090:84271_1:10120980",1.3e-15
"16454","HISEQ13:138:C6FWNANXX:2:2310:19317:51398_1:136333023",1.3e-15
"16455","HISEQ13:138:C6FWNANXX:2:1111:10873:98407_1:16654313",1.3e-15
"16456","HISEQ13:138:C6FWNANXX:2:1215:12379:6240_1:46247635",1.3e-15
"16457","HISEQ13:138:C6FWNANXX:2:1216:10617:22491_1:48207806",1.3e-15
"16458","HISEQ13:138:C6FWNANXX:2:1302:9543:27231_1:51390370",1.3e-15
"16459","HISEQ13:138:C6FWNANXX:2:2214:2622:15908_1:117915194",1.3e-15
"16460","HISEQ13:138:C6FWNANXX:2:2105:3831:86068_1:81424904",1.3e-15
"16461","HISEQ13:138:C6FWNANXX:2:1106:7855:3938_1:7378817",1.3e-15
"16462","HISEQ13:138:C6FWNANXX:2:1104:9759:38381_1:4929091",1.3e-15
"16463","HISEQ13:138:C6FWNANXX:2:1213:6629:76123_1:44106070",1.3e-15
"16464","HISEQ13:138:C6FWNANXX:2:1311:7607:86692_1:65964698",1.3e-15
"16465","HISEQ13:138:C6FWNANXX:2:1116:7081:41088_1:23776162",1.3e-15
"16466","HISEQ13:138:C6FWNANXX:2:1214:9865:81916_1:45857864",1.3e-15
"16467","HISEQ13:138:C6FWNANXX:2:2309:18618:8065_1:134157825",1.3e-15
"16468","HISEQ13:138:C6FWNANXX:2:2309:20517:30829_1:134503958",1.3e-15
"16469","HISEQ13:138:C6FWNANXX:2:2316:3143:93182_1:146593262",1.3e-15
"16470","HISEQ13:138:C6FWNANXX:2:2308:7498:17045_1:132799318",1.3e-15
"16471","HISEQ13:138:C6FWNANXX:2:1109:10966:2641_1:11923678",1.3e-15
"16472","HISEQ13:138:C6FWNANXX:2:1301:17136:54465_1:50340021",1.3e-15
"16473","HISEQ13:138:C6FWNANXX:2:1314:7679:64024_1:70516499",1.3e-15
"16474","HISEQ13:138:C6FWNANXX:2:2202:7252:70660_1:100908370",1.3e-15
"16475","HISEQ13:138:C6FWNANXX:2:2212:6233:21955_1:114849894",1.3e-15
"16476","HISEQ13:138:C6FWNANXX:2:2315:6050:18731_1:143698319",1.3e-15
"16477","HISEQ13:138:C6FWNANXX:2:2209:11260:24866_1:110339038",1.3e-15
"16478","HISEQ13:138:C6FWNANXX:2:1111:11960:11399_1:15182590",1.3e-15
"16479","HISEQ13:138:C6FWNANXX:2:2308:2353:82668_1:133786276",1.3e-15
"16480","HISEQ13:138:C6FWNANXX:2:1102:14351:99555_1:2904273",1.3e-15
"16481","HISEQ13:138:C6FWNANXX:2:1206:10621:34192_1:32581868",1.3e-15
"16482","HISEQ13:138:C6FWNANXX:2:1216:6420:79857_1:49204233",1.3e-15
"16483","HISEQ13:138:C6FWNANXX:2:2115:21200:28661_1:95716873",1.3e-15
"16484","HISEQ13:138:C6FWNANXX:2:1313:13671:16136_1:68051307",1.3e-15
"16485","HISEQ13:138:C6FWNANXX:2:2201:2514:17240_1:98739595",1.3e-15
"16486","HISEQ13:138:C6FWNANXX:2:2303:9583:66908_1:126318841",1.3e-15
"16487","HISEQ13:138:C6FWNANXX:2:1315:14004:13380_1:71335952",1.3e-15
"16488","HISEQ13:138:C6FWNANXX:2:2306:2603:64613_1:130572348",1.3e-15
"16489","HISEQ13:138:C6FWNANXX:2:2313:14281:18357_1:140470943",1.3e-15
"16490","HISEQ13:138:C6FWNANXX:2:1203:18532:74918_1:28784444",1.3e-15
"16491","HISEQ13:138:C6FWNANXX:2:1212:18995:58099_1:42185564",1.3e-15
"16492","HISEQ13:138:C6FWNANXX:2:2311:15767:79314_1:138302301",1.3e-15
"16493","HISEQ13:138:C6FWNANXX:2:1110:13504:47633_1:14195062",1.3e-15
"16494","HISEQ13:138:C6FWNANXX:2:1212:6298:47462_1:42007986",1.3e-15
"16495","HISEQ13:138:C6FWNANXX:2:2104:4572:47786_1:79441927",1.3e-15
"16496","HISEQ13:138:C6FWNANXX:2:2204:15720:33374_1:103200343",1.3e-15
"16497","HISEQ13:138:C6FWNANXX:2:1110:1730:8954_1:13580678",1.3e-15
"16498","HISEQ13:138:C6FWNANXX:2:1106:10371:29818_1:7774853",1.3e-15
"16499","HISEQ13:138:C6FWNANXX:2:2209:10796:20792_1:110278369",1.3e-15
"16500","HISEQ13:138:C6FWNANXX:2:1105:19241:93556_1:7241259",1.3e-15
"16501","HISEQ13:138:C6FWNANXX:2:2115:8999:39636_1:95893055",1.3e-15
"16502","HISEQ13:138:C6FWNANXX:2:1202:6743:81715_1:27426937",1.3e-15
"16503","HISEQ13:138:C6FWNANXX:2:2207:14293:93279_1:108398589",1.3e-15
"16504","HISEQ13:138:C6FWNANXX:2:1305:14895:94890_1:56812264",1.3e-15
"16505","HISEQ13:138:C6FWNANXX:2:2305:8182:78525_1:129329784",1.3e-15
"16506","HISEQ13:138:C6FWNANXX:2:1108:1916:26002_1:10745393",1.4e-15
"16507","HISEQ13:138:C6FWNANXX:2:1204:6828:64956_1:30083313",1.4e-15
"16508","HISEQ13:138:C6FWNANXX:2:1110:8003:66394_1:14490321",1.4e-15
"16509","HISEQ13:138:C6FWNANXX:2:1302:19644:39353_1:51572556",1.4e-15
"16510","HISEQ13:138:C6FWNANXX:2:2105:12019:4929_1:80247669",1.4e-15
"16511","HISEQ13:138:C6FWNANXX:2:1313:14537:28243_1:68251050",1.4e-15
"16512","HISEQ13:138:C6FWNANXX:2:1211:9536:96104_1:41229194",1.4e-15
"16513","HISEQ13:138:C6FWNANXX:2:1311:8911:90046_1:66022489",1.4e-15
"16514","HISEQ13:138:C6FWNANXX:2:1102:20815:8537_1:1562490",1.4e-15
"16515","HISEQ13:138:C6FWNANXX:2:2115:14887:27299_1:95695345",1.4e-15
"16516","HISEQ13:138:C6FWNANXX:2:2206:13941:47987_1:106271286",1.4e-15
"16517","HISEQ13:138:C6FWNANXX:2:1111:11312:68228_1:16103106",1.4e-15
"16518","HISEQ13:138:C6FWNANXX:2:1206:5129:62271_1:33009876",1.4e-15
"16519","HISEQ13:138:C6FWNANXX:2:1310:17324:32170_1:63507843",1.4e-15
"16520","HISEQ13:138:C6FWNANXX:2:2301:19382:96338_1:123939762",1.4e-15
"16521","HISEQ13:138:C6FWNANXX:2:1210:4872:78949_1:39367295",1.4e-15
"16522","HISEQ13:138:C6FWNANXX:2:2212:16960:10199_1:114674022",1.4e-15
"16523","HISEQ13:138:C6FWNANXX:2:2204:16980:18201_1:102981840",1.4e-15
"16524","HISEQ13:138:C6FWNANXX:2:2211:7996:7288_1:113082999",1.4e-15
"16525","HISEQ13:138:C6FWNANXX:2:2307:18206:43011_1:131716871",1.4e-15
"16526","HISEQ13:138:C6FWNANXX:2:2312:12472:100212_1:140197524",1.4e-15
"16527","HISEQ13:138:C6FWNANXX:2:1203:8577:12814_1:27869911",1.4e-15
"16528","HISEQ13:138:C6FWNANXX:2:1107:6247:7877_1:8946610",1.4e-15
"16529","HISEQ13:138:C6FWNANXX:2:1310:18219:47210_1:63747158",1.4e-15
"16530","HISEQ13:138:C6FWNANXX:2:1315:18880:42724_1:71835434",1.4e-15
"16531","HISEQ13:138:C6FWNANXX:2:2215:4114:7903_1:119400954",1.4e-15
"16532","HISEQ13:138:C6FWNANXX:2:2110:17654:20483_1:87842552",1.4e-15
"16533","HISEQ13:138:C6FWNANXX:2:1104:14489:90508_1:5710133",1.4e-15
"16534","HISEQ13:138:C6FWNANXX:2:1113:4946:52331_1:18954984",1.4e-15
"16535","HISEQ13:138:C6FWNANXX:2:1215:6766:87217_1:47618678",1.4e-15
"16536","HISEQ13:138:C6FWNANXX:2:1303:6649:16723_1:52691751",1.4e-15
"16537","HISEQ13:138:C6FWNANXX:2:2115:7278:70135_1:96389362",1.4e-15
"16538","HISEQ13:138:C6FWNANXX:2:1115:10785:19199_1:21715348",1.4e-15
"16539","HISEQ13:138:C6FWNANXX:2:2102:11603:63338_1:76840529",1.4e-15
"16540","HISEQ13:138:C6FWNANXX:2:2306:5287:73414_1:130702514",1.4e-15
"16541","HISEQ13:138:C6FWNANXX:2:1205:6738:21179_1:30904826",1.4e-15
"16542","HISEQ13:138:C6FWNANXX:2:2112:8589:72428_1:91646315",1.4e-15
"16543","HISEQ13:138:C6FWNANXX:2:2115:9280:74280_1:96458118",1.4e-15
"16544","HISEQ13:138:C6FWNANXX:2:2305:8042:81352_1:129370003",1.4e-15
"16545","HISEQ13:138:C6FWNANXX:2:2212:6335:54796_1:115370913",1.4e-15
"16546","HISEQ13:138:C6FWNANXX:2:1208:10254:52887_1:35876460",1.4e-15
"16547","HISEQ13:138:C6FWNANXX:2:2102:12673:81742_1:77101901",1.4e-15
"16548","HISEQ13:138:C6FWNANXX:2:2104:19320:20075_1:79045456",1.4e-15
"16549","HISEQ13:138:C6FWNANXX:2:2112:16124:34752_1:91059085",1.4e-15
"16550","HISEQ13:138:C6FWNANXX:2:1312:19109:59230_1:67132644",1.4e-15
"16551","HISEQ13:138:C6FWNANXX:2:1113:12298:83234_1:19467393",1.4e-15
"16552","HISEQ13:138:C6FWNANXX:2:1205:7769:89083_1:31921398",1.4e-15
"16553","HISEQ13:138:C6FWNANXX:2:2201:7776:52838_1:99250052",1.4e-15
"16554","HISEQ13:138:C6FWNANXX:2:2304:14293:60248_1:127635305",1.4e-15
"16555","HISEQ13:138:C6FWNANXX:2:1216:11179:50606_1:48696339",1.4e-15
"16556","HISEQ13:138:C6FWNANXX:2:2201:14742:76449_1:99586878",1.4e-15
"16557","HISEQ13:138:C6FWNANXX:2:1201:4709:56229_1:25600062",1.4e-15
"16558","HISEQ13:138:C6FWNANXX:2:2201:4265:52798_1:99249450",1.4e-15
"16559","HISEQ13:138:C6FWNANXX:2:2204:13912:50130_1:103440383",1.4e-15
"16560","HISEQ13:138:C6FWNANXX:2:1211:8353:85414_1:41054713",1.4e-15
"16561","HISEQ13:138:C6FWNANXX:2:1208:19947:88248_1:36424296",1.4e-15
"16562","HISEQ13:138:C6FWNANXX:2:1111:7808:68601_1:16110874",1.4e-15
"16563","HISEQ13:138:C6FWNANXX:2:2303:13170:66721_1:126315981",1.4e-15
"16564","HISEQ13:138:C6FWNANXX:2:2101:11760:15151_1:74749086",1.4e-15
"16565","HISEQ13:138:C6FWNANXX:2:2214:19070:72937_1:118850981",1.4e-15
"16566","HISEQ13:138:C6FWNANXX:2:2201:9536:30270_1:98930011",1.4e-15
"16567","HISEQ13:138:C6FWNANXX:2:1110:11278:72199_1:14582196",1.4e-15
"16568","HISEQ13:138:C6FWNANXX:2:1213:4917:33733_1:43401650",1.4e-15
"16569","HISEQ13:138:C6FWNANXX:2:1112:4230:89629_1:17940371",1.4e-15
"16570","HISEQ13:138:C6FWNANXX:2:1208:1705:74656_1:36211390",1.4e-15
"16571","HISEQ13:138:C6FWNANXX:2:1301:6360:30868_1:49993294",1.4e-15
"16572","HISEQ13:138:C6FWNANXX:2:2206:16986:15111_1:105792717",1.4e-15
"16573","HISEQ13:138:C6FWNANXX:2:2310:9021:70540_1:136625537",1.4e-15
"16574","HISEQ13:138:C6FWNANXX:2:2103:21199:24598_1:77700132",1.4e-15
"16575","HISEQ13:138:C6FWNANXX:2:1103:10750:99480_1:4365888",1.4e-15
"16576","HISEQ13:138:C6FWNANXX:2:1201:10701:4610_1:24843202",1.4e-15
"16577","HISEQ13:138:C6FWNANXX:2:2202:19986:14697_1:100115253",1.4e-15
"16578","HISEQ13:138:C6FWNANXX:2:2304:14208:60765_1:127646112",1.4e-15
"16579","HISEQ13:138:C6FWNANXX:2:1112:7887:98983_1:18093396",1.4e-15
"16580","HISEQ13:138:C6FWNANXX:2:1311:13828:44959_1:65285790",1.4e-15
"16581","HISEQ13:138:C6FWNANXX:2:1101:11784:18421_1:243860",1.4e-15
"16582","HISEQ13:138:C6FWNANXX:2:1207:10367:6178_1:33654546",1.4e-15
"16583","HISEQ13:138:C6FWNANXX:2:2205:2569:72653_1:105187480",1.4e-15
"16584","HISEQ13:138:C6FWNANXX:2:2307:12767:9636_1:131219694",1.4e-15
"16585","HISEQ13:138:C6FWNANXX:2:2315:13142:73133_1:144598593",1.4e-15
"16586","HISEQ13:138:C6FWNANXX:2:2308:12129:92140_1:133931766",1.4e-15
"16587","HISEQ13:138:C6FWNANXX:2:2213:4612:73918_1:117255504",1.4e-15
"16588","HISEQ13:138:C6FWNANXX:2:1113:9778:45229_1:18835944",1.4e-15
"16589","HISEQ13:138:C6FWNANXX:2:1211:4301:90918_1:41142696",1.4e-15
"16590","HISEQ13:138:C6FWNANXX:2:1315:4906:23816_1:71511414",1.4e-15
"16591","HISEQ13:138:C6FWNANXX:2:1106:18447:3703_1:7377043",1.4e-15
"16592","HISEQ13:138:C6FWNANXX:2:1209:20916:74338_1:37750599",1.4e-15
"16593","HISEQ13:138:C6FWNANXX:2:1304:21175:70083_1:54957951",1.4e-15
"16594","HISEQ13:138:C6FWNANXX:2:1306:12548:62799_1:57831213",1.4e-15
"16595","HISEQ13:138:C6FWNANXX:2:2208:17994:86758_1:109783186",1.4e-15
"16596","HISEQ13:138:C6FWNANXX:2:2210:18961:92692_1:112875650",1.4e-15
"16597","HISEQ13:138:C6FWNANXX:2:1310:6229:34790_1:63549597",1.4e-15
"16598","HISEQ13:138:C6FWNANXX:2:1102:4961:42414_1:2056139",1.4e-15
"16599","HISEQ13:138:C6FWNANXX:2:1107:2509:22681_1:9172805",1.4e-15
"16600","HISEQ13:138:C6FWNANXX:2:1114:2571:63025_1:20787537",1.4e-15
"16601","HISEQ13:138:C6FWNANXX:2:1209:18771:2546_1:36631894",1.4e-15
"16602","HISEQ13:138:C6FWNANXX:2:2203:9498:18721_1:101579152",1.4e-15
"16603","HISEQ13:138:C6FWNANXX:2:2101:20045:33990_1:75018673",1.4e-15
"16604","HISEQ13:138:C6FWNANXX:2:2303:19048:46226_1:126027076",1.4e-15
"16605","HISEQ13:138:C6FWNANXX:2:2107:12489:23836_1:83421588",1.4e-15
"16606","HISEQ13:138:C6FWNANXX:2:1301:9629:97341_1:50970858",1.4e-15
"16607","HISEQ13:138:C6FWNANXX:2:2106:10969:57596_1:82459301",1.4e-15
"16608","HISEQ13:138:C6FWNANXX:2:1113:7514:61934_1:19112437",1.4e-15
"16609","HISEQ13:138:C6FWNANXX:2:2206:19541:58221_1:106423005",1.4e-15
"16610","HISEQ13:138:C6FWNANXX:2:2108:17964:45828_1:85227557",1.4e-15
"16611","HISEQ13:138:C6FWNANXX:2:2313:2739:11959_1:140364846",1.4e-15
"16612","HISEQ13:138:C6FWNANXX:2:1214:20422:56085_1:45426526",1.4e-15
"16613","HISEQ13:138:C6FWNANXX:2:1312:12482:82081_1:67509658",1.4e-15
"16614","HISEQ13:138:C6FWNANXX:2:2201:17678:78549_1:99619354",1.4e-15
"16615","HISEQ13:138:C6FWNANXX:2:2308:12972:39230_1:133131515",1.4e-15
"16616","HISEQ13:138:C6FWNANXX:2:1206:4816:83041_1:33321936",1.4e-15
"16617","HISEQ13:138:C6FWNANXX:2:1113:17988:22104_1:18459704",1.5e-15
"16618","HISEQ13:138:C6FWNANXX:2:1113:17634:57229_1:19035912",1.5e-15
"16619","HISEQ13:138:C6FWNANXX:2:1315:4824:62997_1:72180195",1.5e-15
"16620","HISEQ13:138:C6FWNANXX:2:1316:15774:16930_1:73099418",1.5e-15
"16621","HISEQ13:138:C6FWNANXX:2:1316:7087:36264_1:73435468",1.5e-15
"16622","HISEQ13:138:C6FWNANXX:2:2116:8617:4863_1:96941158",1.5e-15
"16623","HISEQ13:138:C6FWNANXX:2:2306:13678:18975_1:129901110",1.5e-15
"16624","HISEQ13:138:C6FWNANXX:2:1215:18814:27182_1:46605314",1.5e-15
"16625","HISEQ13:138:C6FWNANXX:2:1101:10342:29279_1:405967",1.5e-15
"16626","HISEQ13:138:C6FWNANXX:2:2312:17900:21508_1:138952014",1.5e-15
"16627","HISEQ13:138:C6FWNANXX:2:2209:18079:81494_1:111198210",1.5e-15
"16628","HISEQ13:138:C6FWNANXX:2:1105:19570:40486_1:6441447",1.5e-15
"16629","HISEQ13:138:C6FWNANXX:2:1213:16740:60507_1:43851205",1.5e-15
"16630","HISEQ13:138:C6FWNANXX:2:1215:18127:22027_1:46519485",1.5e-15
"16631","HISEQ13:138:C6FWNANXX:2:1215:12577:3027_1:46196625",1.5e-15
"16632","HISEQ13:138:C6FWNANXX:2:1211:12869:13754_1:39904537",1.5e-15
"16633","HISEQ13:138:C6FWNANXX:2:1308:5991:56310_1:60770879",1.5e-15
"16634","HISEQ13:138:C6FWNANXX:2:1111:10009:61040_1:15983203",1.5e-15
"16635","HISEQ13:138:C6FWNANXX:2:1207:13330:28374_1:33992403",1.5e-15
"16636","HISEQ13:138:C6FWNANXX:2:1215:8415:44403_1:46895041",1.5e-15
"16637","HISEQ13:138:C6FWNANXX:2:1310:5372:28471_1:63445903",1.5e-15
"16638","HISEQ13:138:C6FWNANXX:2:2112:3425:99302_1:92073063",1.5e-15
"16639","HISEQ13:138:C6FWNANXX:2:2214:6408:31502_1:118172826",1.5e-15
"16640","HISEQ13:138:C6FWNANXX:2:2308:8280:70306_1:133602653",1.5e-15
"16641","HISEQ13:138:C6FWNANXX:2:1113:15073:55441_1:19006307",1.5e-15
"16642","HISEQ13:138:C6FWNANXX:2:1201:15995:5214_1:24851633",1.5e-15
"16643","HISEQ13:138:C6FWNANXX:2:2208:19021:81681_1:109704435",1.5e-15
"16644","HISEQ13:138:C6FWNANXX:2:2105:16984:56570_1:81000008",1.5e-15
"16645","HISEQ13:138:C6FWNANXX:2:1108:14814:82134_1:11621062",1.5e-15
"16646","HISEQ13:138:C6FWNANXX:2:1112:11471:53752_1:17358090",1.5e-15
"16647","HISEQ13:138:C6FWNANXX:2:1305:18356:47426_1:56097073",1.5e-15
"16648","HISEQ13:138:C6FWNANXX:2:1101:8191:60411_1:864115",1.5e-15
"16649","HISEQ13:138:C6FWNANXX:2:1101:9846:56969_1:812294",1.5e-15
"16650","HISEQ13:138:C6FWNANXX:2:1204:14931:55137_1:29940689",1.5e-15
"16651","HISEQ13:138:C6FWNANXX:2:2203:15742:97290_1:102704916",1.5e-15
"16652","HISEQ13:138:C6FWNANXX:2:1216:7562:10084_1:47995407",1.5e-15
"16653","HISEQ13:138:C6FWNANXX:2:1315:12998:40094_1:71790768",1.5e-15
"16654","HISEQ13:138:C6FWNANXX:2:2113:1660:16213_1:92321282",1.5e-15
"16655","HISEQ13:138:C6FWNANXX:2:1108:9701:47996_1:11084387",1.5e-15
"16656","HISEQ13:138:C6FWNANXX:2:1305:10423:18494_1:55661085",1.5e-15
"16657","HISEQ13:138:C6FWNANXX:2:2105:16068:36498_1:80705409",1.5e-15
"16658","HISEQ13:138:C6FWNANXX:2:2203:11814:5946_1:101397546",1.5e-15
"16659","HISEQ13:138:C6FWNANXX:2:2214:12236:36403_1:118251400",1.5e-15
"16660","HISEQ13:138:C6FWNANXX:2:2301:12718:38760_1:123127694",1.5e-15
"16661","HISEQ13:138:C6FWNANXX:2:1109:15108:38063_1:12482321",1.5e-15
"16662","HISEQ13:138:C6FWNANXX:2:1305:6372:40986_1:55996870",1.5e-15
"16663","HISEQ13:138:C6FWNANXX:2:1108:5975:30755_1:10819363",1.5e-15
"16664","HISEQ13:138:C6FWNANXX:2:2204:5983:33845_1:103205624",1.5e-15
"16665","HISEQ13:138:C6FWNANXX:2:2214:10644:20982_1:117999167",1.5e-15
"16666","HISEQ13:138:C6FWNANXX:2:2307:5619:94666_1:132479343",1.5e-15
"16667","HISEQ13:138:C6FWNANXX:2:2303:18909:47869_1:126051620",1.5e-15
"16668","HISEQ13:138:C6FWNANXX:2:1108:9404:90410_1:11749573",1.5e-15
"16669","HISEQ13:138:C6FWNANXX:2:1113:5485:84817_1:19494784",1.5e-15
"16670","HISEQ13:138:C6FWNANXX:2:2315:13342:74655_1:144623021",1.5e-15
"16671","HISEQ13:138:C6FWNANXX:2:1205:16950:13258_1:30790034",1.5e-15
"16672","HISEQ13:138:C6FWNANXX:2:1213:3306:74395_1:44076516",1.5e-15
"16673","HISEQ13:138:C6FWNANXX:2:1313:2400:53822_1:68675807",1.5e-15
"16674","HISEQ13:138:C6FWNANXX:2:2110:18898:43617_1:88198050",1.5e-15
"16675","HISEQ13:138:C6FWNANXX:2:1310:2608:95097_1:64502581",1.5e-15
"16676","HISEQ13:138:C6FWNANXX:2:2208:5538:49882_1:109222826",1.5e-15
"16677","HISEQ13:138:C6FWNANXX:2:1101:6408:7628_1:82833",1.5e-15
"16678","HISEQ13:138:C6FWNANXX:2:1116:14125:83445_1:24504284",1.5e-15
"16679","HISEQ13:138:C6FWNANXX:2:2207:4595:5934_1:107104848",1.5e-15
"16680","HISEQ13:138:C6FWNANXX:2:2216:11113:38507_1:121551458",1.5e-15
"16681","HISEQ13:138:C6FWNANXX:2:1215:18814:27182_1:46605315",1.5e-15
"16682","HISEQ13:138:C6FWNANXX:2:1313:12936:43527_1:68507684",1.5e-15
"16683","HISEQ13:138:C6FWNANXX:2:2111:9040:36015_1:89595891",1.5e-15
"16684","HISEQ13:138:C6FWNANXX:2:1304:18052:19032_1:54195515",1.5e-15
"16685","HISEQ13:138:C6FWNANXX:2:1315:4042:23661_1:71507039",1.5e-15
"16686","HISEQ13:138:C6FWNANXX:2:2107:17562:36563_1:83611214",1.5e-15
"16687","HISEQ13:138:C6FWNANXX:2:2215:5055:93177_1:120808781",1.5e-15
"16688","HISEQ13:138:C6FWNANXX:2:1104:1905:18110_1:4625411",1.5e-15
"16689","HISEQ13:138:C6FWNANXX:2:2204:2222:16528_1:102957494",1.5e-15
"16690","HISEQ13:138:C6FWNANXX:2:2316:7072:39492_1:145688604",1.5e-15
"16691","HISEQ13:138:C6FWNANXX:2:2109:8504:60045_1:86940847",1.5e-15
"16692","HISEQ13:138:C6FWNANXX:2:1105:12278:66243_1:6825709",1.5e-15
"16693","HISEQ13:138:C6FWNANXX:2:1208:20277:47516_1:35796810",1.5e-15
"16694","HISEQ13:138:C6FWNANXX:2:2104:17187:15467_1:78976664",1.5e-15
"16695","HISEQ13:138:C6FWNANXX:2:2305:17509:67796_1:129175343",1.5e-15
"16696","HISEQ13:138:C6FWNANXX:2:1115:5092:9987_1:21557870",1.5e-15
"16697","HISEQ13:138:C6FWNANXX:2:1206:2307:13865_1:32275269",1.5e-15
"16698","HISEQ13:138:C6FWNANXX:2:2105:4989:59992_1:81044340",1.5e-15
"16699","HISEQ13:138:C6FWNANXX:2:2302:11649:85269_1:125179469",1.5e-15
"16700","HISEQ13:138:C6FWNANXX:2:1203:15826:81800_1:28886516",1.5e-15
"16701","HISEQ13:138:C6FWNANXX:2:2108:8968:90809_1:85906282",1.5e-15
"16702","HISEQ13:138:C6FWNANXX:2:2304:2129:85830_1:128001907",1.5e-15
"16703","HISEQ13:138:C6FWNANXX:2:2310:18172:67532_1:136581537",1.5e-15
"16704","HISEQ13:138:C6FWNANXX:2:2315:15208:71624_1:144574672",1.5e-15
"16705","HISEQ13:138:C6FWNANXX:2:2104:13722:87750_1:80016379",1.5e-15
"16706","HISEQ13:138:C6FWNANXX:2:2206:17301:70239_1:106600227",1.5e-15
"16707","HISEQ13:138:C6FWNANXX:2:1202:5929:39686_1:26810795",1.6e-15
"16708","HISEQ13:138:C6FWNANXX:2:2301:12304:10282_1:122724348",1.6e-15
"16709","HISEQ13:138:C6FWNANXX:2:1208:9323:12116_1:35249439",1.6e-15
"16710","HISEQ13:138:C6FWNANXX:2:2306:19043:63432_1:130556839",1.6e-15
"16711","HISEQ13:138:C6FWNANXX:2:1113:17598:16042_1:18361247",1.6e-15
"16712","HISEQ13:138:C6FWNANXX:2:1107:11261:61518_1:9771360",1.6e-15
"16713","HISEQ13:138:C6FWNANXX:2:1206:6141:50402_1:32827879",1.6e-15
"16714","HISEQ13:138:C6FWNANXX:2:2113:13541:17749_1:92347510",1.6e-15
"16715","HISEQ13:138:C6FWNANXX:2:2212:9628:45010_1:115217970",1.6e-15
"16716","HISEQ13:138:C6FWNANXX:2:1306:20056:33480_1:57383019",1.6e-15
"16717","HISEQ13:138:C6FWNANXX:2:1108:10551:64694_1:11345243",1.6e-15
"16718","HISEQ13:138:C6FWNANXX:2:1305:14801:13007_1:55583593",1.6e-15
"16719","HISEQ13:138:C6FWNANXX:2:2214:12537:13946_1:117884748",1.6e-15
"16720","HISEQ13:138:C6FWNANXX:2:1314:17470:55606_1:70374245",1.6e-15
"16721","HISEQ13:138:C6FWNANXX:2:2308:9806:35662_1:133078443",1.6e-15
"16722","HISEQ13:138:C6FWNANXX:2:1105:13242:3026_1:5879845",1.6e-15
"16723","HISEQ13:138:C6FWNANXX:2:2113:20021:94857_1:93583152",1.6e-15
"16724","HISEQ13:138:C6FWNANXX:2:2202:3028:87626_1:101150752",1.6e-15
"16725","HISEQ13:138:C6FWNANXX:2:2207:19615:41316_1:107629024",1.6e-15
"16726","HISEQ13:138:C6FWNANXX:2:2302:11205:32690_1:124433650",1.6e-15
"16727","HISEQ13:138:C6FWNANXX:2:2313:16412:81747_1:141495063",1.6e-15
"16728","HISEQ13:138:C6FWNANXX:2:1307:9755:77794_1:59577028",1.6e-15
"16729","HISEQ13:138:C6FWNANXX:2:2306:14567:23816_1:129974470",1.6e-15
"16730","HISEQ13:138:C6FWNANXX:2:2315:8437:25835_1:143819590",1.6e-15
"16731","HISEQ13:138:C6FWNANXX:2:1106:13899:19962_1:7623022",1.6e-15
"16732","HISEQ13:138:C6FWNANXX:2:2205:19118:30100_1:104576382",1.6e-15
"16733","HISEQ13:138:C6FWNANXX:2:1203:18670:74004_1:28773327",1.6e-15
"16734","HISEQ13:138:C6FWNANXX:2:2114:11801:9119_1:93792593",1.6e-15
"16735","HISEQ13:138:C6FWNANXX:2:1205:7402:40750_1:31198206",1.6e-15
"16736","HISEQ13:138:C6FWNANXX:2:2310:11058:97831_1:137043051",1.6e-15
"16737","HISEQ13:138:C6FWNANXX:2:1202:1988:22897_1:26564778",1.6e-15
"16738","HISEQ13:138:C6FWNANXX:2:1116:5703:18194_1:23380223",1.6e-15
"16739","HISEQ13:138:C6FWNANXX:2:2302:1364:29272_1:124386643",1.6e-15
"16740","HISEQ13:138:C6FWNANXX:2:1115:13266:41435_1:22092258",1.6e-15
"16741","HISEQ13:138:C6FWNANXX:2:2207:4306:32740_1:107498220",1.6e-15
"16742","HISEQ13:138:C6FWNANXX:2:1302:16064:51912_1:51756149",1.6e-15
"16743","HISEQ13:138:C6FWNANXX:2:2107:20033:5878_1:83154905",1.6e-15
"16744","HISEQ13:138:C6FWNANXX:2:2302:20589:7904_1:124085789",1.6e-15
"16745","HISEQ13:138:C6FWNANXX:2:2205:12918:20155_1:104431679",1.6e-15
"16746","HISEQ13:138:C6FWNANXX:2:1201:3928:69455_1:25795496",1.6e-15
"16747","HISEQ13:138:C6FWNANXX:2:2104:7516:59784_1:79614893",1.6e-15
"16748","HISEQ13:138:C6FWNANXX:2:1210:16890:52626_1:38960017",1.6e-15
"16749","HISEQ13:138:C6FWNANXX:2:2214:2900:91761_1:119158309",1.6e-15
"16750","HISEQ13:138:C6FWNANXX:2:2204:16943:7899_1:102837466",1.6e-15
"16751","HISEQ13:138:C6FWNANXX:2:1309:5516:49173_1:62210522",1.6e-15
"16752","HISEQ13:138:C6FWNANXX:2:1110:6007:75693_1:14635683",1.6e-15
"16753","HISEQ13:138:C6FWNANXX:2:1310:12754:14323_1:63225253",1.6e-15
"16754","HISEQ13:138:C6FWNANXX:2:1313:16873:2349_1:67825479",1.6e-15
"16755","HISEQ13:138:C6FWNANXX:2:2108:15705:73044_1:85639287",1.6e-15
"16756","HISEQ13:138:C6FWNANXX:2:1205:12254:24825_1:30960942",1.6e-15
"16757","HISEQ13:138:C6FWNANXX:2:2314:16779:50622_1:142600581",1.6e-15
"16758","HISEQ13:138:C6FWNANXX:2:2205:7664:5057_1:104212788",1.6e-15
"16759","HISEQ13:138:C6FWNANXX:2:1203:16892:21638_1:28000471",1.6e-15
"16760","HISEQ13:138:C6FWNANXX:2:1214:5096:30186_1:44986167",1.6e-15
"16761","HISEQ13:138:C6FWNANXX:2:2101:18347:84180_1:75733197",1.6e-15
"16762","HISEQ13:138:C6FWNANXX:2:2106:15402:87380_1:82896425",1.6e-15
"16763","HISEQ13:138:C6FWNANXX:2:2112:16269:55699_1:91383167",1.6e-15
"16764","HISEQ13:138:C6FWNANXX:2:2114:16398:22662_1:94012022",1.6e-15
"16765","HISEQ13:138:C6FWNANXX:2:2305:11852:63326_1:129108954",1.6e-15
"16766","HISEQ13:138:C6FWNANXX:2:1213:8164:43414_1:43564407",1.6e-15
"16767","HISEQ13:138:C6FWNANXX:2:1314:13318:40198_1:70110441",1.6e-15
"16768","HISEQ13:138:C6FWNANXX:2:2110:13009:42135_1:88173828",1.6e-15
"16769","HISEQ13:138:C6FWNANXX:2:1316:5508:51762_1:73706861",1.6e-15
"16770","HISEQ13:138:C6FWNANXX:2:2105:8803:78627_1:81315911",1.6e-15
"16771","HISEQ13:138:C6FWNANXX:2:1310:9553:85698_1:64354758",1.7e-15
"16772","HISEQ13:138:C6FWNANXX:2:2103:18881:79160_1:78473550",1.7e-15
"16773","HISEQ13:138:C6FWNANXX:2:2214:6240:26344_1:118087634",1.7e-15
"16774","HISEQ13:138:C6FWNANXX:2:2301:9066:80500_1:123711112",1.7e-15
"16775","HISEQ13:138:C6FWNANXX:2:2107:10648:70149_1:84108159",1.7e-15
"16776","HISEQ13:138:C6FWNANXX:2:1112:2120:66550_1:17562878",1.7e-15
"16777","HISEQ13:138:C6FWNANXX:2:2112:11879:34150_1:91046703",1.7e-15
"16778","HISEQ13:138:C6FWNANXX:2:1116:16513:72582_1:24317361",1.7e-15
"16779","HISEQ13:138:C6FWNANXX:2:1213:14749:26418_1:43284945",1.7e-15
"16780","HISEQ13:138:C6FWNANXX:2:1214:10304:68537_1:45634849",1.7e-15
"16781","HISEQ13:138:C6FWNANXX:2:2108:4070:64494_1:85504566",1.7e-15
"16782","HISEQ13:138:C6FWNANXX:2:1216:21320:7931_1:47959864",1.7e-15
"16783","HISEQ13:138:C6FWNANXX:2:1307:5945:100321_1:59921391",1.7e-15
"16784","HISEQ13:138:C6FWNANXX:2:1312:10490:21957_1:66522862",1.7e-15
"16785","HISEQ13:138:C6FWNANXX:2:1105:3440:15577_1:6066774",1.7e-15
"16786","HISEQ13:138:C6FWNANXX:2:2101:12290:44706_1:75170378",1.7e-15
"16787","HISEQ13:138:C6FWNANXX:2:2314:18862:39735_1:142419332",1.7e-15
"16788","HISEQ13:138:C6FWNANXX:2:1209:4133:60836_1:37536052",1.7e-15
"16789","HISEQ13:138:C6FWNANXX:2:1206:9460:76567_1:33226324",1.7e-15
"16790","HISEQ13:138:C6FWNANXX:2:2310:17067:20455_1:135853982",1.7e-15
"16791","HISEQ13:138:C6FWNANXX:2:1314:18399:18735_1:69745872",1.7e-15
"16792","HISEQ13:138:C6FWNANXX:2:2211:1822:98716_1:114509696",1.7e-15
"16793","HISEQ13:138:C6FWNANXX:2:2108:16572:2210_1:84570933",1.7e-15
"16794","HISEQ13:138:C6FWNANXX:2:1108:3600:28298_1:10780276",1.7e-15
"16795","HISEQ13:138:C6FWNANXX:2:1212:10284:86812_1:42655374",1.7e-15
"16796","HISEQ13:138:C6FWNANXX:2:1308:14911:78548_1:61121507",1.7e-15
"16797","HISEQ13:138:C6FWNANXX:2:2204:9288:14843_1:102933030",1.7e-15
"16798","HISEQ13:138:C6FWNANXX:2:2211:15865:65601_1:113994382",1.7e-15
"16799","HISEQ13:138:C6FWNANXX:2:2214:8205:82639_1:119008350",1.7e-15
"16800","HISEQ13:138:C6FWNANXX:2:1101:19037:6945_1:74027",1.7e-15
"16801","HISEQ13:138:C6FWNANXX:2:1109:7110:37624_1:12472920",1.7e-15
"16802","HISEQ13:138:C6FWNANXX:2:2113:4179:59755_1:93018836",1.7e-15
"16803","HISEQ13:138:C6FWNANXX:2:1203:9679:65228_1:28638658",1.7e-15
"16804","HISEQ13:138:C6FWNANXX:2:2103:16490:38656_1:77898939",1.7e-15
"16805","HISEQ13:138:C6FWNANXX:2:2206:18133:28345_1:105986077",1.7e-15
"16806","HISEQ13:138:C6FWNANXX:2:2205:20972:6078_1:104229430",1.7e-15
"16807","HISEQ13:138:C6FWNANXX:2:1307:20883:87625_1:59728912",1.7e-15
"16808","HISEQ13:138:C6FWNANXX:2:1107:20283:46809_1:9546447",1.7e-15
"16809","HISEQ13:138:C6FWNANXX:2:1203:4148:35730_1:28204416",1.7e-15
"16810","HISEQ13:138:C6FWNANXX:2:1312:5339:6333_1:66267513",1.7e-15
"16811","HISEQ13:138:C6FWNANXX:2:1311:2518:43982_1:65267437",1.7e-15
"16812","HISEQ13:138:C6FWNANXX:2:2211:7381:70648_1:114070594",1.7e-15
"16813","HISEQ13:138:C6FWNANXX:2:2204:19378:82520_1:103908053",1.7e-15
"16814","HISEQ13:138:C6FWNANXX:2:1216:9581:62260_1:48899869",1.7e-15
"16815","HISEQ13:138:C6FWNANXX:2:2111:18681:12470_1:89229493",1.7e-15
"16816","HISEQ13:138:C6FWNANXX:2:1109:2756:6065_1:11977071",1.7e-15
"16817","HISEQ13:138:C6FWNANXX:2:1205:12786:99559_1:32079106",1.7e-15
"16818","HISEQ13:138:C6FWNANXX:2:2315:9049:4895_1:143472483",1.7e-15
"16819","HISEQ13:138:C6FWNANXX:2:2113:18921:6731_1:92173710",1.7e-15
"16820","HISEQ13:138:C6FWNANXX:2:1110:17987:28239_1:13887996",1.7e-15
"16821","HISEQ13:138:C6FWNANXX:2:1210:11528:19169_1:38433262",1.7e-15
"16822","HISEQ13:138:C6FWNANXX:2:1314:6577:22001_1:69803123",1.7e-15
"16823","HISEQ13:138:C6FWNANXX:2:2107:19730:99913_1:84554403",1.7e-15
"16824","HISEQ13:138:C6FWNANXX:2:2205:13525:35123_1:104647001",1.7e-15
"16825","HISEQ13:138:C6FWNANXX:2:2308:14831:96436_1:133997284",1.7e-15
"16826","HISEQ13:138:C6FWNANXX:2:1115:4783:29063_1:21883026",1.7e-15
"16827","HISEQ13:138:C6FWNANXX:2:1315:11039:18272_1:71419851",1.7e-15
"16828","HISEQ13:138:C6FWNANXX:2:2112:10560:2901_1:90692997",1.7e-15
"16829","HISEQ13:138:C6FWNANXX:2:1108:3550:26515_1:10753461",1.7e-15
"16830","HISEQ13:138:C6FWNANXX:2:1102:12810:29539_1:1870947",1.7e-15
"16831","HISEQ13:138:C6FWNANXX:2:1305:9023:24024_1:55746884",1.7e-15
"16832","HISEQ13:138:C6FWNANXX:2:1208:4175:45550_1:35762631",1.7e-15
"16833","HISEQ13:138:C6FWNANXX:2:1316:16208:27875_1:73290171",1.7e-15
"16834","HISEQ13:138:C6FWNANXX:2:2312:19221:47356_1:139358782",1.7e-15
"16835","HISEQ13:138:C6FWNANXX:2:2203:9578:24368_1:101661098",1.7e-15
"16836","HISEQ13:138:C6FWNANXX:2:1112:17258:97604_1:18074785",1.8e-15
"16837","HISEQ13:138:C6FWNANXX:2:2206:14602:46521_1:106252912",1.8e-15
"16838","HISEQ13:138:C6FWNANXX:2:1111:12762:62763_1:16013429",1.8e-15
"16839","HISEQ13:138:C6FWNANXX:2:1316:7049:61213_1:73869149",1.8e-15
"16840","HISEQ13:138:C6FWNANXX:2:2211:9779:83291_1:114271137",1.8e-15
"16841","HISEQ13:138:C6FWNANXX:2:2314:14635:20112_1:142099043",1.8e-15
"16842","HISEQ13:138:C6FWNANXX:2:1213:20080:42475_1:43550333",1.8e-15
"16843","HISEQ13:138:C6FWNANXX:2:2111:3866:39118_1:89641026",1.8e-15
"16844","HISEQ13:138:C6FWNANXX:2:2210:8667:45903_1:112160712",1.8e-15
"16845","HISEQ13:138:C6FWNANXX:2:1314:19145:11477_1:69623602",1.8e-15
"16846","HISEQ13:138:C6FWNANXX:2:1316:19467:97463_1:74503982",1.8e-15
"16847","HISEQ13:138:C6FWNANXX:2:2105:4576:62563_1:81083898",1.8e-15
"16848","HISEQ13:138:C6FWNANXX:2:1204:6396:74635_1:30228368",1.8e-15
"16849","HISEQ13:138:C6FWNANXX:2:2307:8344:60215_1:131966751",1.8e-15
"16850","HISEQ13:138:C6FWNANXX:2:1210:8747:85545_1:39474241",1.8e-15
"16851","HISEQ13:138:C6FWNANXX:2:2201:18100:77346_1:99601697",1.8e-15
"16852","HISEQ13:138:C6FWNANXX:2:2208:6804:90552_1:109837501",1.8e-15
"16853","HISEQ13:138:C6FWNANXX:2:2309:5328:48729_1:134769975",1.8e-15
"16854","HISEQ13:138:C6FWNANXX:2:2213:16748:34115_1:116618506",1.8e-15
"16855","HISEQ13:138:C6FWNANXX:2:1308:16597:2540_1:59940157",1.8e-15
"16856","HISEQ13:138:C6FWNANXX:2:2111:16224:59712_1:89969384",1.8e-15
"16857","HISEQ13:138:C6FWNANXX:2:1107:5600:99796_1:10357087",1.8e-15
"16858","HISEQ13:138:C6FWNANXX:2:2216:14670:20885_1:121253764",1.8e-15
"16859","HISEQ13:138:C6FWNANXX:2:1112:10752:51122_1:17313744",1.8e-15
"16860","HISEQ13:138:C6FWNANXX:2:2108:17404:41382_1:85160121",1.8e-15
"16861","HISEQ13:138:C6FWNANXX:2:2316:14596:29063_1:145516260",1.8e-15
"16862","HISEQ13:138:C6FWNANXX:2:1107:10143:83528_1:10108198",1.8e-15
"16863","HISEQ13:138:C6FWNANXX:2:2314:14812:2853_1:141819187",1.8e-15
"16864","HISEQ13:138:C6FWNANXX:2:1304:13811:22362_1:54242489",1.8e-15
"16865","HISEQ13:138:C6FWNANXX:2:2311:1792:41357_1:137700790",1.8e-15
"16866","HISEQ13:138:C6FWNANXX:2:1112:20180:40665_1:17144834",1.8e-15
"16867","HISEQ13:138:C6FWNANXX:2:2307:3330:74332_1:132178565",1.8e-15
"16868","HISEQ13:138:C6FWNANXX:2:1108:15999:44396_1:11030722",1.8e-15
"16869","HISEQ13:138:C6FWNANXX:2:1108:15271:41997_1:10991995",1.8e-15
"16870","HISEQ13:138:C6FWNANXX:2:2211:7492:51079_1:113766870",1.8e-15
"16871","HISEQ13:138:C6FWNANXX:2:1202:5749:89839_1:27547854",1.8e-15
"16872","HISEQ13:138:C6FWNANXX:2:1313:8738:57763_1:68744072",1.8e-15
"16873","HISEQ13:138:C6FWNANXX:2:1312:14253:38118_1:66788124",1.8e-15
"16874","HISEQ13:138:C6FWNANXX:2:2204:18395:85668_1:103951414",1.8e-15
"16875","HISEQ13:138:C6FWNANXX:2:1304:2342:95353_1:55331410",1.8e-15
"16876","HISEQ13:138:C6FWNANXX:2:2201:19133:94411_1:99842589",1.8e-15
"16877","HISEQ13:138:C6FWNANXX:2:1302:5129:34920_1:51503543",1.8e-15
"16878","HISEQ13:138:C6FWNANXX:2:1310:5985:89076_1:64409882",1.8e-15
"16879","HISEQ13:138:C6FWNANXX:2:2112:17445:96205_1:92024475",1.8e-15
"16880","HISEQ13:138:C6FWNANXX:2:1205:5706:71744_1:31658466",1.8e-15
"16881","HISEQ13:138:C6FWNANXX:2:2207:18114:3328_1:107070679",1.8e-15
"16882","HISEQ13:138:C6FWNANXX:2:1209:2422:27340_1:37013005",1.8e-15
"16883","HISEQ13:138:C6FWNANXX:2:1212:4502:66364_1:42317628",1.8e-15
"16884","HISEQ13:138:C6FWNANXX:2:2202:16410:74845_1:100971194",1.9e-15
"16885","HISEQ13:138:C6FWNANXX:2:2206:17465:5120_1:105646489",1.9e-15
"16886","HISEQ13:138:C6FWNANXX:2:1104:10499:22097_1:4686782",1.9e-15
"16887","HISEQ13:138:C6FWNANXX:2:1313:16280:60465_1:68787203",1.9e-15
"16888","HISEQ13:138:C6FWNANXX:2:2104:9659:87083_1:80008446",1.9e-15
"16889","HISEQ13:138:C6FWNANXX:2:2210:7901:8485_1:111588555",1.9e-15
"16890","HISEQ13:138:C6FWNANXX:2:1302:11646:49345_1:51717941",1.9e-15
"16891","HISEQ13:138:C6FWNANXX:2:1306:12165:85002_1:58170667",1.9e-15
"16892","HISEQ13:138:C6FWNANXX:2:1315:12548:16652_1:71390605",1.9e-15
"16893","HISEQ13:138:C6FWNANXX:2:2216:1351:92661_1:122464342",1.9e-15
"16894","HISEQ13:138:C6FWNANXX:2:1110:7782:34604_1:13988251",1.9e-15
"16895","HISEQ13:138:C6FWNANXX:2:2108:10116:93746_1:85948114",1.9e-15
"16896","HISEQ13:138:C6FWNANXX:2:2307:3317:61298_1:131984662",1.9e-15
"16897","HISEQ13:138:C6FWNANXX:2:1312:19391:23770_1:66557406",1.9e-15
"16898","HISEQ13:138:C6FWNANXX:2:1114:4070:70662_1:20914082",1.9e-15
"16899","HISEQ13:138:C6FWNANXX:2:2107:4917:41704_1:83682861",1.9e-15
"16900","HISEQ13:138:C6FWNANXX:2:2202:12330:2509_1:99942248",1.9e-15
"16901","HISEQ13:138:C6FWNANXX:2:1205:2430:37758_1:31152230",1.9e-15
"16902","HISEQ13:138:C6FWNANXX:2:1213:11780:41007_1:43527934",1.9e-15
"16903","HISEQ13:138:C6FWNANXX:2:2102:5367:82982_1:77118621",1.9e-15
"16904","HISEQ13:138:C6FWNANXX:2:1310:18354:55928_1:63886965",1.9e-15
"16905","HISEQ13:138:C6FWNANXX:2:2311:14193:4101_1:137120780",1.9e-15
"16906","HISEQ13:138:C6FWNANXX:2:2116:12027:22516_1:97235578",1.9e-15
"16907","HISEQ13:138:C6FWNANXX:2:1101:14340:15592_1:203096",1.9e-15
"16908","HISEQ13:138:C6FWNANXX:2:1115:8941:12807_1:21609630",1.9e-15
"16909","HISEQ13:138:C6FWNANXX:2:2316:8226:71580_1:146232788",1.9e-15
"16910","HISEQ13:138:C6FWNANXX:2:1102:4784:97141_1:2865487",1.9e-15
"16911","HISEQ13:138:C6FWNANXX:2:2113:13019:78158_1:93313109",1.9e-15
"16912","HISEQ13:138:C6FWNANXX:2:2209:20268:77699_1:111141187",1.9e-15
"16913","HISEQ13:138:C6FWNANXX:2:1214:12123:7083_1:44603153",1.9e-15
"16914","HISEQ13:138:C6FWNANXX:2:1315:21179:52564_1:72007435",1.9e-15
"16915","HISEQ13:138:C6FWNANXX:2:1208:13695:14465_1:35284737",1.9e-15
"16916","HISEQ13:138:C6FWNANXX:2:1103:9535:39303_1:3476340",1.9e-15
"16917","HISEQ13:138:C6FWNANXX:2:1107:1529:81461_1:10072266",1.9e-15
"16918","HISEQ13:138:C6FWNANXX:2:1113:4715:38361_1:18723944",1.9e-15
"16919","HISEQ13:138:C6FWNANXX:2:1207:10863:20793_1:33878671",1.9e-15
"16920","HISEQ13:138:C6FWNANXX:2:1204:4462:41300_1:29733591",1.9e-15
"16921","HISEQ13:138:C6FWNANXX:2:1211:12811:94442_1:41201231",1.9e-15
"16922","HISEQ13:138:C6FWNANXX:2:2113:4799:74434_1:93251180",1.9e-15
"16923","HISEQ13:138:C6FWNANXX:2:1316:3773:3807_1:72869881",1.9e-15
"16924","HISEQ13:138:C6FWNANXX:2:2103:10089:97569_1:78736302",1.9e-15
"16925","HISEQ13:138:C6FWNANXX:2:2103:2513:34188_1:77832658",1.9e-15
"16926","HISEQ13:138:C6FWNANXX:2:2114:11580:84799_1:95021426",1.9e-15
"16927","HISEQ13:138:C6FWNANXX:2:2114:3509:84644_1:95015779",1.9e-15
"16928","HISEQ13:138:C6FWNANXX:2:2103:11448:92639_1:78664449",1.9e-15
"16929","HISEQ13:138:C6FWNANXX:2:2312:7572:78912_1:139857364",1.9e-15
"16930","HISEQ13:138:C6FWNANXX:2:2103:7032:84884_1:78553666",1.9e-15
"16931","HISEQ13:138:C6FWNANXX:2:1306:8558:45162_1:57559372",1.9e-15
"16932","HISEQ13:138:C6FWNANXX:2:1105:8996:36568_1:6382995",1.9e-15
"16933","HISEQ13:138:C6FWNANXX:2:1111:7668:100408_1:16691705",1.9e-15
"16934","HISEQ13:138:C6FWNANXX:2:1305:11962:76413_1:56532067",1.9e-15
"16935","HISEQ13:138:C6FWNANXX:2:2102:8945:31174_1:76382081",1.9e-15
"16936","HISEQ13:138:C6FWNANXX:2:1115:11167:72029_1:22611467",1.9e-15
"16937","HISEQ13:138:C6FWNANXX:2:1306:8161:99564_1:58391052",1.9e-15
"16938","HISEQ13:138:C6FWNANXX:2:2308:13131:11038_1:132710176",1.9e-15
"16939","HISEQ13:138:C6FWNANXX:2:2110:14894:67529_1:88563352",1.9e-15
"16940","HISEQ13:138:C6FWNANXX:2:1101:20595:78406_1:1131686",1.9e-15
"16941","HISEQ13:138:C6FWNANXX:2:2107:6844:36960_1:83612925",1.9e-15
"16942","HISEQ13:138:C6FWNANXX:2:2311:2850:63530_1:138049576",2e-15
"16943","HISEQ13:138:C6FWNANXX:2:2314:9160:86648_1:143191568",2e-15
"16944","HISEQ13:138:C6FWNANXX:2:2310:14896:21863_1:135876938",2e-15
"16945","HISEQ13:138:C6FWNANXX:2:1212:20297:22956_1:41612895",2e-15
"16946","HISEQ13:138:C6FWNANXX:2:2102:20029:23647_1:76278037",2e-15
"16947","HISEQ13:138:C6FWNANXX:2:2115:17576:72041_1:96423807",2e-15
"16948","HISEQ13:138:C6FWNANXX:2:2214:19351:8406_1:117796228",2e-15
"16949","HISEQ13:138:C6FWNANXX:2:2114:13793:95480_1:95192497",2e-15
"16950","HISEQ13:138:C6FWNANXX:2:1305:17130:87594_1:56702872",2e-15
"16951","HISEQ13:138:C6FWNANXX:2:2101:19821:59940_1:75388303",2e-15
"16952","HISEQ13:138:C6FWNANXX:2:1114:19459:67054_1:20858547",2e-15
"16953","HISEQ13:138:C6FWNANXX:2:1206:4816:83041_1:33321937",2e-15
"16954","HISEQ13:138:C6FWNANXX:2:2104:6550:40044_1:79330647",2e-15
"16955","HISEQ13:138:C6FWNANXX:2:1102:15189:73287_1:2515856",2e-15
"16956","HISEQ13:138:C6FWNANXX:2:1213:14600:68459_1:43979510",2e-15
"16957","HISEQ13:138:C6FWNANXX:2:2209:12240:33398_1:110467585",2e-15
"16958","HISEQ13:138:C6FWNANXX:2:1205:19395:92245_1:31968980",2e-15
"16959","HISEQ13:138:C6FWNANXX:2:2304:5128:94174_1:128121067",2e-15
"16960","HISEQ13:138:C6FWNANXX:2:1305:17766:12912_1:55580513",2e-15
"16961","HISEQ13:138:C6FWNANXX:2:1213:15392:11516_1:43043690",2e-15
"16962","HISEQ13:138:C6FWNANXX:2:1104:19992:76754_1:5505575",2e-15
"16963","HISEQ13:138:C6FWNANXX:2:2213:15384:73449_1:117249650",2e-15
"16964","HISEQ13:138:C6FWNANXX:2:1108:12675:66289_1:11373050",2e-15
"16965","HISEQ13:138:C6FWNANXX:2:1201:14901:75982_1:25892823",2e-15
"16966","HISEQ13:138:C6FWNANXX:2:1203:10648:3555_1:27734234",2e-15
"16967","HISEQ13:138:C6FWNANXX:2:2104:21296:83162_1:79953344",2e-15
"16968","HISEQ13:138:C6FWNANXX:2:2112:16011:83745_1:91827433",2e-15
"16969","HISEQ13:138:C6FWNANXX:2:2304:7822:2713_1:126808136",2e-15
"16970","HISEQ13:138:C6FWNANXX:2:1310:4501:17249_1:63267234",2e-15
"16971","HISEQ13:138:C6FWNANXX:2:1207:14454:78008_1:34748923",2e-15
"16972","HISEQ13:138:C6FWNANXX:2:1101:4398:88492_1:1276909",2e-15
"16973","HISEQ13:138:C6FWNANXX:2:1312:17716:25385_1:66581158",2e-15
"16974","HISEQ13:138:C6FWNANXX:2:1208:16670:4080_1:35128086",2e-15
"16975","HISEQ13:138:C6FWNANXX:2:2112:8580:78794_1:91749996",2e-15
"16976","HISEQ13:138:C6FWNANXX:2:1303:2512:44709_1:53105950",2e-15
"16977","HISEQ13:138:C6FWNANXX:2:2204:17185:62057_1:103614072",2e-15
"16978","HISEQ13:138:C6FWNANXX:2:2309:7172:79456_1:135242357",2e-15
"16979","HISEQ13:138:C6FWNANXX:2:1302:9832:6957_1:51093001",2e-15
"16980","HISEQ13:138:C6FWNANXX:2:2107:8744:9551_1:83209297",2e-15
"16981","HISEQ13:138:C6FWNANXX:2:1206:5651:24131_1:32429100",2e-15
"16982","HISEQ13:138:C6FWNANXX:2:1207:16792:37381_1:34128513",2e-15
"16983","HISEQ13:138:C6FWNANXX:2:1205:2703:21279_1:30907805",2e-15
"16984","HISEQ13:138:C6FWNANXX:2:2115:4677:10945_1:95424440",2e-15
"16985","HISEQ13:138:C6FWNANXX:2:1207:13063:82735_1:34817483",2e-15
"16986","HISEQ13:138:C6FWNANXX:2:1213:20268:96439_1:44443462",2e-15
"16987","HISEQ13:138:C6FWNANXX:2:2210:10105:66603_1:112478408",2e-15
"16988","HISEQ13:138:C6FWNANXX:2:2207:16589:49459_1:107746278",2e-15
"16989","HISEQ13:138:C6FWNANXX:2:2211:19246:87710_1:114339239",2e-15
"16990","HISEQ13:138:C6FWNANXX:2:1113:13278:63924_1:19146938",2e-15
"16991","HISEQ13:138:C6FWNANXX:2:1211:2239:40405_1:40327959",2e-15
"16992","HISEQ13:138:C6FWNANXX:2:1107:20816:90076_1:10210550",2e-15
"16993","HISEQ13:138:C6FWNANXX:2:1310:6258:22723_1:63354701",2e-15
"16994","HISEQ13:138:C6FWNANXX:2:1211:14657:81453_1:40991169",2e-15
"16995","HISEQ13:138:C6FWNANXX:2:2309:10891:34834_1:134562717",2e-15
"16996","HISEQ13:138:C6FWNANXX:2:1116:17537:39129_1:23743709",2e-15
"16997","HISEQ13:138:C6FWNANXX:2:1211:15772:10751_1:39856537",2e-15
"16998","HISEQ13:138:C6FWNANXX:2:2306:12512:28847_1:130047276",2e-15
"16999","HISEQ13:138:C6FWNANXX:2:2313:12747:60899_1:141157601",2e-15
"17000","HISEQ13:138:C6FWNANXX:2:2305:10159:58576_1:129040275",2e-15
"17001","HISEQ13:138:C6FWNANXX:2:2108:1454:53928_1:85345175",2e-15
"17002","HISEQ13:138:C6FWNANXX:2:1214:14286:35195_1:45072326",2e-15
"17003","HISEQ13:138:C6FWNANXX:2:2115:10203:38384_1:95873100",2e-15
"17004","HISEQ13:138:C6FWNANXX:2:1311:9214:59463_1:65520169",2e-15
"17005","HISEQ13:138:C6FWNANXX:2:2301:4364:37405_1:123105041",2e-15
"17006","HISEQ13:138:C6FWNANXX:2:1110:11525:58758_1:14373232",2e-15
"17007","HISEQ13:138:C6FWNANXX:2:2109:11106:50777_1:86799262",2e-15
"17008","HISEQ13:138:C6FWNANXX:2:2309:4645:29283_1:134478140",2e-15
"17009","HISEQ13:138:C6FWNANXX:2:2315:16449:94998_1:144959768",2e-15
"17010","HISEQ13:138:C6FWNANXX:2:1312:21386:70223_1:67313343",2e-15
"17011","HISEQ13:138:C6FWNANXX:2:1214:19568:86578_1:45939267",2e-15
"17012","HISEQ13:138:C6FWNANXX:2:1309:12697:95635_1:62948636",2e-15
"17013","HISEQ13:138:C6FWNANXX:2:1311:18271:87076_1:65975094",2e-15
"17014","HISEQ13:138:C6FWNANXX:2:2102:4578:60174_1:76793157",2e-15
"17015","HISEQ13:138:C6FWNANXX:2:2110:7821:13867_1:87741045",2e-15
"17016","HISEQ13:138:C6FWNANXX:2:2110:7994:16390_1:87778813",2e-15
"17017","HISEQ13:138:C6FWNANXX:2:2206:2851:86809_1:106841823",2e-15
"17018","HISEQ13:138:C6FWNANXX:2:2208:9338:17960_1:108745154",2e-15
"17019","HISEQ13:138:C6FWNANXX:2:1114:19179:28937_1:20215552",2e-15
"17020","HISEQ13:138:C6FWNANXX:2:1109:17793:74037_1:13052173",2e-15
"17021","HISEQ13:138:C6FWNANXX:2:1203:7092:27191_1:28080125",2e-15
"17022","HISEQ13:138:C6FWNANXX:2:2302:19240:88631_1:125226952",2e-15
"17023","HISEQ13:138:C6FWNANXX:2:1209:13554:92681_1:38034628",2e-15
"17024","HISEQ13:138:C6FWNANXX:2:2215:8149:38360_1:119903971",2e-15
"17025","HISEQ13:138:C6FWNANXX:2:2304:19271:34987_1:127273781",2e-15
"17026","HISEQ13:138:C6FWNANXX:2:2115:6910:58831_1:96205361",2.1e-15
"17027","HISEQ13:138:C6FWNANXX:2:2211:9681:41021_1:113610135",2.1e-15
"17028","HISEQ13:138:C6FWNANXX:2:2109:13052:53146_1:86834389",2.1e-15
"17029","HISEQ13:138:C6FWNANXX:2:2109:7501:58889_1:86921519",2.1e-15
"17030","HISEQ13:138:C6FWNANXX:2:2103:18111:8009_1:77464619",2.1e-15
"17031","HISEQ13:138:C6FWNANXX:2:2310:6348:42708_1:136195842",2.1e-15
"17032","HISEQ13:138:C6FWNANXX:2:2210:14676:97503_1:112952763",2.1e-15
"17033","HISEQ13:138:C6FWNANXX:2:1111:20188:92774_1:16551870",2.1e-15
"17034","HISEQ13:138:C6FWNANXX:2:2107:11381:13961_1:83273026",2.1e-15
"17035","HISEQ13:138:C6FWNANXX:2:1109:11261:95140_1:13383151",2.1e-15
"17036","HISEQ13:138:C6FWNANXX:2:1114:18423:48220_1:20538420",2.1e-15
"17037","HISEQ13:138:C6FWNANXX:2:2114:12157:70805_1:94795273",2.1e-15
"17038","HISEQ13:138:C6FWNANXX:2:2207:13440:76963_1:108153428",2.1e-15
"17039","HISEQ13:138:C6FWNANXX:2:2309:18335:55701_1:134878978",2.1e-15
"17040","HISEQ13:138:C6FWNANXX:2:1104:14856:14532_1:4575534",2.1e-15
"17041","HISEQ13:138:C6FWNANXX:2:2102:9432:70266_1:76939618",2.1e-15
"17042","HISEQ13:138:C6FWNANXX:2:2215:18929:17072_1:119555750",2.1e-15
"17043","HISEQ13:138:C6FWNANXX:2:2216:1942:26663_1:121347642",2.1e-15
"17044","HISEQ13:138:C6FWNANXX:2:2309:7172:79456_1:135242356",2.1e-15
"17045","HISEQ13:138:C6FWNANXX:2:1211:15892:52568_1:40528721",2.1e-15
"17046","HISEQ13:138:C6FWNANXX:2:2314:14925:63115_1:142806854",2.1e-15
"17047","HISEQ13:138:C6FWNANXX:2:1316:9740:98924_1:74527562",2.1e-15
"17048","HISEQ13:138:C6FWNANXX:2:2304:17979:77289_1:127882589",2.1e-15
"17049","HISEQ13:138:C6FWNANXX:2:2110:11507:23343_1:87886971",2.1e-15
"17050","HISEQ13:138:C6FWNANXX:2:1106:20690:59597_1:8229813",2.1e-15
"17051","HISEQ13:138:C6FWNANXX:2:1211:4301:90918_1:41142697",2.1e-15
"17052","HISEQ13:138:C6FWNANXX:2:1212:3921:84995_1:42620923",2.1e-15
"17053","HISEQ13:138:C6FWNANXX:2:2116:7624:43073_1:97574714",2.1e-15
"17054","HISEQ13:138:C6FWNANXX:2:2304:7276:74726_1:127841433",2.1e-15
"17055","HISEQ13:138:C6FWNANXX:2:2301:5332:56142_1:123368316",2.1e-15
"17056","HISEQ13:138:C6FWNANXX:2:2208:14173:7896_1:108596875",2.1e-15
"17057","HISEQ13:138:C6FWNANXX:2:1103:11704:63997_1:3839844",2.1e-15
"17058","HISEQ13:138:C6FWNANXX:2:1111:5036:75469_1:16228908",2.1e-15
"17059","HISEQ13:138:C6FWNANXX:2:1211:5549:7167_1:39794500",2.1e-15
"17060","HISEQ13:138:C6FWNANXX:2:1216:17366:73344_1:49093202",2.1e-15
"17061","HISEQ13:138:C6FWNANXX:2:1312:5586:31858_1:66684570",2.1e-15
"17062","HISEQ13:138:C6FWNANXX:2:2314:11318:58540_1:142732188",2.1e-15
"17063","HISEQ13:138:C6FWNANXX:2:1304:14231:23543_1:54261295",2.1e-15
"17064","HISEQ13:138:C6FWNANXX:2:2204:12957:6815_1:102822445",2.1e-15
"17065","HISEQ13:138:C6FWNANXX:2:2310:10546:61430_1:136485063",2.1e-15
"17066","HISEQ13:138:C6FWNANXX:2:2210:1892:93852_1:112891245",2.1e-15
"17067","HISEQ13:138:C6FWNANXX:2:2212:19848:20821_1:114836629",2.1e-15
"17068","HISEQ13:138:C6FWNANXX:2:2314:8076:44374_1:142495200",2.1e-15
"17069","HISEQ13:138:C6FWNANXX:2:1102:14379:74565_1:2534105",2.1e-15
"17070","HISEQ13:138:C6FWNANXX:2:1201:4248:27763_1:25184122",2.1e-15
"17071","HISEQ13:138:C6FWNANXX:2:1203:12972:69049_1:28697833",2.1e-15
"17072","HISEQ13:138:C6FWNANXX:2:1215:4355:47300_1:46944419",2.1e-15
"17073","HISEQ13:138:C6FWNANXX:2:1107:5600:99796_1:10357086",2.1e-15
"17074","HISEQ13:138:C6FWNANXX:2:2101:11313:29253_1:74952971",2.1e-15
"17075","HISEQ13:138:C6FWNANXX:2:1303:13317:30705_1:52900466",2.1e-15
"17076","HISEQ13:138:C6FWNANXX:2:2306:20847:63513_1:130560747",2.1e-15
"17077","HISEQ13:138:C6FWNANXX:2:2311:16181:12122_1:137246355",2.1e-15
"17078","HISEQ13:138:C6FWNANXX:2:1113:18354:98607_1:19726996",2.1e-15
"17079","HISEQ13:138:C6FWNANXX:2:1207:14655:97226_1:35038338",2.1e-15
"17080","HISEQ13:138:C6FWNANXX:2:2204:1637:54005_1:103495772",2.1e-15
"17081","HISEQ13:138:C6FWNANXX:2:1316:15558:64809_1:73936826",2.1e-15
"17082","HISEQ13:138:C6FWNANXX:2:2109:9053:29507_1:86476771",2.1e-15
"17083","HISEQ13:138:C6FWNANXX:2:2309:19544:38236_1:134613506",2.1e-15
"17084","HISEQ13:138:C6FWNANXX:2:2206:2425:64631_1:106515658",2.1e-15
"17085","HISEQ13:138:C6FWNANXX:2:1212:5228:19506_1:41557698",2.1e-15
"17086","HISEQ13:138:C6FWNANXX:2:1114:9914:67627_1:20864926",2.1e-15
"17087","HISEQ13:138:C6FWNANXX:2:1202:5811:45293_1:26894963",2.1e-15
"17088","HISEQ13:138:C6FWNANXX:2:2108:14608:64025_1:85502807",2.1e-15
"17089","HISEQ13:138:C6FWNANXX:2:2308:20993:70050_1:133601308",2.1e-15
"17090","HISEQ13:138:C6FWNANXX:2:1209:9801:86713_1:37939607",2.1e-15
"17091","HISEQ13:138:C6FWNANXX:2:1307:1471:69235_1:59440414",2.1e-15
"17092","HISEQ13:138:C6FWNANXX:2:1204:1351:15834_1:29354923",2.2e-15
"17093","HISEQ13:138:C6FWNANXX:2:1206:8583:10396_1:32223353",2.2e-15
"17094","HISEQ13:138:C6FWNANXX:2:2109:8373:64036_1:87002002",2.2e-15
"17095","HISEQ13:138:C6FWNANXX:2:2301:7337:55915_1:123365099",2.2e-15
"17096","HISEQ13:138:C6FWNANXX:2:2313:10771:92066_1:141663014",2.2e-15
"17097","HISEQ13:138:C6FWNANXX:2:1104:12834:26566_1:4754344",2.2e-15
"17098","HISEQ13:138:C6FWNANXX:2:2305:18766:96490_1:129590419",2.2e-15
"17099","HISEQ13:138:C6FWNANXX:2:1110:9405:69686_1:14542256",2.2e-15
"17100","HISEQ13:138:C6FWNANXX:2:1308:7062:40870_1:60530288",2.2e-15
"17101","HISEQ13:138:C6FWNANXX:2:1115:2981:46587_1:22177990",2.2e-15
"17102","HISEQ13:138:C6FWNANXX:2:1309:4784:5778_1:61529455",2.2e-15
"17103","HISEQ13:138:C6FWNANXX:2:2214:18249:6374_1:117763070",2.2e-15
"17104","HISEQ13:138:C6FWNANXX:2:2311:17222:41565_1:137707712",2.2e-15
"17105","HISEQ13:138:C6FWNANXX:2:2312:11770:69060_1:139702121",2.2e-15
"17106","HISEQ13:138:C6FWNANXX:2:1308:5970:32455_1:60398056",2.2e-15
"17107","HISEQ13:138:C6FWNANXX:2:1110:12621:32112_1:13950110",2.2e-15
"17108","HISEQ13:138:C6FWNANXX:2:2213:7736:10993_1:116245636",2.2e-15
"17109","HISEQ13:138:C6FWNANXX:2:2304:18614:2142_1:126802945",2.2e-15
"17110","HISEQ13:138:C6FWNANXX:2:2306:9455:72207_1:130684647",2.2e-15
"17111","HISEQ13:138:C6FWNANXX:2:2309:2866:39619_1:134633191",2.2e-15
"17112","HISEQ13:138:C6FWNANXX:2:1309:8562:24066_1:61817243",2.2e-15
"17113","HISEQ13:138:C6FWNANXX:2:2309:9423:19984_1:134334817",2.2e-15
"17114","HISEQ13:138:C6FWNANXX:2:2212:20793:15136_1:114746648",2.2e-15
"17115","HISEQ13:138:C6FWNANXX:2:2305:5300:35196_1:128696569",2.2e-15
"17116","HISEQ13:138:C6FWNANXX:2:2208:11898:48755_1:109209078",2.2e-15
"17117","HISEQ13:138:C6FWNANXX:2:1114:18802:52933_1:20618046",2.2e-15
"17118","HISEQ13:138:C6FWNANXX:2:1116:20993:48487_1:23903356",2.2e-15
"17119","HISEQ13:138:C6FWNANXX:2:1313:18906:15623_1:68044196",2.2e-15
"17120","HISEQ13:138:C6FWNANXX:2:1206:10250:16056_1:32310196",2.2e-15
"17121","HISEQ13:138:C6FWNANXX:2:1215:16975:61834_1:47193572",2.2e-15
"17122","HISEQ13:138:C6FWNANXX:2:2206:11779:57717_1:106414280",2.2e-15
"17123","HISEQ13:138:C6FWNANXX:2:1106:2677:68689_1:8364750",2.2e-15
"17124","HISEQ13:138:C6FWNANXX:2:1110:4371:29752_1:13913010",2.2e-15
"17125","HISEQ13:138:C6FWNANXX:2:1213:10846:11871_1:43046870",2.2e-15
"17126","HISEQ13:138:C6FWNANXX:2:1313:12960:89908_1:69281249",2.2e-15
"17127","HISEQ13:138:C6FWNANXX:2:2301:1508:9542_1:122711648",2.2e-15
"17128","HISEQ13:138:C6FWNANXX:2:2312:6859:66491_1:139657173",2.2e-15
"17129","HISEQ13:138:C6FWNANXX:2:1104:10076:36851_1:4906994",2.2e-15
"17130","HISEQ13:138:C6FWNANXX:2:1309:15256:90809_1:62874711",2.2e-15
"17131","HISEQ13:138:C6FWNANXX:2:1113:4337:59595_1:19074143",2.2e-15
"17132","HISEQ13:138:C6FWNANXX:2:1308:19531:52088_1:60707690",2.2e-15
"17133","HISEQ13:138:C6FWNANXX:2:1101:2008:16905_1:219765",2.2e-15
"17134","HISEQ13:138:C6FWNANXX:2:1209:9537:40835_1:37223765",2.2e-15
"17135","HISEQ13:138:C6FWNANXX:2:1111:17292:79714_1:16308231",2.2e-15
"17136","HISEQ13:138:C6FWNANXX:2:1205:2545:77736_1:31748880",2.2e-15
"17137","HISEQ13:138:C6FWNANXX:2:1209:2077:22602_1:36939675",2.2e-15
"17138","HISEQ13:138:C6FWNANXX:2:1214:20399:81251_1:45851574",2.2e-15
"17139","HISEQ13:138:C6FWNANXX:2:2114:17068:10253_1:93813889",2.2e-15
"17140","HISEQ13:138:C6FWNANXX:2:2214:19580:85533_1:119059481",2.2e-15
"17141","HISEQ13:138:C6FWNANXX:2:2305:9188:30371_1:128628209",2.2e-15
"17142","HISEQ13:138:C6FWNANXX:2:1306:14239:31944_1:57359428",2.2e-15
"17143","HISEQ13:138:C6FWNANXX:2:2312:13562:35903_1:139176243",2.2e-15
"17144","HISEQ13:138:C6FWNANXX:2:2213:15817:60848_1:117048308",2.2e-15
"17145","HISEQ13:138:C6FWNANXX:2:2312:6804:72471_1:139753643",2.2e-15
"17146","HISEQ13:138:C6FWNANXX:2:2205:6068:92678_1:105478398",2.2e-15
"17147","HISEQ13:138:C6FWNANXX:2:2206:7618:50747_1:106310263",2.2e-15
"17148","HISEQ13:138:C6FWNANXX:2:2309:6902:74665_1:135169864",2.2e-15
"17149","HISEQ13:138:C6FWNANXX:2:1315:20184:42190_1:71827117",2.2e-15
"17150","HISEQ13:138:C6FWNANXX:2:2113:4179:59755_1:93018837",2.2e-15
"17151","HISEQ13:138:C6FWNANXX:2:2209:14015:13414_1:110164707",2.2e-15
"17152","HISEQ13:138:C6FWNANXX:2:2314:10459:42150_1:142458546",2.2e-15
"17153","HISEQ13:138:C6FWNANXX:2:2105:5919:54793_1:80972474",2.2e-15
"17154","HISEQ13:138:C6FWNANXX:2:1316:9575:68784_1:74005596",2.2e-15
"17155","HISEQ13:138:C6FWNANXX:2:1312:19377:84940_1:67556400",2.2e-15
"17156","HISEQ13:138:C6FWNANXX:2:2110:18087:65734_1:88534486",2.2e-15
"17157","HISEQ13:138:C6FWNANXX:2:2214:6947:98007_1:119260976",2.2e-15
"17158","HISEQ13:138:C6FWNANXX:2:2215:21133:55097_1:120181940",2.2e-15
"17159","HISEQ13:138:C6FWNANXX:2:2309:9229:80076_1:135254124",2.2e-15
"17160","HISEQ13:138:C6FWNANXX:2:1116:7495:54782_1:24011325",2.2e-15
"17161","HISEQ13:138:C6FWNANXX:2:2112:12812:84124_1:91834598",2.2e-15
"17162","HISEQ13:138:C6FWNANXX:2:2207:15842:58149_1:107875848",2.2e-15
"17163","HISEQ13:138:C6FWNANXX:2:2209:1590:5163_1:110037971",2.2e-15
"17164","HISEQ13:138:C6FWNANXX:2:1302:8110:72542_1:52059062",2.2e-15
"17165","HISEQ13:138:C6FWNANXX:2:2302:20779:76468_1:125053287",2.2e-15
"17166","HISEQ13:138:C6FWNANXX:2:1110:11759:42966_1:14119540",2.2e-15
"17167","HISEQ13:138:C6FWNANXX:2:1312:6753:67159_1:67260930",2.2e-15
"17168","HISEQ13:138:C6FWNANXX:2:2303:4774:7018_1:125469839",2.2e-15
"17169","HISEQ13:138:C6FWNANXX:2:1212:2749:16341_1:41509623",2.2e-15
"17170","HISEQ13:138:C6FWNANXX:2:2107:5246:41554_1:83682893",2.2e-15
"17171","HISEQ13:138:C6FWNANXX:2:1101:15886:62302_1:895108",2.2e-15
"17172","HISEQ13:138:C6FWNANXX:2:1216:19997:26782_1:48287629",2.2e-15
"17173","HISEQ13:138:C6FWNANXX:2:1302:17078:77617_1:52135170",2.2e-15
"17174","HISEQ13:138:C6FWNANXX:2:2112:12582:88233_1:91897843",2.2e-15
"17175","HISEQ13:138:C6FWNANXX:2:2207:2650:43237_1:107651785",2.2e-15
"17176","HISEQ13:138:C6FWNANXX:2:2313:17877:30607_1:140668638",2.2e-15
"17177","HISEQ13:138:C6FWNANXX:2:1207:8574:43332_1:34218501",2.2e-15
"17178","HISEQ13:138:C6FWNANXX:2:1215:1777:23235_1:46533249",2.2e-15
"17179","HISEQ13:138:C6FWNANXX:2:2114:16887:96476_1:95209432",2.2e-15
"17180","HISEQ13:138:C6FWNANXX:2:1316:21218:69599_1:74021186",2.3e-15
"17181","HISEQ13:138:C6FWNANXX:2:1211:21160:94245_1:41198812",2.3e-15
"17182","HISEQ13:138:C6FWNANXX:2:1311:10959:4262_1:64633045",2.3e-15
"17183","HISEQ13:138:C6FWNANXX:2:2209:2544:27255_1:110375146",2.3e-15
"17184","HISEQ13:138:C6FWNANXX:2:2305:9111:36015_1:128711884",2.3e-15
"17185","HISEQ13:138:C6FWNANXX:2:1212:19880:80830_1:42558244",2.3e-15
"17186","HISEQ13:138:C6FWNANXX:2:2316:10544:14935_1:145274954",2.3e-15
"17187","HISEQ13:138:C6FWNANXX:2:2102:19152:49986_1:76650008",2.3e-15
"17188","HISEQ13:138:C6FWNANXX:2:1306:7817:30614_1:57338866",2.3e-15
"17189","HISEQ13:138:C6FWNANXX:2:2216:19922:23670_1:121300922",2.3e-15
"17190","HISEQ13:138:C6FWNANXX:2:1312:2664:24984_1:66570043",2.3e-15
"17191","HISEQ13:138:C6FWNANXX:2:1315:13057:17298_1:71403424",2.3e-15
"17192","HISEQ13:138:C6FWNANXX:2:2311:18832:68267_1:138128507",2.3e-15
"17193","HISEQ13:138:C6FWNANXX:2:1105:12570:79620_1:7028673",2.3e-15
"17194","HISEQ13:138:C6FWNANXX:2:2309:18618:8065_1:134157824",2.3e-15
"17195","HISEQ13:138:C6FWNANXX:2:2309:20517:30829_1:134503959",2.3e-15
"17196","HISEQ13:138:C6FWNANXX:2:1203:13024:89184_1:28993719",2.3e-15
"17197","HISEQ13:138:C6FWNANXX:2:1201:18744:20282_1:25076853",2.3e-15
"17198","HISEQ13:138:C6FWNANXX:2:1314:7615:34583_1:70015348",2.3e-15
"17199","HISEQ13:138:C6FWNANXX:2:2212:4174:77190_1:115724172",2.3e-15
"17200","HISEQ13:138:C6FWNANXX:2:1304:18431:81668_1:55128206",2.3e-15
"17201","HISEQ13:138:C6FWNANXX:2:2201:18100:77346_1:99601696",2.3e-15
"17202","HISEQ13:138:C6FWNANXX:2:1304:1526:66035_1:54893908",2.3e-15
"17203","HISEQ13:138:C6FWNANXX:2:2102:4608:31684_1:76388447",2.3e-15
"17204","HISEQ13:138:C6FWNANXX:2:1104:20058:5348_1:4440077",2.3e-15
"17205","HISEQ13:138:C6FWNANXX:2:1315:10729:4594_1:71186455",2.3e-15
"17206","HISEQ13:138:C6FWNANXX:2:1109:17897:24003_1:12262655",2.3e-15
"17207","HISEQ13:138:C6FWNANXX:2:1111:16743:63758_1:16031343",2.3e-15
"17208","HISEQ13:138:C6FWNANXX:2:2208:10011:52933_1:109268780",2.3e-15
"17209","HISEQ13:138:C6FWNANXX:2:2304:1751:86377_1:128009194",2.3e-15
"17210","HISEQ13:138:C6FWNANXX:2:1107:19083:53907_1:9654390",2.3e-15
"17211","HISEQ13:138:C6FWNANXX:2:2210:14308:40944_1:112085740",2.3e-15
"17212","HISEQ13:138:C6FWNANXX:2:2311:14667:14237_1:137277404",2.3e-15
"17213","HISEQ13:138:C6FWNANXX:2:2208:10596:23377_1:108827690",2.3e-15
"17214","HISEQ13:138:C6FWNANXX:2:2214:19070:72937_1:118850980",2.3e-15
"17215","HISEQ13:138:C6FWNANXX:2:2304:8345:57687_1:127598184",2.3e-15
"17216","HISEQ13:138:C6FWNANXX:2:2201:20289:93916_1:99835767",2.3e-15
"17217","HISEQ13:138:C6FWNANXX:2:2209:8476:32835_1:110459237",2.3e-15
"17218","HISEQ13:138:C6FWNANXX:2:2104:12880:57070_1:79576646",2.3e-15
"17219","HISEQ13:138:C6FWNANXX:2:2216:12603:85258_1:122345045",2.3e-15
"17220","HISEQ13:138:C6FWNANXX:2:1107:17103:70928_1:9914447",2.3e-15
"17221","HISEQ13:138:C6FWNANXX:2:1115:2233:71443_1:22597180",2.3e-15
"17222","HISEQ13:138:C6FWNANXX:2:1209:16001:48471_1:37342229",2.3e-15
"17223","HISEQ13:138:C6FWNANXX:2:1213:17644:51386_1:43698471",2.3e-15
"17224","HISEQ13:138:C6FWNANXX:2:2213:15541:95166_1:117599237",2.3e-15
"17225","HISEQ13:138:C6FWNANXX:2:2316:12829:59195_1:146022944",2.3e-15
"17226","HISEQ13:138:C6FWNANXX:2:1301:2723:92411_1:50896166",2.3e-15
"17227","HISEQ13:138:C6FWNANXX:2:1314:13610:72251_1:70658323",2.3e-15
"17228","HISEQ13:138:C6FWNANXX:2:2309:2500:13285_1:134234489",2.3e-15
"17229","HISEQ13:138:C6FWNANXX:2:1207:16331:20010_1:33868550",2.3e-15
"17230","HISEQ13:138:C6FWNANXX:2:1309:15902:97675_1:62980659",2.3e-15
"17231","HISEQ13:138:C6FWNANXX:2:2115:12110:57584_1:96185905",2.3e-15
"17232","HISEQ13:138:C6FWNANXX:2:2208:10787:63336_1:109427070",2.3e-15
"17233","HISEQ13:138:C6FWNANXX:2:1315:17831:81570_1:72505744",2.3e-15
"17234","HISEQ13:138:C6FWNANXX:2:2116:18356:27068_1:97311982",2.3e-15
"17235","HISEQ13:138:C6FWNANXX:2:2206:3132:58169_1:106419998",2.3e-15
"17236","HISEQ13:138:C6FWNANXX:2:2304:18288:16488_1:127008232",2.3e-15
"17237","HISEQ13:138:C6FWNANXX:2:2305:20688:21597_1:128504614",2.3e-15
"17238","HISEQ13:138:C6FWNANXX:2:1315:20175:60234_1:72136051",2.3e-15
"17239","HISEQ13:138:C6FWNANXX:2:1113:17943:25340_1:18513514",2.3e-15
"17240","HISEQ13:138:C6FWNANXX:2:2209:11953:47202_1:110675679",2.3e-15
"17241","HISEQ13:138:C6FWNANXX:2:2302:11738:46028_1:124623043",2.3e-15
"17242","HISEQ13:138:C6FWNANXX:2:2213:7404:20091_1:116392708",2.3e-15
"17243","HISEQ13:138:C6FWNANXX:2:1304:11885:5122_1:53985150",2.3e-15
"17244","HISEQ13:138:C6FWNANXX:2:1304:9480:10465_1:54063508",2.3e-15
"17245","HISEQ13:138:C6FWNANXX:2:1301:2382:88300_1:50837108",2.3e-15
"17246","HISEQ13:138:C6FWNANXX:2:2201:19588:87717_1:99747095",2.3e-15
"17247","HISEQ13:138:C6FWNANXX:2:2206:15468:24868_1:105934667",2.3e-15
"17248","HISEQ13:138:C6FWNANXX:2:2209:18829:71404_1:111045771",2.3e-15
"17249","HISEQ13:138:C6FWNANXX:2:1211:20058:69422_1:40799543",2.3e-15
"17250","HISEQ13:138:C6FWNANXX:2:2109:21112:24749_1:86403781",2.3e-15
"17251","HISEQ13:138:C6FWNANXX:2:1112:5519:24292_1:16878976",2.3e-15
"17252","HISEQ13:138:C6FWNANXX:2:2202:17637:44139_1:100533762",2.3e-15
"17253","HISEQ13:138:C6FWNANXX:2:2208:20884:7078_1:108586935",2.3e-15
"17254","HISEQ13:138:C6FWNANXX:2:1111:5523:40246_1:15639438",2.3e-15
"17255","HISEQ13:138:C6FWNANXX:2:2110:15831:99529_1:89049402",2.3e-15
"17256","HISEQ13:138:C6FWNANXX:2:1202:4310:49571_1:26957099",2.3e-15
"17257","HISEQ13:138:C6FWNANXX:2:1216:18523:11511_1:48023682",2.3e-15
"17258","HISEQ13:138:C6FWNANXX:2:2314:2700:2350_1:141808745",2.3e-15
"17259","HISEQ13:138:C6FWNANXX:2:1203:10022:37928_1:28238466",2.3e-15
"17260","HISEQ13:138:C6FWNANXX:2:1301:17951:1916_1:49568595",2.3e-15
"17261","HISEQ13:138:C6FWNANXX:2:2104:16976:91824_1:80078075",2.3e-15
"17262","HISEQ13:138:C6FWNANXX:2:1201:15047:38355_1:25341181",2.3e-15
"17263","HISEQ13:138:C6FWNANXX:2:2114:6388:81833_1:94972027",2.3e-15
"17264","HISEQ13:138:C6FWNANXX:2:2211:5714:62679_1:113946068",2.3e-15
"17265","HISEQ13:138:C6FWNANXX:2:1110:13675:18017_1:13729328",2.3e-15
"17266","HISEQ13:138:C6FWNANXX:2:1207:10041:30736_1:34025849",2.3e-15
"17267","HISEQ13:138:C6FWNANXX:2:1212:21079:60284_1:42222976",2.3e-15
"17268","HISEQ13:138:C6FWNANXX:2:2115:11223:79806_1:96548404",2.3e-15
"17269","HISEQ13:138:C6FWNANXX:2:2315:7242:28599_1:143864758",2.3e-15
"17270","HISEQ13:138:C6FWNANXX:2:1108:19970:34397_1:10876147",2.3e-15
"17271","HISEQ13:138:C6FWNANXX:2:1315:12167:62839_1:72181695",2.3e-15
"17272","HISEQ13:138:C6FWNANXX:2:2105:15523:67915_1:81161412",2.3e-15
"17273","HISEQ13:138:C6FWNANXX:2:2303:16837:78625_1:126486290",2.3e-15
"17274","HISEQ13:138:C6FWNANXX:2:2316:8042:86866_1:146490653",2.4e-15
"17275","HISEQ13:138:C6FWNANXX:2:1115:16993:36823_1:22017145",2.4e-15
"17276","HISEQ13:138:C6FWNANXX:2:2307:1893:98253_1:132534681",2.4e-15
"17277","HISEQ13:138:C6FWNANXX:2:2313:16870:79356_1:141458463",2.4e-15
"17278","HISEQ13:138:C6FWNANXX:2:1104:3559:78225_1:5520851",2.4e-15
"17279","HISEQ13:138:C6FWNANXX:2:1108:16761:39554_1:10957389",2.4e-15
"17280","HISEQ13:138:C6FWNANXX:2:1116:18989:47001_1:23881324",2.4e-15
"17281","HISEQ13:138:C6FWNANXX:2:2109:3186:22955_1:86373788",2.4e-15
"17282","HISEQ13:138:C6FWNANXX:2:2211:4095:58665_1:113883113",2.4e-15
"17283","HISEQ13:138:C6FWNANXX:2:1101:15800:42619_1:602697",2.4e-15
"17284","HISEQ13:138:C6FWNANXX:2:1101:15287:24606_1:336737",2.4e-15
"17285","HISEQ13:138:C6FWNANXX:2:1216:12759:14957_1:48079251",2.4e-15
"17286","HISEQ13:138:C6FWNANXX:2:1113:17969:68079_1:19218271",2.4e-15
"17287","HISEQ13:138:C6FWNANXX:2:2206:13038:54105_1:106362648",2.4e-15
"17288","HISEQ13:138:C6FWNANXX:2:2314:4679:22205_1:142129760",2.4e-15
"17289","HISEQ13:138:C6FWNANXX:2:1214:11122:15085_1:44736388",2.4e-15
"17290","HISEQ13:138:C6FWNANXX:2:2307:15643:26754_1:131475478",2.4e-15
"17291","HISEQ13:138:C6FWNANXX:2:1210:10175:78817_1:39368319",2.4e-15
"17292","HISEQ13:138:C6FWNANXX:2:1313:14249:68778_1:68929370",2.4e-15
"17293","HISEQ13:138:C6FWNANXX:2:1205:10049:85529_1:31869521",2.4e-15
"17294","HISEQ13:138:C6FWNANXX:2:1208:3073:50114_1:35832068",2.4e-15
"17295","HISEQ13:138:C6FWNANXX:2:2209:13066:44615_1:110637831",2.4e-15
"17296","HISEQ13:138:C6FWNANXX:2:2211:3461:66856_1:114011515",2.4e-15
"17297","HISEQ13:138:C6FWNANXX:2:2302:11284:66096_1:124905586",2.4e-15
"17298","HISEQ13:138:C6FWNANXX:2:2305:17157:51593_1:128939811",2.5e-15
"17299","HISEQ13:138:C6FWNANXX:2:2213:15071:57881_1:117000342",2.5e-15
"17300","HISEQ13:138:C6FWNANXX:2:2307:7707:27363_1:131481335",2.5e-15
"17301","HISEQ13:138:C6FWNANXX:2:1306:14425:7788_1:56992098",2.5e-15
"17302","HISEQ13:138:C6FWNANXX:2:1116:10975:39974_1:23755325",2.5e-15
"17303","HISEQ13:138:C6FWNANXX:2:1213:18474:10025_1:43019476",2.5e-15
"17304","HISEQ13:138:C6FWNANXX:2:1202:6348:70001_1:27258151",2.5e-15
"17305","HISEQ13:138:C6FWNANXX:2:2214:19647:28970_1:118131145",2.5e-15
"17306","HISEQ13:138:C6FWNANXX:2:1105:7128:51526_1:6608159",2.5e-15
"17307","HISEQ13:138:C6FWNANXX:2:1104:9949:95950_1:5787864",2.5e-15
"17308","HISEQ13:138:C6FWNANXX:2:2203:4526:10075_1:101456314",2.5e-15
"17309","HISEQ13:138:C6FWNANXX:2:1302:3258:92863_1:52356886",2.5e-15
"17310","HISEQ13:138:C6FWNANXX:2:2203:9602:73471_1:102360675",2.5e-15
"17311","HISEQ13:138:C6FWNANXX:2:1315:11462:9234_1:71263003",2.5e-15
"17312","HISEQ13:138:C6FWNANXX:2:1112:8775:86832_1:17896802",2.5e-15
"17313","HISEQ13:138:C6FWNANXX:2:2112:1455:20013_1:90826144",2.5e-15
"17314","HISEQ13:138:C6FWNANXX:2:2316:7108:96284_1:146650183",2.5e-15
"17315","HISEQ13:138:C6FWNANXX:2:1106:17303:54495_1:8149009",2.5e-15
"17316","HISEQ13:138:C6FWNANXX:2:1201:13487:93073_1:26146354",2.5e-15
"17317","HISEQ13:138:C6FWNANXX:2:2310:12325:33765_1:136061733",2.5e-15
"17318","HISEQ13:138:C6FWNANXX:2:1208:4175:45550_1:35762632",2.5e-15
"17319","HISEQ13:138:C6FWNANXX:2:2102:19939:4224_1:76001193",2.5e-15
"17320","HISEQ13:138:C6FWNANXX:2:2208:10103:80078_1:109680065",2.5e-15
"17321","HISEQ13:138:C6FWNANXX:2:2211:2049:6631_1:113070346",2.5e-15
"17322","HISEQ13:138:C6FWNANXX:2:2303:8914:14955_1:125580859",2.5e-15
"17323","HISEQ13:138:C6FWNANXX:2:2316:3475:11158_1:145210159",2.5e-15
"17324","HISEQ13:138:C6FWNANXX:2:2311:3595:63648_1:138049768",2.5e-15
"17325","HISEQ13:138:C6FWNANXX:2:2106:16991:22985_1:81948875",2.5e-15
"17326","HISEQ13:138:C6FWNANXX:2:1206:20357:53295_1:32876166",2.5e-15
"17327","HISEQ13:138:C6FWNANXX:2:1113:9423:53789_1:18980273",2.5e-15
"17328","HISEQ13:138:C6FWNANXX:2:1310:3368:48102_1:63760131",2.5e-15
"17329","HISEQ13:138:C6FWNANXX:2:1303:13474:39477_1:53030251",2.5e-15
"17330","HISEQ13:138:C6FWNANXX:2:2316:18326:92772_1:146592332",2.5e-15
"17331","HISEQ13:138:C6FWNANXX:2:1106:18688:100264_1:8850610",2.5e-15
"17332","HISEQ13:138:C6FWNANXX:2:1107:1965:43660_1:9493319",2.5e-15
"17333","HISEQ13:138:C6FWNANXX:2:1109:1790:74854_1:13060958",2.5e-15
"17334","HISEQ13:138:C6FWNANXX:2:2303:19419:85906_1:126589269",2.5e-15
"17335","HISEQ13:138:C6FWNANXX:2:2302:2946:62494_1:124850981",2.5e-15
"17336","HISEQ13:138:C6FWNANXX:2:1303:12515:45322_1:53119119",2.6e-15
"17337","HISEQ13:138:C6FWNANXX:2:1309:9477:63429_1:62437871",2.6e-15
"17338","HISEQ13:138:C6FWNANXX:2:1112:18614:91382_1:17972449",2.6e-15
"17339","HISEQ13:138:C6FWNANXX:2:1216:20069:33221_1:48395412",2.6e-15
"17340","HISEQ13:138:C6FWNANXX:2:2102:3394:86875_1:77175705",2.6e-15
"17341","HISEQ13:138:C6FWNANXX:2:1107:10496:4205_1:8889719",2.6e-15
"17342","HISEQ13:138:C6FWNANXX:2:1312:15685:14953_1:66409007",2.6e-15
"17343","HISEQ13:138:C6FWNANXX:2:1306:1858:11526_1:57047053",2.6e-15
"17344","HISEQ13:138:C6FWNANXX:2:1103:11441:19124_1:3176614",2.6e-15
"17345","HISEQ13:138:C6FWNANXX:2:1216:16415:59239_1:48845049",2.6e-15
"17346","HISEQ13:138:C6FWNANXX:2:2310:9341:56304_1:136408532",2.6e-15
"17347","HISEQ13:138:C6FWNANXX:2:2312:15295:77026_1:139830876",2.6e-15
"17348","HISEQ13:138:C6FWNANXX:2:2309:2592:74885_1:135172990",2.6e-15
"17349","HISEQ13:138:C6FWNANXX:2:2209:17075:93130_1:111376245",2.6e-15
"17350","HISEQ13:138:C6FWNANXX:2:1204:1631:88506_1:30435045",2.6e-15
"17351","HISEQ13:138:C6FWNANXX:2:1313:8186:84356_1:69188013",2.6e-15
"17352","HISEQ13:138:C6FWNANXX:2:1114:18545:37096_1:20353843",2.6e-15
"17353","HISEQ13:138:C6FWNANXX:2:1308:2917:38666_1:60494746",2.6e-15
"17354","HISEQ13:138:C6FWNANXX:2:1205:19592:48273_1:31313789",2.6e-15
"17355","HISEQ13:138:C6FWNANXX:2:1216:9244:64110_1:48930334",2.6e-15
"17356","HISEQ13:138:C6FWNANXX:2:1112:13309:85811_1:17881337",2.6e-15
"17357","HISEQ13:138:C6FWNANXX:2:1105:2795:98292_1:7310849",2.6e-15
"17358","HISEQ13:138:C6FWNANXX:2:1107:12250:12996_1:9024656",2.6e-15
"17359","HISEQ13:138:C6FWNANXX:2:1311:6569:72503_1:65734593",2.6e-15
"17360","HISEQ13:138:C6FWNANXX:2:1206:2017:99714_1:33571280",2.6e-15
"17361","HISEQ13:138:C6FWNANXX:2:2307:20784:11458_1:131246945",2.6e-15
"17362","HISEQ13:138:C6FWNANXX:2:2311:15967:2666_1:137097808",2.6e-15
"17363","HISEQ13:138:C6FWNANXX:2:2314:15414:87908_1:143213139",2.7e-15
"17364","HISEQ13:138:C6FWNANXX:2:2212:13358:60152_1:115455736",2.7e-15
"17365","HISEQ13:138:C6FWNANXX:2:1309:8082:92474_1:62897058",2.7e-15
"17366","HISEQ13:138:C6FWNANXX:2:1106:20690:59597_1:8229814",2.7e-15
"17367","HISEQ13:138:C6FWNANXX:2:2216:17432:56476_1:121853571",2.7e-15
"17368","HISEQ13:138:C6FWNANXX:2:2307:8674:56200_1:131907541",2.7e-15
"17369","HISEQ13:138:C6FWNANXX:2:1103:16302:2266_1:2928847",2.7e-15
"17370","HISEQ13:138:C6FWNANXX:2:1105:16650:44755_1:6508354",2.7e-15
"17371","HISEQ13:138:C6FWNANXX:2:2103:16280:10404_1:77496199",2.7e-15
"17372","HISEQ13:138:C6FWNANXX:2:1202:3884:89601_1:27543894",2.7e-15
"17373","HISEQ13:138:C6FWNANXX:2:1313:7990:14069_1:68017293",2.7e-15
"17374","HISEQ13:138:C6FWNANXX:2:2316:2087:15698_1:145285779",2.7e-15
"17375","HISEQ13:138:C6FWNANXX:2:1101:14493:20194_1:269870",2.7e-15
"17376","HISEQ13:138:C6FWNANXX:2:2206:19223:91814_1:106917619",2.7e-15
"17377","HISEQ13:138:C6FWNANXX:2:1313:7033:3323_1:67839640",2.7e-15
"17378","HISEQ13:138:C6FWNANXX:2:1302:16847:91030_1:52333592",2.7e-15
"17379","HISEQ13:138:C6FWNANXX:2:2112:1835:16552_1:90791107",2.7e-15
"17380","HISEQ13:138:C6FWNANXX:2:2209:8193:57082_1:110827143",2.7e-15
"17381","HISEQ13:138:C6FWNANXX:2:1214:4497:2457_1:44521948",2.7e-15
"17382","HISEQ13:138:C6FWNANXX:2:1301:7317:74513_1:50636342",2.7e-15
"17383","HISEQ13:138:C6FWNANXX:2:1313:6495:51009_1:68630748",2.7e-15
"17384","HISEQ13:138:C6FWNANXX:2:2306:1249:88289_1:130920324",2.7e-15
"17385","HISEQ13:138:C6FWNANXX:2:1316:6858:87267_1:74328129",2.7e-15
"17386","HISEQ13:138:C6FWNANXX:2:1302:17793:77264_1:52131554",2.7e-15
"17387","HISEQ13:138:C6FWNANXX:2:1311:21115:98092_1:66155670",2.7e-15
"17388","HISEQ13:138:C6FWNANXX:2:2208:7408:76732_1:109626772",2.7e-15
"17389","HISEQ13:138:C6FWNANXX:2:1210:9061:88238_1:39514000",2.7e-15
"17390","HISEQ13:138:C6FWNANXX:2:1210:9425:93958_1:39603983",2.7e-15
"17391","HISEQ13:138:C6FWNANXX:2:2203:4804:21650_1:101620991",2.7e-15
"17392","HISEQ13:138:C6FWNANXX:2:1111:11136:73780_1:16203344",2.7e-15
"17393","HISEQ13:138:C6FWNANXX:2:2206:5054:47021_1:106258603",2.7e-15
"17394","HISEQ13:138:C6FWNANXX:2:2210:1632:7080_1:111568354",2.7e-15
"17395","HISEQ13:138:C6FWNANXX:2:2206:10796:96839_1:106990249",2.7e-15
"17396","HISEQ13:138:C6FWNANXX:2:1103:6670:82167_1:4109556",2.7e-15
"17397","HISEQ13:138:C6FWNANXX:2:1208:5240:55322_1:35913942",2.7e-15
"17398","HISEQ13:138:C6FWNANXX:2:2304:6798:55917_1:127572259",2.7e-15
"17399","HISEQ13:138:C6FWNANXX:2:2315:7418:5977_1:143488671",2.7e-15
"17400","HISEQ13:138:C6FWNANXX:2:1104:12018:88613_1:5679692",2.7e-15
"17401","HISEQ13:138:C6FWNANXX:2:1208:19171:26006_1:35466465",2.7e-15
"17402","HISEQ13:138:C6FWNANXX:2:1314:5429:80332_1:70792854",2.7e-15
"17403","HISEQ13:138:C6FWNANXX:2:2210:8849:64410_1:112444600",2.7e-15
"17404","HISEQ13:138:C6FWNANXX:2:2210:9701:76644_1:112629919",2.7e-15
"17405","HISEQ13:138:C6FWNANXX:2:2213:5681:69329_1:117183263",2.7e-15
"17406","HISEQ13:138:C6FWNANXX:2:2212:19375:73099_1:115662899",2.7e-15
"17407","HISEQ13:138:C6FWNANXX:2:2316:8928:6096_1:145125906",2.7e-15
"17408","HISEQ13:138:C6FWNANXX:2:1303:6328:17217_1:52699045",2.7e-15
"17409","HISEQ13:138:C6FWNANXX:2:2316:15491:51204_1:145888316",2.7e-15
"17410","HISEQ13:138:C6FWNANXX:2:2114:11655:69864_1:94778840",2.7e-15
"17411","HISEQ13:138:C6FWNANXX:2:2206:3376:85068_1:106816470",2.8e-15
"17412","HISEQ13:138:C6FWNANXX:2:1204:2988:7001_1:29240240",2.8e-15
"17413","HISEQ13:138:C6FWNANXX:2:2103:21138:31112_1:77793193",2.8e-15
"17414","HISEQ13:138:C6FWNANXX:2:1304:3441:49255_1:54643215",2.8e-15
"17415","HISEQ13:138:C6FWNANXX:2:1312:1597:73854_1:67371035",2.8e-15
"17416","HISEQ13:138:C6FWNANXX:2:1312:20019:98626_1:67783489",2.8e-15
"17417","HISEQ13:138:C6FWNANXX:2:2109:19591:94393_1:87463554",2.8e-15
"17418","HISEQ13:138:C6FWNANXX:2:2305:10233:40674_1:128777550",2.8e-15
"17419","HISEQ13:138:C6FWNANXX:2:2306:16937:19416_1:129908972",2.8e-15
"17420","HISEQ13:138:C6FWNANXX:2:2112:7818:17037_1:90796631",2.8e-15
"17421","HISEQ13:138:C6FWNANXX:2:1213:5093:52723_1:43716275",2.8e-15
"17422","HISEQ13:138:C6FWNANXX:2:2308:8983:45873_1:133232393",2.8e-15
"17423","HISEQ13:138:C6FWNANXX:2:2310:7086:38720_1:136134192",2.8e-15
"17424","HISEQ13:138:C6FWNANXX:2:2202:14031:34640_1:100398445",2.8e-15
"17425","HISEQ13:138:C6FWNANXX:2:1106:10377:86634_1:8639787",2.8e-15
"17426","HISEQ13:138:C6FWNANXX:2:1202:9873:71634_1:27280852",2.8e-15
"17427","HISEQ13:138:C6FWNANXX:2:1209:20916:74338_1:37750600",2.8e-15
"17428","HISEQ13:138:C6FWNANXX:2:1306:2570:34035_1:57390922",2.8e-15
"17429","HISEQ13:138:C6FWNANXX:2:1312:3150:43999_1:66879090",2.8e-15
"17430","HISEQ13:138:C6FWNANXX:2:2110:15336:18899_1:87818805",2.8e-15
"17431","HISEQ13:138:C6FWNANXX:2:2210:4061:65468_1:112458819",2.8e-15
"17432","HISEQ13:138:C6FWNANXX:2:1306:20698:55361_1:57718427",2.8e-15
"17433","HISEQ13:138:C6FWNANXX:2:2311:12033:66218_1:138091177",2.8e-15
"17434","HISEQ13:138:C6FWNANXX:2:1307:8780:75694_1:59542126",2.8e-15
"17435","HISEQ13:138:C6FWNANXX:2:2116:3098:61654_1:97877145",2.8e-15
"17436","HISEQ13:138:C6FWNANXX:2:2206:5133:52128_1:106331942",2.8e-15
"17437","HISEQ13:138:C6FWNANXX:2:2306:10648:85218_1:130874322",2.8e-15
"17438","HISEQ13:138:C6FWNANXX:2:1216:11134:73374_1:49091830",2.8e-15
"17439","HISEQ13:138:C6FWNANXX:2:2109:8715:58954_1:86921747",2.8e-15
"17440","HISEQ13:138:C6FWNANXX:2:2214:9179:66144_1:118737965",2.8e-15
"17441","HISEQ13:138:C6FWNANXX:2:1205:21128:51346_1:31359154",2.8e-15
"17442","HISEQ13:138:C6FWNANXX:2:1315:9328:74216_1:72374540",2.8e-15
"17443","HISEQ13:138:C6FWNANXX:2:2115:17576:72041_1:96423808",2.8e-15
"17444","HISEQ13:138:C6FWNANXX:2:2306:13678:18975_1:129901109",2.8e-15
"17445","HISEQ13:138:C6FWNANXX:2:2208:6804:90552_1:109837502",2.8e-15
"17446","HISEQ13:138:C6FWNANXX:2:1215:14355:25407_1:46573923",2.8e-15
"17447","HISEQ13:138:C6FWNANXX:2:1209:9251:33853_1:37115067",2.8e-15
"17448","HISEQ13:138:C6FWNANXX:2:2102:7213:32944_1:76406572",2.8e-15
"17449","HISEQ13:138:C6FWNANXX:2:2303:14527:70977_1:126376561",2.8e-15
"17450","HISEQ13:138:C6FWNANXX:2:1112:12827:33002_1:17022552",2.8e-15
"17451","HISEQ13:138:C6FWNANXX:2:1202:5988:20971_1:26536023",2.8e-15
"17452","HISEQ13:138:C6FWNANXX:2:1209:21056:68006_1:37652362",2.8e-15
"17453","HISEQ13:138:C6FWNANXX:2:1302:20342:27461_1:51396069",2.8e-15
"17454","HISEQ13:138:C6FWNANXX:2:2112:11211:30737_1:90992031",2.8e-15
"17455","HISEQ13:138:C6FWNANXX:2:2303:6831:97627_1:126754082",2.8e-15
"17456","HISEQ13:138:C6FWNANXX:2:2313:14339:78509_1:141445791",2.8e-15
"17457","HISEQ13:138:C6FWNANXX:2:1108:18702:87377_1:11704444",2.8e-15
"17458","HISEQ13:138:C6FWNANXX:2:1316:15309:60549_1:73862256",2.8e-15
"17459","HISEQ13:138:C6FWNANXX:2:2316:15292:19283_1:145351977",2.8e-15
"17460","HISEQ13:138:C6FWNANXX:2:2109:14429:18296_1:86306909",2.8e-15
"17461","HISEQ13:138:C6FWNANXX:2:1316:15576:100523_1:74559126",2.8e-15
"17462","HISEQ13:138:C6FWNANXX:2:2101:6454:2860_1:74572578",2.8e-15
"17463","HISEQ13:138:C6FWNANXX:2:1309:8185:80220_1:62702805",2.8e-15
"17464","HISEQ13:138:C6FWNANXX:2:2212:20081:6235_1:114616758",2.8e-15
"17465","HISEQ13:138:C6FWNANXX:2:2112:16644:22168_1:90859426",2.8e-15
"17466","HISEQ13:138:C6FWNANXX:2:2206:17676:23718_1:105916792",2.8e-15
"17467","HISEQ13:138:C6FWNANXX:2:1108:18682:70364_1:11437486",2.9e-15
"17468","HISEQ13:138:C6FWNANXX:2:1307:14018:48553_1:59126170",2.9e-15
"17469","HISEQ13:138:C6FWNANXX:2:1311:19166:2261_1:64602303",2.9e-15
"17470","HISEQ13:138:C6FWNANXX:2:2211:1545:27333_1:113393378",2.9e-15
"17471","HISEQ13:138:C6FWNANXX:2:2216:20808:70381_1:122092314",2.9e-15
"17472","HISEQ13:138:C6FWNANXX:2:1203:7980:57021_1:28520057",2.9e-15
"17473","HISEQ13:138:C6FWNANXX:2:2210:16333:61143_1:112395776",2.9e-15
"17474","HISEQ13:138:C6FWNANXX:2:2215:3248:39913_1:119927847",2.9e-15
"17475","HISEQ13:138:C6FWNANXX:2:1106:19062:50172_1:8084403",2.9e-15
"17476","HISEQ13:138:C6FWNANXX:2:1310:16627:80262_1:64273115",2.9e-15
"17477","HISEQ13:138:C6FWNANXX:2:1315:2010:56091_1:72063657",2.9e-15
"17478","HISEQ13:138:C6FWNANXX:2:2306:7123:15351_1:129848134",2.9e-15
"17479","HISEQ13:138:C6FWNANXX:2:2310:13475:86159_1:136862362",2.9e-15
"17480","HISEQ13:138:C6FWNANXX:2:1112:5713:40993_1:17145922",2.9e-15
"17481","HISEQ13:138:C6FWNANXX:2:1213:4466:18064_1:43147861",2.9e-15
"17482","HISEQ13:138:C6FWNANXX:2:1302:12482:55925_1:51814333",2.9e-15
"17483","HISEQ13:138:C6FWNANXX:2:2309:1397:70260_1:135103889",2.9e-15
"17484","HISEQ13:138:C6FWNANXX:2:1304:6685:73939_1:55010598",2.9e-15
"17485","HISEQ13:138:C6FWNANXX:2:2306:3201:55696_1:130439907",2.9e-15
"17486","HISEQ13:138:C6FWNANXX:2:1105:13242:3026_1:5879846",2.9e-15
"17487","HISEQ13:138:C6FWNANXX:2:1113:9423:53789_1:18980272",2.9e-15
"17488","HISEQ13:138:C6FWNANXX:2:2302:17953:15059_1:124188324",2.9e-15
"17489","HISEQ13:138:C6FWNANXX:2:1301:10363:73050_1:50614321",2.9e-15
"17490","HISEQ13:138:C6FWNANXX:2:2112:19437:34011_1:91048164",2.9e-15
"17491","HISEQ13:138:C6FWNANXX:2:1307:13391:50906_1:59160681",2.9e-15
"17492","HISEQ13:138:C6FWNANXX:2:1313:4414:84999_1:69195496",2.9e-15
"17493","HISEQ13:138:C6FWNANXX:2:2303:17379:3522_1:125421992",2.9e-15
"17494","HISEQ13:138:C6FWNANXX:2:2115:13706:72737_1:96431107",2.9e-15
"17495","HISEQ13:138:C6FWNANXX:2:2316:7728:17712_1:145320949",2.9e-15
"17496","HISEQ13:138:C6FWNANXX:2:2110:16128:48115_1:88267055",2.9e-15
"17497","HISEQ13:138:C6FWNANXX:2:1110:9820:72703_1:14589728",2.9e-15
"17498","HISEQ13:138:C6FWNANXX:2:2114:2309:6514_1:93750306",2.9e-15
"17499","HISEQ13:138:C6FWNANXX:2:2307:18206:43011_1:131716872",2.9e-15
"17500","HISEQ13:138:C6FWNANXX:2:1303:2833:16482_1:52687197",2.9e-15
"17501","HISEQ13:138:C6FWNANXX:2:2112:12113:37738_1:91101267",2.9e-15
"17502","HISEQ13:138:C6FWNANXX:2:1116:4558:2346_1:23108635",2.9e-15
"17503","HISEQ13:138:C6FWNANXX:2:1306:5199:66650_1:57887303",2.9e-15
"17504","HISEQ13:138:C6FWNANXX:2:2108:9914:53525_1:85343048",2.9e-15
"17505","HISEQ13:138:C6FWNANXX:2:1309:8431:23775_1:61813268",2.9e-15
"17506","HISEQ13:138:C6FWNANXX:2:2215:9039:83417_1:120647390",2.9e-15
"17507","HISEQ13:138:C6FWNANXX:2:1203:11134:91608_1:29030215",2.9e-15
"17508","HISEQ13:138:C6FWNANXX:2:2205:13694:62157_1:105038222",2.9e-15
"17509","HISEQ13:138:C6FWNANXX:2:1215:3419:63551_1:47220362",2.9e-15
"17510","HISEQ13:138:C6FWNANXX:2:1302:9889:3782_1:51048483",2.9e-15
"17511","HISEQ13:138:C6FWNANXX:2:1313:16082:47791_1:68578942",2.9e-15
"17512","HISEQ13:138:C6FWNANXX:2:1304:21280:13018_1:54106705",3e-15
"17513","HISEQ13:138:C6FWNANXX:2:1315:18266:60642_1:72144386",3e-15
"17514","HISEQ13:138:C6FWNANXX:2:1310:16778:5601_1:63087731",3e-15
"17515","HISEQ13:138:C6FWNANXX:2:2306:14084:20881_1:129930260",3e-15
"17516","HISEQ13:138:C6FWNANXX:2:2206:19633:39854_1:106154681",3e-15
"17517","HISEQ13:138:C6FWNANXX:2:2207:14461:90171_1:108350692",3e-15
"17518","HISEQ13:138:C6FWNANXX:2:2311:3199:69053_1:138137316",3e-15
"17519","HISEQ13:138:C6FWNANXX:2:2313:14325:9623_1:140331033",3e-15
"17520","HISEQ13:138:C6FWNANXX:2:2203:14592:28326_1:101718869",3e-15
"17521","HISEQ13:138:C6FWNANXX:2:2113:17723:28721_1:92521964",3e-15
"17522","HISEQ13:138:C6FWNANXX:2:1312:20311:100566_1:67816579",3e-15
"17523","HISEQ13:138:C6FWNANXX:2:1213:9976:85343_1:44259291",3e-15
"17524","HISEQ13:138:C6FWNANXX:2:1214:6335:60681_1:45498734",3e-15
"17525","HISEQ13:138:C6FWNANXX:2:2213:13498:55912_1:116967456",3e-15
"17526","HISEQ13:138:C6FWNANXX:2:1104:3485:97887_1:5816365",3e-15
"17527","HISEQ13:138:C6FWNANXX:2:2103:20860:74255_1:78406551",3e-15
"17528","HISEQ13:138:C6FWNANXX:2:2105:13367:61798_1:81074445",3e-15
"17529","HISEQ13:138:C6FWNANXX:2:2313:4871:16613_1:140440890",3e-15
"17530","HISEQ13:138:C6FWNANXX:2:2306:21203:62951_1:130549718",3e-15
"17531","HISEQ13:138:C6FWNANXX:2:2216:15334:13848_1:121137382",3e-15
"17532","HISEQ13:138:C6FWNANXX:2:2208:9987:81656_1:109702700",3e-15
"17533","HISEQ13:138:C6FWNANXX:2:2203:6811:72826_1:102352954",3e-15
"17534","HISEQ13:138:C6FWNANXX:2:1113:18074:38900_1:18735126",3e-15
"17535","HISEQ13:138:C6FWNANXX:2:2216:12303:67925_1:122048190",3e-15
"17536","HISEQ13:138:C6FWNANXX:2:1108:11128:82357_1:11624327",3e-15
"17537","HISEQ13:138:C6FWNANXX:2:1114:17531:82114_1:21110173",3e-15
"17538","HISEQ13:138:C6FWNANXX:2:1215:17340:50813_1:47006535",3e-15
"17539","HISEQ13:138:C6FWNANXX:2:1308:9655:49812_1:60670643",3e-15
"17540","HISEQ13:138:C6FWNANXX:2:2113:7892:63720_1:93079481",3e-15
"17541","HISEQ13:138:C6FWNANXX:2:2211:12882:97695_1:114495875",3e-15
"17542","HISEQ13:138:C6FWNANXX:2:2303:16245:15029_1:125585718",3e-15
"17543","HISEQ13:138:C6FWNANXX:2:2314:9787:41989_1:142454487",3e-15
"17544","HISEQ13:138:C6FWNANXX:2:2316:5789:81135_1:146392563",3e-15
"17545","HISEQ13:138:C6FWNANXX:2:1304:19427:32771_1:54399265",3e-15
"17546","HISEQ13:138:C6FWNANXX:2:2208:10827:67933_1:109494920",3e-15
"17547","HISEQ13:138:C6FWNANXX:2:1104:6228:43364_1:5002688",3e-15
"17548","HISEQ13:138:C6FWNANXX:2:1113:3157:93760_1:19644211",3e-15
"17549","HISEQ13:138:C6FWNANXX:2:1206:9064:83198_1:33322716",3e-15
"17550","HISEQ13:138:C6FWNANXX:2:1212:11400:7860_1:41395435",3e-15
"17551","HISEQ13:138:C6FWNANXX:2:1305:19920:63809_1:56345295",3e-15
"17552","HISEQ13:138:C6FWNANXX:2:1305:4587:25363_1:55764212",3e-15
"17553","HISEQ13:138:C6FWNANXX:2:2316:10280:39357_1:145689248",3e-15
"17554","HISEQ13:138:C6FWNANXX:2:1310:8737:63437_1:64003623",3e-15
"17555","HISEQ13:138:C6FWNANXX:2:2104:9891:28156_1:79158981",3e-15
"17556","HISEQ13:138:C6FWNANXX:2:2112:14734:18115_1:90806570",3e-15
"17557","HISEQ13:138:C6FWNANXX:2:2115:17196:4049_1:95316585",3e-15
"17558","HISEQ13:138:C6FWNANXX:2:1316:4562:2183_1:72839502",3e-15
"17559","HISEQ13:138:C6FWNANXX:2:2106:19730:49586_1:82343080",3e-15
"17560","HISEQ13:138:C6FWNANXX:2:1303:16612:51236_1:53204133",3e-15
"17561","HISEQ13:138:C6FWNANXX:2:1305:19604:72195_1:56469738",3e-15
"17562","HISEQ13:138:C6FWNANXX:2:1306:18842:74509_1:58012523",3e-15
"17563","HISEQ13:138:C6FWNANXX:2:1212:10233:56906_1:42163679",3e-15
"17564","HISEQ13:138:C6FWNANXX:2:2306:3646:52234_1:130388636",3e-15
"17565","HISEQ13:138:C6FWNANXX:2:1203:4695:83667_1:28910470",3.1e-15
"17566","HISEQ13:138:C6FWNANXX:2:1302:20093:84123_1:52231466",3.1e-15
"17567","HISEQ13:138:C6FWNANXX:2:1101:15594:99934_1:1449016",3.1e-15
"17568","HISEQ13:138:C6FWNANXX:2:1215:20412:97676_1:47802250",3.1e-15
"17569","HISEQ13:138:C6FWNANXX:2:1303:12685:36995_1:52992958",3.1e-15
"17570","HISEQ13:138:C6FWNANXX:2:2106:14901:95630_1:83018701",3.1e-15
"17571","HISEQ13:138:C6FWNANXX:2:2108:6550:100119_1:86045606",3.1e-15
"17572","HISEQ13:138:C6FWNANXX:2:2108:2550:64757_1:85511885",3.1e-15
"17573","HISEQ13:138:C6FWNANXX:2:2110:9804:5697_1:87615067",3.1e-15
"17574","HISEQ13:138:C6FWNANXX:2:2203:7181:4025_1:101371886",3.1e-15
"17575","HISEQ13:138:C6FWNANXX:2:2110:13217:23179_1:87883594",3.1e-15
"17576","HISEQ13:138:C6FWNANXX:2:1106:18061:36639_1:7878602",3.1e-15
"17577","HISEQ13:138:C6FWNANXX:2:1105:8522:92429_1:7220356",3.1e-15
"17578","HISEQ13:138:C6FWNANXX:2:1108:4099:43781_1:11020666",3.1e-15
"17579","HISEQ13:138:C6FWNANXX:2:2209:16021:63329_1:110923832",3.1e-15
"17580","HISEQ13:138:C6FWNANXX:2:1108:8742:70943_1:11443345",3.1e-15
"17581","HISEQ13:138:C6FWNANXX:2:2316:1672:25525_1:145454310",3.1e-15
"17582","HISEQ13:138:C6FWNANXX:2:2307:2149:14940_1:131295196",3.1e-15
"17583","HISEQ13:138:C6FWNANXX:2:2206:17455:90604_1:106899504",3.1e-15
"17584","HISEQ13:138:C6FWNANXX:2:2310:18070:26610_1:135951169",3.1e-15
"17585","HISEQ13:138:C6FWNANXX:2:1115:15823:3561_1:21453562",3.1e-15
"17586","HISEQ13:138:C6FWNANXX:2:1208:4009:59654_1:35979556",3.1e-15
"17587","HISEQ13:138:C6FWNANXX:2:1216:13157:61651_1:48887419",3.1e-15
"17588","HISEQ13:138:C6FWNANXX:2:1303:5641:83926_1:53685780",3.1e-15
"17589","HISEQ13:138:C6FWNANXX:2:1304:7585:99565_1:55396729",3.1e-15
"17590","HISEQ13:138:C6FWNANXX:2:2313:15346:67237_1:141260072",3.1e-15
"17591","HISEQ13:138:C6FWNANXX:2:1109:4814:25950_1:12287394",3.1e-15
"17592","HISEQ13:138:C6FWNANXX:2:2202:8547:12811_1:100088168",3.1e-15
"17593","HISEQ13:138:C6FWNANXX:2:2304:18329:15325_1:126993635",3.1e-15
"17594","HISEQ13:138:C6FWNANXX:2:2313:14381:94505_1:141703832",3.1e-15
"17595","HISEQ13:138:C6FWNANXX:2:2111:12935:36126_1:89596710",3.1e-15
"17596","HISEQ13:138:C6FWNANXX:2:1305:12731:8526_1:55515492",3.1e-15
"17597","HISEQ13:138:C6FWNANXX:2:2314:9270:18696_1:142073484",3.1e-15
"17598","HISEQ13:138:C6FWNANXX:2:1310:13597:12285_1:63193896",3.1e-15
"17599","HISEQ13:138:C6FWNANXX:2:1315:15799:49211_1:71946037",3.1e-15
"17600","HISEQ13:138:C6FWNANXX:2:1111:12181:51319_1:15822516",3.1e-15
"17601","HISEQ13:138:C6FWNANXX:2:1115:7244:26301_1:21836809",3.2e-15
"17602","HISEQ13:138:C6FWNANXX:2:1201:19272:66676_1:25757380",3.2e-15
"17603","HISEQ13:138:C6FWNANXX:2:1201:2105:63750_1:25709943",3.2e-15
"17604","HISEQ13:138:C6FWNANXX:2:2211:1498:59144_1:113890372",3.2e-15
"17605","HISEQ13:138:C6FWNANXX:2:2312:6859:66491_1:139657174",3.2e-15
"17606","HISEQ13:138:C6FWNANXX:2:2213:5401:29405_1:116540059",3.2e-15
"17607","HISEQ13:138:C6FWNANXX:2:2215:20992:5021_1:119359205",3.2e-15
"17608","HISEQ13:138:C6FWNANXX:2:1107:12662:50505_1:9603176",3.2e-15
"17609","HISEQ13:138:C6FWNANXX:2:1305:4340:46149_1:56075750",3.2e-15
"17610","HISEQ13:138:C6FWNANXX:2:1308:12949:23921_1:60267778",3.2e-15
"17611","HISEQ13:138:C6FWNANXX:2:2215:1261:44897_1:120009802",3.2e-15
"17612","HISEQ13:138:C6FWNANXX:2:1104:21166:62170_1:5284905",3.2e-15
"17613","HISEQ13:138:C6FWNANXX:2:1115:10630:83036_1:22799003",3.2e-15
"17614","HISEQ13:138:C6FWNANXX:2:1302:11595:53475_1:51777293",3.2e-15
"17615","HISEQ13:138:C6FWNANXX:2:2109:20734:76701_1:87194442",3.2e-15
"17616","HISEQ13:138:C6FWNANXX:2:1202:16066:91795_1:27579030",3.2e-15
"17617","HISEQ13:138:C6FWNANXX:2:1306:21427:41068_1:57500895",3.2e-15
"17618","HISEQ13:138:C6FWNANXX:2:1309:6110:14870_1:61671468",3.2e-15
"17619","HISEQ13:138:C6FWNANXX:2:2109:6470:25845_1:86419802",3.2e-15
"17620","HISEQ13:138:C6FWNANXX:2:1210:17190:69296_1:39220680",3.2e-15
"17621","HISEQ13:138:C6FWNANXX:2:1315:17821:38293_1:71762069",3.2e-15
"17622","HISEQ13:138:C6FWNANXX:2:2106:4369:35685_1:82133371",3.2e-15
"17623","HISEQ13:138:C6FWNANXX:2:1302:13484:6053_1:51082362",3.2e-15
"17624","HISEQ13:138:C6FWNANXX:2:2206:13016:11579_1:105740579",3.2e-15
"17625","HISEQ13:138:C6FWNANXX:2:1306:18337:89061_1:58233193",3.2e-15
"17626","HISEQ13:138:C6FWNANXX:2:2111:13454:77070_1:90259070",3.2e-15
"17627","HISEQ13:138:C6FWNANXX:2:1208:12240:62150_1:36020204",3.2e-15
"17628","HISEQ13:138:C6FWNANXX:2:1214:20399:81251_1:45851573",3.2e-15
"17629","HISEQ13:138:C6FWNANXX:2:1316:11045:28094_1:73293317",3.2e-15
"17630","HISEQ13:138:C6FWNANXX:2:2105:14783:93606_1:81536112",3.2e-15
"17631","HISEQ13:138:C6FWNANXX:2:1113:13304:98115_1:19717617",3.2e-15
"17632","HISEQ13:138:C6FWNANXX:2:1109:5574:63731_1:12883680",3.2e-15
"17633","HISEQ13:138:C6FWNANXX:2:1110:17806:47593_1:14195922",3.2e-15
"17634","HISEQ13:138:C6FWNANXX:2:1116:5579:97335_1:24742375",3.2e-15
"17635","HISEQ13:138:C6FWNANXX:2:1205:8585:2177_1:30619920",3.2e-15
"17636","HISEQ13:138:C6FWNANXX:2:2107:14204:70684_1:84116228",3.2e-15
"17637","HISEQ13:138:C6FWNANXX:2:2314:3109:69044_1:142903497",3.2e-15
"17638","HISEQ13:138:C6FWNANXX:2:1310:16103:53662_1:63851026",3.2e-15
"17639","HISEQ13:138:C6FWNANXX:2:2205:1259:51286_1:104881510",3.2e-15
"17640","HISEQ13:138:C6FWNANXX:2:2313:11721:20453_1:140502391",3.2e-15
"17641","HISEQ13:138:C6FWNANXX:2:1208:21246:20814_1:35386269",3.3e-15
"17642","HISEQ13:138:C6FWNANXX:2:1105:8508:82305_1:7069679",3.3e-15
"17643","HISEQ13:138:C6FWNANXX:2:1113:9969:36965_1:18700290",3.3e-15
"17644","HISEQ13:138:C6FWNANXX:2:2207:14062:18802_1:107298164",3.3e-15
"17645","HISEQ13:138:C6FWNANXX:2:2108:5309:39268_1:85127251",3.3e-15
"17646","HISEQ13:138:C6FWNANXX:2:2107:12801:74886_1:84178912",3.3e-15
"17647","HISEQ13:138:C6FWNANXX:2:2315:13516:68534_1:144525848",3.3e-15
"17648","HISEQ13:138:C6FWNANXX:2:1116:3167:33976_1:23650337",3.3e-15
"17649","HISEQ13:138:C6FWNANXX:2:1313:15773:83728_1:69177254",3.3e-15
"17650","HISEQ13:138:C6FWNANXX:2:2216:3990:13504_1:121130771",3.3e-15
"17651","HISEQ13:138:C6FWNANXX:2:2213:5215:63239_1:117082291",3.3e-15
"17652","HISEQ13:138:C6FWNANXX:2:1106:5589:49680_1:8074340",3.3e-15
"17653","HISEQ13:138:C6FWNANXX:2:1107:17448:13104_1:9029523",3.3e-15
"17654","HISEQ13:138:C6FWNANXX:2:1112:18738:73033_1:17673136",3.3e-15
"17655","HISEQ13:138:C6FWNANXX:2:1201:7722:16192_1:25012047",3.3e-15
"17656","HISEQ13:138:C6FWNANXX:2:1306:4434:41956_1:57509016",3.3e-15
"17657","HISEQ13:138:C6FWNANXX:2:2112:5021:11363_1:90753724",3.3e-15
"17658","HISEQ13:138:C6FWNANXX:2:2111:16465:44365_1:89726528",3.3e-15
"17659","HISEQ13:138:C6FWNANXX:2:2116:6711:71207_1:98033676",3.3e-15
"17660","HISEQ13:138:C6FWNANXX:2:1113:20534:90628_1:19593995",3.3e-15
"17661","HISEQ13:138:C6FWNANXX:2:1301:7526:9283_1:49676644",3.3e-15
"17662","HISEQ13:138:C6FWNANXX:2:2113:11320:25606_1:92472781",3.3e-15
"17663","HISEQ13:138:C6FWNANXX:2:2114:11929:44913_1:94370836",3.3e-15
"17664","HISEQ13:138:C6FWNANXX:2:2114:13455:88914_1:95086927",3.3e-15
"17665","HISEQ13:138:C6FWNANXX:2:2303:13170:66721_1:126315980",3.3e-15
"17666","HISEQ13:138:C6FWNANXX:2:1305:17936:11264_1:55557997",3.3e-15
"17667","HISEQ13:138:C6FWNANXX:2:1202:16030:97762_1:27667458",3.3e-15
"17668","HISEQ13:138:C6FWNANXX:2:1208:17170:52057_1:35866137",3.3e-15
"17669","HISEQ13:138:C6FWNANXX:2:2115:7557:28183_1:95706011",3.3e-15
"17670","HISEQ13:138:C6FWNANXX:2:2208:16507:60070_1:109378897",3.3e-15
"17671","HISEQ13:138:C6FWNANXX:2:2309:15523:9659_1:134179638",3.3e-15
"17672","HISEQ13:138:C6FWNANXX:2:1310:9814:66499_1:64051200",3.3e-15
"17673","HISEQ13:138:C6FWNANXX:2:2208:14690:71802_1:109556127",3.3e-15
"17674","HISEQ13:138:C6FWNANXX:2:2305:13568:62886_1:129101968",3.3e-15
"17675","HISEQ13:138:C6FWNANXX:2:2202:17227:53186_1:100660747",3.3e-15
"17676","HISEQ13:138:C6FWNANXX:2:2216:13120:16922_1:121187050",3.3e-15
"17677","HISEQ13:138:C6FWNANXX:2:2303:5847:32081_1:125824973",3.3e-15
"17678","HISEQ13:138:C6FWNANXX:2:1101:5188:33786_1:471306",3.3e-15
"17679","HISEQ13:138:C6FWNANXX:2:2215:16636:76207_1:120529560",3.3e-15
"17680","HISEQ13:138:C6FWNANXX:2:2308:14144:30298_1:132999404",3.3e-15
"17681","HISEQ13:138:C6FWNANXX:2:2208:4891:86677_1:109777027",3.3e-15
"17682","HISEQ13:138:C6FWNANXX:2:2211:7773:27777_1:113402448",3.3e-15
"17683","HISEQ13:138:C6FWNANXX:2:1213:5817:90541_1:44345198",3.3e-15
"17684","HISEQ13:138:C6FWNANXX:2:1107:5239:71257_1:9919692",3.3e-15
"17685","HISEQ13:138:C6FWNANXX:2:1108:11422:3449_1:10395261",3.3e-15
"17686","HISEQ13:138:C6FWNANXX:2:1212:3560:61382_1:42235766",3.3e-15
"17687","HISEQ13:138:C6FWNANXX:2:1301:17628:34631_1:50050601",3.3e-15
"17688","HISEQ13:138:C6FWNANXX:2:2212:16957:76698_1:115718704",3.3e-15
"17689","HISEQ13:138:C6FWNANXX:2:2301:13615:48619_1:123264573",3.3e-15
"17690","HISEQ13:138:C6FWNANXX:2:2316:20025:63882_1:146104691",3.3e-15
"17691","HISEQ13:138:C6FWNANXX:2:1109:17408:95171_1:13384335",3.3e-15
"17692","HISEQ13:138:C6FWNANXX:2:1204:10444:88047_1:30429327",3.3e-15
"17693","HISEQ13:138:C6FWNANXX:2:1204:10899:8162_1:29255271",3.3e-15
"17694","HISEQ13:138:C6FWNANXX:2:1207:13514:14536_1:33784813",3.3e-15
"17695","HISEQ13:138:C6FWNANXX:2:1213:13516:39321_1:43499004",3.3e-15
"17696","HISEQ13:138:C6FWNANXX:2:1213:17523:70885_1:44021846",3.3e-15
"17697","HISEQ13:138:C6FWNANXX:2:2103:12771:93105_1:78671922",3.3e-15
"17698","HISEQ13:138:C6FWNANXX:2:2104:17321:94502_1:80117153",3.3e-15
"17699","HISEQ13:138:C6FWNANXX:2:2205:8545:44616_1:104784177",3.3e-15
"17700","HISEQ13:138:C6FWNANXX:2:2210:11902:25317_1:111849280",3.3e-15
"17701","HISEQ13:138:C6FWNANXX:2:2210:7186:80666_1:112690590",3.3e-15
"17702","HISEQ13:138:C6FWNANXX:2:2309:19652:50318_1:134799121",3.3e-15
"17703","HISEQ13:138:C6FWNANXX:2:1101:12392:29514_1:409990",3.3e-15
"17704","HISEQ13:138:C6FWNANXX:2:1215:18324:94225_1:47741784",3.3e-15
"17705","HISEQ13:138:C6FWNANXX:2:1313:14564:99467_1:69440099",3.3e-15
"17706","HISEQ13:138:C6FWNANXX:2:2205:10492:98783_1:105570589",3.3e-15
"17707","HISEQ13:138:C6FWNANXX:2:2315:1692:100042_1:145044400",3.3e-15
"17708","HISEQ13:138:C6FWNANXX:2:1201:4884:67297_1:25765925",3.4e-15
"17709","HISEQ13:138:C6FWNANXX:2:1110:6781:96998_1:14968927",3.4e-15
"17710","HISEQ13:138:C6FWNANXX:2:1316:3430:92157_1:74409038",3.4e-15
"17711","HISEQ13:138:C6FWNANXX:2:2107:15557:48009_1:83781401",3.4e-15
"17712","HISEQ13:138:C6FWNANXX:2:2204:12957:6815_1:102822444",3.4e-15
"17713","HISEQ13:138:C6FWNANXX:2:2204:4209:86006_1:103956011",3.4e-15
"17714","HISEQ13:138:C6FWNANXX:2:2306:18833:45883_1:130299149",3.4e-15
"17715","HISEQ13:138:C6FWNANXX:2:1115:12252:66938_1:22523862",3.4e-15
"17716","HISEQ13:138:C6FWNANXX:2:1116:7719:84821_1:24529055",3.4e-15
"17717","HISEQ13:138:C6FWNANXX:2:1209:13570:97912_1:38116936",3.4e-15
"17718","HISEQ13:138:C6FWNANXX:2:1307:4243:36127_1:58932504",3.4e-15
"17719","HISEQ13:138:C6FWNANXX:2:1106:3398:50771_1:8093008",3.4e-15
"17720","HISEQ13:138:C6FWNANXX:2:1115:11573:99094_1:23073597",3.4e-15
"17721","HISEQ13:138:C6FWNANXX:2:2110:4238:44304_1:88206683",3.4e-15
"17722","HISEQ13:138:C6FWNANXX:2:2306:10577:11796_1:129797383",3.4e-15
"17723","HISEQ13:138:C6FWNANXX:2:1104:15422:8290_1:4484167",3.4e-15
"17724","HISEQ13:138:C6FWNANXX:2:2101:4028:34268_1:75022965",3.4e-15
"17725","HISEQ13:138:C6FWNANXX:2:2109:8504:60045_1:86940846",3.4e-15
"17726","HISEQ13:138:C6FWNANXX:2:2201:19338:52433_1:99244974",3.4e-15
"17727","HISEQ13:138:C6FWNANXX:2:2204:1288:48886_1:103420090",3.4e-15
"17728","HISEQ13:138:C6FWNANXX:2:2311:18842:65317_1:138080722",3.4e-15
"17729","HISEQ13:138:C6FWNANXX:2:1111:12529:91611_1:16526503",3.4e-15
"17730","HISEQ13:138:C6FWNANXX:2:1102:1554:17095_1:1684804",3.4e-15
"17731","HISEQ13:138:C6FWNANXX:2:2212:15542:84864_1:115850245",3.4e-15
"17732","HISEQ13:138:C6FWNANXX:2:1102:10886:3199_1:1480080",3.4e-15
"17733","HISEQ13:138:C6FWNANXX:2:1313:13656:22216_1:68150699",3.4e-15
"17734","HISEQ13:138:C6FWNANXX:2:2116:18717:87267_1:98303912",3.4e-15
"17735","HISEQ13:138:C6FWNANXX:2:1104:20826:77262_1:5513127",3.4e-15
"17736","HISEQ13:138:C6FWNANXX:2:1310:11655:55348_1:63877643",3.4e-15
"17737","HISEQ13:138:C6FWNANXX:2:2110:12812:81462_1:88772306",3.4e-15
"17738","HISEQ13:138:C6FWNANXX:2:2304:2280:77099_1:127876284",3.4e-15
"17739","HISEQ13:138:C6FWNANXX:2:2310:1869:62663_1:136502491",3.4e-15
"17740","HISEQ13:138:C6FWNANXX:2:2105:20317:21990_1:80495855",3.4e-15
"17741","HISEQ13:138:C6FWNANXX:2:1106:7791:23412_1:7675242",3.4e-15
"17742","HISEQ13:138:C6FWNANXX:2:1214:2282:40246_1:45154243",3.4e-15
"17743","HISEQ13:138:C6FWNANXX:2:2106:17320:15300_1:81838803",3.4e-15
"17744","HISEQ13:138:C6FWNANXX:2:2314:11093:43955_1:142487650",3.4e-15
"17745","HISEQ13:138:C6FWNANXX:2:2311:21035:72706_1:138196601",3.4e-15
"17746","HISEQ13:138:C6FWNANXX:2:2303:11829:95737_1:126726511",3.4e-15
"17747","HISEQ13:138:C6FWNANXX:2:2105:6618:20039_1:80468057",3.4e-15
"17748","HISEQ13:138:C6FWNANXX:2:2106:2746:54500_1:82413690",3.4e-15
"17749","HISEQ13:138:C6FWNANXX:2:1203:21133:57981_1:28533587",3.4e-15
"17750","HISEQ13:138:C6FWNANXX:2:1116:3153:92878_1:24663586",3.4e-15
"17751","HISEQ13:138:C6FWNANXX:2:2104:21296:83162_1:79953345",3.4e-15
"17752","HISEQ13:138:C6FWNANXX:2:2304:2812:83698_1:127969603",3.4e-15
"17753","HISEQ13:138:C6FWNANXX:2:1214:8807:40109_1:45155643",3.4e-15
"17754","HISEQ13:138:C6FWNANXX:2:1304:7862:86550_1:55201332",3.4e-15
"17755","HISEQ13:138:C6FWNANXX:2:1309:15958:44213_1:62133452",3.4e-15
"17756","HISEQ13:138:C6FWNANXX:2:2214:3559:27955_1:118111622",3.4e-15
"17757","HISEQ13:138:C6FWNANXX:2:2206:12118:79998_1:106742016",3.4e-15
"17758","HISEQ13:138:C6FWNANXX:2:1114:16495:65876_1:20836829",3.4e-15
"17759","HISEQ13:138:C6FWNANXX:2:1207:6938:93288_1:34980149",3.4e-15
"17760","HISEQ13:138:C6FWNANXX:2:1213:1870:2242_1:42884989",3.5e-15
"17761","HISEQ13:138:C6FWNANXX:2:1314:10075:27437_1:69893212",3.5e-15
"17762","HISEQ13:138:C6FWNANXX:2:2116:4828:60649_1:97861294",3.5e-15
"17763","HISEQ13:138:C6FWNANXX:2:1308:19419:41348_1:60540321",3.5e-15
"17764","HISEQ13:138:C6FWNANXX:2:1308:20499:37848_1:60486611",3.5e-15
"17765","HISEQ13:138:C6FWNANXX:2:1115:9804:49208_1:22221738",3.5e-15
"17766","HISEQ13:138:C6FWNANXX:2:1205:20163:39329_1:31178315",3.5e-15
"17767","HISEQ13:138:C6FWNANXX:2:1304:13856:20104_1:54209311",3.5e-15
"17768","HISEQ13:138:C6FWNANXX:2:2112:14351:21694_1:90850453",3.5e-15
"17769","HISEQ13:138:C6FWNANXX:2:1205:18157:77744_1:31751751",3.5e-15
"17770","HISEQ13:138:C6FWNANXX:2:2210:8882:86770_1:112786585",3.5e-15
"17771","HISEQ13:138:C6FWNANXX:2:1114:16236:16052_1:20001548",3.5e-15
"17772","HISEQ13:138:C6FWNANXX:2:1310:18047:87997_1:64392442",3.5e-15
"17773","HISEQ13:138:C6FWNANXX:2:2202:14031:50625_1:100624879",3.5e-15
"17774","HISEQ13:138:C6FWNANXX:2:2208:7228:24990_1:108849603",3.5e-15
"17775","HISEQ13:138:C6FWNANXX:2:2309:11927:62819_1:134989542",3.5e-15
"17776","HISEQ13:138:C6FWNANXX:2:2207:12026:46507_1:107705114",3.5e-15
"17777","HISEQ13:138:C6FWNANXX:2:1106:1759:61596_1:8257268",3.5e-15
"17778","HISEQ13:138:C6FWNANXX:2:2209:8916:46064_1:110659693",3.5e-15
"17779","HISEQ13:138:C6FWNANXX:2:1201:16783:75726_1:25889474",3.5e-15
"17780","HISEQ13:138:C6FWNANXX:2:1208:10247:47958_1:35798693",3.5e-15
"17781","HISEQ13:138:C6FWNANXX:2:1309:9381:79353_1:62691328",3.5e-15
"17782","HISEQ13:138:C6FWNANXX:2:2316:10058:50014_1:145870262",3.5e-15
"17783","HISEQ13:138:C6FWNANXX:2:2302:7797:42087_1:124565972",3.5e-15
"17784","HISEQ13:138:C6FWNANXX:2:2303:7022:14691_1:125577024",3.5e-15
"17785","HISEQ13:138:C6FWNANXX:2:2302:15165:2932_1:124013720",3.5e-15
"17786","HISEQ13:138:C6FWNANXX:2:1201:11232:23884_1:25126662",3.5e-15
"17787","HISEQ13:138:C6FWNANXX:2:1205:19605:25858_1:30977125",3.5e-15
"17788","HISEQ13:138:C6FWNANXX:2:1210:4837:49387_1:38906616",3.5e-15
"17789","HISEQ13:138:C6FWNANXX:2:1216:8305:99303_1:49541673",3.5e-15
"17790","HISEQ13:138:C6FWNANXX:2:1311:8665:6109_1:64660921",3.5e-15
"17791","HISEQ13:138:C6FWNANXX:2:2104:2191:37974_1:79297838",3.5e-15
"17792","HISEQ13:138:C6FWNANXX:2:2111:16851:6934_1:89143750",3.5e-15
"17793","HISEQ13:138:C6FWNANXX:2:2203:13610:29205_1:101729512",3.5e-15
"17794","HISEQ13:138:C6FWNANXX:2:2206:8541:19974_1:105860689",3.5e-15
"17795","HISEQ13:138:C6FWNANXX:2:1103:12160:36117_1:3429242",3.5e-15
"17796","HISEQ13:138:C6FWNANXX:2:1313:20220:98450_1:69424579",3.5e-15
"17797","HISEQ13:138:C6FWNANXX:2:2113:15162:26350_1:92485584",3.5e-15
"17798","HISEQ13:138:C6FWNANXX:2:2201:6393:91988_1:99805058",3.5e-15
"17799","HISEQ13:138:C6FWNANXX:2:2208:19160:44788_1:109150530",3.5e-15
"17800","HISEQ13:138:C6FWNANXX:2:2307:11704:68998_1:132098102",3.5e-15
"17801","HISEQ13:138:C6FWNANXX:2:1115:18144:56065_1:22342819",3.5e-15
"17802","HISEQ13:138:C6FWNANXX:2:1205:18571:84104_1:31849390",3.5e-15
"17803","HISEQ13:138:C6FWNANXX:2:2205:4010:47204_1:104819655",3.5e-15
"17804","HISEQ13:138:C6FWNANXX:2:2211:12910:15711_1:113211764",3.5e-15
"17805","HISEQ13:138:C6FWNANXX:2:2211:2429:47788_1:113714558",3.5e-15
"17806","HISEQ13:138:C6FWNANXX:2:2303:7339:35600_1:125874901",3.5e-15
"17807","HISEQ13:138:C6FWNANXX:2:2310:11382:52614_1:136350957",3.5e-15
"17808","HISEQ13:138:C6FWNANXX:2:2312:13554:53985_1:139461078",3.5e-15
"17809","HISEQ13:138:C6FWNANXX:2:2313:11313:95300_1:141715612",3.5e-15
"17810","HISEQ13:138:C6FWNANXX:2:2113:4814:49106_1:92846438",3.5e-15
"17811","HISEQ13:138:C6FWNANXX:2:2313:1677:92750_1:141673059",3.5e-15
"17812","HISEQ13:138:C6FWNANXX:2:2203:3640:7216_1:101413912",3.5e-15
"17813","HISEQ13:138:C6FWNANXX:2:1303:2626:86529_1:53725971",3.5e-15
"17814","HISEQ13:138:C6FWNANXX:2:2312:17319:34936_1:139161220",3.5e-15
"17815","HISEQ13:138:C6FWNANXX:2:1206:6990:73372_1:33176681",3.5e-15
"17816","HISEQ13:138:C6FWNANXX:2:1310:10482:81209_1:64283769",3.5e-15
"17817","HISEQ13:138:C6FWNANXX:2:2115:11018:16817_1:95524179",3.5e-15
"17818","HISEQ13:138:C6FWNANXX:2:2209:15173:69069_1:111011369",3.5e-15
"17819","HISEQ13:138:C6FWNANXX:2:2210:10252:59289_1:112368196",3.5e-15
"17820","HISEQ13:138:C6FWNANXX:2:1309:3478:66777_1:62492223",3.5e-15
"17821","HISEQ13:138:C6FWNANXX:2:1301:2344:80133_1:50716206",3.6e-15
"17822","HISEQ13:138:C6FWNANXX:2:1116:16265:55883_1:24030196",3.6e-15
"17823","HISEQ13:138:C6FWNANXX:2:1214:13295:20142_1:44820295",3.6e-15
"17824","HISEQ13:138:C6FWNANXX:2:1214:2134:67317_1:45611791",3.6e-15
"17825","HISEQ13:138:C6FWNANXX:2:2302:5327:83331_1:125150053",3.6e-15
"17826","HISEQ13:138:C6FWNANXX:2:2106:18616:42694_1:82238715",3.6e-15
"17827","HISEQ13:138:C6FWNANXX:2:1108:16481:25786_1:10744280",3.6e-15
"17828","HISEQ13:138:C6FWNANXX:2:1112:19920:86270_1:17890781",3.6e-15
"17829","HISEQ13:138:C6FWNANXX:2:2304:19428:28625_1:127184040",3.6e-15
"17830","HISEQ13:138:C6FWNANXX:2:1110:12028:31914_1:13946015",3.6e-15
"17831","HISEQ13:138:C6FWNANXX:2:1207:9376:56572_1:34419863",3.6e-15
"17832","HISEQ13:138:C6FWNANXX:2:1113:14374:92189_1:19617543",3.6e-15
"17833","HISEQ13:138:C6FWNANXX:2:1305:3748:33547_1:55887337",3.6e-15
"17834","HISEQ13:138:C6FWNANXX:2:1311:12542:7329_1:64682059",3.6e-15
"17835","HISEQ13:138:C6FWNANXX:2:2101:7507:11936_1:74701948",3.6e-15
"17836","HISEQ13:138:C6FWNANXX:2:2307:13070:46648_1:131768046",3.6e-15
"17837","HISEQ13:138:C6FWNANXX:2:1115:3725:70828_1:22589098",3.6e-15
"17838","HISEQ13:138:C6FWNANXX:2:2203:18466:54542_1:102094392",3.6e-15
"17839","HISEQ13:138:C6FWNANXX:2:1312:5460:3656_1:66222526",3.6e-15
"17840","HISEQ13:138:C6FWNANXX:2:1314:5708:22001_1:69802910",3.6e-15
"17841","HISEQ13:138:C6FWNANXX:2:2304:11390:8223_1:126888125",3.6e-15
"17842","HISEQ13:138:C6FWNANXX:2:1202:2281:34955_1:26740628",3.6e-15
"17843","HISEQ13:138:C6FWNANXX:2:1111:16562:93035_1:16555842",3.6e-15
"17844","HISEQ13:138:C6FWNANXX:2:1112:6620:94630_1:18023018",3.6e-15
"17845","HISEQ13:138:C6FWNANXX:2:2112:2722:69936_1:91605167",3.6e-15
"17846","HISEQ13:138:C6FWNANXX:2:2212:18842:93755_1:115994999",3.6e-15
"17847","HISEQ13:138:C6FWNANXX:2:2309:19683:48411_1:134768882",3.6e-15
"17848","HISEQ13:138:C6FWNANXX:2:2311:17543:91543_1:138496542",3.6e-15
"17849","HISEQ13:138:C6FWNANXX:2:2312:16777:3643_1:138666716",3.6e-15
"17850","HISEQ13:138:C6FWNANXX:2:1115:11765:30938_1:21913819",3.6e-15
"17851","HISEQ13:138:C6FWNANXX:2:1315:18490:72325_1:72346586",3.6e-15
"17852","HISEQ13:138:C6FWNANXX:2:1315:5334:10137_1:71278617",3.6e-15
"17853","HISEQ13:138:C6FWNANXX:2:1208:18805:21381_1:35393433",3.7e-15
"17854","HISEQ13:138:C6FWNANXX:2:1304:11783:47143_1:54610976",3.7e-15
"17855","HISEQ13:138:C6FWNANXX:2:1110:18748:51532_1:14259433",3.7e-15
"17856","HISEQ13:138:C6FWNANXX:2:1305:10525:67590_1:56399318",3.7e-15
"17857","HISEQ13:138:C6FWNANXX:2:2109:5732:37747_1:86597045",3.7e-15
"17858","HISEQ13:138:C6FWNANXX:2:2307:10868:40838_1:131682165",3.7e-15
"17859","HISEQ13:138:C6FWNANXX:2:1101:16185:9024_1:106660",3.7e-15
"17860","HISEQ13:138:C6FWNANXX:2:1216:17535:31103_1:48360441",3.7e-15
"17861","HISEQ13:138:C6FWNANXX:2:2102:11384:36845_1:76464261",3.7e-15
"17862","HISEQ13:138:C6FWNANXX:2:1310:18403:92263_1:64462825",3.7e-15
"17863","HISEQ13:138:C6FWNANXX:2:1312:4287:27313_1:66611093",3.7e-15
"17864","HISEQ13:138:C6FWNANXX:2:1307:6514:51089_1:59163289",3.7e-15
"17865","HISEQ13:138:C6FWNANXX:2:2107:13105:51933_1:83837148",3.7e-15
"17866","HISEQ13:138:C6FWNANXX:2:2303:1569:81605_1:126525895",3.7e-15
"17867","HISEQ13:138:C6FWNANXX:2:1101:8464:30480_1:420443",3.7e-15
"17868","HISEQ13:138:C6FWNANXX:2:2316:14510:26146_1:145465458",3.7e-15
"17869","HISEQ13:138:C6FWNANXX:2:2316:10509:72330_1:146245965",3.7e-15
"17870","HISEQ13:138:C6FWNANXX:2:2116:3545:99024_1:98494845",3.7e-15
"17871","HISEQ13:138:C6FWNANXX:2:2301:11741:36788_1:123099197",3.7e-15
"17872","HISEQ13:138:C6FWNANXX:2:2306:11948:82945_1:130841850",3.7e-15
"17873","HISEQ13:138:C6FWNANXX:2:2101:10736:82446_1:75706994",3.7e-15
"17874","HISEQ13:138:C6FWNANXX:2:2108:16138:9008_1:84675775",3.7e-15
"17875","HISEQ13:138:C6FWNANXX:2:2202:12549:89934_1:101185094",3.7e-15
"17876","HISEQ13:138:C6FWNANXX:2:1214:6844:8337_1:44622797",3.7e-15
"17877","HISEQ13:138:C6FWNANXX:2:1215:12111:11713_1:46340818",3.7e-15
"17878","HISEQ13:138:C6FWNANXX:2:1304:12304:41219_1:54520648",3.7e-15
"17879","HISEQ13:138:C6FWNANXX:2:2301:11174:94180_1:123906089",3.7e-15
"17880","HISEQ13:138:C6FWNANXX:2:2209:10728:57818_1:110838895",3.7e-15
"17881","HISEQ13:138:C6FWNANXX:2:2209:16278:83546_1:111232138",3.7e-15
"17882","HISEQ13:138:C6FWNANXX:2:2309:17666:50110_1:134794971",3.7e-15
"17883","HISEQ13:138:C6FWNANXX:2:2111:17053:69437_1:90130247",3.7e-15
"17884","HISEQ13:138:C6FWNANXX:2:1216:10430:35539_1:48437038",3.7e-15
"17885","HISEQ13:138:C6FWNANXX:2:2215:2497:6894_1:119384129",3.7e-15
"17886","HISEQ13:138:C6FWNANXX:2:2312:21051:91082_1:140055885",3.7e-15
"17887","HISEQ13:138:C6FWNANXX:2:1108:16339:97918_1:11868079",3.7e-15
"17888","HISEQ13:138:C6FWNANXX:2:2204:10770:84569_1:103935581",3.8e-15
"17889","HISEQ13:138:C6FWNANXX:2:1208:7498:75213_1:36220231",3.8e-15
"17890","HISEQ13:138:C6FWNANXX:2:1313:16074:32091_1:68317346",3.8e-15
"17891","HISEQ13:138:C6FWNANXX:2:2307:19955:45406_1:131750722",3.8e-15
"17892","HISEQ13:138:C6FWNANXX:2:2312:17168:9339_1:138757945",3.8e-15
"17893","HISEQ13:138:C6FWNANXX:2:2102:19099:71259_1:76955595",3.8e-15
"17894","HISEQ13:138:C6FWNANXX:2:1307:17970:93664_1:59820132",3.8e-15
"17895","HISEQ13:138:C6FWNANXX:2:1103:15152:78854_1:4062931",3.8e-15
"17896","HISEQ13:138:C6FWNANXX:2:2303:19975:29483_1:125788485",3.8e-15
"17897","HISEQ13:138:C6FWNANXX:2:1215:17100:49282_1:46981118",3.8e-15
"17898","HISEQ13:138:C6FWNANXX:2:2214:17288:6864_1:117771055",3.8e-15
"17899","HISEQ13:138:C6FWNANXX:2:2216:20702:76448_1:122194369",3.8e-15
"17900","HISEQ13:138:C6FWNANXX:2:1214:18629:59796_1:45488657",3.8e-15
"17901","HISEQ13:138:C6FWNANXX:2:1203:5655:38494_1:28245149",3.8e-15
"17902","HISEQ13:138:C6FWNANXX:2:2201:2003:68847_1:99477903",3.8e-15
"17903","HISEQ13:138:C6FWNANXX:2:1103:17388:82749_1:4119037",3.8e-15
"17904","HISEQ13:138:C6FWNANXX:2:1302:7529:77832_1:52137108",3.8e-15
"17905","HISEQ13:138:C6FWNANXX:2:1113:14895:28324_1:18561954",3.8e-15
"17906","HISEQ13:138:C6FWNANXX:2:2309:11090:85311_1:135334747",3.8e-15
"17907","HISEQ13:138:C6FWNANXX:2:1206:17267:72584_1:33167330",3.8e-15
"17908","HISEQ13:138:C6FWNANXX:2:1312:17137:59334_1:67136303",3.8e-15
"17909","HISEQ13:138:C6FWNANXX:2:2303:6376:91241_1:126660965",3.8e-15
"17910","HISEQ13:138:C6FWNANXX:2:1205:21128:51346_1:31359153",3.8e-15
"17911","HISEQ13:138:C6FWNANXX:2:2204:3979:84336_1:103930739",3.8e-15
"17912","HISEQ13:138:C6FWNANXX:2:2115:13908:26106_1:95675079",3.8e-15
"17913","HISEQ13:138:C6FWNANXX:2:2211:18009:33258_1:113490634",3.8e-15
"17914","HISEQ13:138:C6FWNANXX:2:1208:1387:56894_1:35936322",3.8e-15
"17915","HISEQ13:138:C6FWNANXX:2:1301:16435:70032_1:50571661",3.8e-15
"17916","HISEQ13:138:C6FWNANXX:2:1114:5589:93696_1:21301533",3.8e-15
"17917","HISEQ13:138:C6FWNANXX:2:2209:9348:63793_1:110930098",3.8e-15
"17918","HISEQ13:138:C6FWNANXX:2:2213:12567:100254_1:117683157",3.8e-15
"17919","HISEQ13:138:C6FWNANXX:2:1205:10399:91183_1:31952336",3.8e-15
"17920","HISEQ13:138:C6FWNANXX:2:1306:2281:22924_1:57218874",3.8e-15
"17921","HISEQ13:138:C6FWNANXX:2:1204:4262:46948_1:29815248",3.8e-15
"17922","HISEQ13:138:C6FWNANXX:2:2113:2357:75931_1:93274723",3.8e-15
"17923","HISEQ13:138:C6FWNANXX:2:1308:20506:99925_1:61456533",3.8e-15
"17924","HISEQ13:138:C6FWNANXX:2:2205:20631:19579_1:104425832",3.8e-15
"17925","HISEQ13:138:C6FWNANXX:2:2115:18793:61056_1:96244454",3.8e-15
"17926","HISEQ13:138:C6FWNANXX:2:2306:12143:79476_1:130790736",3.8e-15
"17927","HISEQ13:138:C6FWNANXX:2:1212:17045:12248_1:41453177",3.9e-15
"17928","HISEQ13:138:C6FWNANXX:2:2108:6877:32153_1:85017942",3.9e-15
"17929","HISEQ13:138:C6FWNANXX:2:2109:8545:27105_1:86438972",3.9e-15
"17930","HISEQ13:138:C6FWNANXX:2:2306:4424:94455_1:131009941",3.9e-15
"17931","HISEQ13:138:C6FWNANXX:2:2307:1346:11220_1:131239547",3.9e-15
"17932","HISEQ13:138:C6FWNANXX:2:1307:18963:50398_1:59154026",3.9e-15
"17933","HISEQ13:138:C6FWNANXX:2:1209:2422:27340_1:37013004",3.9e-15
"17934","HISEQ13:138:C6FWNANXX:2:1216:3398:37614_1:48470063",3.9e-15
"17935","HISEQ13:138:C6FWNANXX:2:2114:3036:18142_1:93935939",3.9e-15
"17936","HISEQ13:138:C6FWNANXX:2:2315:14495:35163_1:143974192",3.9e-15
"17937","HISEQ13:138:C6FWNANXX:2:2211:6453:97831_1:114498484",3.9e-15
"17938","HISEQ13:138:C6FWNANXX:2:2104:3485:50186_1:79474106",3.9e-15
"17939","HISEQ13:138:C6FWNANXX:2:1109:12476:27103_1:12308896",3.9e-15
"17940","HISEQ13:138:C6FWNANXX:2:2314:21156:16307_1:142039222",3.9e-15
"17941","HISEQ13:138:C6FWNANXX:2:1301:13770:57187_1:50379845",3.9e-15
"17942","HISEQ13:138:C6FWNANXX:2:1308:15693:80490_1:61149613",3.9e-15
"17943","HISEQ13:138:C6FWNANXX:2:1315:20880:90719_1:72663608",3.9e-15
"17944","HISEQ13:138:C6FWNANXX:2:2111:20901:60991_1:89990706",3.9e-15
"17945","HISEQ13:138:C6FWNANXX:2:2102:14070:33213_1:76411247",3.9e-15
"17946","HISEQ13:138:C6FWNANXX:2:1309:17156:27288_1:61869719",3.9e-15
"17947","HISEQ13:138:C6FWNANXX:2:2101:10568:51015_1:75262150",3.9e-15
"17948","HISEQ13:138:C6FWNANXX:2:2102:10098:99224_1:77351373",3.9e-15
"17949","HISEQ13:138:C6FWNANXX:2:2205:3857:70512_1:105158599",3.9e-15
"17950","HISEQ13:138:C6FWNANXX:2:2306:3000:68853_1:130635426",3.9e-15
"17951","HISEQ13:138:C6FWNANXX:2:2309:16907:73699_1:135156489",3.9e-15
"17952","HISEQ13:138:C6FWNANXX:2:2110:13999:62741_1:88487316",3.9e-15
"17953","HISEQ13:138:C6FWNANXX:2:1303:6760:5922_1:52532718",3.9e-15
"17954","HISEQ13:138:C6FWNANXX:2:1216:18454:63025_1:48914803",3.9e-15
"17955","HISEQ13:138:C6FWNANXX:2:1106:8158:26969_1:7728723",3.9e-15
"17956","HISEQ13:138:C6FWNANXX:2:1213:20166:16115_1:43118211",3.9e-15
"17957","HISEQ13:138:C6FWNANXX:2:1316:15495:72007_1:74063550",3.9e-15
"17958","HISEQ13:138:C6FWNANXX:2:1214:10081:85200_1:45912491",3.9e-15
"17959","HISEQ13:138:C6FWNANXX:2:2106:2345:30959_1:82063296",3.9e-15
"17960","HISEQ13:138:C6FWNANXX:2:2312:12955:86796_1:139986366",3.9e-15
"17961","HISEQ13:138:C6FWNANXX:2:2105:11496:27790_1:80581477",3.9e-15
"17962","HISEQ13:138:C6FWNANXX:2:1303:2519:6524_1:52543007",3.9e-15
"17963","HISEQ13:138:C6FWNANXX:2:2306:16595:6530_1:129721442",3.9e-15
"17964","HISEQ13:138:C6FWNANXX:2:1311:9424:26099_1:64982123",3.9e-15
"17965","HISEQ13:138:C6FWNANXX:2:1106:16942:73954_1:8447600",3.9e-15
"17966","HISEQ13:138:C6FWNANXX:2:1113:12529:86398_1:19521175",3.9e-15
"17967","HISEQ13:138:C6FWNANXX:2:1308:3156:89334_1:61289032",4e-15
"17968","HISEQ13:138:C6FWNANXX:2:1310:15025:100260_1:64588229",4e-15
"17969","HISEQ13:138:C6FWNANXX:2:2105:16944:43942_1:80814774",4e-15
"17970","HISEQ13:138:C6FWNANXX:2:1113:16680:69203_1:19234663",4e-15
"17971","HISEQ13:138:C6FWNANXX:2:2107:3468:58862_1:83938853",4e-15
"17972","HISEQ13:138:C6FWNANXX:2:2203:16479:75208_1:102386845",4e-15
"17973","HISEQ13:138:C6FWNANXX:2:1316:14225:89643_1:74369124",4e-15
"17974","HISEQ13:138:C6FWNANXX:2:1316:18051:90272_1:74383002",4e-15
"17975","HISEQ13:138:C6FWNANXX:2:1205:20978:29631_1:31033432",4e-15
"17976","HISEQ13:138:C6FWNANXX:2:2311:3595:63648_1:138049769",4e-15
"17977","HISEQ13:138:C6FWNANXX:2:1301:8818:32390_1:50015698",4e-15
"17978","HISEQ13:138:C6FWNANXX:2:2311:4056:44867_1:137755564",4e-15
"17979","HISEQ13:138:C6FWNANXX:2:1212:11790:21467_1:41587272",4e-15
"17980","HISEQ13:138:C6FWNANXX:2:2103:17017:86200_1:78573383",4e-15
"17981","HISEQ13:138:C6FWNANXX:2:1205:7215:34681_1:31104833",4e-15
"17982","HISEQ13:138:C6FWNANXX:2:1308:14887:11132_1:60072045",4e-15
"17983","HISEQ13:138:C6FWNANXX:2:1310:9615:73652_1:64165754",4e-15
"17984","HISEQ13:138:C6FWNANXX:2:2311:1864:92671_1:138509249",4e-15
"17985","HISEQ13:138:C6FWNANXX:2:1311:14733:31844_1:65075196",4e-15
"17986","HISEQ13:138:C6FWNANXX:2:2303:18349:91294_1:126666699",4e-15
"17987","HISEQ13:138:C6FWNANXX:2:1106:4161:72179_1:8418296",4e-15
"17988","HISEQ13:138:C6FWNANXX:2:2207:13751:12022_1:107198891",4e-15
"17989","HISEQ13:138:C6FWNANXX:2:1204:5615:16001_1:29359225",4e-15
"17990","HISEQ13:138:C6FWNANXX:2:2111:18124:95182_1:90571422",4e-15
"17991","HISEQ13:138:C6FWNANXX:2:2305:10501:82255_1:129384907",4e-15
"17992","HISEQ13:138:C6FWNANXX:2:2305:9677:39301_1:128759316",4e-15
"17993","HISEQ13:138:C6FWNANXX:2:1209:11109:28805_1:37037962",4e-15
"17994","HISEQ13:138:C6FWNANXX:2:2312:15618:19073_1:138912109",4e-15
"17995","HISEQ13:138:C6FWNANXX:2:1109:17899:48310_1:12644036",4e-15
"17996","HISEQ13:138:C6FWNANXX:2:1201:12913:74962_1:25877766",4e-15
"17997","HISEQ13:138:C6FWNANXX:2:2113:8584:46588_1:92807227",4e-15
"17998","HISEQ13:138:C6FWNANXX:2:1202:11415:55320_1:27042172",4e-15
"17999","HISEQ13:138:C6FWNANXX:2:1209:3729:49289_1:37355286",4e-15
"18000","HISEQ13:138:C6FWNANXX:2:1215:1684:31040_1:46669558",4e-15
"18001","HISEQ13:138:C6FWNANXX:2:1316:8526:18721_1:73128457",4e-15
"18002","HISEQ13:138:C6FWNANXX:2:2115:3651:29933_1:95733689",4e-15
"18003","HISEQ13:138:C6FWNANXX:2:1203:11185:100674_1:29163845",4e-15
"18004","HISEQ13:138:C6FWNANXX:2:1310:13928:90588_1:64435189",4e-15
"18005","HISEQ13:138:C6FWNANXX:2:2111:21299:73656_1:90201828",4e-15
"18006","HISEQ13:138:C6FWNANXX:2:2202:11040:9731_1:100042616",4e-15
"18007","HISEQ13:138:C6FWNANXX:2:2215:4540:92198_1:120792064",4e-15
"18008","HISEQ13:138:C6FWNANXX:2:2303:15668:32129_1:125826733",4e-15
"18009","HISEQ13:138:C6FWNANXX:2:2113:15614:93609_1:93561836",4.1e-15
"18010","HISEQ13:138:C6FWNANXX:2:2302:2141:84379_1:125163595",4.1e-15
"18011","HISEQ13:138:C6FWNANXX:2:2216:2273:80900_1:122266521",4.1e-15
"18012","HISEQ13:138:C6FWNANXX:2:2314:5168:39343_1:142412306",4.1e-15
"18013","HISEQ13:138:C6FWNANXX:2:2101:15997:52240_1:75277467",4.1e-15
"18014","HISEQ13:138:C6FWNANXX:2:1211:11898:55368_1:40572009",4.1e-15
"18015","HISEQ13:138:C6FWNANXX:2:1316:9816:73894_1:74092995",4.1e-15
"18016","HISEQ13:138:C6FWNANXX:2:2108:18579:77702_1:85707700",4.1e-15
"18017","HISEQ13:138:C6FWNANXX:2:2107:5551:80941_1:84267249",4.1e-15
"18018","HISEQ13:138:C6FWNANXX:2:1301:15269:93777_1:50920256",4.1e-15
"18019","HISEQ13:138:C6FWNANXX:2:2306:9253:100186_1:131096171",4.1e-15
"18020","HISEQ13:138:C6FWNANXX:2:1101:7290:90938_1:1314510",4.1e-15
"18021","HISEQ13:138:C6FWNANXX:2:1302:20599:19864_1:51286452",4.1e-15
"18022","HISEQ13:138:C6FWNANXX:2:2315:9440:99430_1:145033510",4.1e-15
"18023","HISEQ13:138:C6FWNANXX:2:1113:2924:70054_1:19248549",4.1e-15
"18024","HISEQ13:138:C6FWNANXX:2:1116:7870:42997_1:23806254",4.1e-15
"18025","HISEQ13:138:C6FWNANXX:2:1208:20018:24896_1:35447225",4.1e-15
"18026","HISEQ13:138:C6FWNANXX:2:2106:1758:64578_1:82560749",4.1e-15
"18027","HISEQ13:138:C6FWNANXX:2:2113:17309:86138_1:93442662",4.1e-15
"18028","HISEQ13:138:C6FWNANXX:2:2311:13118:90596_1:138479894",4.1e-15
"18029","HISEQ13:138:C6FWNANXX:2:2208:12508:90542_1:109838592",4.1e-15
"18030","HISEQ13:138:C6FWNANXX:2:1106:18488:15673_1:7559445",4.1e-15
"18031","HISEQ13:138:C6FWNANXX:2:1212:16567:81372_1:42565923",4.1e-15
"18032","HISEQ13:138:C6FWNANXX:2:1313:6421:8082_1:67918305",4.1e-15
"18033","HISEQ13:138:C6FWNANXX:2:1212:10511:99504_1:42863916",4.1e-15
"18034","HISEQ13:138:C6FWNANXX:2:1203:5222:19178_1:27961548",4.1e-15
"18035","HISEQ13:138:C6FWNANXX:2:2315:16980:46283_1:144160070",4.1e-15
"18036","HISEQ13:138:C6FWNANXX:2:1115:18210:96432_1:23027830",4.1e-15
"18037","HISEQ13:138:C6FWNANXX:2:2216:17543:23322_1:121296301",4.1e-15
"18038","HISEQ13:138:C6FWNANXX:2:2103:9391:49455_1:78050527",4.1e-15
"18039","HISEQ13:138:C6FWNANXX:2:2103:9774:45255_1:77994038",4.1e-15
"18040","HISEQ13:138:C6FWNANXX:2:2203:8399:33059_1:101785688",4.1e-15
"18041","HISEQ13:138:C6FWNANXX:2:2307:11938:83936_1:132320994",4.2e-15
"18042","HISEQ13:138:C6FWNANXX:2:2306:20212:22471_1:129953650",4.2e-15
"18043","HISEQ13:138:C6FWNANXX:2:2207:10670:13242_1:107212821",4.2e-15
"18044","HISEQ13:138:C6FWNANXX:2:1204:19530:92411_1:30494620",4.2e-15
"18045","HISEQ13:138:C6FWNANXX:2:2201:13395:4303_1:98559469",4.2e-15
"18046","HISEQ13:138:C6FWNANXX:2:2208:18561:97507_1:109945929",4.2e-15
"18047","HISEQ13:138:C6FWNANXX:2:2304:3231:13294_1:126962269",4.2e-15
"18048","HISEQ13:138:C6FWNANXX:2:1204:7680:46228_1:29804676",4.2e-15
"18049","HISEQ13:138:C6FWNANXX:2:1211:20417:61320_1:40670825",4.2e-15
"18050","HISEQ13:138:C6FWNANXX:2:2109:5245:10920_1:86190991",4.2e-15
"18051","HISEQ13:138:C6FWNANXX:2:2111:15439:20390_1:89352988",4.2e-15
"18052","HISEQ13:138:C6FWNANXX:2:1214:16742:65576_1:45585560",4.2e-15
"18053","HISEQ13:138:C6FWNANXX:2:1204:13994:44367_1:29779592",4.2e-15
"18054","HISEQ13:138:C6FWNANXX:2:1310:16797:97345_1:64541952",4.2e-15
"18055","HISEQ13:138:C6FWNANXX:2:2207:12706:11186_1:107183935",4.2e-15
"18056","HISEQ13:138:C6FWNANXX:2:1116:2237:90045_1:24618223",4.2e-15
"18057","HISEQ13:138:C6FWNANXX:2:1307:19827:22812_1:58732384",4.2e-15
"18058","HISEQ13:138:C6FWNANXX:2:2216:14387:21595_1:121265987",4.2e-15
"18059","HISEQ13:138:C6FWNANXX:2:2306:16636:85125_1:130875474",4.2e-15
"18060","HISEQ13:138:C6FWNANXX:2:2203:8512:18841_1:101582657",4.2e-15
"18061","HISEQ13:138:C6FWNANXX:2:2214:13695:65916_1:118734725",4.2e-15
"18062","HISEQ13:138:C6FWNANXX:2:2106:19018:9757_1:81758697",4.2e-15
"18063","HISEQ13:138:C6FWNANXX:2:1114:5589:93696_1:21301532",4.2e-15
"18064","HISEQ13:138:C6FWNANXX:2:2115:18589:64131_1:96293298",4.2e-15
"18065","HISEQ13:138:C6FWNANXX:2:2315:20226:61073_1:144404410",4.2e-15
"18066","HISEQ13:138:C6FWNANXX:2:2305:18553:19884_1:128478545",4.2e-15
"18067","HISEQ13:138:C6FWNANXX:2:1201:20956:5138_1:24852517",4.2e-15
"18068","HISEQ13:138:C6FWNANXX:2:1314:5183:80970_1:70801209",4.2e-15
"18069","HISEQ13:138:C6FWNANXX:2:2114:17643:27418_1:94089342",4.2e-15
"18070","HISEQ13:138:C6FWNANXX:2:2115:15027:99206_1:96866216",4.2e-15
"18071","HISEQ13:138:C6FWNANXX:2:2203:15653:3449_1:101362622",4.2e-15
"18072","HISEQ13:138:C6FWNANXX:2:2205:12352:33701_1:104625041",4.2e-15
"18073","HISEQ13:138:C6FWNANXX:2:2313:19220:27497_1:140616350",4.2e-15
"18074","HISEQ13:138:C6FWNANXX:2:1113:11616:92946_1:19629633",4.2e-15
"18075","HISEQ13:138:C6FWNANXX:2:1211:20729:15708_1:39934194",4.2e-15
"18076","HISEQ13:138:C6FWNANXX:2:2116:2021:28873_1:97337748",4.2e-15
"18077","HISEQ13:138:C6FWNANXX:2:1214:6478:34910_1:45066488",4.2e-15
"18078","HISEQ13:138:C6FWNANXX:2:1212:14970:79450_1:42532818",4.2e-15
"18079","HISEQ13:138:C6FWNANXX:2:1204:8818:68955_1:30143098",4.3e-15
"18080","HISEQ13:138:C6FWNANXX:2:1301:15264:73262_1:50618994",4.3e-15
"18081","HISEQ13:138:C6FWNANXX:2:2209:10356:7172_1:110069712",4.3e-15
"18082","HISEQ13:138:C6FWNANXX:2:1115:18228:79030_1:22731988",4.3e-15
"18083","HISEQ13:138:C6FWNANXX:2:1205:15569:33443_1:31088007",4.3e-15
"18084","HISEQ13:138:C6FWNANXX:2:1309:14385:59250_1:62374679",4.3e-15
"18085","HISEQ13:138:C6FWNANXX:2:1104:8710:100383_1:5854748",4.3e-15
"18086","HISEQ13:138:C6FWNANXX:2:1211:9628:49387_1:40474233",4.3e-15
"18087","HISEQ13:138:C6FWNANXX:2:1214:9339:7246_1:44602609",4.3e-15
"18088","HISEQ13:138:C6FWNANXX:2:1205:5779:55857_1:31422942",4.3e-15
"18089","HISEQ13:138:C6FWNANXX:2:2115:18713:43662_1:95959709",4.3e-15
"18090","HISEQ13:138:C6FWNANXX:2:1216:7750:91069_1:49399959",4.3e-15
"18091","HISEQ13:138:C6FWNANXX:2:2107:16983:26763_1:83467077",4.3e-15
"18092","HISEQ13:138:C6FWNANXX:2:2308:20329:72990_1:133642780",4.3e-15
"18093","HISEQ13:138:C6FWNANXX:2:2116:3778:80318_1:98185331",4.3e-15
"18094","HISEQ13:138:C6FWNANXX:2:1312:10836:12852_1:66375105",4.3e-15
"18095","HISEQ13:138:C6FWNANXX:2:2103:18486:36177_1:77863956",4.3e-15
"18096","HISEQ13:138:C6FWNANXX:2:1206:17309:19539_1:32363818",4.3e-15
"18097","HISEQ13:138:C6FWNANXX:2:1106:8803:85752_1:8628016",4.3e-15
"18098","HISEQ13:138:C6FWNANXX:2:1108:7555:61766_1:11302106",4.3e-15
"18099","HISEQ13:138:C6FWNANXX:2:2214:7541:97222_1:119244855",4.3e-15
"18100","HISEQ13:138:C6FWNANXX:2:2312:19973:87966_1:140003671",4.3e-15
"18101","HISEQ13:138:C6FWNANXX:2:2203:3164:81994_1:102480785",4.3e-15
"18102","HISEQ13:138:C6FWNANXX:2:1114:4451:11451_1:19919371",4.4e-15
"18103","HISEQ13:138:C6FWNANXX:2:1212:18166:53846_1:42116388",4.4e-15
"18104","HISEQ13:138:C6FWNANXX:2:2103:10052:25472_1:77708780",4.4e-15
"18105","HISEQ13:138:C6FWNANXX:2:2207:5663:79876_1:108196763",4.4e-15
"18106","HISEQ13:138:C6FWNANXX:2:2201:12900:49890_1:99208070",4.4e-15
"18107","HISEQ13:138:C6FWNANXX:2:1211:11683:26627_1:40108935",4.4e-15
"18108","HISEQ13:138:C6FWNANXX:2:2115:16193:76897_1:96500251",4.4e-15
"18109","HISEQ13:138:C6FWNANXX:2:2209:7570:53353_1:110770016",4.4e-15
"18110","HISEQ13:138:C6FWNANXX:2:2310:18665:44854_1:136232088",4.4e-15
"18111","HISEQ13:138:C6FWNANXX:2:2314:9044:65352_1:142842793",4.4e-15
"18112","HISEQ13:138:C6FWNANXX:2:1215:12869:20866_1:46497258",4.4e-15
"18113","HISEQ13:138:C6FWNANXX:2:1304:11040:21633_1:54230879",4.4e-15
"18114","HISEQ13:138:C6FWNANXX:2:1314:18838:53182_1:70332311",4.4e-15
"18115","HISEQ13:138:C6FWNANXX:2:1107:8026:3638_1:8881582",4.4e-15
"18116","HISEQ13:138:C6FWNANXX:2:1112:7241:95046_1:18031535",4.4e-15
"18117","HISEQ13:138:C6FWNANXX:2:1206:8424:13180_1:32265232",4.4e-15
"18118","HISEQ13:138:C6FWNANXX:2:2204:1293:35248_1:103222811",4.4e-15
"18119","HISEQ13:138:C6FWNANXX:2:1310:13177:45164_1:63714151",4.4e-15
"18120","HISEQ13:138:C6FWNANXX:2:2211:2461:61327_1:113925657",4.4e-15
"18121","HISEQ13:138:C6FWNANXX:2:1201:5084:2667_1:24812494",4.4e-15
"18122","HISEQ13:138:C6FWNANXX:2:1113:4496:29093_1:18572113",4.4e-15
"18123","HISEQ13:138:C6FWNANXX:2:2106:9694:35201_1:82127057",4.4e-15
"18124","HISEQ13:138:C6FWNANXX:2:2302:11564:75469_1:125037343",4.4e-15
"18125","HISEQ13:138:C6FWNANXX:2:1204:8264:93799_1:30514689",4.4e-15
"18126","HISEQ13:138:C6FWNANXX:2:1115:13565:76435_1:22684141",4.4e-15
"18127","HISEQ13:138:C6FWNANXX:2:2208:17381:41375_1:109097433",4.4e-15
"18128","HISEQ13:138:C6FWNANXX:2:1106:14165:41210_1:7946256",4.4e-15
"18129","HISEQ13:138:C6FWNANXX:2:1112:6620:94630_1:18023019",4.4e-15
"18130","HISEQ13:138:C6FWNANXX:2:1208:20605:12479_1:35255409",4.4e-15
"18131","HISEQ13:138:C6FWNANXX:2:1312:7302:42282_1:66855790",4.4e-15
"18132","HISEQ13:138:C6FWNANXX:2:2114:6795:56152_1:94552938",4.4e-15
"18133","HISEQ13:138:C6FWNANXX:2:2116:6904:76519_1:98123934",4.4e-15
"18134","HISEQ13:138:C6FWNANXX:2:2310:3536:10853_1:135704869",4.4e-15
"18135","HISEQ13:138:C6FWNANXX:2:2313:15913:34934_1:140737282",4.4e-15
"18136","HISEQ13:138:C6FWNANXX:2:1209:11842:11690_1:36770660",4.4e-15
"18137","HISEQ13:138:C6FWNANXX:2:2310:11683:31247_1:136019274",4.4e-15
"18138","HISEQ13:138:C6FWNANXX:2:2206:12767:77470_1:106706017",4.4e-15
"18139","HISEQ13:138:C6FWNANXX:2:2206:16155:70883_1:106610858",4.4e-15
"18140","HISEQ13:138:C6FWNANXX:2:2302:2420:60626_1:124826187",4.4e-15
"18141","HISEQ13:138:C6FWNANXX:2:1104:1413:72476_1:5434548",4.4e-15
"18142","HISEQ13:138:C6FWNANXX:2:1310:19377:78366_1:64242069",4.4e-15
"18143","HISEQ13:138:C6FWNANXX:2:1111:5243:4465_1:15069486",4.4e-15
"18144","HISEQ13:138:C6FWNANXX:2:2306:3582:72142_1:130683547",4.4e-15
"18145","HISEQ13:138:C6FWNANXX:2:2313:8474:29178_1:140642273",4.4e-15
"18146","HISEQ13:138:C6FWNANXX:2:1311:2343:99231_1:66168063",4.5e-15
"18147","HISEQ13:138:C6FWNANXX:2:1208:2502:54738_1:35901983",4.5e-15
"18148","HISEQ13:138:C6FWNANXX:2:2314:12593:78927_1:143065877",4.5e-15
"18149","HISEQ13:138:C6FWNANXX:2:1214:18799:86039_1:45930717",4.5e-15
"18150","HISEQ13:138:C6FWNANXX:2:1110:12225:6369_1:13543495",4.5e-15
"18151","HISEQ13:138:C6FWNANXX:2:1115:2826:66500_1:22513332",4.5e-15
"18152","HISEQ13:138:C6FWNANXX:2:1209:1802:88074_1:37961611",4.5e-15
"18153","HISEQ13:138:C6FWNANXX:2:2206:17610:26123_1:105953456",4.5e-15
"18154","HISEQ13:138:C6FWNANXX:2:2307:1383:86127_1:132352546",4.5e-15
"18155","HISEQ13:138:C6FWNANXX:2:1201:20579:38902_1:25349529",4.5e-15
"18156","HISEQ13:138:C6FWNANXX:2:1216:18666:24869_1:48252882",4.5e-15
"18157","HISEQ13:138:C6FWNANXX:2:2113:10146:75121_1:93264254",4.5e-15
"18158","HISEQ13:138:C6FWNANXX:2:1116:4366:24080_1:23483011",4.5e-15
"18159","HISEQ13:138:C6FWNANXX:2:2107:14896:22985_1:83407170",4.5e-15
"18160","HISEQ13:138:C6FWNANXX:2:2307:9424:40910_1:131681894",4.5e-15
"18161","HISEQ13:138:C6FWNANXX:2:2311:14193:4101_1:137120779",4.5e-15
"18162","HISEQ13:138:C6FWNANXX:2:1109:2285:84896_1:13219718",4.5e-15
"18163","HISEQ13:138:C6FWNANXX:2:2208:16076:74227_1:109590408",4.5e-15
"18164","HISEQ13:138:C6FWNANXX:2:2215:14862:77602_1:120553777",4.5e-15
"18165","HISEQ13:138:C6FWNANXX:2:1310:8350:89104_1:64410397",4.5e-15
"18166","HISEQ13:138:C6FWNANXX:2:2306:4510:28014_1:130035054",4.5e-15
"18167","HISEQ13:138:C6FWNANXX:2:1314:16522:65096_1:70535478",4.6e-15
"18168","HISEQ13:138:C6FWNANXX:2:1113:18799:6050_1:18196921",4.6e-15
"18169","HISEQ13:138:C6FWNANXX:2:2207:7072:12909_1:107208495",4.6e-15
"18170","HISEQ13:138:C6FWNANXX:2:1111:16448:48707_1:15778814",4.6e-15
"18171","HISEQ13:138:C6FWNANXX:2:1316:19786:93021_1:74429367",4.6e-15
"18172","HISEQ13:138:C6FWNANXX:2:2203:14471:51199_1:102044112",4.6e-15
"18173","HISEQ13:138:C6FWNANXX:2:2302:6773:4709_1:124037371",4.6e-15
"18174","HISEQ13:138:C6FWNANXX:2:1202:6878:10486_1:26381814",4.6e-15
"18175","HISEQ13:138:C6FWNANXX:2:2210:14388:79127_1:112668905",4.6e-15
"18176","HISEQ13:138:C6FWNANXX:2:1303:16952:94455_1:53843841",4.6e-15
"18177","HISEQ13:138:C6FWNANXX:2:1306:17416:3806_1:56931588",4.6e-15
"18178","HISEQ13:138:C6FWNANXX:2:1308:1872:8542_1:60030743",4.6e-15
"18179","HISEQ13:138:C6FWNANXX:2:2214:6947:98007_1:119260977",4.6e-15
"18180","HISEQ13:138:C6FWNANXX:2:2306:12595:4215_1:129684234",4.6e-15
"18181","HISEQ13:138:C6FWNANXX:2:2316:16528:41901_1:145732835",4.6e-15
"18182","HISEQ13:138:C6FWNANXX:2:2113:17723:28721_1:92521963",4.6e-15
"18183","HISEQ13:138:C6FWNANXX:2:2109:21112:24749_1:86403780",4.6e-15
"18184","HISEQ13:138:C6FWNANXX:2:1111:16360:29674_1:15473829",4.6e-15
"18185","HISEQ13:138:C6FWNANXX:2:1305:16694:89641_1:56733101",4.6e-15
"18186","HISEQ13:138:C6FWNANXX:2:1305:17019:75255_1:56517919",4.6e-15
"18187","HISEQ13:138:C6FWNANXX:2:2105:13602:7502_1:80288090",4.6e-15
"18188","HISEQ13:138:C6FWNANXX:2:2201:14490:78158_1:99611671",4.6e-15
"18189","HISEQ13:138:C6FWNANXX:2:1114:18775:75418_1:20997050",4.6e-15
"18190","HISEQ13:138:C6FWNANXX:2:2203:14087:5419_1:101390805",4.6e-15
"18191","HISEQ13:138:C6FWNANXX:2:2210:10649:14884_1:111688223",4.6e-15
"18192","HISEQ13:138:C6FWNANXX:2:2103:7032:84884_1:78553667",4.6e-15
"18193","HISEQ13:138:C6FWNANXX:2:2216:7481:16599_1:121181733",4.6e-15
"18194","HISEQ13:138:C6FWNANXX:2:1106:3862:17366_1:7583281",4.6e-15
"18195","HISEQ13:138:C6FWNANXX:2:1107:3496:21290_1:9154011",4.6e-15
"18196","HISEQ13:138:C6FWNANXX:2:1202:14388:31926_1:26699106",4.6e-15
"18197","HISEQ13:138:C6FWNANXX:2:2107:6064:22298_1:83397987",4.6e-15
"18198","HISEQ13:138:C6FWNANXX:2:2201:16571:97743_1:99888299",4.6e-15
"18199","HISEQ13:138:C6FWNANXX:2:2213:7392:58767_1:117014944",4.7e-15
"18200","HISEQ13:138:C6FWNANXX:2:1205:16855:94638_1:32005591",4.7e-15
"18201","HISEQ13:138:C6FWNANXX:2:2215:15784:13819_1:119502002",4.7e-15
"18202","HISEQ13:138:C6FWNANXX:2:1115:14008:14449_1:21636544",4.7e-15
"18203","HISEQ13:138:C6FWNANXX:2:1205:9762:33932_1:31094298",4.7e-15
"18204","HISEQ13:138:C6FWNANXX:2:1303:6721:62444_1:53368804",4.7e-15
"18205","HISEQ13:138:C6FWNANXX:2:2315:6873:21598_1:143748514",4.7e-15
"18206","HISEQ13:138:C6FWNANXX:2:1315:11752:32362_1:71657922",4.7e-15
"18207","HISEQ13:138:C6FWNANXX:2:2215:15185:72151_1:120463526",4.7e-15
"18208","HISEQ13:138:C6FWNANXX:2:1202:5551:23709_1:26576533",4.7e-15
"18209","HISEQ13:138:C6FWNANXX:2:2215:12573:7089_1:119390172",4.7e-15
"18210","HISEQ13:138:C6FWNANXX:2:1102:8281:92444_1:2796032",4.7e-15
"18211","HISEQ13:138:C6FWNANXX:2:2315:8509:79958_1:144708408",4.7e-15
"18212","HISEQ13:138:C6FWNANXX:2:2208:15592:76873_1:109632059",4.7e-15
"18213","HISEQ13:138:C6FWNANXX:2:1209:8058:22854_1:36944661",4.7e-15
"18214","HISEQ13:138:C6FWNANXX:2:1211:7715:90990_1:41143314",4.7e-15
"18215","HISEQ13:138:C6FWNANXX:2:1301:15106:87213_1:50821112",4.7e-15
"18216","HISEQ13:138:C6FWNANXX:2:2109:20043:54509_1:86858968",4.7e-15
"18217","HISEQ13:138:C6FWNANXX:2:2113:16642:74372_1:93253576",4.7e-15
"18218","HISEQ13:138:C6FWNANXX:2:2114:10528:75374_1:94867976",4.7e-15
"18219","HISEQ13:138:C6FWNANXX:2:2304:17998:60775_1:127646729",4.7e-15
"18220","HISEQ13:138:C6FWNANXX:2:1114:11337:79637_1:21067020",4.7e-15
"18221","HISEQ13:138:C6FWNANXX:2:1304:18730:94320_1:55319417",4.7e-15
"18222","HISEQ13:138:C6FWNANXX:2:2108:19708:20770_1:84851786",4.7e-15
"18223","HISEQ13:138:C6FWNANXX:2:1110:20192:75959_1:14642185",4.7e-15
"18224","HISEQ13:138:C6FWNANXX:2:1111:5523:40246_1:15639437",4.7e-15
"18225","HISEQ13:138:C6FWNANXX:2:1212:16886:3586_1:41334967",4.7e-15
"18226","HISEQ13:138:C6FWNANXX:2:2305:10649:78939_1:129333960",4.7e-15
"18227","HISEQ13:138:C6FWNANXX:2:2305:9688:85307_1:129428379",4.7e-15
"18228","HISEQ13:138:C6FWNANXX:2:1204:20760:58783_1:29997179",4.7e-15
"18229","HISEQ13:138:C6FWNANXX:2:2210:19754:25716_1:111854495",4.7e-15
"18230","HISEQ13:138:C6FWNANXX:2:1307:15082:38363_1:58969223",4.7e-15
"18231","HISEQ13:138:C6FWNANXX:2:2203:2656:33222_1:101784695",4.7e-15
"18232","HISEQ13:138:C6FWNANXX:2:1202:2837:16512_1:26472711",4.8e-15
"18233","HISEQ13:138:C6FWNANXX:2:1210:8761:7926_1:38254843",4.8e-15
"18234","HISEQ13:138:C6FWNANXX:2:1303:20922:65286_1:53415956",4.8e-15
"18235","HISEQ13:138:C6FWNANXX:2:1312:3670:89906_1:67636081",4.8e-15
"18236","HISEQ13:138:C6FWNANXX:2:2114:6621:13301_1:93860228",4.8e-15
"18237","HISEQ13:138:C6FWNANXX:2:2114:6938:57969_1:94581615",4.8e-15
"18238","HISEQ13:138:C6FWNANXX:2:1307:12645:87714_1:59727293",4.8e-15
"18239","HISEQ13:138:C6FWNANXX:2:2112:2722:69936_1:91605168",4.8e-15
"18240","HISEQ13:138:C6FWNANXX:2:1114:4519:19407_1:20053585",4.8e-15
"18241","HISEQ13:138:C6FWNANXX:2:2114:20224:34588_1:94206773",4.8e-15
"18242","HISEQ13:138:C6FWNANXX:2:1303:12775:92158_1:53809624",4.8e-15
"18243","HISEQ13:138:C6FWNANXX:2:2107:14204:70684_1:84116227",4.8e-15
"18244","HISEQ13:138:C6FWNANXX:2:2308:8280:70306_1:133602654",4.8e-15
"18245","HISEQ13:138:C6FWNANXX:2:1201:11193:77022_1:25910240",4.8e-15
"18246","HISEQ13:138:C6FWNANXX:2:2105:15132:5359_1:80255497",4.8e-15
"18247","HISEQ13:138:C6FWNANXX:2:1313:2785:97258_1:69404223",4.8e-15
"18248","HISEQ13:138:C6FWNANXX:2:2112:19630:85626_1:91859524",4.8e-15
"18249","HISEQ13:138:C6FWNANXX:2:1313:20910:91102_1:69303401",4.8e-15
"18250","HISEQ13:138:C6FWNANXX:2:1216:1494:7433_1:47946821",4.8e-15
"18251","HISEQ13:138:C6FWNANXX:2:2106:10086:25278_1:81984184",4.8e-15
"18252","HISEQ13:138:C6FWNANXX:2:1307:13391:50906_1:59160682",4.8e-15
"18253","HISEQ13:138:C6FWNANXX:2:2310:11991:61691_1:136489146",4.8e-15
"18254","HISEQ13:138:C6FWNANXX:2:1105:12278:66243_1:6825710",4.8e-15
"18255","HISEQ13:138:C6FWNANXX:2:1211:5139:39507_1:40316572",4.9e-15
"18256","HISEQ13:138:C6FWNANXX:2:1215:7765:94956_1:47752431",4.9e-15
"18257","HISEQ13:138:C6FWNANXX:2:2202:3059:3965_1:99958719",4.9e-15
"18258","HISEQ13:138:C6FWNANXX:2:1110:12486:47001_1:14186829",4.9e-15
"18259","HISEQ13:138:C6FWNANXX:2:2211:3172:30091_1:113436799",4.9e-15
"18260","HISEQ13:138:C6FWNANXX:2:2104:17230:42470_1:79365222",4.9e-15
"18261","HISEQ13:138:C6FWNANXX:2:2101:11284:47052_1:75205682",4.9e-15
"18262","HISEQ13:138:C6FWNANXX:2:2304:10375:45559_1:127425190",4.9e-15
"18263","HISEQ13:138:C6FWNANXX:2:2304:3668:3090_1:126814412",4.9e-15
"18264","HISEQ13:138:C6FWNANXX:2:2316:7057:54562_1:145945393",4.9e-15
"18265","HISEQ13:138:C6FWNANXX:2:1206:18923:46534_1:32773292",4.9e-15
"18266","HISEQ13:138:C6FWNANXX:2:2216:16223:61198_1:121933929",4.9e-15
"18267","HISEQ13:138:C6FWNANXX:2:1115:9804:49208_1:22221739",4.9e-15
"18268","HISEQ13:138:C6FWNANXX:2:2310:21064:67228_1:136574443",4.9e-15
"18269","HISEQ13:138:C6FWNANXX:2:1315:20263:21881_1:71480712",4.9e-15
"18270","HISEQ13:138:C6FWNANXX:2:2209:16154:53462_1:110771635",4.9e-15
"18271","HISEQ13:138:C6FWNANXX:2:2304:3939:41312_1:127363176",4.9e-15
"18272","HISEQ13:138:C6FWNANXX:2:2310:16225:38897_1:136139858",4.9e-15
"18273","HISEQ13:138:C6FWNANXX:2:2312:12597:92334_1:140073936",4.9e-15
"18274","HISEQ13:138:C6FWNANXX:2:2104:14855:85766_1:79991611",4.9e-15
"18275","HISEQ13:138:C6FWNANXX:2:1104:10769:68891_1:5383898",4.9e-15
"18276","HISEQ13:138:C6FWNANXX:2:1104:2282:41512_1:4975968",5e-15
"18277","HISEQ13:138:C6FWNANXX:2:1109:20079:69454_1:12978107",5e-15
"18278","HISEQ13:138:C6FWNANXX:2:1205:7215:34681_1:31104832",5e-15
"18279","HISEQ13:138:C6FWNANXX:2:1212:19240:84908_1:42624156",5e-15
"18280","HISEQ13:138:C6FWNANXX:2:2103:18614:58730_1:78182763",5e-15
"18281","HISEQ13:138:C6FWNANXX:2:2112:6489:7579_1:90730800",5e-15
"18282","HISEQ13:138:C6FWNANXX:2:1313:3651:87412_1:69237315",5e-15
"18283","HISEQ13:138:C6FWNANXX:2:2206:19317:63466_1:106500347",5e-15
"18284","HISEQ13:138:C6FWNANXX:2:2206:19478:77362_1:106707164",5e-15
"18285","HISEQ13:138:C6FWNANXX:2:2301:6362:41498_1:123161456",5e-15
"18286","HISEQ13:138:C6FWNANXX:2:1312:1484:46488_1:66919466",5e-15
"18287","HISEQ13:138:C6FWNANXX:2:2210:16197:46591_1:112173413",5e-15
"18288","HISEQ13:138:C6FWNANXX:2:2314:19714:9983_1:141933055",5e-15
"18289","HISEQ13:138:C6FWNANXX:2:1208:19487:9186_1:35205338",5e-15
"18290","HISEQ13:138:C6FWNANXX:2:2302:19540:96542_1:125340664",5e-15
"18291","HISEQ13:138:C6FWNANXX:2:1106:21258:99058_1:8831967",5e-15
"18292","HISEQ13:138:C6FWNANXX:2:1113:8289:14296_1:18330494",5e-15
"18293","HISEQ13:138:C6FWNANXX:2:1205:15437:58869_1:31469710",5e-15
"18294","HISEQ13:138:C6FWNANXX:2:1307:17845:58545_1:59281330",5e-15
"18295","HISEQ13:138:C6FWNANXX:2:1308:19640:52026_1:60707681",5e-15
"18296","HISEQ13:138:C6FWNANXX:2:1312:10306:58574_1:67122542",5e-15
"18297","HISEQ13:138:C6FWNANXX:2:1315:5529:95665_1:72747552",5e-15
"18298","HISEQ13:138:C6FWNANXX:2:2103:12681:98332_1:78747601",5e-15
"18299","HISEQ13:138:C6FWNANXX:2:2103:14277:97041_1:78729778",5e-15
"18300","HISEQ13:138:C6FWNANXX:2:2205:19799:28384_1:104551370",5e-15
"18301","HISEQ13:138:C6FWNANXX:2:2309:1900:63410_1:134995311",5e-15
"18302","HISEQ13:138:C6FWNANXX:2:1213:7237:40051_1:43510243",5e-15
"18303","HISEQ13:138:C6FWNANXX:2:1314:20974:96766_1:71076500",5e-15
"18304","HISEQ13:138:C6FWNANXX:2:2114:7377:99187_1:95252475",5e-15
"18305","HISEQ13:138:C6FWNANXX:2:1207:2257:28192_1:33986442",5e-15
"18306","HISEQ13:138:C6FWNANXX:2:1111:6922:81048_1:16332454",5e-15
"18307","HISEQ13:138:C6FWNANXX:2:2116:4518:20725_1:97201011",5e-15
"18308","HISEQ13:138:C6FWNANXX:2:2209:8476:32835_1:110459236",5e-15
"18309","HISEQ13:138:C6FWNANXX:2:2107:19525:57782_1:83927022",5e-15
"18310","HISEQ13:138:C6FWNANXX:2:2214:13953:56146_1:118574342",5e-15
"18311","HISEQ13:138:C6FWNANXX:2:2311:20298:66404_1:138096831",5e-15
"18312","HISEQ13:138:C6FWNANXX:2:1209:15409:16011_1:36841563",5.1e-15
"18313","HISEQ13:138:C6FWNANXX:2:1307:9797:14563_1:58603332",5.1e-15
"18314","HISEQ13:138:C6FWNANXX:2:2109:10741:80461_1:87249215",5.1e-15
"18315","HISEQ13:138:C6FWNANXX:2:2110:8232:8374_1:87656767",5.1e-15
"18316","HISEQ13:138:C6FWNANXX:2:1207:14651:40484_1:34173485",5.1e-15
"18317","HISEQ13:138:C6FWNANXX:2:1301:18227:56798_1:50376896",5.1e-15
"18318","HISEQ13:138:C6FWNANXX:2:1303:6029:18326_1:52717424",5.1e-15
"18319","HISEQ13:138:C6FWNANXX:2:2207:10053:64756_1:107974996",5.1e-15
"18320","HISEQ13:138:C6FWNANXX:2:2111:18414:44528_1:89730955",5.1e-15
"18321","HISEQ13:138:C6FWNANXX:2:2113:16443:42400_1:92740997",5.1e-15
"18322","HISEQ13:138:C6FWNANXX:2:2313:12306:29563_1:140651277",5.1e-15
"18323","HISEQ13:138:C6FWNANXX:2:2103:1968:45767_1:77999731",5.1e-15
"18324","HISEQ13:138:C6FWNANXX:2:1112:7107:29614_1:16964521",5.1e-15
"18325","HISEQ13:138:C6FWNANXX:2:1301:5617:11960_1:49713532",5.1e-15
"18326","HISEQ13:138:C6FWNANXX:2:1306:17637:83724_1:58149266",5.1e-15
"18327","HISEQ13:138:C6FWNANXX:2:2105:20192:81716_1:81362382",5.1e-15
"18328","HISEQ13:138:C6FWNANXX:2:2210:17313:46511_1:112173636",5.1e-15
"18329","HISEQ13:138:C6FWNANXX:2:2204:1720:95213_1:104084736",5.1e-15
"18330","HISEQ13:138:C6FWNANXX:2:2304:12500:85932_1:128003821",5.1e-15
"18331","HISEQ13:138:C6FWNANXX:2:1114:15654:92555_1:21287030",5.1e-15
"18332","HISEQ13:138:C6FWNANXX:2:1310:19255:97054_1:64538373",5.1e-15
"18333","HISEQ13:138:C6FWNANXX:2:2111:8873:87026_1:90429528",5.1e-15
"18334","HISEQ13:138:C6FWNANXX:2:2204:19992:98107_1:104131560",5.1e-15
"18335","HISEQ13:138:C6FWNANXX:2:1214:11106:97875_1:46126573",5.1e-15
"18336","HISEQ13:138:C6FWNANXX:2:1315:15844:17367_1:71404038",5.1e-15
"18337","HISEQ13:138:C6FWNANXX:2:2301:12734:37279_1:123106560",5.1e-15
"18338","HISEQ13:138:C6FWNANXX:2:1106:12223:65379_1:8317132",5.1e-15
"18339","HISEQ13:138:C6FWNANXX:2:2203:17625:62315_1:102204899",5.1e-15
"18340","HISEQ13:138:C6FWNANXX:2:2104:16600:21524_1:79066293",5.1e-15
"18341","HISEQ13:138:C6FWNANXX:2:2203:20145:25618_1:101680593",5.1e-15
"18342","HISEQ13:138:C6FWNANXX:2:1205:2757:78943_1:31767356",5.2e-15
"18343","HISEQ13:138:C6FWNANXX:2:1116:7342:29541_1:23578776",5.2e-15
"18344","HISEQ13:138:C6FWNANXX:2:2112:7003:82676_1:91809423",5.2e-15
"18345","HISEQ13:138:C6FWNANXX:2:1106:9502:56061_1:8173966",5.2e-15
"18346","HISEQ13:138:C6FWNANXX:2:1308:8688:14750_1:60128478",5.2e-15
"18347","HISEQ13:138:C6FWNANXX:2:2316:8991:97101_1:146663457",5.2e-15
"18348","HISEQ13:138:C6FWNANXX:2:2107:8879:99413_1:84544804",5.2e-15
"18349","HISEQ13:138:C6FWNANXX:2:2115:8629:89924_1:96711891",5.2e-15
"18350","HISEQ13:138:C6FWNANXX:2:2306:11977:12398_1:129804843",5.2e-15
"18351","HISEQ13:138:C6FWNANXX:2:2207:7167:19433_1:107304353",5.2e-15
"18352","HISEQ13:138:C6FWNANXX:2:1305:20469:63902_1:56345437",5.2e-15
"18353","HISEQ13:138:C6FWNANXX:2:2305:5327:62455_1:129093327",5.2e-15
"18354","HISEQ13:138:C6FWNANXX:2:2314:9217:45029_1:142508126",5.2e-15
"18355","HISEQ13:138:C6FWNANXX:2:2313:17175:92581_1:141672235",5.2e-15
"18356","HISEQ13:138:C6FWNANXX:2:1307:3216:27027_1:58794152",5.2e-15
"18357","HISEQ13:138:C6FWNANXX:2:2307:5800:28103_1:131492236",5.2e-15
"18358","HISEQ13:138:C6FWNANXX:2:1311:20829:82539_1:65902162",5.2e-15
"18359","HISEQ13:138:C6FWNANXX:2:1103:10018:36729_1:3436127",5.2e-15
"18360","HISEQ13:138:C6FWNANXX:2:1108:17575:95074_1:11825147",5.2e-15
"18361","HISEQ13:138:C6FWNANXX:2:1214:16757:31707_1:45013808",5.2e-15
"18362","HISEQ13:138:C6FWNANXX:2:1306:13079:20487_1:57182827",5.2e-15
"18363","HISEQ13:138:C6FWNANXX:2:1309:18336:24553_1:61826876",5.2e-15
"18364","HISEQ13:138:C6FWNANXX:2:2104:2705:49346_1:79463072",5.2e-15
"18365","HISEQ13:138:C6FWNANXX:2:2214:2331:65995_1:118732437",5.2e-15
"18366","HISEQ13:138:C6FWNANXX:2:2307:8285:95346_1:132490941",5.2e-15
"18367","HISEQ13:138:C6FWNANXX:2:2203:20145:25618_1:101680592",5.2e-15
"18368","HISEQ13:138:C6FWNANXX:2:2112:4387:82585_1:91808869",5.2e-15
"18369","HISEQ13:138:C6FWNANXX:2:2314:8042:39409_1:142412974",5.2e-15
"18370","HISEQ13:138:C6FWNANXX:2:1310:8987:61827_1:63980135",5.2e-15
"18371","HISEQ13:138:C6FWNANXX:2:2208:3580:54983_1:109297470",5.2e-15
"18372","HISEQ13:138:C6FWNANXX:2:1114:2202:45108_1:20484608",5.2e-15
"18373","HISEQ13:138:C6FWNANXX:2:1211:10783:28088_1:40132876",5.2e-15
"18374","HISEQ13:138:C6FWNANXX:2:2102:14756:59823_1:76791392",5.2e-15
"18375","HISEQ13:138:C6FWNANXX:2:1111:17013:89382_1:16485619",5.2e-15
"18376","HISEQ13:138:C6FWNANXX:2:2114:5162:65487_1:94704105",5.2e-15
"18377","HISEQ13:138:C6FWNANXX:2:1112:6722:90638_1:17957578",5.3e-15
"18378","HISEQ13:138:C6FWNANXX:2:1207:7570:71724_1:34648160",5.3e-15
"18379","HISEQ13:138:C6FWNANXX:2:2109:14445:85139_1:87322090",5.3e-15
"18380","HISEQ13:138:C6FWNANXX:2:2112:8999:96633_1:92030732",5.3e-15
"18381","HISEQ13:138:C6FWNANXX:2:2204:6404:69374_1:103716079",5.3e-15
"18382","HISEQ13:138:C6FWNANXX:2:2215:12455:53440_1:120151376",5.3e-15
"18383","HISEQ13:138:C6FWNANXX:2:1304:11645:6284_1:54003816",5.3e-15
"18384","HISEQ13:138:C6FWNANXX:2:1101:17143:4256_1:36771",5.3e-15
"18385","HISEQ13:138:C6FWNANXX:2:1204:11229:32752_1:29608848",5.3e-15
"18386","HISEQ13:138:C6FWNANXX:2:1216:18957:39800_1:48512600",5.3e-15
"18387","HISEQ13:138:C6FWNANXX:2:2202:9967:2808_1:99945462",5.3e-15
"18388","HISEQ13:138:C6FWNANXX:2:2316:11560:98006_1:146680805",5.3e-15
"18389","HISEQ13:138:C6FWNANXX:2:1108:6594:80020_1:11588289",5.3e-15
"18390","HISEQ13:138:C6FWNANXX:2:1108:6806:49885_1:11114770",5.3e-15
"18391","HISEQ13:138:C6FWNANXX:2:1115:5064:89900_1:22913303",5.3e-15
"18392","HISEQ13:138:C6FWNANXX:2:2101:13251:21703_1:74841804",5.3e-15
"18393","HISEQ13:138:C6FWNANXX:2:1214:16133:75772_1:45757812",5.3e-15
"18394","HISEQ13:138:C6FWNANXX:2:2204:15810:2995_1:102766699",5.3e-15
"18395","HISEQ13:138:C6FWNANXX:2:1308:19393:44769_1:60594923",5.3e-15
"18396","HISEQ13:138:C6FWNANXX:2:2209:19434:30448_1:110423773",5.3e-15
"18397","HISEQ13:138:C6FWNANXX:2:2301:15617:32784_1:123043232",5.3e-15
"18398","HISEQ13:138:C6FWNANXX:2:1202:2514:32982_1:26711623",5.3e-15
"18399","HISEQ13:138:C6FWNANXX:2:2213:10998:59094_1:117019537",5.3e-15
"18400","HISEQ13:138:C6FWNANXX:2:1115:3721:59959_1:22402852",5.3e-15
"18401","HISEQ13:138:C6FWNANXX:2:1309:5489:91803_1:62888593",5.3e-15
"18402","HISEQ13:138:C6FWNANXX:2:2108:7432:59323_1:85429220",5.3e-15
"18403","HISEQ13:138:C6FWNANXX:2:1113:12589:62053_1:19117610",5.4e-15
"18404","HISEQ13:138:C6FWNANXX:2:2112:8580:78794_1:91749995",5.4e-15
"18405","HISEQ13:138:C6FWNANXX:2:1202:20371:39736_1:26813507",5.4e-15
"18406","HISEQ13:138:C6FWNANXX:2:1312:7738:98129_1:67772774",5.4e-15
"18407","HISEQ13:138:C6FWNANXX:2:2315:14330:97136_1:144997196",5.4e-15
"18408","HISEQ13:138:C6FWNANXX:2:1215:3183:90846_1:47682554",5.4e-15
"18409","HISEQ13:138:C6FWNANXX:2:2103:11867:19510_1:77626922",5.4e-15
"18410","HISEQ13:138:C6FWNANXX:2:2112:20784:24715_1:90900531",5.4e-15
"18411","HISEQ13:138:C6FWNANXX:2:1108:16147:81467_1:11609684",5.4e-15
"18412","HISEQ13:138:C6FWNANXX:2:1110:21004:16398_1:13703100",5.4e-15
"18413","HISEQ13:138:C6FWNANXX:2:1115:9273:63801_1:22472189",5.4e-15
"18414","HISEQ13:138:C6FWNANXX:2:2209:16220:44340_1:110634777",5.4e-15
"18415","HISEQ13:138:C6FWNANXX:2:2307:6622:93828_1:132468371",5.4e-15
"18416","HISEQ13:138:C6FWNANXX:2:2211:9444:40195_1:113594300",5.5e-15
"18417","HISEQ13:138:C6FWNANXX:2:2316:12875:36704_1:145643668",5.5e-15
"18418","HISEQ13:138:C6FWNANXX:2:1111:14908:23686_1:15378638",5.5e-15
"18419","HISEQ13:138:C6FWNANXX:2:2315:6536:28167_1:143856415",5.5e-15
"18420","HISEQ13:138:C6FWNANXX:2:2114:19793:46122_1:94392949",5.5e-15
"18421","HISEQ13:138:C6FWNANXX:2:1105:18712:63094_1:6782079",5.5e-15
"18422","HISEQ13:138:C6FWNANXX:2:2209:10454:27816_1:110384330",5.5e-15
"18423","HISEQ13:138:C6FWNANXX:2:1105:12570:79620_1:7028672",5.5e-15
"18424","HISEQ13:138:C6FWNANXX:2:2316:7420:41315_1:145722292",5.5e-15
"18425","HISEQ13:138:C6FWNANXX:2:2106:8253:72059_1:82672901",5.5e-15
"18426","HISEQ13:138:C6FWNANXX:2:2207:9883:95837_1:108435153",5.5e-15
"18427","HISEQ13:138:C6FWNANXX:2:2316:2980:66349_1:146143061",5.5e-15
"18428","HISEQ13:138:C6FWNANXX:2:2210:9403:87343_1:112794476",5.6e-15
"18429","HISEQ13:138:C6FWNANXX:2:1206:14724:73972_1:33185669",5.6e-15
"18430","HISEQ13:138:C6FWNANXX:2:2306:3013:23723_1:129968752",5.6e-15
"18431","HISEQ13:138:C6FWNANXX:2:1114:12324:30387_1:20239563",5.6e-15
"18432","HISEQ13:138:C6FWNANXX:2:1116:16383:43241_1:23812361",5.6e-15
"18433","HISEQ13:138:C6FWNANXX:2:2114:19050:11140_1:93826566",5.6e-15
"18434","HISEQ13:138:C6FWNANXX:2:2203:6286:20583_1:101606927",5.6e-15
"18435","HISEQ13:138:C6FWNANXX:2:2112:17454:71213_1:91628161",5.6e-15
"18436","HISEQ13:138:C6FWNANXX:2:1102:17137:35058_1:1952207",5.6e-15
"18437","HISEQ13:138:C6FWNANXX:2:1204:14744:32775_1:29609496",5.6e-15
"18438","HISEQ13:138:C6FWNANXX:2:2314:7845:72664_1:142962305",5.6e-15
"18439","HISEQ13:138:C6FWNANXX:2:1202:16088:91802_1:27579033",5.6e-15
"18440","HISEQ13:138:C6FWNANXX:2:2305:2544:31896_1:128648576",5.6e-15
"18441","HISEQ13:138:C6FWNANXX:2:2115:10370:10807_1:95425603",5.6e-15
"18442","HISEQ13:138:C6FWNANXX:2:1108:11910:84332_1:11655986",5.6e-15
"18443","HISEQ13:138:C6FWNANXX:2:1211:7359:76960_1:40916855",5.6e-15
"18444","HISEQ13:138:C6FWNANXX:2:1305:6034:40726_1:55993131",5.6e-15
"18445","HISEQ13:138:C6FWNANXX:2:1113:15653:46842_1:18865620",5.6e-15
"18446","HISEQ13:138:C6FWNANXX:2:1101:13196:98501_1:1429959",5.6e-15
"18447","HISEQ13:138:C6FWNANXX:2:1209:3388:81603_1:37860103",5.6e-15
"18448","HISEQ13:138:C6FWNANXX:2:1212:18095:33631_1:41787005",5.6e-15
"18449","HISEQ13:138:C6FWNANXX:2:2210:5534:14158_1:111676075",5.6e-15
"18450","HISEQ13:138:C6FWNANXX:2:1107:3808:16241_1:9073370",5.7e-15
"18451","HISEQ13:138:C6FWNANXX:2:2107:11673:54548_1:83877709",5.7e-15
"18452","HISEQ13:138:C6FWNANXX:2:2107:20325:96915_1:84509856",5.7e-15
"18453","HISEQ13:138:C6FWNANXX:2:2303:2730:16216_1:125597403",5.7e-15
"18454","HISEQ13:138:C6FWNANXX:2:1202:18146:6938_1:26332571",5.7e-15
"18455","HISEQ13:138:C6FWNANXX:2:1112:3001:63152_1:17506288",5.7e-15
"18456","HISEQ13:138:C6FWNANXX:2:1106:8145:6851_1:7424259",5.7e-15
"18457","HISEQ13:138:C6FWNANXX:2:1208:10201:65069_1:36065803",5.7e-15
"18458","HISEQ13:138:C6FWNANXX:2:2314:10459:42150_1:142458545",5.7e-15
"18459","HISEQ13:138:C6FWNANXX:2:1216:2372:53946_1:48750359",5.7e-15
"18460","HISEQ13:138:C6FWNANXX:2:2308:18158:77984_1:133717541",5.7e-15
"18461","HISEQ13:138:C6FWNANXX:2:2309:19493:96576_1:135508517",5.7e-15
"18462","HISEQ13:138:C6FWNANXX:2:2214:21044:32504_1:118192026",5.7e-15
"18463","HISEQ13:138:C6FWNANXX:2:1304:15114:10098_1:54060844",5.7e-15
"18464","HISEQ13:138:C6FWNANXX:2:2312:11728:82081_1:139910303",5.7e-15
"18465","HISEQ13:138:C6FWNANXX:2:1310:4733:62157_1:63983302",5.7e-15
"18466","HISEQ13:138:C6FWNANXX:2:2301:11086:30771_1:123014053",5.7e-15
"18467","HISEQ13:138:C6FWNANXX:2:1308:2236:27167_1:60316314",5.7e-15
"18468","HISEQ13:138:C6FWNANXX:2:1310:3149:43608_1:63688231",5.7e-15
"18469","HISEQ13:138:C6FWNANXX:2:1116:8172:67140_1:24221073",5.7e-15
"18470","HISEQ13:138:C6FWNANXX:2:1208:5599:46391_1:35774660",5.7e-15
"18471","HISEQ13:138:C6FWNANXX:2:1206:19309:62050_1:33008782",5.8e-15
"18472","HISEQ13:138:C6FWNANXX:2:1207:14760:85756_1:34867486",5.8e-15
"18473","HISEQ13:138:C6FWNANXX:2:2306:20255:71055_1:130671943",5.8e-15
"18474","HISEQ13:138:C6FWNANXX:2:2103:8678:39036_1:77904593",5.8e-15
"18475","HISEQ13:138:C6FWNANXX:2:1115:10326:83460_1:22803344",5.8e-15
"18476","HISEQ13:138:C6FWNANXX:2:2101:9020:14499_1:74737720",5.8e-15
"18477","HISEQ13:138:C6FWNANXX:2:1201:5642:66445_1:25751088",5.8e-15
"18478","HISEQ13:138:C6FWNANXX:2:2103:7032:38584_1:77897177",5.8e-15
"18479","HISEQ13:138:C6FWNANXX:2:1111:4531:11475_1:15181172",5.8e-15
"18480","HISEQ13:138:C6FWNANXX:2:1108:5256:30561_1:10815382",5.8e-15
"18481","HISEQ13:138:C6FWNANXX:2:1213:10388:2527_1:42894580",5.8e-15
"18482","HISEQ13:138:C6FWNANXX:2:1303:10935:64421_1:53399472",5.8e-15
"18483","HISEQ13:138:C6FWNANXX:2:2103:13274:18647_1:77613024",5.8e-15
"18484","HISEQ13:138:C6FWNANXX:2:2114:1646:9141_1:93790567",5.8e-15
"18485","HISEQ13:138:C6FWNANXX:2:2311:16481:80780_1:138326236",5.8e-15
"18486","HISEQ13:138:C6FWNANXX:2:1113:10160:81514_1:19441847",5.8e-15
"18487","HISEQ13:138:C6FWNANXX:2:2208:14496:20174_1:108779911",5.8e-15
"18488","HISEQ13:138:C6FWNANXX:2:2211:13223:59108_1:113892800",5.8e-15
"18489","HISEQ13:138:C6FWNANXX:2:1111:8400:16988_1:15269887",5.8e-15
"18490","HISEQ13:138:C6FWNANXX:2:2113:19255:97017_1:93619909",5.8e-15
"18491","HISEQ13:138:C6FWNANXX:2:2306:14421:46358_1:130305602",5.8e-15
"18492","HISEQ13:138:C6FWNANXX:2:1206:17258:64458_1:33042209",5.8e-15
"18493","HISEQ13:138:C6FWNANXX:2:1310:14356:66071_1:64048119",5.8e-15
"18494","HISEQ13:138:C6FWNANXX:2:2205:5412:6467_1:104230244",5.8e-15
"18495","HISEQ13:138:C6FWNANXX:2:2212:12031:25547_1:114910359",5.8e-15
"18496","HISEQ13:138:C6FWNANXX:2:2114:11322:96433_1:95208246",5.8e-15
"18497","HISEQ13:138:C6FWNANXX:2:2202:11356:12805_1:100088687",5.8e-15
"18498","HISEQ13:138:C6FWNANXX:2:1204:14994:69975_1:30159300",5.8e-15
"18499","HISEQ13:138:C6FWNANXX:2:1207:8376:93962_1:34987972",5.8e-15
"18500","HISEQ13:138:C6FWNANXX:2:2301:5846:68377_1:123541263",5.8e-15
"18501","HISEQ13:138:C6FWNANXX:2:2312:6716:69111_1:139701056",5.8e-15
"18502","HISEQ13:138:C6FWNANXX:2:1206:13713:35638_1:32605255",5.8e-15
"18503","HISEQ13:138:C6FWNANXX:2:2313:7376:8570_1:140313424",5.8e-15
"18504","HISEQ13:138:C6FWNANXX:2:1205:5972:5825_1:30675534",5.8e-15
"18505","HISEQ13:138:C6FWNANXX:2:2208:4891:86677_1:109777028",5.9e-15
"18506","HISEQ13:138:C6FWNANXX:2:2315:4400:88366_1:144848458",5.9e-15
"18507","HISEQ13:138:C6FWNANXX:2:2204:21257:15133_1:102938998",5.9e-15
"18508","HISEQ13:138:C6FWNANXX:2:2314:9322:24340_1:142167417",5.9e-15
"18509","HISEQ13:138:C6FWNANXX:2:1112:12980:97672_1:18073877",5.9e-15
"18510","HISEQ13:138:C6FWNANXX:2:1315:5135:74837_1:72386306",5.9e-15
"18511","HISEQ13:138:C6FWNANXX:2:1201:2345:84342_1:26015177",5.9e-15
"18512","HISEQ13:138:C6FWNANXX:2:1216:16622:7211_1:47945846",5.9e-15
"18513","HISEQ13:138:C6FWNANXX:2:2315:2722:55250_1:144301825",5.9e-15
"18514","HISEQ13:138:C6FWNANXX:2:1204:14939:66399_1:30107020",5.9e-15
"18515","HISEQ13:138:C6FWNANXX:2:1310:9967:84266_1:64334879",5.9e-15
"18516","HISEQ13:138:C6FWNANXX:2:1315:18156:17943_1:71413014",5.9e-15
"18517","HISEQ13:138:C6FWNANXX:2:2308:12400:64603_1:133515970",5.9e-15
"18518","HISEQ13:138:C6FWNANXX:2:2315:1461:20865_1:143734793",5.9e-15
"18519","HISEQ13:138:C6FWNANXX:2:1306:2273:28533_1:57306784",6e-15
"18520","HISEQ13:138:C6FWNANXX:2:1309:13997:18190_1:61723618",6e-15
"18521","HISEQ13:138:C6FWNANXX:2:1316:21358:34024_1:73399456",6e-15
"18522","HISEQ13:138:C6FWNANXX:2:2114:11146:41063_1:94309908",6e-15
"18523","HISEQ13:138:C6FWNANXX:2:2310:19684:58652_1:136445076",6e-15
"18524","HISEQ13:138:C6FWNANXX:2:2315:18578:60734_1:144395735",6e-15
"18525","HISEQ13:138:C6FWNANXX:2:1209:13776:11182_1:36763331",6e-15
"18526","HISEQ13:138:C6FWNANXX:2:1306:7867:75356_1:58021951",6e-15
"18527","HISEQ13:138:C6FWNANXX:2:2210:13953:24626_1:111838033",6e-15
"18528","HISEQ13:138:C6FWNANXX:2:2212:3295:68159_1:115579787",6e-15
"18529","HISEQ13:138:C6FWNANXX:2:1305:8505:60440_1:56290706",6e-15
"18530","HISEQ13:138:C6FWNANXX:2:2215:2744:11913_1:119466158",6e-15
"18531","HISEQ13:138:C6FWNANXX:2:2310:7951:15823_1:135782383",6e-15
"18532","HISEQ13:138:C6FWNANXX:2:2311:17056:53074_1:137887642",6e-15
"18533","HISEQ13:138:C6FWNANXX:2:1208:13444:8989_1:35200399",6e-15
"18534","HISEQ13:138:C6FWNANXX:2:2113:5541:77789_1:93307561",6e-15
"18535","HISEQ13:138:C6FWNANXX:2:1113:9107:51299_1:18939285",6e-15
"18536","HISEQ13:138:C6FWNANXX:2:1207:18698:43491_1:34220324",6e-15
"18537","HISEQ13:138:C6FWNANXX:2:1215:19528:57963_1:47125895",6.1e-15
"18538","HISEQ13:138:C6FWNANXX:2:1303:13066:49116_1:53174216",6.1e-15
"18539","HISEQ13:138:C6FWNANXX:2:2115:13471:14786_1:95491784",6.1e-15
"18540","HISEQ13:138:C6FWNANXX:2:2213:9679:71746_1:117220475",6.1e-15
"18541","HISEQ13:138:C6FWNANXX:2:1206:14425:85038_1:33354157",6.1e-15
"18542","HISEQ13:138:C6FWNANXX:2:2103:3521:40677_1:77925342",6.1e-15
"18543","HISEQ13:138:C6FWNANXX:2:2203:7710:32392_1:101774918",6.1e-15
"18544","HISEQ13:138:C6FWNANXX:2:1108:8375:33569_1:10862187",6.1e-15
"18545","HISEQ13:138:C6FWNANXX:2:1114:14340:83387_1:21130235",6.1e-15
"18546","HISEQ13:138:C6FWNANXX:2:1211:11079:67397_1:40765518",6.1e-15
"18547","HISEQ13:138:C6FWNANXX:2:1115:12322:96375_1:23026517",6.1e-15
"18548","HISEQ13:138:C6FWNANXX:2:2312:18049:70594_1:139727737",6.1e-15
"18549","HISEQ13:138:C6FWNANXX:2:2301:11793:12647_1:122755944",6.1e-15
"18550","HISEQ13:138:C6FWNANXX:2:2312:14322:73478_1:139771097",6.2e-15
"18551","HISEQ13:138:C6FWNANXX:2:2309:12474:19740_1:134331629",6.2e-15
"18552","HISEQ13:138:C6FWNANXX:2:2109:12170:63716_1:86995067",6.2e-15
"18553","HISEQ13:138:C6FWNANXX:2:1214:20253:40231_1:45157993",6.2e-15
"18554","HISEQ13:138:C6FWNANXX:2:1113:9778:45229_1:18835945",6.2e-15
"18555","HISEQ13:138:C6FWNANXX:2:1315:4906:23816_1:71511413",6.2e-15
"18556","HISEQ13:138:C6FWNANXX:2:1303:10704:84782_1:53701672",6.2e-15
"18557","HISEQ13:138:C6FWNANXX:2:2303:17913:6005_1:125457817",6.2e-15
"18558","HISEQ13:138:C6FWNANXX:2:1109:18870:95665_1:13392662",6.2e-15
"18559","HISEQ13:138:C6FWNANXX:2:2206:18341:87783_1:106859223",6.2e-15
"18560","HISEQ13:138:C6FWNANXX:2:1208:15978:21537_1:35396608",6.2e-15
"18561","HISEQ13:138:C6FWNANXX:2:2211:15769:11324_1:113146399",6.2e-15
"18562","HISEQ13:138:C6FWNANXX:2:2211:15791:7420_1:113084595",6.2e-15
"18563","HISEQ13:138:C6FWNANXX:2:2310:15771:29229_1:135989558",6.2e-15
"18564","HISEQ13:138:C6FWNANXX:2:2107:4541:46253_1:83753498",6.2e-15
"18565","HISEQ13:138:C6FWNANXX:2:1102:8205:16760_1:1682335",6.2e-15
"18566","HISEQ13:138:C6FWNANXX:2:1306:15456:48920_1:57617976",6.2e-15
"18567","HISEQ13:138:C6FWNANXX:2:2314:5253:57058_1:142705734",6.2e-15
"18568","HISEQ13:138:C6FWNANXX:2:1209:5149:84565_1:37907718",6.2e-15
"18569","HISEQ13:138:C6FWNANXX:2:1316:6231:10079_1:72979624",6.2e-15
"18570","HISEQ13:138:C6FWNANXX:2:2116:2958:38131_1:97491110",6.2e-15
"18571","HISEQ13:138:C6FWNANXX:2:2206:8441:31653_1:106031357",6.2e-15
"18572","HISEQ13:138:C6FWNANXX:2:2207:7771:77915_1:108167380",6.2e-15
"18573","HISEQ13:138:C6FWNANXX:2:1110:15598:58522_1:14369816",6.3e-15
"18574","HISEQ13:138:C6FWNANXX:2:1211:6673:37366_1:40281276",6.3e-15
"18575","HISEQ13:138:C6FWNANXX:2:2303:5861:3204_1:125412736",6.3e-15
"18576","HISEQ13:138:C6FWNANXX:2:2311:15034:97469_1:138586805",6.3e-15
"18577","HISEQ13:138:C6FWNANXX:2:2312:5890:30708_1:139092299",6.3e-15
"18578","HISEQ13:138:C6FWNANXX:2:2316:19077:88529_1:146522419",6.3e-15
"18579","HISEQ13:138:C6FWNANXX:2:1104:8549:81393_1:5569874",6.3e-15
"18580","HISEQ13:138:C6FWNANXX:2:2309:15523:9659_1:134179639",6.3e-15
"18581","HISEQ13:138:C6FWNANXX:2:2109:6979:16488_1:86275480",6.3e-15
"18582","HISEQ13:138:C6FWNANXX:2:1209:2141:16478_1:36842869",6.3e-15
"18583","HISEQ13:138:C6FWNANXX:2:1308:15889:12185_1:60087505",6.3e-15
"18584","HISEQ13:138:C6FWNANXX:2:1112:14712:21869_1:16842497",6.3e-15
"18585","HISEQ13:138:C6FWNANXX:2:1115:18992:89615_1:22911909",6.3e-15
"18586","HISEQ13:138:C6FWNANXX:2:2303:16425:4903_1:125439688",6.3e-15
"18587","HISEQ13:138:C6FWNANXX:2:2308:15486:77606_1:133713052",6.3e-15
"18588","HISEQ13:138:C6FWNANXX:2:1213:6629:76123_1:44106069",6.3e-15
"18589","HISEQ13:138:C6FWNANXX:2:2105:7083:7196_1:80279687",6.3e-15
"18590","HISEQ13:138:C6FWNANXX:2:1113:20809:94329_1:19656463",6.3e-15
"18591","HISEQ13:138:C6FWNANXX:2:2314:4725:56377_1:142693171",6.3e-15
"18592","HISEQ13:138:C6FWNANXX:2:1201:11189:65628_1:25741069",6.3e-15
"18593","HISEQ13:138:C6FWNANXX:2:1113:2563:66778_1:19194224",6.3e-15
"18594","HISEQ13:138:C6FWNANXX:2:1105:7377:81237_1:7050437",6.3e-15
"18595","HISEQ13:138:C6FWNANXX:2:2311:18792:14985_1:137289916",6.3e-15
"18596","HISEQ13:138:C6FWNANXX:2:1304:18448:39525_1:54499225",6.3e-15
"18597","HISEQ13:138:C6FWNANXX:2:2115:7770:60011_1:96225824",6.3e-15
"18598","HISEQ13:138:C6FWNANXX:2:2204:13849:76074_1:103813882",6.3e-15
"18599","HISEQ13:138:C6FWNANXX:2:2304:7922:72566_1:127812704",6.3e-15
"18600","HISEQ13:138:C6FWNANXX:2:1115:13324:41333_1:22092220",6.3e-15
"18601","HISEQ13:138:C6FWNANXX:2:1304:17112:8023_1:54031076",6.3e-15
"18602","HISEQ13:138:C6FWNANXX:2:1314:8270:78912_1:70768001",6.3e-15
"18603","HISEQ13:138:C6FWNANXX:2:2110:10558:56255_1:88391801",6.3e-15
"18604","HISEQ13:138:C6FWNANXX:2:2212:20951:51981_1:115326568",6.3e-15
"18605","HISEQ13:138:C6FWNANXX:2:2301:17041:25948_1:122944237",6.3e-15
"18606","HISEQ13:138:C6FWNANXX:2:2311:17823:9389_1:137203571",6.3e-15
"18607","HISEQ13:138:C6FWNANXX:2:1209:2391:63054_1:37570594",6.4e-15
"18608","HISEQ13:138:C6FWNANXX:2:2116:6684:50728_1:97698165",6.4e-15
"18609","HISEQ13:138:C6FWNANXX:2:2210:17784:44929_1:112147183",6.4e-15
"18610","HISEQ13:138:C6FWNANXX:2:1202:11779:77859_1:27373051",6.4e-15
"18611","HISEQ13:138:C6FWNANXX:2:2304:18614:2142_1:126802944",6.4e-15
"18612","HISEQ13:138:C6FWNANXX:2:1107:7331:16504_1:9081845",6.4e-15
"18613","HISEQ13:138:C6FWNANXX:2:1216:18035:87503_1:49342134",6.4e-15
"18614","HISEQ13:138:C6FWNANXX:2:1116:18991:89234_1:24604544",6.4e-15
"18615","HISEQ13:138:C6FWNANXX:2:1216:5330:53433_1:48742333",6.4e-15
"18616","HISEQ13:138:C6FWNANXX:2:2101:19557:4168_1:74593195",6.4e-15
"18617","HISEQ13:138:C6FWNANXX:2:2112:1561:81878_1:91796353",6.4e-15
"18618","HISEQ13:138:C6FWNANXX:2:2207:19342:83676_1:108255568",6.4e-15
"18619","HISEQ13:138:C6FWNANXX:2:2211:20415:3653_1:113027244",6.4e-15
"18620","HISEQ13:138:C6FWNANXX:2:1104:7828:42754_1:4995422",6.4e-15
"18621","HISEQ13:138:C6FWNANXX:2:1212:17045:12248_1:41453178",6.4e-15
"18622","HISEQ13:138:C6FWNANXX:2:1314:18634:26781_1:69886521",6.4e-15
"18623","HISEQ13:138:C6FWNANXX:2:1101:4070:63904_1:915078",6.4e-15
"18624","HISEQ13:138:C6FWNANXX:2:1105:8208:43333_1:6484322",6.4e-15
"18625","HISEQ13:138:C6FWNANXX:2:1213:3010:28275_1:43314795",6.4e-15
"18626","HISEQ13:138:C6FWNANXX:2:1106:2464:70041_1:8387736",6.5e-15
"18627","HISEQ13:138:C6FWNANXX:2:2303:14442:39647_1:125933009",6.5e-15
"18628","HISEQ13:138:C6FWNANXX:2:1216:7660:16261_1:48103805",6.5e-15
"18629","HISEQ13:138:C6FWNANXX:2:2103:9101:23412_1:77679767",6.5e-15
"18630","HISEQ13:138:C6FWNANXX:2:1306:12342:37252_1:57441742",6.5e-15
"18631","HISEQ13:138:C6FWNANXX:2:1314:14707:18922_1:69749356",6.5e-15
"18632","HISEQ13:138:C6FWNANXX:2:2215:12211:6451_1:119377925",6.5e-15
"18633","HISEQ13:138:C6FWNANXX:2:1308:17645:45227_1:60598558",6.5e-15
"18634","HISEQ13:138:C6FWNANXX:2:2110:16832:86642_1:88853008",6.5e-15
"18635","HISEQ13:138:C6FWNANXX:2:1101:15405:34529_1:484262",6.5e-15
"18636","HISEQ13:138:C6FWNANXX:2:1201:11814:40423_1:25370119",6.5e-15
"18637","HISEQ13:138:C6FWNANXX:2:1211:13904:22707_1:40045013",6.5e-15
"18638","HISEQ13:138:C6FWNANXX:2:1211:3102:40989_1:40336280",6.5e-15
"18639","HISEQ13:138:C6FWNANXX:2:1201:4967:88529_1:26077709",6.5e-15
"18640","HISEQ13:138:C6FWNANXX:2:1109:15605:46915_1:12619874",6.5e-15
"18641","HISEQ13:138:C6FWNANXX:2:2214:19314:43900_1:118374990",6.5e-15
"18642","HISEQ13:138:C6FWNANXX:2:2201:11811:38112_1:99041016",6.5e-15
"18643","HISEQ13:138:C6FWNANXX:2:2108:16637:53322_1:85340652",6.5e-15
"18644","HISEQ13:138:C6FWNANXX:2:2206:15846:31809_1:106036540",6.5e-15
"18645","HISEQ13:138:C6FWNANXX:2:1211:16915:80671_1:40979189",6.5e-15
"18646","HISEQ13:138:C6FWNANXX:2:2315:10963:74035_1:144614422",6.5e-15
"18647","HISEQ13:138:C6FWNANXX:2:2108:16374:54575_1:85359305",6.6e-15
"18648","HISEQ13:138:C6FWNANXX:2:2214:14807:33520_1:118207211",6.6e-15
"18649","HISEQ13:138:C6FWNANXX:2:2309:8371:15581_1:134269839",6.6e-15
"18650","HISEQ13:138:C6FWNANXX:2:1212:7792:22275_1:41602467",6.6e-15
"18651","HISEQ13:138:C6FWNANXX:2:2107:7401:30734_1:83520638",6.6e-15
"18652","HISEQ13:138:C6FWNANXX:2:1303:12744:80857_1:53642626",6.6e-15
"18653","HISEQ13:138:C6FWNANXX:2:2107:15595:84595_1:84325763",6.6e-15
"18654","HISEQ13:138:C6FWNANXX:2:1107:14238:71521_1:9925182",6.6e-15
"18655","HISEQ13:138:C6FWNANXX:2:1301:13370:93145_1:50908981",6.6e-15
"18656","HISEQ13:138:C6FWNANXX:2:1309:19545:25536_1:61842822",6.6e-15
"18657","HISEQ13:138:C6FWNANXX:2:1109:2158:16413_1:12137576",6.6e-15
"18658","HISEQ13:138:C6FWNANXX:2:1209:9537:40835_1:37223766",6.6e-15
"18659","HISEQ13:138:C6FWNANXX:2:2114:4195:8940_1:93787134",6.6e-15
"18660","HISEQ13:138:C6FWNANXX:2:2209:2847:66085_1:110963212",6.6e-15
"18661","HISEQ13:138:C6FWNANXX:2:1307:15382:95907_1:59854042",6.6e-15
"18662","HISEQ13:138:C6FWNANXX:2:1205:18606:38427_1:31162988",6.6e-15
"18663","HISEQ13:138:C6FWNANXX:2:1301:17119:37311_1:50091120",6.6e-15
"18664","HISEQ13:138:C6FWNANXX:2:2203:2812:60376_1:102173607",6.6e-15
"18665","HISEQ13:138:C6FWNANXX:2:2207:10299:74556_1:108119661",6.6e-15
"18666","HISEQ13:138:C6FWNANXX:2:1314:18903:49728_1:70273200",6.6e-15
"18667","HISEQ13:138:C6FWNANXX:2:1201:10489:16612_1:25019850",6.6e-15
"18668","HISEQ13:138:C6FWNANXX:2:1201:15542:95246_1:26176058",6.6e-15
"18669","HISEQ13:138:C6FWNANXX:2:2206:17896:3907_1:105628311",6.6e-15
"18670","HISEQ13:138:C6FWNANXX:2:1214:14137:29504_1:44979685",6.6e-15
"18671","HISEQ13:138:C6FWNANXX:2:1312:4104:53718_1:67038917",6.6e-15
"18672","HISEQ13:138:C6FWNANXX:2:1313:8893:86702_1:69225810",6.6e-15
"18673","HISEQ13:138:C6FWNANXX:2:2104:11532:30938_1:79198886",6.6e-15
"18674","HISEQ13:138:C6FWNANXX:2:2112:12255:56928_1:91401924",6.6e-15
"18675","HISEQ13:138:C6FWNANXX:2:2110:10894:92044_1:88935636",6.7e-15
"18676","HISEQ13:138:C6FWNANXX:2:2111:13341:25236_1:89426100",6.7e-15
"18677","HISEQ13:138:C6FWNANXX:2:2305:9111:58661_1:129040103",6.7e-15
"18678","HISEQ13:138:C6FWNANXX:2:1312:18628:83060_1:67527588",6.7e-15
"18679","HISEQ13:138:C6FWNANXX:2:2205:9799:63674_1:105059400",6.7e-15
"18680","HISEQ13:138:C6FWNANXX:2:1102:9190:89440_1:2751579",6.7e-15
"18681","HISEQ13:138:C6FWNANXX:2:1311:11969:65986_1:65626004",6.7e-15
"18682","HISEQ13:138:C6FWNANXX:2:2101:9638:71752_1:75557545",6.7e-15
"18683","HISEQ13:138:C6FWNANXX:2:1314:18564:78987_1:70770177",6.7e-15
"18684","HISEQ13:138:C6FWNANXX:2:2309:7043:57400_1:134903619",6.7e-15
"18685","HISEQ13:138:C6FWNANXX:2:2314:2870:46380_1:142527648",6.7e-15
"18686","HISEQ13:138:C6FWNANXX:2:1209:19829:25770_1:36993292",6.7e-15
"18687","HISEQ13:138:C6FWNANXX:2:1314:4721:80063_1:70788513",6.7e-15
"18688","HISEQ13:138:C6FWNANXX:2:2107:8386:82308_1:84289927",6.7e-15
"18689","HISEQ13:138:C6FWNANXX:2:2207:2057:43799_1:107662777",6.7e-15
"18690","HISEQ13:138:C6FWNANXX:2:1108:21271:34712_1:10880258",6.8e-15
"18691","HISEQ13:138:C6FWNANXX:2:2213:18311:41647_1:116738685",6.8e-15
"18692","HISEQ13:138:C6FWNANXX:2:1308:12697:62475_1:60866730",6.8e-15
"18693","HISEQ13:138:C6FWNANXX:2:2115:14883:66282_1:96329323",6.8e-15
"18694","HISEQ13:138:C6FWNANXX:2:2209:14080:63483_1:110923475",6.8e-15
"18695","HISEQ13:138:C6FWNANXX:2:1110:19025:99077_1:15006509",6.8e-15
"18696","HISEQ13:138:C6FWNANXX:2:2113:3670:50761_1:92874174",6.8e-15
"18697","HISEQ13:138:C6FWNANXX:2:1312:9564:66977_1:67257534",6.8e-15
"18698","HISEQ13:138:C6FWNANXX:2:1313:12197:46524_1:68557279",6.8e-15
"18699","HISEQ13:138:C6FWNANXX:2:2103:15309:92164_1:78658099",6.8e-15
"18700","HISEQ13:138:C6FWNANXX:2:2207:11654:53599_1:107808104",6.8e-15
"18701","HISEQ13:138:C6FWNANXX:2:2303:15336:31154_1:125812681",6.8e-15
"18702","HISEQ13:138:C6FWNANXX:2:2310:7599:88934_1:136904438",6.8e-15
"18703","HISEQ13:138:C6FWNANXX:2:2215:9915:65503_1:120354122",6.8e-15
"18704","HISEQ13:138:C6FWNANXX:2:1212:9143:22765_1:41610512",6.8e-15
"18705","HISEQ13:138:C6FWNANXX:2:1212:2978:43544_1:41946067",6.8e-15
"18706","HISEQ13:138:C6FWNANXX:2:2216:1431:39623_1:121566601",6.8e-15
"18707","HISEQ13:138:C6FWNANXX:2:1313:12272:56006_1:68715520",6.9e-15
"18708","HISEQ13:138:C6FWNANXX:2:1214:10581:80797_1:45840982",6.9e-15
"18709","HISEQ13:138:C6FWNANXX:2:1310:3130:80415_1:64270424",6.9e-15
"18710","HISEQ13:138:C6FWNANXX:2:1107:18891:82678_1:10094641",6.9e-15
"18711","HISEQ13:138:C6FWNANXX:2:1204:5544:42217_1:29744691",6.9e-15
"18712","HISEQ13:138:C6FWNANXX:2:1306:15944:14931_1:57099528",6.9e-15
"18713","HISEQ13:138:C6FWNANXX:2:2314:4661:30621_1:142268145",6.9e-15
"18714","HISEQ13:138:C6FWNANXX:2:1104:21336:94761_1:5774890",6.9e-15
"18715","HISEQ13:138:C6FWNANXX:2:2313:20830:4804_1:140256233",6.9e-15
"18716","HISEQ13:138:C6FWNANXX:2:1316:8034:96879_1:74492676",6.9e-15
"18717","HISEQ13:138:C6FWNANXX:2:2306:10174:23104_1:129962733",6.9e-15
"18718","HISEQ13:138:C6FWNANXX:2:1108:18920:28663_1:10787158",6.9e-15
"18719","HISEQ13:138:C6FWNANXX:2:2215:13222:38384_1:119905048",6.9e-15
"18720","HISEQ13:138:C6FWNANXX:2:1202:7138:75368_1:27335438",6.9e-15
"18721","HISEQ13:138:C6FWNANXX:2:1106:15669:96534_1:8793176",6.9e-15
"18722","HISEQ13:138:C6FWNANXX:2:1210:8210:86724_1:39489944",6.9e-15
"18723","HISEQ13:138:C6FWNANXX:2:1214:2186:80627_1:45834854",6.9e-15
"18724","HISEQ13:138:C6FWNANXX:2:2212:12714:99384_1:116081209",6.9e-15
"18725","HISEQ13:138:C6FWNANXX:2:2303:14901:53300_1:126128520",6.9e-15
"18726","HISEQ13:138:C6FWNANXX:2:1107:6691:20328_1:9139285",7e-15
"18727","HISEQ13:138:C6FWNANXX:2:1215:10341:69146_1:47315045",7e-15
"18728","HISEQ13:138:C6FWNANXX:2:1309:16453:9157_1:61583065",7e-15
"18729","HISEQ13:138:C6FWNANXX:2:2109:18773:37622_1:86599636",7e-15
"18730","HISEQ13:138:C6FWNANXX:2:2111:20901:60991_1:89990705",7e-15
"18731","HISEQ13:138:C6FWNANXX:2:2305:10471:95992_1:129581519",7e-15
"18732","HISEQ13:138:C6FWNANXX:2:2115:20187:76556_1:96496964",7e-15
"18733","HISEQ13:138:C6FWNANXX:2:1202:13490:31600_1:26695350",7e-15
"18734","HISEQ13:138:C6FWNANXX:2:2202:4049:3796_1:99958873",7e-15
"18735","HISEQ13:138:C6FWNANXX:2:2107:19756:60479_1:83964473",7e-15
"18736","HISEQ13:138:C6FWNANXX:2:2304:16773:15842_1:127000584",7e-15
"18737","HISEQ13:138:C6FWNANXX:2:2311:13398:92309_1:138507563",7e-15
"18738","HISEQ13:138:C6FWNANXX:2:1113:5919:47972_1:18880065",7e-15
"18739","HISEQ13:138:C6FWNANXX:2:2316:9267:29715_1:145523729",7e-15
"18740","HISEQ13:138:C6FWNANXX:2:2215:18100:14697_1:119515071",7e-15
"18741","HISEQ13:138:C6FWNANXX:2:1104:6869:12663_1:4544458",7e-15
"18742","HISEQ13:138:C6FWNANXX:2:1104:8033:19165_1:4641435",7e-15
"18743","HISEQ13:138:C6FWNANXX:2:1201:7770:50501_1:25519313",7e-15
"18744","HISEQ13:138:C6FWNANXX:2:2208:5980:91590_1:109852252",7e-15
"18745","HISEQ13:138:C6FWNANXX:2:2307:14402:81249_1:132280486",7e-15
"18746","HISEQ13:138:C6FWNANXX:2:2309:7130:63846_1:135003926",7e-15
"18747","HISEQ13:138:C6FWNANXX:2:1116:9031:64461_1:24174011",7e-15
"18748","HISEQ13:138:C6FWNANXX:2:2109:16958:67285_1:87053334",7e-15
"18749","HISEQ13:138:C6FWNANXX:2:2208:19512:42552_1:109116676",7e-15
"18750","HISEQ13:138:C6FWNANXX:2:2311:16823:34634_1:137598367",7e-15
"18751","HISEQ13:138:C6FWNANXX:2:1313:5957:74149_1:69015919",7e-15
"18752","HISEQ13:138:C6FWNANXX:2:1207:11719:44596_1:34237654",7e-15
"18753","HISEQ13:138:C6FWNANXX:2:1315:10041:53922_1:72026423",7.1e-15
"18754","HISEQ13:138:C6FWNANXX:2:2316:19425:52337_1:145909764",7.1e-15
"18755","HISEQ13:138:C6FWNANXX:2:1209:13061:83305_1:37889570",7.1e-15
"18756","HISEQ13:138:C6FWNANXX:2:2111:5778:42366_1:89692755",7.1e-15
"18757","HISEQ13:138:C6FWNANXX:2:2212:10992:91485_1:115953462",7.1e-15
"18758","HISEQ13:138:C6FWNANXX:2:2113:2276:12177_1:92258132",7.1e-15
"18759","HISEQ13:138:C6FWNANXX:2:2207:14091:4092_1:107080945",7.1e-15
"18760","HISEQ13:138:C6FWNANXX:2:2202:3769:8928_1:100030588",7.1e-15
"18761","HISEQ13:138:C6FWNANXX:2:2308:4553:15669_1:132776171",7.1e-15
"18762","HISEQ13:138:C6FWNANXX:2:2212:3194:46375_1:115236441",7.1e-15
"18763","HISEQ13:138:C6FWNANXX:2:2301:17483:77968_1:123677188",7.1e-15
"18764","HISEQ13:138:C6FWNANXX:2:1309:18201:64928_1:62463075",7.1e-15
"18765","HISEQ13:138:C6FWNANXX:2:2109:17830:11246_1:86197120",7.1e-15
"18766","HISEQ13:138:C6FWNANXX:2:1208:19369:93586_1:36509628",7.1e-15
"18767","HISEQ13:138:C6FWNANXX:2:1109:20230:94418_1:13373003",7.1e-15
"18768","HISEQ13:138:C6FWNANXX:2:2211:2859:92945_1:114419197",7.1e-15
"18769","HISEQ13:138:C6FWNANXX:2:1104:17346:31482_1:4826405",7.2e-15
"18770","HISEQ13:138:C6FWNANXX:2:1204:17647:3369_1:29188843",7.2e-15
"18771","HISEQ13:138:C6FWNANXX:2:2105:17780:77698_1:81303033",7.2e-15
"18772","HISEQ13:138:C6FWNANXX:2:2209:2038:62392_1:110905884",7.2e-15
"18773","HISEQ13:138:C6FWNANXX:2:1202:5214:13064_1:26421701",7.2e-15
"18774","HISEQ13:138:C6FWNANXX:2:1304:7681:8847_1:54040864",7.2e-15
"18775","HISEQ13:138:C6FWNANXX:2:1207:9351:29314_1:34006862",7.2e-15
"18776","HISEQ13:138:C6FWNANXX:2:1114:6187:24258_1:20137854",7.2e-15
"18777","HISEQ13:138:C6FWNANXX:2:2210:6199:59423_1:112367415",7.2e-15
"18778","HISEQ13:138:C6FWNANXX:2:1108:9701:47996_1:11084386",7.2e-15
"18779","HISEQ13:138:C6FWNANXX:2:1101:20514:61907_1:888552",7.2e-15
"18780","HISEQ13:138:C6FWNANXX:2:1201:4235:97659_1:26210526",7.2e-15
"18781","HISEQ13:138:C6FWNANXX:2:1213:7308:80689_1:44180648",7.2e-15
"18782","HISEQ13:138:C6FWNANXX:2:1301:16385:35649_1:50065064",7.2e-15
"18783","HISEQ13:138:C6FWNANXX:2:1314:19688:54422_1:70353636",7.2e-15
"18784","HISEQ13:138:C6FWNANXX:2:2312:18933:40187_1:139244370",7.2e-15
"18785","HISEQ13:138:C6FWNANXX:2:1313:20236:10847_1:67966560",7.2e-15
"18786","HISEQ13:138:C6FWNANXX:2:2316:4546:59305_1:146025327",7.2e-15
"18787","HISEQ13:138:C6FWNANXX:2:2308:21002:55100_1:133374495",7.2e-15
"18788","HISEQ13:138:C6FWNANXX:2:2311:13984:59878_1:137992973",7.2e-15
"18789","HISEQ13:138:C6FWNANXX:2:1201:4021:34968_1:25287267",7.2e-15
"18790","HISEQ13:138:C6FWNANXX:2:1303:3822:64006_1:53394476",7.2e-15
"18791","HISEQ13:138:C6FWNANXX:2:2314:7348:32683_1:142301904",7.2e-15
"18792","HISEQ13:138:C6FWNANXX:2:2315:21065:57319_1:144342804",7.2e-15
"18793","HISEQ13:138:C6FWNANXX:2:1106:17948:84774_1:8614766",7.3e-15
"18794","HISEQ13:138:C6FWNANXX:2:1214:6189:36078_1:45087519",7.3e-15
"18795","HISEQ13:138:C6FWNANXX:2:2108:14725:93005_1:85941253",7.3e-15
"18796","HISEQ13:138:C6FWNANXX:2:2113:3670:50761_1:92874173",7.3e-15
"18797","HISEQ13:138:C6FWNANXX:2:2302:9296:78098_1:125076108",7.3e-15
"18798","HISEQ13:138:C6FWNANXX:2:2111:3307:96609_1:90595059",7.3e-15
"18799","HISEQ13:138:C6FWNANXX:2:2215:3095:87497_1:120712721",7.3e-15
"18800","HISEQ13:138:C6FWNANXX:2:1105:20075:75679_1:6969774",7.3e-15
"18801","HISEQ13:138:C6FWNANXX:2:1107:3696:31413_1:9306009",7.3e-15
"18802","HISEQ13:138:C6FWNANXX:2:2105:20332:49663_1:80899117",7.3e-15
"18803","HISEQ13:138:C6FWNANXX:2:2214:20904:74732_1:118880056",7.3e-15
"18804","HISEQ13:138:C6FWNANXX:2:2307:12018:23804_1:131429990",7.3e-15
"18805","HISEQ13:138:C6FWNANXX:2:2315:3305:91976_1:144906404",7.3e-15
"18806","HISEQ13:138:C6FWNANXX:2:1302:3880:38986_1:51562323",7.3e-15
"18807","HISEQ13:138:C6FWNANXX:2:1314:2760:12151_1:69632693",7.3e-15
"18808","HISEQ13:138:C6FWNANXX:2:2116:6789:99548_1:98503701",7.3e-15
"18809","HISEQ13:138:C6FWNANXX:2:1303:19153:6388_1:52542344",7.4e-15
"18810","HISEQ13:138:C6FWNANXX:2:2307:11938:83936_1:132320993",7.4e-15
"18811","HISEQ13:138:C6FWNANXX:2:2106:7621:25475_1:81983786",7.4e-15
"18812","HISEQ13:138:C6FWNANXX:2:2316:11904:73953_1:146271475",7.4e-15
"18813","HISEQ13:138:C6FWNANXX:2:2111:3211:80007_1:90308051",7.4e-15
"18814","HISEQ13:138:C6FWNANXX:2:2104:5672:23467_1:79089607",7.4e-15
"18815","HISEQ13:138:C6FWNANXX:2:2309:7228:37016_1:134596071",7.4e-15
"18816","HISEQ13:138:C6FWNANXX:2:1205:2860:31113_1:31052220",7.4e-15
"18817","HISEQ13:138:C6FWNANXX:2:1303:2507:2282_1:52480696",7.4e-15
"18818","HISEQ13:138:C6FWNANXX:2:1105:11526:80018_1:7036154",7.4e-15
"18819","HISEQ13:138:C6FWNANXX:2:1305:11281:22171_1:55717624",7.4e-15
"18820","HISEQ13:138:C6FWNANXX:2:2202:8239:46846_1:100570713",7.4e-15
"18821","HISEQ13:138:C6FWNANXX:2:1112:8732:51373_1:17317401",7.4e-15
"18822","HISEQ13:138:C6FWNANXX:2:1115:15868:50172_1:22240191",7.5e-15
"18823","HISEQ13:138:C6FWNANXX:2:2103:17085:66025_1:78288853",7.5e-15
"18824","HISEQ13:138:C6FWNANXX:2:2106:13906:58190_1:82467226",7.5e-15
"18825","HISEQ13:138:C6FWNANXX:2:2106:9801:78766_1:82771908",7.5e-15
"18826","HISEQ13:138:C6FWNANXX:2:1111:7897:22985_1:15365475",7.5e-15
"18827","HISEQ13:138:C6FWNANXX:2:1210:4817:28141_1:38573719",7.5e-15
"18828","HISEQ13:138:C6FWNANXX:2:2204:2174:19410_1:102997149",7.5e-15
"18829","HISEQ13:138:C6FWNANXX:2:1301:12464:12178_1:49718391",7.5e-15
"18830","HISEQ13:138:C6FWNANXX:2:2101:4888:10148_1:74676438",7.5e-15
"18831","HISEQ13:138:C6FWNANXX:2:1108:14340:60868_1:11287951",7.5e-15
"18832","HISEQ13:138:C6FWNANXX:2:1115:21238:25226_1:21819029",7.5e-15
"18833","HISEQ13:138:C6FWNANXX:2:1216:16622:7211_1:47945845",7.5e-15
"18834","HISEQ13:138:C6FWNANXX:2:1311:2704:92729_1:66062292",7.5e-15
"18835","HISEQ13:138:C6FWNANXX:2:2308:4488:94617_1:133968399",7.5e-15
"18836","HISEQ13:138:C6FWNANXX:2:1205:19063:2142_1:30621894",7.5e-15
"18837","HISEQ13:138:C6FWNANXX:2:1303:10388:25688_1:52825887",7.5e-15
"18838","HISEQ13:138:C6FWNANXX:2:2110:20020:33219_1:88037605",7.5e-15
"18839","HISEQ13:138:C6FWNANXX:2:2313:11027:74918_1:141384373",7.5e-15
"18840","HISEQ13:138:C6FWNANXX:2:1201:16717:7567_1:24888295",7.5e-15
"18841","HISEQ13:138:C6FWNANXX:2:1302:1709:61559_1:51896465",7.5e-15
"18842","HISEQ13:138:C6FWNANXX:2:2105:8812:82709_1:81374996",7.5e-15
"18843","HISEQ13:138:C6FWNANXX:2:2106:15210:28660_1:82032862",7.5e-15
"18844","HISEQ13:138:C6FWNANXX:2:2201:15752:71368_1:99515779",7.5e-15
"18845","HISEQ13:138:C6FWNANXX:2:2216:8149:60366_1:121919531",7.5e-15
"18846","HISEQ13:138:C6FWNANXX:2:1114:10239:26168_1:20167993",7.5e-15
"18847","HISEQ13:138:C6FWNANXX:2:1111:8991:45217_1:15720301",7.5e-15
"18848","HISEQ13:138:C6FWNANXX:2:1207:10031:6605_1:33662229",7.5e-15
"18849","HISEQ13:138:C6FWNANXX:2:1312:5894:23503_1:66550564",7.5e-15
"18850","HISEQ13:138:C6FWNANXX:2:1311:4102:91107_1:66037874",7.6e-15
"18851","HISEQ13:138:C6FWNANXX:2:1105:16650:44755_1:6508355",7.6e-15
"18852","HISEQ13:138:C6FWNANXX:2:2316:10969:12243_1:145228543",7.6e-15
"18853","HISEQ13:138:C6FWNANXX:2:1203:16635:31580_1:28148045",7.6e-15
"18854","HISEQ13:138:C6FWNANXX:2:2201:17859:56906_1:99308465",7.6e-15
"18855","HISEQ13:138:C6FWNANXX:2:2215:18712:54490_1:120169147",7.6e-15
"18856","HISEQ13:138:C6FWNANXX:2:1210:7241:88146_1:39513568",7.6e-15
"18857","HISEQ13:138:C6FWNANXX:2:2109:10081:36993_1:86586714",7.6e-15
"18858","HISEQ13:138:C6FWNANXX:2:1210:4144:82096_1:39418455",7.6e-15
"18859","HISEQ13:138:C6FWNANXX:2:2203:1659:67455_1:102273984",7.6e-15
"18860","HISEQ13:138:C6FWNANXX:2:2207:13911:68916_1:108035110",7.6e-15
"18861","HISEQ13:138:C6FWNANXX:2:1106:18386:99210_1:8831437",7.6e-15
"18862","HISEQ13:138:C6FWNANXX:2:1307:1471:69235_1:59440413",7.6e-15
"18863","HISEQ13:138:C6FWNANXX:2:1202:11413:63558_1:27163449",7.6e-15
"18864","HISEQ13:138:C6FWNANXX:2:2106:2365:94467_1:82997743",7.6e-15
"18865","HISEQ13:138:C6FWNANXX:2:2111:13695:86512_1:90421848",7.6e-15
"18866","HISEQ13:138:C6FWNANXX:2:2312:13501:77987_1:139842506",7.6e-15
"18867","HISEQ13:138:C6FWNANXX:2:1103:3580:2796_1:2933915",7.6e-15
"18868","HISEQ13:138:C6FWNANXX:2:1215:13415:17211_1:46433823",7.6e-15
"18869","HISEQ13:138:C6FWNANXX:2:2215:12674:30011_1:119769373",7.6e-15
"18870","HISEQ13:138:C6FWNANXX:2:2308:12329:81380_1:133769167",7.6e-15
"18871","HISEQ13:138:C6FWNANXX:2:2101:9020:14499_1:74737719",7.6e-15
"18872","HISEQ13:138:C6FWNANXX:2:2208:3167:92666_1:109866816",7.6e-15
"18873","HISEQ13:138:C6FWNANXX:2:2210:10252:59289_1:112368197",7.6e-15
"18874","HISEQ13:138:C6FWNANXX:2:2211:9424:76405_1:114160933",7.6e-15
"18875","HISEQ13:138:C6FWNANXX:2:2214:1890:59332_1:118625452",7.6e-15
"18876","HISEQ13:138:C6FWNANXX:2:1302:17793:77264_1:52131553",7.6e-15
"18877","HISEQ13:138:C6FWNANXX:2:1102:9696:7129_1:1538396",7.6e-15
"18878","HISEQ13:138:C6FWNANXX:2:1107:18901:92887_1:10252331",7.7e-15
"18879","HISEQ13:138:C6FWNANXX:2:2103:7621:4539_1:77412826",7.7e-15
"18880","HISEQ13:138:C6FWNANXX:2:1208:12250:65829_1:36078142",7.7e-15
"18881","HISEQ13:138:C6FWNANXX:2:1102:15189:73287_1:2515855",7.7e-15
"18882","HISEQ13:138:C6FWNANXX:2:1304:20914:79656_1:55098657",7.7e-15
"18883","HISEQ13:138:C6FWNANXX:2:2314:9117:89790_1:143244743",7.7e-15
"18884","HISEQ13:138:C6FWNANXX:2:1108:3636:62293_1:11309058",7.7e-15
"18885","HISEQ13:138:C6FWNANXX:2:1302:16487:60431_1:51880737",7.7e-15
"18886","HISEQ13:138:C6FWNANXX:2:1303:20235:76606_1:53581161",7.7e-15
"18887","HISEQ13:138:C6FWNANXX:2:2313:20587:14153_1:140404079",7.7e-15
"18888","HISEQ13:138:C6FWNANXX:2:1304:11787:57475_1:54765398",7.7e-15
"18889","HISEQ13:138:C6FWNANXX:2:1305:2612:26263_1:55778784",7.7e-15
"18890","HISEQ13:138:C6FWNANXX:2:1305:6730:4585_1:55453808",7.7e-15
"18891","HISEQ13:138:C6FWNANXX:2:2208:19226:54521_1:109296571",7.7e-15
"18892","HISEQ13:138:C6FWNANXX:2:2313:13741:52005_1:141015901",7.7e-15
"18893","HISEQ13:138:C6FWNANXX:2:1314:11197:45155_1:70194858",7.7e-15
"18894","HISEQ13:138:C6FWNANXX:2:2110:6805:3870_1:87587620",7.7e-15
"18895","HISEQ13:138:C6FWNANXX:2:2313:20175:91032_1:141648910",7.7e-15
"18896","HISEQ13:138:C6FWNANXX:2:2304:5010:87086_1:128020250",7.7e-15
"18897","HISEQ13:138:C6FWNANXX:2:1309:16952:52804_1:62271883",7.7e-15
"18898","HISEQ13:138:C6FWNANXX:2:1210:15840:15995_1:38382282",7.8e-15
"18899","HISEQ13:138:C6FWNANXX:2:1212:10937:8807_1:41408639",7.8e-15
"18900","HISEQ13:138:C6FWNANXX:2:1309:14599:87166_1:62815055",7.8e-15
"18901","HISEQ13:138:C6FWNANXX:2:2106:14465:43020_1:82245287",7.8e-15
"18902","HISEQ13:138:C6FWNANXX:2:1202:10120:36358_1:26764017",7.8e-15
"18903","HISEQ13:138:C6FWNANXX:2:1211:2807:43768_1:40384415",7.8e-15
"18904","HISEQ13:138:C6FWNANXX:2:2202:13122:63399_1:100806193",7.8e-15
"18905","HISEQ13:138:C6FWNANXX:2:2210:17401:33274_1:111971744",7.8e-15
"18906","HISEQ13:138:C6FWNANXX:2:2211:4524:30216_1:113437083",7.8e-15
"18907","HISEQ13:138:C6FWNANXX:2:2116:16677:4963_1:96942857",7.8e-15
"18908","HISEQ13:138:C6FWNANXX:2:1103:4345:10282_1:3045472",7.8e-15
"18909","HISEQ13:138:C6FWNANXX:2:2204:14728:58628_1:103562945",7.8e-15
"18910","HISEQ13:138:C6FWNANXX:2:1213:7791:82621_1:44213591",7.8e-15
"18911","HISEQ13:138:C6FWNANXX:2:1115:13152:50006_1:22239537",7.8e-15
"18912","HISEQ13:138:C6FWNANXX:2:1206:2666:35116_1:32595555",7.8e-15
"18913","HISEQ13:138:C6FWNANXX:2:1216:2520:68240_1:48998356",7.8e-15
"18914","HISEQ13:138:C6FWNANXX:2:1313:17065:63211_1:68833200",7.8e-15
"18915","HISEQ13:138:C6FWNANXX:2:2212:9762:99472_1:116080666",7.8e-15
"18916","HISEQ13:138:C6FWNANXX:2:2212:17676:31324_1:115002203",7.8e-15
"18917","HISEQ13:138:C6FWNANXX:2:1116:8991:57698_1:24058498",7.8e-15
"18918","HISEQ13:138:C6FWNANXX:2:2211:2284:24163_1:113342310",7.8e-15
"18919","HISEQ13:138:C6FWNANXX:2:2215:18712:54490_1:120169148",7.8e-15
"18920","HISEQ13:138:C6FWNANXX:2:2315:16733:9062_1:143544025",7.9e-15
"18921","HISEQ13:138:C6FWNANXX:2:2211:16672:84363_1:114288228",7.9e-15
"18922","HISEQ13:138:C6FWNANXX:2:1109:12900:59156_1:12813694",7.9e-15
"18923","HISEQ13:138:C6FWNANXX:2:1113:19484:65995_1:19181243",7.9e-15
"18924","HISEQ13:138:C6FWNANXX:2:2115:11394:59936_1:96222509",7.9e-15
"18925","HISEQ13:138:C6FWNANXX:2:2206:5054:47021_1:106258604",7.9e-15
"18926","HISEQ13:138:C6FWNANXX:2:2306:9709:93619_1:130999882",7.9e-15
"18927","HISEQ13:138:C6FWNANXX:2:1313:7177:80993_1:69129168",7.9e-15
"18928","HISEQ13:138:C6FWNANXX:2:1102:12810:29539_1:1870946",7.9e-15
"18929","HISEQ13:138:C6FWNANXX:2:2302:10097:22716_1:124293240",7.9e-15
"18930","HISEQ13:138:C6FWNANXX:2:1212:6845:74551_1:42453274",7.9e-15
"18931","HISEQ13:138:C6FWNANXX:2:1109:5345:61068_1:12844264",7.9e-15
"18932","HISEQ13:138:C6FWNANXX:2:2209:11196:39325_1:110558206",7.9e-15
"18933","HISEQ13:138:C6FWNANXX:2:1210:14157:22894_1:38492646",7.9e-15
"18934","HISEQ13:138:C6FWNANXX:2:2214:2331:65995_1:118732436",7.9e-15
"18935","HISEQ13:138:C6FWNANXX:2:1211:15357:36874_1:40274947",8e-15
"18936","HISEQ13:138:C6FWNANXX:2:2208:14599:98752_1:109964277",8e-15
"18937","HISEQ13:138:C6FWNANXX:2:1311:9300:79657_1:65850430",8e-15
"18938","HISEQ13:138:C6FWNANXX:2:2206:6965:71398_1:106616230",8e-15
"18939","HISEQ13:138:C6FWNANXX:2:1202:12330:19414_1:26515189",8e-15
"18940","HISEQ13:138:C6FWNANXX:2:1304:17666:83036_1:55150789",8e-15
"18941","HISEQ13:138:C6FWNANXX:2:1307:11080:86026_1:59703897",8e-15
"18942","HISEQ13:138:C6FWNANXX:2:2104:9787:63953_1:79673390",8e-15
"18943","HISEQ13:138:C6FWNANXX:2:2312:3857:73206_1:139764921",8e-15
"18944","HISEQ13:138:C6FWNANXX:2:2313:5005:19748_1:140489076",8e-15
"18945","HISEQ13:138:C6FWNANXX:2:2105:18504:32191_1:80644504",8e-15
"18946","HISEQ13:138:C6FWNANXX:2:2109:12385:73271_1:87143274",8e-15
"18947","HISEQ13:138:C6FWNANXX:2:1316:21059:88148_1:74344376",8e-15
"18948","HISEQ13:138:C6FWNANXX:2:2212:6714:32946_1:115024191",8e-15
"18949","HISEQ13:138:C6FWNANXX:2:2301:4950:13324_1:122765287",8e-15
"18950","HISEQ13:138:C6FWNANXX:2:1304:15693:94525_1:55322596",8e-15
"18951","HISEQ13:138:C6FWNANXX:2:2205:7492:95630_1:105522467",8e-15
"18952","HISEQ13:138:C6FWNANXX:2:2315:1411:43522_1:144112169",8e-15
"18953","HISEQ13:138:C6FWNANXX:2:1205:4011:82829_1:31828104",8e-15
"18954","HISEQ13:138:C6FWNANXX:2:2115:8587:90643_1:96724108",8e-15
"18955","HISEQ13:138:C6FWNANXX:2:1113:10758:99569_1:19741986",8e-15
"18956","HISEQ13:138:C6FWNANXX:2:1301:14236:76326_1:50663134",8e-15
"18957","HISEQ13:138:C6FWNANXX:2:2204:17654:34435_1:103214919",8e-15
"18958","HISEQ13:138:C6FWNANXX:2:2302:18011:54906_1:124747756",8e-15
"18959","HISEQ13:138:C6FWNANXX:2:2303:12010:23653_1:125705751",8e-15
"18960","HISEQ13:138:C6FWNANXX:2:1104:4518:60324_1:5255893",8e-15
"18961","HISEQ13:138:C6FWNANXX:2:2104:7298:64155_1:79676467",8e-15
"18962","HISEQ13:138:C6FWNANXX:2:2312:2731:86506_1:139980292",8e-15
"18963","HISEQ13:138:C6FWNANXX:2:1303:16230:85550_1:53713877",8.1e-15
"18964","HISEQ13:138:C6FWNANXX:2:2314:18529:13393_1:141990071",8.1e-15
"18965","HISEQ13:138:C6FWNANXX:2:1101:17435:43025_1:610477",8.1e-15
"18966","HISEQ13:138:C6FWNANXX:2:1309:16019:32420_1:61948301",8.1e-15
"18967","HISEQ13:138:C6FWNANXX:2:1314:3569:51993_1:70307897",8.1e-15
"18968","HISEQ13:138:C6FWNANXX:2:2112:2363:63040_1:91498370",8.1e-15
"18969","HISEQ13:138:C6FWNANXX:2:2205:9939:5439_1:104216895",8.1e-15
"18970","HISEQ13:138:C6FWNANXX:2:2303:6709:7033_1:125470135",8.1e-15
"18971","HISEQ13:138:C6FWNANXX:2:2304:7505:76252_1:127866641",8.1e-15
"18972","HISEQ13:138:C6FWNANXX:2:2316:10453:24370_1:145435070",8.1e-15
"18973","HISEQ13:138:C6FWNANXX:2:1111:5452:15227_1:15241508",8.1e-15
"18974","HISEQ13:138:C6FWNANXX:2:1209:15756:47252_1:37326270",8.1e-15
"18975","HISEQ13:138:C6FWNANXX:2:2103:5023:82888_1:78524845",8.1e-15
"18976","HISEQ13:138:C6FWNANXX:2:2106:8615:6483_1:81704924",8.1e-15
"18977","HISEQ13:138:C6FWNANXX:2:2304:6370:70012_1:127776803",8.1e-15
"18978","HISEQ13:138:C6FWNANXX:2:2314:10270:88670_1:143224474",8.1e-15
"18979","HISEQ13:138:C6FWNANXX:2:2314:15198:38342_1:142397761",8.1e-15
"18980","HISEQ13:138:C6FWNANXX:2:2114:12106:34068_1:94197040",8.1e-15
"18981","HISEQ13:138:C6FWNANXX:2:2301:19382:96338_1:123939763",8.1e-15
"18982","HISEQ13:138:C6FWNANXX:2:1210:1807:84573_1:39457576",8.1e-15
"18983","HISEQ13:138:C6FWNANXX:2:1211:15093:48727_1:40463192",8.1e-15
"18984","HISEQ13:138:C6FWNANXX:2:2216:19371:30359_1:121414592",8.1e-15
"18985","HISEQ13:138:C6FWNANXX:2:2301:10881:68011_1:123538569",8.1e-15
"18986","HISEQ13:138:C6FWNANXX:2:1203:13123:82557_1:28897047",8.1e-15
"18987","HISEQ13:138:C6FWNANXX:2:1105:20787:67771_1:6853049",8.2e-15
"18988","HISEQ13:138:C6FWNANXX:2:1114:4582:99007_1:21394479",8.2e-15
"18989","HISEQ13:138:C6FWNANXX:2:1315:20969:25104_1:71536120",8.2e-15
"18990","HISEQ13:138:C6FWNANXX:2:2214:18708:36508_1:118256766",8.2e-15
"18991","HISEQ13:138:C6FWNANXX:2:1107:10114:25493_1:9215801",8.2e-15
"18992","HISEQ13:138:C6FWNANXX:2:1212:19442:9318_1:41417050",8.2e-15
"18993","HISEQ13:138:C6FWNANXX:2:2316:5789:81135_1:146392562",8.2e-15
"18994","HISEQ13:138:C6FWNANXX:2:1113:8252:99742_1:19741473",8.2e-15
"18995","HISEQ13:138:C6FWNANXX:2:1203:8312:12982_1:27869900",8.2e-15
"18996","HISEQ13:138:C6FWNANXX:2:2102:15472:75183_1:77009034",8.2e-15
"18997","HISEQ13:138:C6FWNANXX:2:1102:6745:37131_1:1979328",8.2e-15
"18998","HISEQ13:138:C6FWNANXX:2:2313:16816:55369_1:141069429",8.2e-15
"18999","HISEQ13:138:C6FWNANXX:2:2110:21302:44614_1:88214079",8.2e-15
"19000","HISEQ13:138:C6FWNANXX:2:1105:8773:45090_1:6510636",8.2e-15
"19001","HISEQ13:138:C6FWNANXX:2:1105:14977:100553_1:7347210",8.2e-15
"19002","HISEQ13:138:C6FWNANXX:2:1114:2990:35792_1:20329901",8.2e-15
"19003","HISEQ13:138:C6FWNANXX:2:1209:3301:61704_1:37547529",8.2e-15
"19004","HISEQ13:138:C6FWNANXX:2:1302:18104:59613_1:51870016",8.2e-15
"19005","HISEQ13:138:C6FWNANXX:2:1309:12295:62407_1:62422405",8.2e-15
"19006","HISEQ13:138:C6FWNANXX:2:2103:10074:90852_1:78639894",8.2e-15
"19007","HISEQ13:138:C6FWNANXX:2:2205:6199:17591_1:104393926",8.2e-15
"19008","HISEQ13:138:C6FWNANXX:2:2212:7584:31212_1:114996395",8.2e-15
"19009","HISEQ13:138:C6FWNANXX:2:2216:15424:96677_1:122535366",8.2e-15
"19010","HISEQ13:138:C6FWNANXX:2:2310:6121:49206_1:136295481",8.2e-15
"19011","HISEQ13:138:C6FWNANXX:2:2313:10634:46940_1:140930202",8.2e-15
"19012","HISEQ13:138:C6FWNANXX:2:1114:7013:23728_1:20125514",8.3e-15
"19013","HISEQ13:138:C6FWNANXX:2:1205:20691:77577_1:31752158",8.3e-15
"19014","HISEQ13:138:C6FWNANXX:2:2105:7844:9012_1:80308852",8.3e-15
"19015","HISEQ13:138:C6FWNANXX:2:2112:6460:23367_1:90877473",8.3e-15
"19016","HISEQ13:138:C6FWNANXX:2:2113:20457:82770_1:93391311",8.3e-15
"19017","HISEQ13:138:C6FWNANXX:2:1311:3264:58106_1:65498743",8.3e-15
"19018","HISEQ13:138:C6FWNANXX:2:2201:19347:28616_1:98906801",8.3e-15
"19019","HISEQ13:138:C6FWNANXX:2:2203:11772:34811_1:101811190",8.3e-15
"19020","HISEQ13:138:C6FWNANXX:2:2313:10893:66055_1:141242976",8.3e-15
"19021","HISEQ13:138:C6FWNANXX:2:2106:3725:94740_1:83001727",8.3e-15
"19022","HISEQ13:138:C6FWNANXX:2:1304:17098:35969_1:54443450",8.3e-15
"19023","HISEQ13:138:C6FWNANXX:2:2101:19563:39998_1:75104127",8.3e-15
"19024","HISEQ13:138:C6FWNANXX:2:1116:3355:85906_1:24545143",8.3e-15
"19025","HISEQ13:138:C6FWNANXX:2:2307:19953:55510_1:131902124",8.3e-15
"19026","HISEQ13:138:C6FWNANXX:2:1106:19442:80047_1:8542950",8.3e-15
"19027","HISEQ13:138:C6FWNANXX:2:1107:18975:48014_1:9565766",8.3e-15
"19028","HISEQ13:138:C6FWNANXX:2:2111:19115:36661_1:89605790",8.3e-15
"19029","HISEQ13:138:C6FWNANXX:2:1213:18831:79425_1:44162368",8.3e-15
"19030","HISEQ13:138:C6FWNANXX:2:1116:4709:77661_1:24401962",8.3e-15
"19031","HISEQ13:138:C6FWNANXX:2:1208:10924:56884_1:35938220",8.3e-15
"19032","HISEQ13:138:C6FWNANXX:2:1301:18033:56054_1:50365978",8.3e-15
"19033","HISEQ13:138:C6FWNANXX:2:1315:17795:31106_1:71637941",8.3e-15
"19034","HISEQ13:138:C6FWNANXX:2:2307:5702:93229_1:132457338",8.4e-15
"19035","HISEQ13:138:C6FWNANXX:2:1216:20432:19034_1:48153762",8.4e-15
"19036","HISEQ13:138:C6FWNANXX:2:1102:13534:46767_1:2123888",8.4e-15
"19037","HISEQ13:138:C6FWNANXX:2:1302:10760:63047_1:51920199",8.4e-15
"19038","HISEQ13:138:C6FWNANXX:2:2211:13664:12837_1:113169352",8.4e-15
"19039","HISEQ13:138:C6FWNANXX:2:1108:11260:17834_1:10619819",8.4e-15
"19040","HISEQ13:138:C6FWNANXX:2:1303:4299:8992_1:52576552",8.4e-15
"19041","HISEQ13:138:C6FWNANXX:2:2202:8393:48228_1:100588398",8.4e-15
"19042","HISEQ13:138:C6FWNANXX:2:1102:4213:58746_1:2295501",8.4e-15
"19043","HISEQ13:138:C6FWNANXX:2:1208:2655:94446_1:36518029",8.4e-15
"19044","HISEQ13:138:C6FWNANXX:2:1303:14241:17174_1:52700458",8.4e-15
"19045","HISEQ13:138:C6FWNANXX:2:1303:4357:58152_1:53305781",8.4e-15
"19046","HISEQ13:138:C6FWNANXX:2:1102:2296:77498_1:2572769",8.4e-15
"19047","HISEQ13:138:C6FWNANXX:2:2209:5534:57936_1:110838067",8.4e-15
"19048","HISEQ13:138:C6FWNANXX:2:1202:10675:10675_1:26386278",8.4e-15
"19049","HISEQ13:138:C6FWNANXX:2:1206:20469:92435_1:33464836",8.4e-15
"19050","HISEQ13:138:C6FWNANXX:2:2111:14384:28292_1:89477187",8.4e-15
"19051","HISEQ13:138:C6FWNANXX:2:1116:14833:51746_1:23957756",8.4e-15
"19052","HISEQ13:138:C6FWNANXX:2:1103:13374:33135_1:3385218",8.5e-15
"19053","HISEQ13:138:C6FWNANXX:2:1214:2605:30302_1:44989749",8.5e-15
"19054","HISEQ13:138:C6FWNANXX:2:1215:5247:99101_1:47824412",8.5e-15
"19055","HISEQ13:138:C6FWNANXX:2:2307:3802:74324_1:132178655",8.5e-15
"19056","HISEQ13:138:C6FWNANXX:2:2213:5981:71661_1:117219662",8.5e-15
"19057","HISEQ13:138:C6FWNANXX:2:1109:5048:11682_1:12063578",8.5e-15
"19058","HISEQ13:138:C6FWNANXX:2:1311:15126:83301_1:65913191",8.5e-15
"19059","HISEQ13:138:C6FWNANXX:2:2114:9097:31166_1:94147949",8.5e-15
"19060","HISEQ13:138:C6FWNANXX:2:2312:6243:34928_1:139159007",8.5e-15
"19061","HISEQ13:138:C6FWNANXX:2:2315:5018:35904_1:143984632",8.5e-15
"19062","HISEQ13:138:C6FWNANXX:2:2213:14224:67393_1:117152558",8.5e-15
"19063","HISEQ13:138:C6FWNANXX:2:2309:20907:24491_1:134405336",8.5e-15
"19064","HISEQ13:138:C6FWNANXX:2:1305:7886:22989_1:55728181",8.5e-15
"19065","HISEQ13:138:C6FWNANXX:2:1108:12304:61092_1:11291520",8.5e-15
"19066","HISEQ13:138:C6FWNANXX:2:1310:9695:61312_1:63972532",8.5e-15
"19067","HISEQ13:138:C6FWNANXX:2:2111:12303:48289_1:89788801",8.5e-15
"19068","HISEQ13:138:C6FWNANXX:2:2211:13851:44775_1:113669790",8.5e-15
"19069","HISEQ13:138:C6FWNANXX:2:2309:14785:42394_1:134677168",8.5e-15
"19070","HISEQ13:138:C6FWNANXX:2:1207:16331:20010_1:33868551",8.5e-15
"19071","HISEQ13:138:C6FWNANXX:2:1212:9428:84744_1:42617904",8.5e-15
"19072","HISEQ13:138:C6FWNANXX:2:2104:16377:98357_1:80170491",8.5e-15
"19073","HISEQ13:138:C6FWNANXX:2:1303:3345:8614_1:52572665",8.6e-15
"19074","HISEQ13:138:C6FWNANXX:2:1315:11761:69234_1:72290014",8.6e-15
"19075","HISEQ13:138:C6FWNANXX:2:2207:4195:15031_1:107241333",8.6e-15
"19076","HISEQ13:138:C6FWNANXX:2:2201:11281:91302_1:99798918",8.6e-15
"19077","HISEQ13:138:C6FWNANXX:2:1106:3122:94436_1:8756151",8.6e-15
"19078","HISEQ13:138:C6FWNANXX:2:2315:16097:84802_1:144792539",8.6e-15
"19079","HISEQ13:138:C6FWNANXX:2:1204:13801:57955_1:29981558",8.6e-15
"19080","HISEQ13:138:C6FWNANXX:2:1205:20678:49167_1:31325175",8.6e-15
"19081","HISEQ13:138:C6FWNANXX:2:1306:18769:25208_1:57256495",8.6e-15
"19082","HISEQ13:138:C6FWNANXX:2:2314:16065:47441_1:142546944",8.6e-15
"19083","HISEQ13:138:C6FWNANXX:2:1205:9425:63263_1:31535903",8.6e-15
"19084","HISEQ13:138:C6FWNANXX:2:2310:4463:36150_1:136094834",8.7e-15
"19085","HISEQ13:138:C6FWNANXX:2:1213:7308:80689_1:44180649",8.7e-15
"19086","HISEQ13:138:C6FWNANXX:2:1214:9697:74686_1:45735468",8.7e-15
"19087","HISEQ13:138:C6FWNANXX:2:2113:14472:36235_1:92640975",8.7e-15
"19088","HISEQ13:138:C6FWNANXX:2:2203:13807:98791_1:102725690",8.7e-15
"19089","HISEQ13:138:C6FWNANXX:2:2213:10937:84632_1:117429783",8.7e-15
"19090","HISEQ13:138:C6FWNANXX:2:1314:19521:59302_1:70438496",8.7e-15
"19091","HISEQ13:138:C6FWNANXX:2:1315:1776:99905_1:72820283",8.7e-15
"19092","HISEQ13:138:C6FWNANXX:2:1206:16484:59654_1:32970561",8.7e-15
"19093","HISEQ13:138:C6FWNANXX:2:1208:5170:55504_1:35917809",8.7e-15
"19094","HISEQ13:138:C6FWNANXX:2:2202:9247:90637_1:101195262",8.7e-15
"19095","HISEQ13:138:C6FWNANXX:2:1215:16544:28049_1:46622041",8.7e-15
"19096","HISEQ13:138:C6FWNANXX:2:2203:5795:51732_1:102049738",8.7e-15
"19097","HISEQ13:138:C6FWNANXX:2:2109:14230:13272_1:86230821",8.7e-15
"19098","HISEQ13:138:C6FWNANXX:2:2206:15834:59382_1:106440612",8.7e-15
"19099","HISEQ13:138:C6FWNANXX:2:1108:10797:50411_1:11123389",8.7e-15
"19100","HISEQ13:138:C6FWNANXX:2:2204:10772:58931_1:103565803",8.7e-15
"19101","HISEQ13:138:C6FWNANXX:2:1107:2345:39937_1:9435743",8.7e-15
"19102","HISEQ13:138:C6FWNANXX:2:1102:3012:89438_1:2750528",8.7e-15
"19103","HISEQ13:138:C6FWNANXX:2:1312:3700:40452_1:66822337",8.7e-15
"19104","HISEQ13:138:C6FWNANXX:2:1316:7087:36264_1:73435469",8.7e-15
"19105","HISEQ13:138:C6FWNANXX:2:2103:18111:8009_1:77464620",8.7e-15
"19106","HISEQ13:138:C6FWNANXX:2:2111:18853:68309_1:90113654",8.7e-15
"19107","HISEQ13:138:C6FWNANXX:2:1211:8898:77770_1:40933292",8.8e-15
"19108","HISEQ13:138:C6FWNANXX:2:1306:11125:46770_1:57586259",8.8e-15
"19109","HISEQ13:138:C6FWNANXX:2:2308:11611:66483_1:133542459",8.8e-15
"19110","HISEQ13:138:C6FWNANXX:2:2310:1411:6360_1:135635925",8.8e-15
"19111","HISEQ13:138:C6FWNANXX:2:2104:18563:29142_1:79175084",8.8e-15
"19112","HISEQ13:138:C6FWNANXX:2:1305:18101:84510_1:56658003",8.8e-15
"19113","HISEQ13:138:C6FWNANXX:2:2104:14308:17465_1:79005023",8.8e-15
"19114","HISEQ13:138:C6FWNANXX:2:2210:16596:38819_1:112055495",8.8e-15
"19115","HISEQ13:138:C6FWNANXX:2:2312:11858:85329_1:139962131",8.8e-15
"19116","HISEQ13:138:C6FWNANXX:2:1211:4535:22780_1:40047120",8.8e-15
"19117","HISEQ13:138:C6FWNANXX:2:1207:17220:46952_1:34273022",8.8e-15
"19118","HISEQ13:138:C6FWNANXX:2:2111:9657:87860_1:90442784",8.8e-15
"19119","HISEQ13:138:C6FWNANXX:2:1214:4634:60676_1:45498381",8.8e-15
"19120","HISEQ13:138:C6FWNANXX:2:1207:17905:6207_1:33655989",8.8e-15
"19121","HISEQ13:138:C6FWNANXX:2:2307:18650:77171_1:132221936",8.8e-15
"19122","HISEQ13:138:C6FWNANXX:2:1311:13105:45073_1:65289638",8.8e-15
"19123","HISEQ13:138:C6FWNANXX:2:2305:3212:28032_1:128594364",8.8e-15
"19124","HISEQ13:138:C6FWNANXX:2:1107:3191:71701_1:9923118",8.9e-15
"19125","HISEQ13:138:C6FWNANXX:2:1116:14038:7133_1:23192947",8.9e-15
"19126","HISEQ13:138:C6FWNANXX:2:1316:9183:19845_1:73150115",8.9e-15
"19127","HISEQ13:138:C6FWNANXX:2:2104:16226:98462_1:80170463",8.9e-15
"19128","HISEQ13:138:C6FWNANXX:2:2213:5574:14292_1:116301325",8.9e-15
"19129","HISEQ13:138:C6FWNANXX:2:1111:17920:67639_1:16096148",8.9e-15
"19130","HISEQ13:138:C6FWNANXX:2:1212:1715:43567_1:41945817",8.9e-15
"19131","HISEQ13:138:C6FWNANXX:2:1312:3885:85733_1:67565581",8.9e-15
"19132","HISEQ13:138:C6FWNANXX:2:1306:16794:86989_1:58198535",8.9e-15
"19133","HISEQ13:138:C6FWNANXX:2:1302:8511:68746_1:52000607",8.9e-15
"19134","HISEQ13:138:C6FWNANXX:2:1210:8106:64503_1:39145431",8.9e-15
"19135","HISEQ13:138:C6FWNANXX:2:2111:9403:28263_1:89476202",8.9e-15
"19136","HISEQ13:138:C6FWNANXX:2:2215:7926:91708_1:120784499",8.9e-15
"19137","HISEQ13:138:C6FWNANXX:2:1303:16213:27823_1:52860355",8.9e-15
"19138","HISEQ13:138:C6FWNANXX:2:2208:10078:4448_1:108544273",8.9e-15
"19139","HISEQ13:138:C6FWNANXX:2:2209:12240:33398_1:110467584",8.9e-15
"19140","HISEQ13:138:C6FWNANXX:2:2309:8385:75605_1:135185546",9e-15
"19141","HISEQ13:138:C6FWNANXX:2:2107:7047:13411_1:83264780",9e-15
"19142","HISEQ13:138:C6FWNANXX:2:2111:7985:33817_1:89560930",9e-15
"19143","HISEQ13:138:C6FWNANXX:2:2114:2024:94064_1:95169640",9e-15
"19144","HISEQ13:138:C6FWNANXX:2:1109:7418:67407_1:12943770",9e-15
"19145","HISEQ13:138:C6FWNANXX:2:2303:19927:69858_1:126363695",9e-15
"19146","HISEQ13:138:C6FWNANXX:2:1311:6911:8579_1:64701216",9e-15
"19147","HISEQ13:138:C6FWNANXX:2:1113:8740:48055_1:18884753",9e-15
"19148","HISEQ13:138:C6FWNANXX:2:1208:10096:38332_1:35652640",9e-15
"19149","HISEQ13:138:C6FWNANXX:2:2313:20311:77860_1:141434878",9e-15
"19150","HISEQ13:138:C6FWNANXX:2:2207:16394:33607_1:107514826",9e-15
"19151","HISEQ13:138:C6FWNANXX:2:2112:12315:18765_1:90813852",9e-15
"19152","HISEQ13:138:C6FWNANXX:2:1105:13475:76455_1:6979857",9e-15
"19153","HISEQ13:138:C6FWNANXX:2:2314:5315:22923_1:142142149",9e-15
"19154","HISEQ13:138:C6FWNANXX:2:1315:2635:16090_1:71380078",9e-15
"19155","HISEQ13:138:C6FWNANXX:2:2114:14632:46867_1:94404046",9e-15
"19156","HISEQ13:138:C6FWNANXX:2:2306:13762:30993_1:130077022",9e-15
"19157","HISEQ13:138:C6FWNANXX:2:1201:17972:64375_1:25723906",9e-15
"19158","HISEQ13:138:C6FWNANXX:2:1106:3049:59259_1:8222581",9.1e-15
"19159","HISEQ13:138:C6FWNANXX:2:2213:13385:2536_1:116114447",9.1e-15
"19160","HISEQ13:138:C6FWNANXX:2:1314:20398:77690_1:70749003",9.1e-15
"19161","HISEQ13:138:C6FWNANXX:2:2107:6696:85214_1:84331644",9.1e-15
"19162","HISEQ13:138:C6FWNANXX:2:2306:19653:100228_1:131098032",9.1e-15
"19163","HISEQ13:138:C6FWNANXX:2:1305:11653:71987_1:56464580",9.1e-15
"19164","HISEQ13:138:C6FWNANXX:2:1210:13236:44668_1:38834069",9.1e-15
"19165","HISEQ13:138:C6FWNANXX:2:2211:19414:20570_1:113290580",9.1e-15
"19166","HISEQ13:138:C6FWNANXX:2:2306:5909:52703_1:130396459",9.1e-15
"19167","HISEQ13:138:C6FWNANXX:2:1314:18660:34128_1:70009215",9.1e-15
"19168","HISEQ13:138:C6FWNANXX:2:1212:11419:32598_1:41769651",9.1e-15
"19169","HISEQ13:138:C6FWNANXX:2:1316:5512:49513_1:73667256",9.1e-15
"19170","HISEQ13:138:C6FWNANXX:2:2203:1758:25515_1:101677378",9.1e-15
"19171","HISEQ13:138:C6FWNANXX:2:2301:10865:16224_1:122805612",9.1e-15
"19172","HISEQ13:138:C6FWNANXX:2:1115:11718:48671_1:22213608",9.1e-15
"19173","HISEQ13:138:C6FWNANXX:2:1315:15169:83214_1:72531221",9.1e-15
"19174","HISEQ13:138:C6FWNANXX:2:1201:12240:22497_1:25104990",9.1e-15
"19175","HISEQ13:138:C6FWNANXX:2:1110:14887:86658_1:14809147",9.1e-15
"19176","HISEQ13:138:C6FWNANXX:2:1305:6456:66228_1:56376531",9.1e-15
"19177","HISEQ13:138:C6FWNANXX:2:1312:15685:31399_1:66678381",9.1e-15
"19178","HISEQ13:138:C6FWNANXX:2:1312:17063:12243_1:66363949",9.1e-15
"19179","HISEQ13:138:C6FWNANXX:2:1313:8075:13804_1:68013299",9.1e-15
"19180","HISEQ13:138:C6FWNANXX:2:2101:17703:68084_1:75505574",9.1e-15
"19181","HISEQ13:138:C6FWNANXX:2:2110:16883:8331_1:87658545",9.1e-15
"19182","HISEQ13:138:C6FWNANXX:2:2215:17130:94045_1:120827764",9.1e-15
"19183","HISEQ13:138:C6FWNANXX:2:2216:17786:9711_1:121067200",9.1e-15
"19184","HISEQ13:138:C6FWNANXX:2:2311:10503:52176_1:137870711",9.1e-15
"19185","HISEQ13:138:C6FWNANXX:2:1104:17023:93364_1:5751943",9.2e-15
"19186","HISEQ13:138:C6FWNANXX:2:1311:1356:67863_1:65656366",9.2e-15
"19187","HISEQ13:138:C6FWNANXX:2:2313:9107:31161_1:140674971",9.2e-15
"19188","HISEQ13:138:C6FWNANXX:2:1110:9062:51510_1:14257473",9.2e-15
"19189","HISEQ13:138:C6FWNANXX:2:2111:10453:83327_1:90365352",9.2e-15
"19190","HISEQ13:138:C6FWNANXX:2:2102:19939:4224_1:76001194",9.2e-15
"19191","HISEQ13:138:C6FWNANXX:2:2103:6688:3280_1:77394702",9.2e-15
"19192","HISEQ13:138:C6FWNANXX:2:1109:21057:13387_1:12094361",9.2e-15
"19193","HISEQ13:138:C6FWNANXX:2:1108:6594:80020_1:11588288",9.2e-15
"19194","HISEQ13:138:C6FWNANXX:2:1114:15654:92555_1:21287031",9.2e-15
"19195","HISEQ13:138:C6FWNANXX:2:1211:3722:94665_1:41203483",9.2e-15
"19196","HISEQ13:138:C6FWNANXX:2:1112:21064:22438_1:16850601",9.2e-15
"19197","HISEQ13:138:C6FWNANXX:2:2101:14705:88735_1:75795692",9.2e-15
"19198","HISEQ13:138:C6FWNANXX:2:2308:18733:83616_1:133804379",9.2e-15
"19199","HISEQ13:138:C6FWNANXX:2:1216:19857:57523_1:48819459",9.2e-15
"19200","HISEQ13:138:C6FWNANXX:2:2211:10632:24803_1:113355672",9.2e-15
"19201","HISEQ13:138:C6FWNANXX:2:2310:10299:17309_1:135806033",9.2e-15
"19202","HISEQ13:138:C6FWNANXX:2:2115:20097:3654_1:95309124",9.3e-15
"19203","HISEQ13:138:C6FWNANXX:2:1114:8918:81113_1:21091517",9.3e-15
"19204","HISEQ13:138:C6FWNANXX:2:1315:1851:80163_1:72476518",9.3e-15
"19205","HISEQ13:138:C6FWNANXX:2:2302:11658:47366_1:124640665",9.3e-15
"19206","HISEQ13:138:C6FWNANXX:2:2109:19425:60553_1:86950824",9.3e-15
"19207","HISEQ13:138:C6FWNANXX:2:1104:9815:2015_1:4390060",9.3e-15
"19208","HISEQ13:138:C6FWNANXX:2:1210:19602:48132_1:38889798",9.3e-15
"19209","HISEQ13:138:C6FWNANXX:2:2105:13925:10720_1:80331800",9.3e-15
"19210","HISEQ13:138:C6FWNANXX:2:2205:19644:42471_1:104753494",9.3e-15
"19211","HISEQ13:138:C6FWNANXX:2:2115:17469:52046_1:96097349",9.3e-15
"19212","HISEQ13:138:C6FWNANXX:2:1206:19602:31498_1:32541766",9.4e-15
"19213","HISEQ13:138:C6FWNANXX:2:1107:3201:45832_1:9528030",9.4e-15
"19214","HISEQ13:138:C6FWNANXX:2:1110:5611:46679_1:14177464",9.4e-15
"19215","HISEQ13:138:C6FWNANXX:2:1216:3573:96850_1:49497322",9.4e-15
"19216","HISEQ13:138:C6FWNANXX:2:2201:4284:57237_1:99309646",9.4e-15
"19217","HISEQ13:138:C6FWNANXX:2:2210:5884:58067_1:112348063",9.4e-15
"19218","HISEQ13:138:C6FWNANXX:2:1310:14506:45629_1:63722455",9.4e-15
"19219","HISEQ13:138:C6FWNANXX:2:1311:12050:92049_1:66056090",9.4e-15
"19220","HISEQ13:138:C6FWNANXX:2:2304:16158:10192_1:126917925",9.4e-15
"19221","HISEQ13:138:C6FWNANXX:2:2115:13239:70965_1:96402621",9.4e-15
"19222","HISEQ13:138:C6FWNANXX:2:2314:8406:15874_1:142028595",9.4e-15
"19223","HISEQ13:138:C6FWNANXX:2:2104:7756:50888_1:79485721",9.4e-15
"19224","HISEQ13:138:C6FWNANXX:2:2114:11064:62289_1:94656107",9.4e-15
"19225","HISEQ13:138:C6FWNANXX:2:2310:5206:38878_1:136137673",9.4e-15
"19226","HISEQ13:138:C6FWNANXX:2:2214:12579:96791_1:119241715",9.4e-15
"19227","HISEQ13:138:C6FWNANXX:2:2311:8848:93809_1:138530135",9.4e-15
"19228","HISEQ13:138:C6FWNANXX:2:1116:18567:81621_1:24474626",9.5e-15
"19229","HISEQ13:138:C6FWNANXX:2:1205:19425:92537_1:31975982",9.5e-15
"19230","HISEQ13:138:C6FWNANXX:2:1216:20060:64417_1:48937032",9.5e-15
"19231","HISEQ13:138:C6FWNANXX:2:1304:10329:66090_1:54895588",9.5e-15
"19232","HISEQ13:138:C6FWNANXX:2:2209:15950:42292_1:110604768",9.5e-15
"19233","HISEQ13:138:C6FWNANXX:2:2215:4186:28203_1:119734822",9.5e-15
"19234","HISEQ13:138:C6FWNANXX:2:2105:14029:12496_1:80357358",9.5e-15
"19235","HISEQ13:138:C6FWNANXX:2:2208:8710:28032_1:108898024",9.5e-15
"19236","HISEQ13:138:C6FWNANXX:2:1113:16631:21565_1:18451233",9.5e-15
"19237","HISEQ13:138:C6FWNANXX:2:2313:19304:26010_1:140596188",9.5e-15
"19238","HISEQ13:138:C6FWNANXX:2:1103:7960:35305_1:3417351",9.5e-15
"19239","HISEQ13:138:C6FWNANXX:2:1312:7992:25090_1:66575040",9.5e-15
"19240","HISEQ13:138:C6FWNANXX:2:1106:11516:67024_1:8343428",9.5e-15
"19241","HISEQ13:138:C6FWNANXX:2:1209:7271:77079_1:37790480",9.5e-15
"19242","HISEQ13:138:C6FWNANXX:2:2102:11062:88898_1:77205668",9.5e-15
"19243","HISEQ13:138:C6FWNANXX:2:1309:11747:34845_1:61987013",9.5e-15
"19244","HISEQ13:138:C6FWNANXX:2:1309:6117:53434_1:62277760",9.5e-15
"19245","HISEQ13:138:C6FWNANXX:2:2305:11992:83969_1:129406904",9.5e-15
"19246","HISEQ13:138:C6FWNANXX:2:1303:15056:33564_1:52944711",9.5e-15
"19247","HISEQ13:138:C6FWNANXX:2:1312:15685:92552_1:67683735",9.5e-15
"19248","HISEQ13:138:C6FWNANXX:2:2210:5846:99740_1:112980920",9.5e-15
"19249","HISEQ13:138:C6FWNANXX:2:2309:11115:34212_1:134551478",9.5e-15
"19250","HISEQ13:138:C6FWNANXX:2:2314:15322:39976_1:142422676",9.5e-15
"19251","HISEQ13:138:C6FWNANXX:2:1307:3846:26068_1:58779191",9.5e-15
"19252","HISEQ13:138:C6FWNANXX:2:1212:14541:88538_1:42685065",9.5e-15
"19253","HISEQ13:138:C6FWNANXX:2:1309:20982:99818_1:63016428",9.5e-15
"19254","HISEQ13:138:C6FWNANXX:2:2209:13392:50496_1:110725191",9.6e-15
"19255","HISEQ13:138:C6FWNANXX:2:2304:9763:69480_1:127766890",9.6e-15
"19256","HISEQ13:138:C6FWNANXX:2:1311:14498:2107_1:64597327",9.6e-15
"19257","HISEQ13:138:C6FWNANXX:2:2109:11569:48523_1:86765573",9.6e-15
"19258","HISEQ13:138:C6FWNANXX:2:2110:8618:10920_1:87695354",9.6e-15
"19259","HISEQ13:138:C6FWNANXX:2:2301:15417:8384_1:122696741",9.6e-15
"19260","HISEQ13:138:C6FWNANXX:2:1104:17316:69896_1:5400073",9.6e-15
"19261","HISEQ13:138:C6FWNANXX:2:2308:18373:5723_1:132627941",9.6e-15
"19262","HISEQ13:138:C6FWNANXX:2:2203:11504:29998_1:101739938",9.7e-15
"19263","HISEQ13:138:C6FWNANXX:2:1115:14343:74742_1:22654715",9.7e-15
"19264","HISEQ13:138:C6FWNANXX:2:2112:13666:76977_1:91719119",9.7e-15
"19265","HISEQ13:138:C6FWNANXX:2:2310:1299:48935_1:136290720",9.8e-15
"19266","HISEQ13:138:C6FWNANXX:2:2311:13242:77328_1:138270075",9.8e-15
"19267","HISEQ13:138:C6FWNANXX:2:1208:8518:43965_1:35736525",9.8e-15
"19268","HISEQ13:138:C6FWNANXX:2:2304:13234:41814_1:127371831",9.8e-15
"19269","HISEQ13:138:C6FWNANXX:2:2311:12695:40895_1:137695122",9.8e-15
"19270","HISEQ13:138:C6FWNANXX:2:2303:11700:6402_1:125460171",9.8e-15
"19271","HISEQ13:138:C6FWNANXX:2:1106:15479:68238_1:8359461",9.8e-15
"19272","HISEQ13:138:C6FWNANXX:2:1114:12990:19959_1:20063915",9.8e-15
"19273","HISEQ13:138:C6FWNANXX:2:2112:14618:77060_1:91723255",9.8e-15
"19274","HISEQ13:138:C6FWNANXX:2:2312:4004:11714_1:138790992",9.8e-15
"19275","HISEQ13:138:C6FWNANXX:2:1113:9926:26780_1:18536262",9.8e-15
"19276","HISEQ13:138:C6FWNANXX:2:1106:7961:74624_1:8457272",9.8e-15
"19277","HISEQ13:138:C6FWNANXX:2:2308:17836:66893_1:133551420",9.9e-15
"19278","HISEQ13:138:C6FWNANXX:2:2314:15875:83005_1:143136137",9.9e-15
"19279","HISEQ13:138:C6FWNANXX:2:1202:6299:81210_1:27419572",9.9e-15
"19280","HISEQ13:138:C6FWNANXX:2:1310:8273:63957_1:64011412",9.9e-15
"19281","HISEQ13:138:C6FWNANXX:2:2310:12661:80287_1:136774961",9.9e-15
"19282","HISEQ13:138:C6FWNANXX:2:2116:11540:57149_1:97805627",9.9e-15
"19283","HISEQ13:138:C6FWNANXX:2:2210:6244:38779_1:112053437",9.9e-15
"19284","HISEQ13:138:C6FWNANXX:2:2309:4677:8071_1:134155067",9.9e-15
"19285","HISEQ13:138:C6FWNANXX:2:2115:4542:29216_1:95721690",9.9e-15
"19286","HISEQ13:138:C6FWNANXX:2:1108:5730:81018_1:11603626",9.9e-15
"19287","HISEQ13:138:C6FWNANXX:2:1209:11842:11690_1:36770661",9.9e-15
"19288","HISEQ13:138:C6FWNANXX:2:1107:13000:8801_1:8963433",9.9e-15
"19289","HISEQ13:138:C6FWNANXX:2:1211:12152:53559_1:40544074",9.9e-15
"19290","HISEQ13:138:C6FWNANXX:2:1306:12064:5360_1:56953530",9.9e-15
"19291","HISEQ13:138:C6FWNANXX:2:1311:4020:77951_1:65820692",9.9e-15
"19292","HISEQ13:138:C6FWNANXX:2:2104:5697:48221_1:79445721",9.9e-15
"19293","HISEQ13:138:C6FWNANXX:2:1313:15534:47920_1:68578860",9.9e-15
"19294","HISEQ13:138:C6FWNANXX:2:2110:14490:86085_1:88845027",9.9e-15
"19295","HISEQ13:138:C6FWNANXX:2:2308:16189:22217_1:132876146",9.9e-15
"19296","HISEQ13:138:C6FWNANXX:2:1301:13216:32702_1:50020139",1e-14
"19297","HISEQ13:138:C6FWNANXX:2:2214:12717:35455_1:118235220",1e-14
"19298","HISEQ13:138:C6FWNANXX:2:2216:1431:39623_1:121566600",1e-14
"19299","HISEQ13:138:C6FWNANXX:2:2315:16880:32004_1:143924949",1e-14
"19300","HISEQ13:138:C6FWNANXX:2:2205:8112:12833_1:104325285",1e-14
"19301","HISEQ13:138:C6FWNANXX:2:1308:21328:31337_1:60385445",1e-14
"19302","HISEQ13:138:C6FWNANXX:2:1114:2330:10748_1:19906355",1e-14
"19303","HISEQ13:138:C6FWNANXX:2:1310:17076:12398_1:63194689",1e-14
"19304","HISEQ13:138:C6FWNANXX:2:2110:13000:57860_1:88415114",1e-14
"19305","HISEQ13:138:C6FWNANXX:2:2207:15686:81894_1:108228635",1e-14
"19306","HISEQ13:138:C6FWNANXX:2:1103:13374:33135_1:3385219",1e-14
"19307","HISEQ13:138:C6FWNANXX:2:2214:7698:7127_1:117773267",1e-14
"19308","HISEQ13:138:C6FWNANXX:2:2214:14441:60547_1:118648709",1e-14
"19309","HISEQ13:138:C6FWNANXX:2:1107:1408:90678_1:10214477",1e-14
"19310","HISEQ13:138:C6FWNANXX:2:2114:10000:16265_1:93908861",1e-14
"19311","HISEQ13:138:C6FWNANXX:2:2309:10448:53854_1:134850408",1e-14
"19312","HISEQ13:138:C6FWNANXX:2:2314:18825:63706_1:142815864",1e-14
"19313","HISEQ13:138:C6FWNANXX:2:1203:10604:53005_1:28461830",1e-14
"19314","HISEQ13:138:C6FWNANXX:2:2204:13898:9654_1:102862065",1e-14
"19315","HISEQ13:138:C6FWNANXX:2:2211:18811:10038_1:113127645",1e-14
"19316","HISEQ13:138:C6FWNANXX:2:2313:20931:67490_1:141265001",1e-14
"19317","HISEQ13:138:C6FWNANXX:2:1201:11739:75832_1:25892147",1e-14
"19318","HISEQ13:138:C6FWNANXX:2:2204:12350:43458_1:103342744",1e-14
"19319","HISEQ13:138:C6FWNANXX:2:2314:2786:40855_1:142436447",1e-14
"19320","HISEQ13:138:C6FWNANXX:2:2310:14348:69154_1:136603683",1e-14
"19321","HISEQ13:138:C6FWNANXX:2:1101:13395:4603_1:39835",1e-14
"19322","HISEQ13:138:C6FWNANXX:2:1111:5143:68973_1:16114533",1e-14
"19323","HISEQ13:138:C6FWNANXX:2:1210:1727:19098_1:38431220",1e-14
"19324","HISEQ13:138:C6FWNANXX:2:2202:12421:7478_1:100010508",1e-14
"19325","HISEQ13:138:C6FWNANXX:2:2208:8381:85795_1:109766321",1e-14
"19326","HISEQ13:138:C6FWNANXX:2:2213:19277:68231_1:117165616",1e-14
"19327","HISEQ13:138:C6FWNANXX:2:2309:12708:79367_1:135243381",1e-14
"19328","HISEQ13:138:C6FWNANXX:2:2113:15237:99471_1:93655112",1e-14
"19329","HISEQ13:138:C6FWNANXX:2:1101:1649:50888_1:721895",1e-14
"19330","HISEQ13:138:C6FWNANXX:2:1209:14233:90260_1:37999232",1e-14
"19331","HISEQ13:138:C6FWNANXX:2:1216:13039:27227_1:48290471",1e-14
"19332","HISEQ13:138:C6FWNANXX:2:2110:4731:90865_1:88915959",1e-14
"19333","HISEQ13:138:C6FWNANXX:2:2212:18846:31234_1:114998542",1e-14
"19334","HISEQ13:138:C6FWNANXX:2:1210:18883:68346_1:39205097",1e-14
"19335","HISEQ13:138:C6FWNANXX:2:1207:4326:8545_1:33691793",1e-14
"19336","HISEQ13:138:C6FWNANXX:2:2202:6164:2524_1:99941143",1e-14
"19337","HISEQ13:138:C6FWNANXX:2:1208:16143:30998_1:35538712",1e-14
"19338","HISEQ13:138:C6FWNANXX:2:1113:15786:10623_1:18270384",1e-14
"19339","HISEQ13:138:C6FWNANXX:2:1215:15803:11828_1:46345680",1e-14
"19340","HISEQ13:138:C6FWNANXX:2:2105:12024:56583_1:80999056",1e-14
"19341","HISEQ13:138:C6FWNANXX:2:2215:11115:18155_1:119570668",1e-14
"19342","HISEQ13:138:C6FWNANXX:2:1316:13986:100262_1:74554440",1e-14
"19343","HISEQ13:138:C6FWNANXX:2:1209:6759:30557_1:37064388",1e-14
"19344","HISEQ13:138:C6FWNANXX:2:1313:13245:10901_1:67965112",1e-14
"19345","HISEQ13:138:C6FWNANXX:2:1207:8434:63026_1:34517770",1e-14
"19346","HISEQ13:138:C6FWNANXX:2:1308:16730:27406_1:60323035",1e-14
"19347","HISEQ13:138:C6FWNANXX:2:1304:18431:81668_1:55128205",1e-14
"19348","HISEQ13:138:C6FWNANXX:2:2113:16810:36673_1:92649638",1e-14
"19349","HISEQ13:138:C6FWNANXX:2:2307:1346:11220_1:131239548",1e-14
"19350","HISEQ13:138:C6FWNANXX:2:1206:3737:61577_1:32998230",1e-14
"19351","HISEQ13:138:C6FWNANXX:2:1106:19062:50172_1:8084404",1e-14
"19352","HISEQ13:138:C6FWNANXX:2:1115:14879:99397_1:23078475",1e-14
"19353","HISEQ13:138:C6FWNANXX:2:1311:4549:11349_1:64744959",1e-14
"19354","HISEQ13:138:C6FWNANXX:2:1110:13274:25510_1:13847622",1e-14
"19355","HISEQ13:138:C6FWNANXX:2:1201:15073:20986_1:25083533",1e-14
"19356","HISEQ13:138:C6FWNANXX:2:2116:8738:100110_1:98512357",1e-14
"19357","HISEQ13:138:C6FWNANXX:2:1105:11641:67137_1:6840357",1e-14
"19358","HISEQ13:138:C6FWNANXX:2:2115:17498:31295_1:95760632",1e-14
"19359","HISEQ13:138:C6FWNANXX:2:2315:17103:27570_1:143850340",1e-14
"19360","HISEQ13:138:C6FWNANXX:2:2309:19738:93775_1:135466224",1e-14
"19361","HISEQ13:138:C6FWNANXX:2:2201:10438:22471_1:98815933",1e-14
"19362","HISEQ13:138:C6FWNANXX:2:2316:11386:56217_1:145971873",1e-14
"19363","HISEQ13:138:C6FWNANXX:2:1104:2646:67515_1:5363498",1e-14
"19364","HISEQ13:138:C6FWNANXX:2:1303:15222:31908_1:52919306",1e-14
"19365","HISEQ13:138:C6FWNANXX:2:1209:11594:84171_1:37901091",1e-14
"19366","HISEQ13:138:C6FWNANXX:2:1112:3001:63152_1:17506287",1e-14
"19367","HISEQ13:138:C6FWNANXX:2:1105:10967:36306_1:6379568",1e-14
"19368","HISEQ13:138:C6FWNANXX:2:1302:15374:64582_1:51943099",1e-14
"19369","HISEQ13:138:C6FWNANXX:2:2106:6449:57463_1:82454844",1e-14
"19370","HISEQ13:138:C6FWNANXX:2:2208:18114:35059_1:109004188",1e-14
"19371","HISEQ13:138:C6FWNANXX:2:2213:13682:53434_1:116927337",1e-14
"19372","HISEQ13:138:C6FWNANXX:2:2304:19113:38884_1:127329917",1e-14
"19373","HISEQ13:138:C6FWNANXX:2:2305:20215:87807_1:129466538",1e-14
"19374","HISEQ13:138:C6FWNANXX:2:2315:6089:76387_1:144650107",1e-14
"19375","HISEQ13:138:C6FWNANXX:2:1202:1357:20741_1:26531579",1e-14
"19376","HISEQ13:138:C6FWNANXX:2:1209:14030:91677_1:38019101",1.1e-14
"19377","HISEQ13:138:C6FWNANXX:2:1105:4539:12971_1:6025704",1.1e-14
"19378","HISEQ13:138:C6FWNANXX:2:1302:10170:8907_1:51122412",1.1e-14
"19379","HISEQ13:138:C6FWNANXX:2:1308:14922:72430_1:61023192",1.1e-14
"19380","HISEQ13:138:C6FWNANXX:2:1313:19654:39549_1:68442782",1.1e-14
"19381","HISEQ13:138:C6FWNANXX:2:2305:18169:43722_1:128822836",1.1e-14
"19382","HISEQ13:138:C6FWNANXX:2:2307:4501:97282_1:132520061",1.1e-14
"19383","HISEQ13:138:C6FWNANXX:2:2314:13467:99449_1:143402404",1.1e-14
"19384","HISEQ13:138:C6FWNANXX:2:2106:9199:46603_1:82296442",1.1e-14
"19385","HISEQ13:138:C6FWNANXX:2:2107:11613:11532_1:83239783",1.1e-14
"19386","HISEQ13:138:C6FWNANXX:2:2213:11716:85459_1:117441996",1.1e-14
"19387","HISEQ13:138:C6FWNANXX:2:1314:10842:72772_1:70666202",1.1e-14
"19388","HISEQ13:138:C6FWNANXX:2:2107:13455:31490_1:83532723",1.1e-14
"19389","HISEQ13:138:C6FWNANXX:2:2314:2055:56948_1:142700938",1.1e-14
"19390","HISEQ13:138:C6FWNANXX:2:1102:11959:14828_1:1653463",1.1e-14
"19391","HISEQ13:138:C6FWNANXX:2:2105:13014:6543_1:80273382",1.1e-14
"19392","HISEQ13:138:C6FWNANXX:2:1106:17303:54495_1:8149010",1.1e-14
"19393","HISEQ13:138:C6FWNANXX:2:2306:16138:20845_1:129930656",1.1e-14
"19394","HISEQ13:138:C6FWNANXX:2:1316:11418:80617_1:74211687",1.1e-14
"19395","HISEQ13:138:C6FWNANXX:2:1115:12095:33940_1:21964967",1.1e-14
"19396","HISEQ13:138:C6FWNANXX:2:1202:20711:18187_1:26498107",1.1e-14
"19397","HISEQ13:138:C6FWNANXX:2:1206:8766:80604_1:33285229",1.1e-14
"19398","HISEQ13:138:C6FWNANXX:2:1216:3574:43011_1:48565208",1.1e-14
"19399","HISEQ13:138:C6FWNANXX:2:2315:2219:82966_1:144756568",1.1e-14
"19400","HISEQ13:138:C6FWNANXX:2:1105:20471:42608_1:6475469",1.1e-14
"19401","HISEQ13:138:C6FWNANXX:2:1311:19917:12605_1:64768286",1.1e-14
"19402","HISEQ13:138:C6FWNANXX:2:2114:16053:2453_1:93685538",1.1e-14
"19403","HISEQ13:138:C6FWNANXX:2:2208:9267:71918_1:109555176",1.1e-14
"19404","HISEQ13:138:C6FWNANXX:2:2312:3483:35893_1:139174203",1.1e-14
"19405","HISEQ13:138:C6FWNANXX:2:2316:10131:39157_1:145684987",1.1e-14
"19406","HISEQ13:138:C6FWNANXX:2:2111:14456:41253_1:89678618",1.1e-14
"19407","HISEQ13:138:C6FWNANXX:2:1101:16447:78216_1:1127278",1.1e-14
"19408","HISEQ13:138:C6FWNANXX:2:1116:12189:19450_1:23403037",1.1e-14
"19409","HISEQ13:138:C6FWNANXX:2:2113:14722:40140_1:92705070",1.1e-14
"19410","HISEQ13:138:C6FWNANXX:2:1213:19413:43869_1:43574917",1.1e-14
"19411","HISEQ13:138:C6FWNANXX:2:1214:5165:78329_1:45797632",1.1e-14
"19412","HISEQ13:138:C6FWNANXX:2:1108:18828:84618_1:11661199",1.1e-14
"19413","HISEQ13:138:C6FWNANXX:2:2215:1484:99751_1:120920048",1.1e-14
"19414","HISEQ13:138:C6FWNANXX:2:2215:2497:6894_1:119384128",1.1e-14
"19415","HISEQ13:138:C6FWNANXX:2:1109:13706:39258_1:12501641",1.1e-14
"19416","HISEQ13:138:C6FWNANXX:2:2204:3326:92626_1:104049253",1.1e-14
"19417","HISEQ13:138:C6FWNANXX:2:2316:12852:29579_1:145524498",1.1e-14
"19418","HISEQ13:138:C6FWNANXX:2:2116:19690:78937_1:98163610",1.1e-14
"19419","HISEQ13:138:C6FWNANXX:2:1112:14306:86344_1:17889624",1.1e-14
"19420","HISEQ13:138:C6FWNANXX:2:1204:7861:79212_1:30295244",1.1e-14
"19421","HISEQ13:138:C6FWNANXX:2:1306:12934:83349_1:58144711",1.1e-14
"19422","HISEQ13:138:C6FWNANXX:2:2109:5462:89474_1:87385235",1.1e-14
"19423","HISEQ13:138:C6FWNANXX:2:2111:12437:95527_1:90578770",1.1e-14
"19424","HISEQ13:138:C6FWNANXX:2:2206:13461:99300_1:107027575",1.1e-14
"19425","HISEQ13:138:C6FWNANXX:2:2106:12740:100801_1:83094280",1.1e-14
"19426","HISEQ13:138:C6FWNANXX:2:1304:4984:55170_1:54729907",1.1e-14
"19427","HISEQ13:138:C6FWNANXX:2:1209:20764:44711_1:37284214",1.1e-14
"19428","HISEQ13:138:C6FWNANXX:2:1203:18607:30415_1:28130382",1.1e-14
"19429","HISEQ13:138:C6FWNANXX:2:1214:3150:24687_1:44894110",1.1e-14
"19430","HISEQ13:138:C6FWNANXX:2:1303:7865:26236_1:52832946",1.1e-14
"19431","HISEQ13:138:C6FWNANXX:2:1114:20492:100450_1:21418573",1.1e-14
"19432","HISEQ13:138:C6FWNANXX:2:1307:14287:89714_1:59758055",1.1e-14
"19433","HISEQ13:138:C6FWNANXX:2:1303:11093:80759_1:53642303",1.1e-14
"19434","HISEQ13:138:C6FWNANXX:2:1309:16838:59184_1:62371157",1.1e-14
"19435","HISEQ13:138:C6FWNANXX:2:1202:6517:12614_1:26414651",1.1e-14
"19436","HISEQ13:138:C6FWNANXX:2:2311:2441:9807_1:137208335",1.1e-14
"19437","HISEQ13:138:C6FWNANXX:2:1204:15603:60066_1:30014531",1.1e-14
"19438","HISEQ13:138:C6FWNANXX:2:2113:2627:73749_1:93238712",1.1e-14
"19439","HISEQ13:138:C6FWNANXX:2:1114:2310:82055_1:21106967",1.1e-14
"19440","HISEQ13:138:C6FWNANXX:2:2103:4797:85487_1:78560380",1.1e-14
"19441","HISEQ13:138:C6FWNANXX:2:2110:10615:94647_1:88972724",1.1e-14
"19442","HISEQ13:138:C6FWNANXX:2:1102:3126:15733_1:1662916",1.1e-14
"19443","HISEQ13:138:C6FWNANXX:2:1107:2379:29865_1:9282881",1.1e-14
"19444","HISEQ13:138:C6FWNANXX:2:1110:20603:18283_1:13734803",1.1e-14
"19445","HISEQ13:138:C6FWNANXX:2:1212:11883:66306_1:42319138",1.1e-14
"19446","HISEQ13:138:C6FWNANXX:2:1216:6679:39423_1:48501241",1.1e-14
"19447","HISEQ13:138:C6FWNANXX:2:2110:9222:93448_1:88953407",1.1e-14
"19448","HISEQ13:138:C6FWNANXX:2:2114:5685:74004_1:94846536",1.1e-14
"19449","HISEQ13:138:C6FWNANXX:2:2203:21231:33631_1:101795175",1.1e-14
"19450","HISEQ13:138:C6FWNANXX:2:2211:4641:42968_1:113636530",1.1e-14
"19451","HISEQ13:138:C6FWNANXX:2:2307:10499:95437_1:132491309",1.1e-14
"19452","HISEQ13:138:C6FWNANXX:2:2313:3561:63999_1:141204756",1.1e-14
"19453","HISEQ13:138:C6FWNANXX:2:2108:16560:80946_1:85756725",1.1e-14
"19454","HISEQ13:138:C6FWNANXX:2:1201:12514:98591_1:26226598",1.1e-14
"19455","HISEQ13:138:C6FWNANXX:2:2205:8665:41160_1:104733315",1.1e-14
"19456","HISEQ13:138:C6FWNANXX:2:2107:3402:70700_1:84114215",1.1e-14
"19457","HISEQ13:138:C6FWNANXX:2:1113:2010:87904_1:19544063",1.1e-14
"19458","HISEQ13:138:C6FWNANXX:2:2116:14602:36996_1:97473047",1.1e-14
"19459","HISEQ13:138:C6FWNANXX:2:1101:15800:42619_1:602698",1.1e-14
"19460","HISEQ13:138:C6FWNANXX:2:2304:14690:56709_1:127584878",1.1e-14
"19461","HISEQ13:138:C6FWNANXX:2:1216:11670:23307_1:48225212",1.1e-14
"19462","HISEQ13:138:C6FWNANXX:2:2213:16925:72458_1:117233843",1.1e-14
"19463","HISEQ13:138:C6FWNANXX:2:2312:3380:85806_1:139968516",1.1e-14
"19464","HISEQ13:138:C6FWNANXX:2:2114:11929:44913_1:94370835",1.1e-14
"19465","HISEQ13:138:C6FWNANXX:2:2205:10374:89932_1:105439418",1.1e-14
"19466","HISEQ13:138:C6FWNANXX:2:2210:10935:72415_1:112565927",1.1e-14
"19467","HISEQ13:138:C6FWNANXX:2:1215:20830:64046_1:47232634",1.1e-14
"19468","HISEQ13:138:C6FWNANXX:2:2104:19642:3310_1:78803722",1.1e-14
"19469","HISEQ13:138:C6FWNANXX:2:1216:9244:64110_1:48930335",1.1e-14
"19470","HISEQ13:138:C6FWNANXX:2:1306:19713:94226_1:58309945",1.1e-14
"19471","HISEQ13:138:C6FWNANXX:2:2113:6896:93556_1:93560021",1.1e-14
"19472","HISEQ13:138:C6FWNANXX:2:2206:19374:60359_1:106456127",1.1e-14
"19473","HISEQ13:138:C6FWNANXX:2:1109:17584:15611_1:12128918",1.1e-14
"19474","HISEQ13:138:C6FWNANXX:2:1102:2645:94008_1:2820698",1.1e-14
"19475","HISEQ13:138:C6FWNANXX:2:1104:10116:17623_1:4619377",1.1e-14
"19476","HISEQ13:138:C6FWNANXX:2:1114:16236:16052_1:20001547",1.1e-14
"19477","HISEQ13:138:C6FWNANXX:2:1208:20550:71903_1:36172827",1.1e-14
"19478","HISEQ13:138:C6FWNANXX:2:1209:6098:77255_1:37794141",1.1e-14
"19479","HISEQ13:138:C6FWNANXX:2:1310:4028:21217_1:63330483",1.1e-14
"19480","HISEQ13:138:C6FWNANXX:2:2115:14434:54063_1:96129326",1.1e-14
"19481","HISEQ13:138:C6FWNANXX:2:2212:10952:2688_1:114558508",1.1e-14
"19482","HISEQ13:138:C6FWNANXX:2:2304:6618:92104_1:128092603",1.1e-14
"19483","HISEQ13:138:C6FWNANXX:2:2306:6673:8102_1:129741708",1.1e-14
"19484","HISEQ13:138:C6FWNANXX:2:2107:4714:86580_1:84354011",1.1e-14
"19485","HISEQ13:138:C6FWNANXX:2:1203:3143:45224_1:28344346",1.1e-14
"19486","HISEQ13:138:C6FWNANXX:2:1306:16572:22873_1:57221557",1.1e-14
"19487","HISEQ13:138:C6FWNANXX:2:2312:20650:65381_1:139644167",1.1e-14
"19488","HISEQ13:138:C6FWNANXX:2:1315:4330:99855_1:72820837",1.1e-14
"19489","HISEQ13:138:C6FWNANXX:2:2301:5846:68377_1:123541262",1.1e-14
"19490","HISEQ13:138:C6FWNANXX:2:2314:8509:29071_1:142244405",1.1e-14
"19491","HISEQ13:138:C6FWNANXX:2:1207:14077:10597_1:33724142",1.1e-14
"19492","HISEQ13:138:C6FWNANXX:2:1106:10590:43056_1:7976130",1.1e-14
"19493","HISEQ13:138:C6FWNANXX:2:2301:5427:84950_1:123773940",1.1e-14
"19494","HISEQ13:138:C6FWNANXX:2:1306:8192:2766_1:56914565",1.2e-14
"19495","HISEQ13:138:C6FWNANXX:2:1216:3485:42946_1:48560781",1.2e-14
"19496","HISEQ13:138:C6FWNANXX:2:2204:1778:56437_1:103528462",1.2e-14
"19497","HISEQ13:138:C6FWNANXX:2:1104:16759:58481_1:5228192",1.2e-14
"19498","HISEQ13:138:C6FWNANXX:2:2211:8972:7891_1:113090967",1.2e-14
"19499","HISEQ13:138:C6FWNANXX:2:2109:18422:15900_1:86270110",1.2e-14
"19500","HISEQ13:138:C6FWNANXX:2:2116:20821:54224_1:97758031",1.2e-14
"19501","HISEQ13:138:C6FWNANXX:2:2302:11785:63946_1:124873592",1.2e-14
"19502","HISEQ13:138:C6FWNANXX:2:2309:13172:9126_1:134171613",1.2e-14
"19503","HISEQ13:138:C6FWNANXX:2:1305:14935:11808_1:55564873",1.2e-14
"19504","HISEQ13:138:C6FWNANXX:2:1212:5290:43012_1:41938235",1.2e-14
"19505","HISEQ13:138:C6FWNANXX:2:1216:2585:93343_1:49435478",1.2e-14
"19506","HISEQ13:138:C6FWNANXX:2:1310:2095:57825_1:63915841",1.2e-14
"19507","HISEQ13:138:C6FWNANXX:2:1109:20667:85918_1:13239167",1.2e-14
"19508","HISEQ13:138:C6FWNANXX:2:1203:14136:16274_1:27922681",1.2e-14
"19509","HISEQ13:138:C6FWNANXX:2:2207:21091:29739_1:107457586",1.2e-14
"19510","HISEQ13:138:C6FWNANXX:2:2310:14347:16370_1:135791370",1.2e-14
"19511","HISEQ13:138:C6FWNANXX:2:1308:10280:29844_1:60360014",1.2e-14
"19512","HISEQ13:138:C6FWNANXX:2:2302:12455:32801_1:124437394",1.2e-14
"19513","HISEQ13:138:C6FWNANXX:2:1212:19556:99047_1:42857599",1.2e-14
"19514","HISEQ13:138:C6FWNANXX:2:1315:13318:55769_1:72061827",1.2e-14
"19515","HISEQ13:138:C6FWNANXX:2:2212:3106:20999_1:114833275",1.2e-14
"19516","HISEQ13:138:C6FWNANXX:2:1201:15559:42934_1:25406945",1.2e-14
"19517","HISEQ13:138:C6FWNANXX:2:2213:8670:26940_1:116500469",1.2e-14
"19518","HISEQ13:138:C6FWNANXX:2:2312:9709:56566_1:139503754",1.2e-14
"19519","HISEQ13:138:C6FWNANXX:2:1101:16326:54031_1:772615",1.2e-14
"19520","HISEQ13:138:C6FWNANXX:2:1110:21337:2871_1:13490034",1.2e-14
"19521","HISEQ13:138:C6FWNANXX:2:1111:3236:9785_1:15157039",1.2e-14
"19522","HISEQ13:138:C6FWNANXX:2:1216:20271:18267_1:48140650",1.2e-14
"19523","HISEQ13:138:C6FWNANXX:2:2207:12389:50999_1:107767462",1.2e-14
"19524","HISEQ13:138:C6FWNANXX:2:2307:14257:80595_1:132273133",1.2e-14
"19525","HISEQ13:138:C6FWNANXX:2:1111:15762:94640_1:16583914",1.2e-14
"19526","HISEQ13:138:C6FWNANXX:2:1216:13725:85074_1:49297923",1.2e-14
"19527","HISEQ13:138:C6FWNANXX:2:2204:12355:98446_1:104133702",1.2e-14
"19528","HISEQ13:138:C6FWNANXX:2:2301:19189:9762_1:122718469",1.2e-14
"19529","HISEQ13:138:C6FWNANXX:2:2216:10771:53655_1:121805617",1.2e-14
"19530","HISEQ13:138:C6FWNANXX:2:2304:8770:27186_1:127160447",1.2e-14
"19531","HISEQ13:138:C6FWNANXX:2:1107:17244:49235_1:9580989",1.2e-14
"19532","HISEQ13:138:C6FWNANXX:2:2214:20312:47579_1:118436399",1.2e-14
"19533","HISEQ13:138:C6FWNANXX:2:1205:7167:76503_1:31734348",1.2e-14
"19534","HISEQ13:138:C6FWNANXX:2:1201:12096:85167_1:26027974",1.2e-14
"19535","HISEQ13:138:C6FWNANXX:2:2303:9099:13827_1:125566844",1.2e-14
"19536","HISEQ13:138:C6FWNANXX:2:1108:9545:75977_1:11522159",1.2e-14
"19537","HISEQ13:138:C6FWNANXX:2:1208:21163:72969_1:36188327",1.2e-14
"19538","HISEQ13:138:C6FWNANXX:2:1106:7126:94188_1:8752986",1.2e-14
"19539","HISEQ13:138:C6FWNANXX:2:2308:14006:56458_1:133391820",1.2e-14
"19540","HISEQ13:138:C6FWNANXX:2:2108:7750:10219_1:84689054",1.2e-14
"19541","HISEQ13:138:C6FWNANXX:2:1102:8507:27761_1:1844259",1.2e-14
"19542","HISEQ13:138:C6FWNANXX:2:1105:3066:11343_1:6002410",1.2e-14
"19543","HISEQ13:138:C6FWNANXX:2:2207:13367:61887_1:107930827",1.2e-14
"19544","HISEQ13:138:C6FWNANXX:2:1201:20956:5138_1:24852516",1.2e-14
"19545","HISEQ13:138:C6FWNANXX:2:2108:19266:28331_1:84963923",1.2e-14
"19546","HISEQ13:138:C6FWNANXX:2:1116:11531:20295_1:23419960",1.2e-14
"19547","HISEQ13:138:C6FWNANXX:2:2105:5167:51772_1:80929038",1.2e-14
"19548","HISEQ13:138:C6FWNANXX:2:2308:15586:26259_1:132940103",1.2e-14
"19549","HISEQ13:138:C6FWNANXX:2:2310:11450:92045_1:136954514",1.2e-14
"19550","HISEQ13:138:C6FWNANXX:2:2313:17612:58645_1:141122471",1.2e-14
"19551","HISEQ13:138:C6FWNANXX:2:1106:19461:64264_1:8303173",1.2e-14
"19552","HISEQ13:138:C6FWNANXX:2:1109:5939:23740_1:12252246",1.2e-14
"19553","HISEQ13:138:C6FWNANXX:2:1306:8161:99564_1:58391051",1.2e-14
"19554","HISEQ13:138:C6FWNANXX:2:1310:17324:32170_1:63507844",1.2e-14
"19555","HISEQ13:138:C6FWNANXX:2:1314:17615:39544_1:70102768",1.2e-14
"19556","HISEQ13:138:C6FWNANXX:2:2101:6764:91349_1:75833571",1.2e-14
"19557","HISEQ13:138:C6FWNANXX:2:2113:2569:23617_1:92439376",1.2e-14
"19558","HISEQ13:138:C6FWNANXX:2:2108:5538:52667_1:85327049",1.2e-14
"19559","HISEQ13:138:C6FWNANXX:2:2116:15586:31588_1:97386747",1.2e-14
"19560","HISEQ13:138:C6FWNANXX:2:1213:8892:46173_1:43609415",1.2e-14
"19561","HISEQ13:138:C6FWNANXX:2:2107:13821:85464_1:84336812",1.2e-14
"19562","HISEQ13:138:C6FWNANXX:2:2112:4296:13738_1:90768217",1.2e-14
"19563","HISEQ13:138:C6FWNANXX:2:2112:8493:3663_1:90700828",1.2e-14
"19564","HISEQ13:138:C6FWNANXX:2:2101:4048:72955_1:75570768",1.2e-14
"19565","HISEQ13:138:C6FWNANXX:2:1203:15136:77990_1:28827434",1.2e-14
"19566","HISEQ13:138:C6FWNANXX:2:2110:12089:99529_1:89048705",1.2e-14
"19567","HISEQ13:138:C6FWNANXX:2:1111:12506:88930_1:16474923",1.2e-14
"19568","HISEQ13:138:C6FWNANXX:2:1207:19825:96412_1:35028000",1.2e-14
"19569","HISEQ13:138:C6FWNANXX:2:2111:2758:17425_1:89303900",1.2e-14
"19570","HISEQ13:138:C6FWNANXX:2:2114:15958:40653_1:94302708",1.2e-14
"19571","HISEQ13:138:C6FWNANXX:2:1203:13088:11610_1:27852258",1.2e-14
"19572","HISEQ13:138:C6FWNANXX:2:1302:13484:6053_1:51082363",1.2e-14
"19573","HISEQ13:138:C6FWNANXX:2:1311:18755:85980_1:65954919",1.2e-14
"19574","HISEQ13:138:C6FWNANXX:2:1213:7900:25264_1:43266970",1.2e-14
"19575","HISEQ13:138:C6FWNANXX:2:1112:13036:74151_1:17688452",1.2e-14
"19576","HISEQ13:138:C6FWNANXX:2:1104:20559:28003_1:4778019",1.2e-14
"19577","HISEQ13:138:C6FWNANXX:2:1108:15999:44396_1:11030721",1.2e-14
"19578","HISEQ13:138:C6FWNANXX:2:2315:14978:49795_1:144217832",1.2e-14
"19579","HISEQ13:138:C6FWNANXX:2:2115:3714:30108_1:95737710",1.2e-14
"19580","HISEQ13:138:C6FWNANXX:2:2216:10375:2816_1:120952143",1.2e-14
"19581","HISEQ13:138:C6FWNANXX:2:1201:18471:33513_1:25271502",1.2e-14
"19582","HISEQ13:138:C6FWNANXX:2:1316:15513:93003_1:74428523",1.2e-14
"19583","HISEQ13:138:C6FWNANXX:2:1214:1512:29479_1:44972909",1.2e-14
"19584","HISEQ13:138:C6FWNANXX:2:1307:3456:83089_1:59656592",1.2e-14
"19585","HISEQ13:138:C6FWNANXX:2:2205:16413:66040_1:105096697",1.2e-14
"19586","HISEQ13:138:C6FWNANXX:2:1205:1604:75308_1:31714545",1.2e-14
"19587","HISEQ13:138:C6FWNANXX:2:1316:11503:49529_1:73668601",1.2e-14
"19588","HISEQ13:138:C6FWNANXX:2:2109:5503:84615_1:87312979",1.2e-14
"19589","HISEQ13:138:C6FWNANXX:2:2216:14670:20885_1:121253763",1.2e-14
"19590","HISEQ13:138:C6FWNANXX:2:1103:17587:68678_1:3912267",1.2e-14
"19591","HISEQ13:138:C6FWNANXX:2:2216:21115:54378_1:121820445",1.2e-14
"19592","HISEQ13:138:C6FWNANXX:2:1211:7028:42963_1:40369415",1.2e-14
"19593","HISEQ13:138:C6FWNANXX:2:1203:13164:86251_1:28952508",1.2e-14
"19594","HISEQ13:138:C6FWNANXX:2:2204:11793:5317_1:102801309",1.2e-14
"19595","HISEQ13:138:C6FWNANXX:2:1110:9129:31620_1:13941547",1.2e-14
"19596","HISEQ13:138:C6FWNANXX:2:2105:4915:38913_1:80739777",1.2e-14
"19597","HISEQ13:138:C6FWNANXX:2:2313:2869:53784_1:141042124",1.2e-14
"19598","HISEQ13:138:C6FWNANXX:2:1109:14516:55970_1:12762589",1.2e-14
"19599","HISEQ13:138:C6FWNANXX:2:1208:16143:30998_1:35538713",1.2e-14
"19600","HISEQ13:138:C6FWNANXX:2:2116:14602:36996_1:97473048",1.2e-14
"19601","HISEQ13:138:C6FWNANXX:2:1102:9613:9345_1:1571320",1.2e-14
"19602","HISEQ13:138:C6FWNANXX:2:2206:11576:20180_1:105864678",1.2e-14
"19603","HISEQ13:138:C6FWNANXX:2:1110:11926:41345_1:14095844",1.2e-14
"19604","HISEQ13:138:C6FWNANXX:2:1102:9250:13669_1:1634177",1.2e-14
"19605","HISEQ13:138:C6FWNANXX:2:1214:9269:95312_1:46084073",1.2e-14
"19606","HISEQ13:138:C6FWNANXX:2:2108:9570:96716_1:85993640",1.2e-14
"19607","HISEQ13:138:C6FWNANXX:2:2110:16080:38157_1:88113657",1.2e-14
"19608","HISEQ13:138:C6FWNANXX:2:2112:1974:27443_1:90939403",1.2e-14
"19609","HISEQ13:138:C6FWNANXX:2:2306:20711:95388_1:131027919",1.2e-14
"19610","HISEQ13:138:C6FWNANXX:2:1106:15882:55613_1:8167499",1.2e-14
"19611","HISEQ13:138:C6FWNANXX:2:1203:14482:29268_1:28114586",1.2e-14
"19612","HISEQ13:138:C6FWNANXX:2:2109:8279:73555_1:87146407",1.2e-14
"19613","HISEQ13:138:C6FWNANXX:2:1307:16459:99487_1:59908139",1.2e-14
"19614","HISEQ13:138:C6FWNANXX:2:1107:18291:97295_1:10321434",1.2e-14
"19615","HISEQ13:138:C6FWNANXX:2:2104:9278:81746_1:79929762",1.2e-14
"19616","HISEQ13:138:C6FWNANXX:2:2112:15426:40586_1:91148491",1.2e-14
"19617","HISEQ13:138:C6FWNANXX:2:2309:7479:51050_1:134808254",1.2e-14
"19618","HISEQ13:138:C6FWNANXX:2:2215:11324:86662_1:120701728",1.3e-14
"19619","HISEQ13:138:C6FWNANXX:2:2112:15855:32831_1:91027995",1.3e-14
"19620","HISEQ13:138:C6FWNANXX:2:2114:11091:71866_1:94811063",1.3e-14
"19621","HISEQ13:138:C6FWNANXX:2:2309:12079:59183_1:134931705",1.3e-14
"19622","HISEQ13:138:C6FWNANXX:2:2107:3491:48156_1:83779117",1.3e-14
"19623","HISEQ13:138:C6FWNANXX:2:2204:5944:85381_1:103945487",1.3e-14
"19624","HISEQ13:138:C6FWNANXX:2:2301:4230:21879_1:122885604",1.3e-14
"19625","HISEQ13:138:C6FWNANXX:2:1110:20516:68049_1:14520462",1.3e-14
"19626","HISEQ13:138:C6FWNANXX:2:1207:16255:92560_1:34970505",1.3e-14
"19627","HISEQ13:138:C6FWNANXX:2:1115:10963:58927_1:22387544",1.3e-14
"19628","HISEQ13:138:C6FWNANXX:2:1303:14067:98476_1:53903167",1.3e-14
"19629","HISEQ13:138:C6FWNANXX:2:1303:5210:46379_1:53132459",1.3e-14
"19630","HISEQ13:138:C6FWNANXX:2:1311:13495:3159_1:64613275",1.3e-14
"19631","HISEQ13:138:C6FWNANXX:2:1312:7857:5794_1:66259732",1.3e-14
"19632","HISEQ13:138:C6FWNANXX:2:1315:20926:53493_1:72020309",1.3e-14
"19633","HISEQ13:138:C6FWNANXX:2:2102:11288:69369_1:76925504",1.3e-14
"19634","HISEQ13:138:C6FWNANXX:2:2316:15245:10290_1:145199825",1.3e-14
"19635","HISEQ13:138:C6FWNANXX:2:2205:19386:27588_1:104540606",1.3e-14
"19636","HISEQ13:138:C6FWNANXX:2:2312:14426:27150_1:139038552",1.3e-14
"19637","HISEQ13:138:C6FWNANXX:2:2104:12845:83732_1:79959269",1.3e-14
"19638","HISEQ13:138:C6FWNANXX:2:2309:18596:43072_1:134689145",1.3e-14
"19639","HISEQ13:138:C6FWNANXX:2:2114:21015:31852_1:94162282",1.3e-14
"19640","HISEQ13:138:C6FWNANXX:2:1104:10135:63783_1:5308932",1.3e-14
"19641","HISEQ13:138:C6FWNANXX:2:2112:5932:23314_1:90877347",1.3e-14
"19642","HISEQ13:138:C6FWNANXX:2:2309:13571:8316_1:134160656",1.3e-14
"19643","HISEQ13:138:C6FWNANXX:2:2107:20363:45623_1:83745315",1.3e-14
"19644","HISEQ13:138:C6FWNANXX:2:2307:19026:27662_1:131487204",1.3e-14
"19645","HISEQ13:138:C6FWNANXX:2:1201:9907:30402_1:25222041",1.3e-14
"19646","HISEQ13:138:C6FWNANXX:2:1313:16634:8969_1:67932970",1.3e-14
"19647","HISEQ13:138:C6FWNANXX:2:2101:15110:86786_1:75771366",1.3e-14
"19648","HISEQ13:138:C6FWNANXX:2:2104:9079:88253_1:80026195",1.3e-14
"19649","HISEQ13:138:C6FWNANXX:2:2203:4723:27610_1:101706075",1.3e-14
"19650","HISEQ13:138:C6FWNANXX:2:1309:18943:3766_1:61500856",1.3e-14
"19651","HISEQ13:138:C6FWNANXX:2:1202:17420:78771_1:27388652",1.3e-14
"19652","HISEQ13:138:C6FWNANXX:2:1211:12922:95453_1:41217470",1.3e-14
"19653","HISEQ13:138:C6FWNANXX:2:2207:8628:35089_1:107535322",1.3e-14
"19654","HISEQ13:138:C6FWNANXX:2:1205:14567:74472_1:31702102",1.3e-14
"19655","HISEQ13:138:C6FWNANXX:2:1307:7054:26798_1:58791127",1.3e-14
"19656","HISEQ13:138:C6FWNANXX:2:1308:12949:23921_1:60267779",1.3e-14
"19657","HISEQ13:138:C6FWNANXX:2:2114:9404:14184_1:93872894",1.3e-14
"19658","HISEQ13:138:C6FWNANXX:2:2204:14447:49543_1:103433198",1.3e-14
"19659","HISEQ13:138:C6FWNANXX:2:1114:8663:44699_1:20477340",1.3e-14
"19660","HISEQ13:138:C6FWNANXX:2:1306:18312:52468_1:57671718",1.3e-14
"19661","HISEQ13:138:C6FWNANXX:2:1308:18082:50005_1:60676254",1.3e-14
"19662","HISEQ13:138:C6FWNANXX:2:2112:1381:70682_1:91616814",1.3e-14
"19663","HISEQ13:138:C6FWNANXX:2:2314:16249:60004_1:142757825",1.3e-14
"19664","HISEQ13:138:C6FWNANXX:2:1310:2041:27386_1:63429152",1.3e-14
"19665","HISEQ13:138:C6FWNANXX:2:2214:6862:75052_1:118885348",1.3e-14
"19666","HISEQ13:138:C6FWNANXX:2:2303:6175:26232_1:125739949",1.3e-14
"19667","HISEQ13:138:C6FWNANXX:2:1309:20740:79402_1:62693503",1.3e-14
"19668","HISEQ13:138:C6FWNANXX:2:2210:11007:73573_1:112584636",1.3e-14
"19669","HISEQ13:138:C6FWNANXX:2:2214:8999:28669_1:118124837",1.3e-14
"19670","HISEQ13:138:C6FWNANXX:2:2309:2668:20383_1:134341038",1.3e-14
"19671","HISEQ13:138:C6FWNANXX:2:2109:12170:63716_1:86995066",1.3e-14
"19672","HISEQ13:138:C6FWNANXX:2:1304:15862:36398_1:54450672",1.3e-14
"19673","HISEQ13:138:C6FWNANXX:2:2109:2036:50378_1:86790015",1.3e-14
"19674","HISEQ13:138:C6FWNANXX:2:1203:12148:7798_1:27796970",1.3e-14
"19675","HISEQ13:138:C6FWNANXX:2:1208:1824:48858_1:35812539",1.3e-14
"19676","HISEQ13:138:C6FWNANXX:2:2102:10562:54643_1:76716069",1.3e-14
"19677","HISEQ13:138:C6FWNANXX:2:2309:6745:20942_1:134349337",1.3e-14
"19678","HISEQ13:138:C6FWNANXX:2:1116:21410:14431_1:23319120",1.3e-14
"19679","HISEQ13:138:C6FWNANXX:2:1203:8733:55478_1:28494432",1.3e-14
"19680","HISEQ13:138:C6FWNANXX:2:1305:2891:80786_1:56598931",1.3e-14
"19681","HISEQ13:138:C6FWNANXX:2:2301:10730:33469_1:123049296",1.3e-14
"19682","HISEQ13:138:C6FWNANXX:2:2215:19331:4374_1:119346469",1.3e-14
"19683","HISEQ13:138:C6FWNANXX:2:2316:14780:78919_1:146356294",1.3e-14
"19684","HISEQ13:138:C6FWNANXX:2:2308:3010:6795_1:132643941",1.3e-14
"19685","HISEQ13:138:C6FWNANXX:2:2311:7163:71541_1:138177711",1.3e-14
"19686","HISEQ13:138:C6FWNANXX:2:1115:15336:53121_1:22291341",1.3e-14
"19687","HISEQ13:138:C6FWNANXX:2:2308:19744:73863_1:133657568",1.3e-14
"19688","HISEQ13:138:C6FWNANXX:2:1114:15022:17672_1:20026918",1.3e-14
"19689","HISEQ13:138:C6FWNANXX:2:2102:2945:57196_1:76750216",1.3e-14
"19690","HISEQ13:138:C6FWNANXX:2:2115:1492:67100_1:96338847",1.3e-14
"19691","HISEQ13:138:C6FWNANXX:2:1301:5668:82899_1:50757483",1.3e-14
"19692","HISEQ13:138:C6FWNANXX:2:1310:14520:29109_1:63459762",1.3e-14
"19693","HISEQ13:138:C6FWNANXX:2:2112:2871:30779_1:90994343",1.3e-14
"19694","HISEQ13:138:C6FWNANXX:2:2115:2428:99944_1:96875810",1.3e-14
"19695","HISEQ13:138:C6FWNANXX:2:1113:13950:47663_1:18877509",1.3e-14
"19696","HISEQ13:138:C6FWNANXX:2:1203:8579:86000_1:28944304",1.3e-14
"19697","HISEQ13:138:C6FWNANXX:2:2104:6207:21769_1:79068028",1.3e-14
"19698","HISEQ13:138:C6FWNANXX:2:1211:3722:94665_1:41203484",1.3e-14
"19699","HISEQ13:138:C6FWNANXX:2:2205:9495:88173_1:105413599",1.3e-14
"19700","HISEQ13:138:C6FWNANXX:2:2202:4624:52786_1:100654665",1.3e-14
"19701","HISEQ13:138:C6FWNANXX:2:2314:13140:24849_1:142176154",1.3e-14
"19702","HISEQ13:138:C6FWNANXX:2:1109:13706:39258_1:12501642",1.3e-14
"19703","HISEQ13:138:C6FWNANXX:2:1113:19538:71867_1:19281153",1.3e-14
"19704","HISEQ13:138:C6FWNANXX:2:2106:12899:80921_1:82801720",1.3e-14
"19705","HISEQ13:138:C6FWNANXX:2:2110:14278:28509_1:87967520",1.3e-14
"19706","HISEQ13:138:C6FWNANXX:2:2212:15335:56614_1:115400765",1.3e-14
"19707","HISEQ13:138:C6FWNANXX:2:1313:20259:54969_1:68696395",1.3e-14
"19708","HISEQ13:138:C6FWNANXX:2:2105:17911:53797_1:80960510",1.3e-14
"19709","HISEQ13:138:C6FWNANXX:2:2211:5826:96531_1:114478839",1.3e-14
"19710","HISEQ13:138:C6FWNANXX:2:1213:1662:41154_1:43525832",1.3e-14
"19711","HISEQ13:138:C6FWNANXX:2:2202:20634:16339_1:100140488",1.3e-14
"19712","HISEQ13:138:C6FWNANXX:2:2204:18647:68797_1:103711086",1.3e-14
"19713","HISEQ13:138:C6FWNANXX:2:2205:5850:9198_1:104270229",1.3e-14
"19714","HISEQ13:138:C6FWNANXX:2:2102:18070:98713_1:77345742",1.3e-14
"19715","HISEQ13:138:C6FWNANXX:2:1204:20103:20771_1:29431640",1.3e-14
"19716","HISEQ13:138:C6FWNANXX:2:2102:9195:10085_1:76084870",1.3e-14
"19717","HISEQ13:138:C6FWNANXX:2:2110:17998:97449_1:89016531",1.3e-14
"19718","HISEQ13:138:C6FWNANXX:2:2201:13716:8617_1:98620268",1.3e-14
"19719","HISEQ13:138:C6FWNANXX:2:2203:17625:62315_1:102204900",1.3e-14
"19720","HISEQ13:138:C6FWNANXX:2:1112:18614:91382_1:17972448",1.3e-14
"19721","HISEQ13:138:C6FWNANXX:2:2112:3602:36322_1:91079887",1.3e-14
"19722","HISEQ13:138:C6FWNANXX:2:2216:18840:90067_1:122427343",1.3e-14
"19723","HISEQ13:138:C6FWNANXX:2:1314:19984:89034_1:70945019",1.4e-14
"19724","HISEQ13:138:C6FWNANXX:2:2108:17462:89601_1:85889036",1.4e-14
"19725","HISEQ13:138:C6FWNANXX:2:2212:15335:56614_1:115400766",1.4e-14
"19726","HISEQ13:138:C6FWNANXX:2:2214:12450:96411_1:119233479",1.4e-14
"19727","HISEQ13:138:C6FWNANXX:2:2115:10203:38384_1:95873101",1.4e-14
"19728","HISEQ13:138:C6FWNANXX:2:2202:5031:7793_1:100016396",1.4e-14
"19729","HISEQ13:138:C6FWNANXX:2:1108:18114:42911_1:11007787",1.4e-14
"19730","HISEQ13:138:C6FWNANXX:2:1213:10773:44982_1:43589833",1.4e-14
"19731","HISEQ13:138:C6FWNANXX:2:1311:1523:39689_1:65198287",1.4e-14
"19732","HISEQ13:138:C6FWNANXX:2:1315:19060:13790_1:71345533",1.4e-14
"19733","HISEQ13:138:C6FWNANXX:2:2110:12595:31684_1:88013098",1.4e-14
"19734","HISEQ13:138:C6FWNANXX:2:2212:11488:12122_1:114701314",1.4e-14
"19735","HISEQ13:138:C6FWNANXX:2:1111:16661:60241_1:15967632",1.4e-14
"19736","HISEQ13:138:C6FWNANXX:2:2301:16693:68452_1:123543360",1.4e-14
"19737","HISEQ13:138:C6FWNANXX:2:1116:2565:37097_1:23706217",1.4e-14
"19738","HISEQ13:138:C6FWNANXX:2:1212:7672:57003_1:42167205",1.4e-14
"19739","HISEQ13:138:C6FWNANXX:2:2214:13254:47870_1:118439127",1.4e-14
"19740","HISEQ13:138:C6FWNANXX:2:1209:11052:20522_1:36910225",1.4e-14
"19741","HISEQ13:138:C6FWNANXX:2:2211:3927:19842_1:113275830",1.4e-14
"19742","HISEQ13:138:C6FWNANXX:2:1312:17716:25385_1:66581157",1.4e-14
"19743","HISEQ13:138:C6FWNANXX:2:1202:5607:3121_1:26274875",1.4e-14
"19744","HISEQ13:138:C6FWNANXX:2:1307:18188:8890_1:58516676",1.4e-14
"19745","HISEQ13:138:C6FWNANXX:2:1309:4916:73875_1:62603421",1.4e-14
"19746","HISEQ13:138:C6FWNANXX:2:2201:5726:41077_1:99082318",1.4e-14
"19747","HISEQ13:138:C6FWNANXX:2:2203:16891:83673_1:102508301",1.4e-14
"19748","HISEQ13:138:C6FWNANXX:2:1206:7415:75588_1:33210690",1.4e-14
"19749","HISEQ13:138:C6FWNANXX:2:2206:4706:62771_1:106490163",1.4e-14
"19750","HISEQ13:138:C6FWNANXX:2:2214:6099:51365_1:118494715",1.4e-14
"19751","HISEQ13:138:C6FWNANXX:2:1107:18943:71253_1:9922342",1.4e-14
"19752","HISEQ13:138:C6FWNANXX:2:2301:5188:61981_1:123449532",1.4e-14
"19753","HISEQ13:138:C6FWNANXX:2:1107:19728:54314_1:9662123",1.4e-14
"19754","HISEQ13:138:C6FWNANXX:2:2216:3990:13504_1:121130772",1.4e-14
"19755","HISEQ13:138:C6FWNANXX:2:2301:1278:34632_1:123065313",1.4e-14
"19756","HISEQ13:138:C6FWNANXX:2:1209:15052:89558_1:37987789",1.4e-14
"19757","HISEQ13:138:C6FWNANXX:2:1207:18680:20975_1:33880219",1.4e-14
"19758","HISEQ13:138:C6FWNANXX:2:2212:13860:17188_1:114775392",1.4e-14
"19759","HISEQ13:138:C6FWNANXX:2:2213:18985:23700_1:116450692",1.4e-14
"19760","HISEQ13:138:C6FWNANXX:2:1114:14285:9058_1:19884018",1.4e-14
"19761","HISEQ13:138:C6FWNANXX:2:1107:8088:32886_1:9329847",1.4e-14
"19762","HISEQ13:138:C6FWNANXX:2:1109:18771:83062_1:13195115",1.4e-14
"19763","HISEQ13:138:C6FWNANXX:2:2114:10680:52194_1:94488117",1.4e-14
"19764","HISEQ13:138:C6FWNANXX:2:2213:9771:26298_1:116492807",1.4e-14
"19765","HISEQ13:138:C6FWNANXX:2:2104:20907:55439_1:79553002",1.4e-14
"19766","HISEQ13:138:C6FWNANXX:2:2316:7947:97286_1:146667476",1.4e-14
"19767","HISEQ13:138:C6FWNANXX:2:1112:20113:29467_1:16963179",1.4e-14
"19768","HISEQ13:138:C6FWNANXX:2:1212:13796:2023_1:41310451",1.4e-14
"19769","HISEQ13:138:C6FWNANXX:2:1304:18518:85757_1:55191989",1.4e-14
"19770","HISEQ13:138:C6FWNANXX:2:1304:20211:23202_1:54254890",1.4e-14
"19771","HISEQ13:138:C6FWNANXX:2:2111:14532:11778_1:89220879",1.4e-14
"19772","HISEQ13:138:C6FWNANXX:2:2303:19732:51194_1:126097705",1.4e-14
"19773","HISEQ13:138:C6FWNANXX:2:2312:4175:28193_1:139052532",1.4e-14
"19774","HISEQ13:138:C6FWNANXX:2:1104:15648:79454_1:5541398",1.4e-14
"19775","HISEQ13:138:C6FWNANXX:2:1305:13271:77984_1:56555537",1.4e-14
"19776","HISEQ13:138:C6FWNANXX:2:1311:7043:61638_1:65555725",1.4e-14
"19777","HISEQ13:138:C6FWNANXX:2:2201:12852:57448_1:99314758",1.4e-14
"19778","HISEQ13:138:C6FWNANXX:2:2302:11785:63946_1:124873593",1.4e-14
"19779","HISEQ13:138:C6FWNANXX:2:2307:1457:26282_1:131465320",1.4e-14
"19780","HISEQ13:138:C6FWNANXX:2:2315:20315:28094_1:143859355",1.4e-14
"19781","HISEQ13:138:C6FWNANXX:2:1316:15120:70819_1:74041681",1.4e-14
"19782","HISEQ13:138:C6FWNANXX:2:2316:18138:5848_1:145123699",1.4e-14
"19783","HISEQ13:138:C6FWNANXX:2:1113:8740:48055_1:18884754",1.4e-14
"19784","HISEQ13:138:C6FWNANXX:2:1202:14379:72336_1:27292728",1.4e-14
"19785","HISEQ13:138:C6FWNANXX:2:1301:6360:30868_1:49993295",1.4e-14
"19786","HISEQ13:138:C6FWNANXX:2:2107:2491:56581_1:83905676",1.4e-14
"19787","HISEQ13:138:C6FWNANXX:2:2307:2149:14940_1:131295197",1.4e-14
"19788","HISEQ13:138:C6FWNANXX:2:2312:12478:28979_1:139065929",1.4e-14
"19789","HISEQ13:138:C6FWNANXX:2:1111:5886:33986_1:15539585",1.4e-14
"19790","HISEQ13:138:C6FWNANXX:2:2104:10073:89006_1:80037162",1.4e-14
"19791","HISEQ13:138:C6FWNANXX:2:2106:4125:24570_1:81972084",1.4e-14
"19792","HISEQ13:138:C6FWNANXX:2:2108:20261:95942_1:85984382",1.4e-14
"19793","HISEQ13:138:C6FWNANXX:2:2114:10795:31284_1:94152272",1.4e-14
"19794","HISEQ13:138:C6FWNANXX:2:2304:16594:73551_1:127828682",1.4e-14
"19795","HISEQ13:138:C6FWNANXX:2:1313:15809:71443_1:68972019",1.4e-14
"19796","HISEQ13:138:C6FWNANXX:2:2101:8816:8200_1:74648366",1.4e-14
"19797","HISEQ13:138:C6FWNANXX:2:1109:13637:34472_1:12422341",1.4e-14
"19798","HISEQ13:138:C6FWNANXX:2:1112:19576:29430_1:16963058",1.4e-14
"19799","HISEQ13:138:C6FWNANXX:2:1207:17937:40714_1:34178016",1.4e-14
"19800","HISEQ13:138:C6FWNANXX:2:1214:12109:48818_1:45303049",1.4e-14
"19801","HISEQ13:138:C6FWNANXX:2:2201:5350:45391_1:99142562",1.4e-14
"19802","HISEQ13:138:C6FWNANXX:2:1314:12939:25712_1:69864001",1.4e-14
"19803","HISEQ13:138:C6FWNANXX:2:1115:11400:56678_1:22349896",1.4e-14
"19804","HISEQ13:138:C6FWNANXX:2:1204:20420:43028_1:29762236",1.4e-14
"19805","HISEQ13:138:C6FWNANXX:2:2105:16245:97888_1:81597859",1.4e-14
"19806","HISEQ13:138:C6FWNANXX:2:2204:5775:23145_1:103052093",1.4e-14
"19807","HISEQ13:138:C6FWNANXX:2:2302:2342:25345_1:124330268",1.4e-14
"19808","HISEQ13:138:C6FWNANXX:2:2108:19232:31473_1:85009020",1.4e-14
"19809","HISEQ13:138:C6FWNANXX:2:2106:18496:16298_1:81853905",1.4e-14
"19810","HISEQ13:138:C6FWNANXX:2:2109:3637:59749_1:86932234",1.4e-14
"19811","HISEQ13:138:C6FWNANXX:2:2115:6704:58441_1:96197093",1.4e-14
"19812","HISEQ13:138:C6FWNANXX:2:2114:16005:66388_1:94722796",1.4e-14
"19813","HISEQ13:138:C6FWNANXX:2:2212:4518:21011_1:114837639",1.4e-14
"19814","HISEQ13:138:C6FWNANXX:2:1105:14568:80097_1:7036789",1.4e-14
"19815","HISEQ13:138:C6FWNANXX:2:2204:1720:95213_1:104084735",1.4e-14
"19816","HISEQ13:138:C6FWNANXX:2:2212:13611:12521_1:114708901",1.4e-14
"19817","HISEQ13:138:C6FWNANXX:2:2104:13938:84584_1:79973426",1.4e-14
"19818","HISEQ13:138:C6FWNANXX:2:1104:12575:47862_1:5071320",1.4e-14
"19819","HISEQ13:138:C6FWNANXX:2:1304:12651:3495_1:53959506",1.4e-14
"19820","HISEQ13:138:C6FWNANXX:2:2110:15579:22698_1:87876531",1.4e-14
"19821","HISEQ13:138:C6FWNANXX:2:1212:9945:58342_1:42187872",1.4e-14
"19822","HISEQ13:138:C6FWNANXX:2:1213:18025:44081_1:43578800",1.4e-14
"19823","HISEQ13:138:C6FWNANXX:2:1314:4913:46802_1:70223392",1.4e-14
"19824","HISEQ13:138:C6FWNANXX:2:2101:10080:51262_1:75265563",1.4e-14
"19825","HISEQ13:138:C6FWNANXX:2:2309:19855:92197_1:135439699",1.4e-14
"19826","HISEQ13:138:C6FWNANXX:2:1303:8937:75643_1:53564267",1.4e-14
"19827","HISEQ13:138:C6FWNANXX:2:1105:14458:43866_1:6492858",1.4e-14
"19828","HISEQ13:138:C6FWNANXX:2:1204:11229:32752_1:29608847",1.4e-14
"19829","HISEQ13:138:C6FWNANXX:2:2206:17404:92184_1:106920823",1.4e-14
"19830","HISEQ13:138:C6FWNANXX:2:1116:13598:95932_1:24717958",1.4e-14
"19831","HISEQ13:138:C6FWNANXX:2:1311:8215:35518_1:65134392",1.4e-14
"19832","HISEQ13:138:C6FWNANXX:2:2106:15459:68753_1:82626295",1.4e-14
"19833","HISEQ13:138:C6FWNANXX:2:2203:15800:15488_1:101533849",1.4e-14
"19834","HISEQ13:138:C6FWNANXX:2:2311:2721:74037_1:138216702",1.4e-14
"19835","HISEQ13:138:C6FWNANXX:2:1110:20564:90667_1:14873882",1.4e-14
"19836","HISEQ13:138:C6FWNANXX:2:1315:13447:10456_1:71284587",1.4e-14
"19837","HISEQ13:138:C6FWNANXX:2:1302:3880:38986_1:51562324",1.4e-14
"19838","HISEQ13:138:C6FWNANXX:2:2202:1593:77897_1:101011533",1.4e-14
"19839","HISEQ13:138:C6FWNANXX:2:1313:19994:24641_1:68193740",1.4e-14
"19840","HISEQ13:138:C6FWNANXX:2:1103:9828:47530_1:3598463",1.4e-14
"19841","HISEQ13:138:C6FWNANXX:2:1304:9546:76986_1:55056269",1.4e-14
"19842","HISEQ13:138:C6FWNANXX:2:1316:7157:51707_1:73702844",1.4e-14
"19843","HISEQ13:138:C6FWNANXX:2:2105:9037:23765_1:80522975",1.4e-14
"19844","HISEQ13:138:C6FWNANXX:2:2305:11100:33504_1:128675927",1.4e-14
"19845","HISEQ13:138:C6FWNANXX:2:1203:12375:81664_1:28882180",1.5e-14
"19846","HISEQ13:138:C6FWNANXX:2:1313:15508:40006_1:68450268",1.5e-14
"19847","HISEQ13:138:C6FWNANXX:2:2111:17201:43765_1:89718462",1.5e-14
"19848","HISEQ13:138:C6FWNANXX:2:2108:18051:35359_1:85069404",1.5e-14
"19849","HISEQ13:138:C6FWNANXX:2:2315:6081:19018_1:143706380",1.5e-14
"19850","HISEQ13:138:C6FWNANXX:2:2112:11851:67380_1:91567380",1.5e-14
"19851","HISEQ13:138:C6FWNANXX:2:2204:17320:90916_1:104026671",1.5e-14
"19852","HISEQ13:138:C6FWNANXX:2:2315:8908:26654_1:143832112",1.5e-14
"19853","HISEQ13:138:C6FWNANXX:2:1207:16219:2810_1:33605633",1.5e-14
"19854","HISEQ13:138:C6FWNANXX:2:2114:21182:81308_1:94966974",1.5e-14
"19855","HISEQ13:138:C6FWNANXX:2:2311:2563:37792_1:137646546",1.5e-14
"19856","HISEQ13:138:C6FWNANXX:2:1112:8905:81754_1:17814884",1.5e-14
"19857","HISEQ13:138:C6FWNANXX:2:2107:17486:67916_1:84076167",1.5e-14
"19858","HISEQ13:138:C6FWNANXX:2:1206:12374:24671_1:32437870",1.5e-14
"19859","HISEQ13:138:C6FWNANXX:2:1209:2771:30667_1:37063586",1.5e-14
"19860","HISEQ13:138:C6FWNANXX:2:2202:14237:67126_1:100859578",1.5e-14
"19861","HISEQ13:138:C6FWNANXX:2:1105:7150:73922_1:6941112",1.5e-14
"19862","HISEQ13:138:C6FWNANXX:2:1115:14936:56474_1:22346524",1.5e-14
"19863","HISEQ13:138:C6FWNANXX:2:1112:8775:86832_1:17896801",1.5e-14
"19864","HISEQ13:138:C6FWNANXX:2:1308:6857:84873_1:61219052",1.5e-14
"19865","HISEQ13:138:C6FWNANXX:2:1310:16797:97345_1:64541951",1.5e-14
"19866","HISEQ13:138:C6FWNANXX:2:2312:8221:34642_1:139155435",1.5e-14
"19867","HISEQ13:138:C6FWNANXX:2:2314:7796:71683_1:142946082",1.5e-14
"19868","HISEQ13:138:C6FWNANXX:2:1106:3350:83344_1:8589199",1.5e-14
"19869","HISEQ13:138:C6FWNANXX:2:2308:20040:11052_1:132711466",1.5e-14
"19870","HISEQ13:138:C6FWNANXX:2:1215:9904:52700_1:47034568",1.5e-14
"19871","HISEQ13:138:C6FWNANXX:2:2209:17414:26906_1:110370359",1.5e-14
"19872","HISEQ13:138:C6FWNANXX:2:2214:14807:33520_1:118207212",1.5e-14
"19873","HISEQ13:138:C6FWNANXX:2:2313:1208:31270_1:140677489",1.5e-14
"19874","HISEQ13:138:C6FWNANXX:2:1316:14197:13050_1:73033531",1.5e-14
"19875","HISEQ13:138:C6FWNANXX:2:2105:13014:6543_1:80273381",1.5e-14
"19876","HISEQ13:138:C6FWNANXX:2:1109:10664:13508_1:12096227",1.5e-14
"19877","HISEQ13:138:C6FWNANXX:2:1311:13119:74866_1:65772999",1.5e-14
"19878","HISEQ13:138:C6FWNANXX:2:1313:5774:4223_1:67851834",1.5e-14
"19879","HISEQ13:138:C6FWNANXX:2:2107:2224:58891_1:83938648",1.5e-14
"19880","HISEQ13:138:C6FWNANXX:2:1306:15060:15000_1:57099363",1.5e-14
"19881","HISEQ13:138:C6FWNANXX:2:1306:17280:88247_1:58217690",1.5e-14
"19882","HISEQ13:138:C6FWNANXX:2:2113:11869:73254_1:93236557",1.5e-14
"19883","HISEQ13:138:C6FWNANXX:2:2114:6534:86600_1:95048733",1.5e-14
"19884","HISEQ13:138:C6FWNANXX:2:2205:3133:37021_1:104674288",1.5e-14
"19885","HISEQ13:138:C6FWNANXX:2:1311:21220:13336_1:64780696",1.5e-14
"19886","HISEQ13:138:C6FWNANXX:2:2110:14490:86085_1:88845026",1.5e-14
"19887","HISEQ13:138:C6FWNANXX:2:2305:13568:62886_1:129101967",1.5e-14
"19888","HISEQ13:138:C6FWNANXX:2:2207:7449:21108_1:107330041",1.5e-14
"19889","HISEQ13:138:C6FWNANXX:2:2214:12458:25834_1:118081041",1.5e-14
"19890","HISEQ13:138:C6FWNANXX:2:2311:14722:87874_1:138436504",1.5e-14
"19891","HISEQ13:138:C6FWNANXX:2:1215:2235:58991_1:47139274",1.5e-14
"19892","HISEQ13:138:C6FWNANXX:2:2107:5709:6241_1:83155889",1.5e-14
"19893","HISEQ13:138:C6FWNANXX:2:1208:16293:15487_1:35300949",1.5e-14
"19894","HISEQ13:138:C6FWNANXX:2:1316:4260:10821_1:72992315",1.5e-14
"19895","HISEQ13:138:C6FWNANXX:2:2103:17884:55293_1:78136671",1.5e-14
"19896","HISEQ13:138:C6FWNANXX:2:2203:1618:87749_1:102562836",1.5e-14
"19897","HISEQ13:138:C6FWNANXX:2:2307:3411:49284_1:131807010",1.5e-14
"19898","HISEQ13:138:C6FWNANXX:2:2308:17384:75302_1:133679859",1.5e-14
"19899","HISEQ13:138:C6FWNANXX:2:2313:21036:39400_1:140811534",1.5e-14
"19900","HISEQ13:138:C6FWNANXX:2:1213:5827:93955_1:44398821",1.5e-14
"19901","HISEQ13:138:C6FWNANXX:2:2209:17054:91087_1:111346315",1.5e-14
"19902","HISEQ13:138:C6FWNANXX:2:2307:8292:25417_1:131451598",1.5e-14
"19903","HISEQ13:138:C6FWNANXX:2:1306:7292:62554_1:57826409",1.5e-14
"19904","HISEQ13:138:C6FWNANXX:2:1210:19423:45465_1:38847057",1.5e-14
"19905","HISEQ13:138:C6FWNANXX:2:2107:20112:88787_1:84390089",1.5e-14
"19906","HISEQ13:138:C6FWNANXX:2:1104:11835:7623_1:4472322",1.5e-14
"19907","HISEQ13:138:C6FWNANXX:2:1114:13778:15069_1:19984378",1.5e-14
"19908","HISEQ13:138:C6FWNANXX:2:1313:5783:59320_1:68768300",1.5e-14
"19909","HISEQ13:138:C6FWNANXX:2:2208:19713:87508_1:109794688",1.5e-14
"19910","HISEQ13:138:C6FWNANXX:2:2301:8115:56775_1:123379247",1.5e-14
"19911","HISEQ13:138:C6FWNANXX:2:2304:13932:99823_1:128205779",1.5e-14
"19912","HISEQ13:138:C6FWNANXX:2:1304:9083:77821_1:55070708",1.5e-14
"19913","HISEQ13:138:C6FWNANXX:2:1312:19901:86199_1:67577173",1.5e-14
"19914","HISEQ13:138:C6FWNANXX:2:2203:12779:74028_1:102371912",1.5e-14
"19915","HISEQ13:138:C6FWNANXX:2:1108:11811:51429_1:11139111",1.5e-14
"19916","HISEQ13:138:C6FWNANXX:2:2213:9632:69902_1:117192058",1.5e-14
"19917","HISEQ13:138:C6FWNANXX:2:1203:5415:62075_1:28593652",1.5e-14
"19918","HISEQ13:138:C6FWNANXX:2:1314:4468:97249_1:71077349",1.5e-14
"19919","HISEQ13:138:C6FWNANXX:2:1209:6433:41693_1:37235005",1.5e-14
"19920","HISEQ13:138:C6FWNANXX:2:2110:19279:29776_1:87987547",1.5e-14
"19921","HISEQ13:138:C6FWNANXX:2:2210:9375:41583_1:112096033",1.5e-14
"19922","HISEQ13:138:C6FWNANXX:2:1209:7252:54957_1:37442062",1.5e-14
"19923","HISEQ13:138:C6FWNANXX:2:1106:7791:23412_1:7675241",1.5e-14
"19924","HISEQ13:138:C6FWNANXX:2:1112:7609:55867_1:17389748",1.5e-14
"19925","HISEQ13:138:C6FWNANXX:2:1304:6008:9430_1:54047889",1.5e-14
"19926","HISEQ13:138:C6FWNANXX:2:1312:17540:61212_1:67165255",1.5e-14
"19927","HISEQ13:138:C6FWNANXX:2:2111:10239:76752_1:90254030",1.5e-14
"19928","HISEQ13:138:C6FWNANXX:2:2308:3783:6917_1:132644097",1.5e-14
"19929","HISEQ13:138:C6FWNANXX:2:1107:14006:42838_1:9484156",1.5e-14
"19930","HISEQ13:138:C6FWNANXX:2:1210:20965:20427_1:38454610",1.5e-14
"19931","HISEQ13:138:C6FWNANXX:2:1302:3750:27999_1:51400410",1.5e-14
"19932","HISEQ13:138:C6FWNANXX:2:2302:17862:78293_1:125081228",1.5e-14
"19933","HISEQ13:138:C6FWNANXX:2:2303:6166:88808_1:126629352",1.5e-14
"19934","HISEQ13:138:C6FWNANXX:2:1206:12269:82940_1:33319521",1.5e-14
"19935","HISEQ13:138:C6FWNANXX:2:2109:17710:72846_1:87136672",1.5e-14
"19936","HISEQ13:138:C6FWNANXX:2:2311:6759:60324_1:137999423",1.5e-14
"19937","HISEQ13:138:C6FWNANXX:2:1108:13959:6963_1:10450287",1.5e-14
"19938","HISEQ13:138:C6FWNANXX:2:2206:12042:41232_1:106171760",1.5e-14
"19939","HISEQ13:138:C6FWNANXX:2:1310:12249:72819_1:64154527",1.5e-14
"19940","HISEQ13:138:C6FWNANXX:2:1301:15420:59396_1:50413270",1.5e-14
"19941","HISEQ13:138:C6FWNANXX:2:2302:2131:40982_1:124547672",1.5e-14
"19942","HISEQ13:138:C6FWNANXX:2:1101:7960:40717_1:571846",1.5e-14
"19943","HISEQ13:138:C6FWNANXX:2:1102:5386:69595_1:2458383",1.5e-14
"19944","HISEQ13:138:C6FWNANXX:2:1110:15903:65006_1:14472599",1.5e-14
"19945","HISEQ13:138:C6FWNANXX:2:1208:16772:93650_1:36509193",1.5e-14
"19946","HISEQ13:138:C6FWNANXX:2:1210:20541:15500_1:38375376",1.5e-14
"19947","HISEQ13:138:C6FWNANXX:2:1309:19624:17389_1:61712990",1.5e-14
"19948","HISEQ13:138:C6FWNANXX:2:2209:12406:58616_1:110850744",1.5e-14
"19949","HISEQ13:138:C6FWNANXX:2:1308:14851:78152_1:61113516",1.5e-14
"19950","HISEQ13:138:C6FWNANXX:2:2303:9271:43535_1:125989413",1.5e-14
"19951","HISEQ13:138:C6FWNANXX:2:1209:9228:82380_1:37873014",1.5e-14
"19952","HISEQ13:138:C6FWNANXX:2:2215:12803:82015_1:120627681",1.5e-14
"19953","HISEQ13:138:C6FWNANXX:2:2204:1778:56437_1:103528463",1.5e-14
"19954","HISEQ13:138:C6FWNANXX:2:2212:1484:76362_1:115711448",1.5e-14
"19955","HISEQ13:138:C6FWNANXX:2:1101:20571:25158_1:345058",1.5e-14
"19956","HISEQ13:138:C6FWNANXX:2:1308:19256:11085_1:60072930",1.5e-14
"19957","HISEQ13:138:C6FWNANXX:2:2205:15726:68675_1:105132037",1.5e-14
"19958","HISEQ13:138:C6FWNANXX:2:2304:17907:18827_1:127044278",1.5e-14
"19959","HISEQ13:138:C6FWNANXX:2:2105:2189:49678_1:80895708",1.5e-14
"19960","HISEQ13:138:C6FWNANXX:2:2310:15734:51359_1:136332342",1.5e-14
"19961","HISEQ13:138:C6FWNANXX:2:1106:19442:80047_1:8542949",1.5e-14
"19962","HISEQ13:138:C6FWNANXX:2:1209:9015:97409_1:38108200",1.5e-14
"19963","HISEQ13:138:C6FWNANXX:2:1310:4028:21217_1:63330482",1.5e-14
"19964","HISEQ13:138:C6FWNANXX:2:2114:16140:77839_1:94909715",1.5e-14
"19965","HISEQ13:138:C6FWNANXX:2:2304:10901:39773_1:127342937",1.5e-14
"19966","HISEQ13:138:C6FWNANXX:2:1312:13441:10739_1:66338327",1.5e-14
"19967","HISEQ13:138:C6FWNANXX:2:1215:4650:26051_1:46584762",1.5e-14
"19968","HISEQ13:138:C6FWNANXX:2:2202:19004:96668_1:101283006",1.5e-14
"19969","HISEQ13:138:C6FWNANXX:2:2113:15895:52577_1:92905185",1.5e-14
"19970","HISEQ13:138:C6FWNANXX:2:2213:12862:22496_1:116429552",1.5e-14
"19971","HISEQ13:138:C6FWNANXX:2:2311:14047:64303_1:138063961",1.5e-14
"19972","HISEQ13:138:C6FWNANXX:2:2216:8160:33237_1:121458549",1.6e-14
"19973","HISEQ13:138:C6FWNANXX:2:1110:5578:43507_1:14130098",1.6e-14
"19974","HISEQ13:138:C6FWNANXX:2:1114:11356:9062_1:19883406",1.6e-14
"19975","HISEQ13:138:C6FWNANXX:2:1307:16598:67717_1:59420106",1.6e-14
"19976","HISEQ13:138:C6FWNANXX:2:2202:9002:83300_1:101091180",1.6e-14
"19977","HISEQ13:138:C6FWNANXX:2:1101:5541:53801_1:766990",1.6e-14
"19978","HISEQ13:138:C6FWNANXX:2:2215:1269:87709_1:120716632",1.6e-14
"19979","HISEQ13:138:C6FWNANXX:2:2215:16623:11387_1:119460940",1.6e-14
"19980","HISEQ13:138:C6FWNANXX:2:1112:16390:94143_1:18016921",1.6e-14
"19981","HISEQ13:138:C6FWNANXX:2:2316:15606:38038_1:145669261",1.6e-14
"19982","HISEQ13:138:C6FWNANXX:2:1305:11581:91022_1:56755081",1.6e-14
"19983","HISEQ13:138:C6FWNANXX:2:2308:10703:69643_1:133591810",1.6e-14
"19984","HISEQ13:138:C6FWNANXX:2:2209:17075:93130_1:111376244",1.6e-14
"19985","HISEQ13:138:C6FWNANXX:2:2113:4657:91451_1:93523878",1.6e-14
"19986","HISEQ13:138:C6FWNANXX:2:1301:16168:27911_1:49951069",1.6e-14
"19987","HISEQ13:138:C6FWNANXX:2:2309:17197:100238_1:135561639",1.6e-14
"19988","HISEQ13:138:C6FWNANXX:2:2101:19936:39710_1:75100447",1.6e-14
"19989","HISEQ13:138:C6FWNANXX:2:2207:1292:38569_1:107585101",1.6e-14
"19990","HISEQ13:138:C6FWNANXX:2:2314:11825:80462_1:143090424",1.6e-14
"19991","HISEQ13:138:C6FWNANXX:2:2110:8790:81265_1:88771490",1.6e-14
"19992","HISEQ13:138:C6FWNANXX:2:2211:2994:49392_1:113738438",1.6e-14
"19993","HISEQ13:138:C6FWNANXX:2:2116:4775:12827_1:97072708",1.6e-14
"19994","HISEQ13:138:C6FWNANXX:2:2212:14334:95269_1:116017773",1.6e-14
"19995","HISEQ13:138:C6FWNANXX:2:1308:8800:59634_1:60822897",1.6e-14
"19996","HISEQ13:138:C6FWNANXX:2:2316:18200:62936_1:146087397",1.6e-14
"19997","HISEQ13:138:C6FWNANXX:2:1112:9049:93022_1:17998747",1.6e-14
"19998","HISEQ13:138:C6FWNANXX:2:1202:10566:68257_1:27233456",1.6e-14
"19999","HISEQ13:138:C6FWNANXX:2:1302:14881:26467_1:51380305",1.6e-14
"20000","HISEQ13:138:C6FWNANXX:2:1316:6977:88118_1:74341371",1.6e-14
"20001","HISEQ13:138:C6FWNANXX:2:1208:10549:10331_1:35222707",1.6e-14
"20002","HISEQ13:138:C6FWNANXX:2:1211:1833:80667_1:40976233",1.6e-14
"20003","HISEQ13:138:C6FWNANXX:2:2211:8052:71801_1:114090292",1.6e-14
"20004","HISEQ13:138:C6FWNANXX:2:1114:6379:45407_1:20489661",1.6e-14
"20005","HISEQ13:138:C6FWNANXX:2:1305:4491:57265_1:56245647",1.6e-14
"20006","HISEQ13:138:C6FWNANXX:2:1307:9265:68360_1:59430486",1.6e-14
"20007","HISEQ13:138:C6FWNANXX:2:2211:12471:52020_1:113783245",1.6e-14
"20008","HISEQ13:138:C6FWNANXX:2:2216:14623:69523_1:122078253",1.6e-14
"20009","HISEQ13:138:C6FWNANXX:2:2311:13167:54907_1:137914091",1.6e-14
"20010","HISEQ13:138:C6FWNANXX:2:1212:7283:11404_1:41441302",1.6e-14
"20011","HISEQ13:138:C6FWNANXX:2:2306:19031:68412_1:130631067",1.6e-14
"20012","HISEQ13:138:C6FWNANXX:2:1216:4496:12255_1:48033749",1.6e-14
"20013","HISEQ13:138:C6FWNANXX:2:1314:12957:68509_1:70594266",1.6e-14
"20014","HISEQ13:138:C6FWNANXX:2:2209:2153:39086_1:110552755",1.6e-14
"20015","HISEQ13:138:C6FWNANXX:2:1108:10546:85871_1:11679176",1.6e-14
"20016","HISEQ13:138:C6FWNANXX:2:2316:8614:69188_1:146190990",1.6e-14
"20017","HISEQ13:138:C6FWNANXX:2:2315:4400:88366_1:144848459",1.6e-14
"20018","HISEQ13:138:C6FWNANXX:2:2314:11886:50905_1:142603574",1.6e-14
"20019","HISEQ13:138:C6FWNANXX:2:1314:20241:89059_1:70945081",1.6e-14
"20020","HISEQ13:138:C6FWNANXX:2:2111:14325:62128_1:90009864",1.6e-14
"20021","HISEQ13:138:C6FWNANXX:2:2208:11575:93495_1:109879835",1.6e-14
"20022","HISEQ13:138:C6FWNANXX:2:1312:10913:1929_1:66196364",1.6e-14
"20023","HISEQ13:138:C6FWNANXX:2:2116:9662:70029_1:98018003",1.6e-14
"20024","HISEQ13:138:C6FWNANXX:2:1109:4430:28991_1:12335089",1.6e-14
"20025","HISEQ13:138:C6FWNANXX:2:2211:11546:96321_1:114476117",1.6e-14
"20026","HISEQ13:138:C6FWNANXX:2:2306:13276:56261_1:130452791",1.6e-14
"20027","HISEQ13:138:C6FWNANXX:2:1304:12400:62642_1:54843878",1.6e-14
"20028","HISEQ13:138:C6FWNANXX:2:2114:11436:78750_1:94924854",1.6e-14
"20029","HISEQ13:138:C6FWNANXX:2:1114:3857:11819_1:19927726",1.6e-14
"20030","HISEQ13:138:C6FWNANXX:2:1107:8924:94449_1:10273434",1.6e-14
"20031","HISEQ13:138:C6FWNANXX:2:1113:20662:46425_1:18858478",1.6e-14
"20032","HISEQ13:138:C6FWNANXX:2:1101:8479:98664_1:1429079",1.6e-14
"20033","HISEQ13:138:C6FWNANXX:2:1210:2679:49677_1:38910139",1.6e-14
"20034","HISEQ13:138:C6FWNANXX:2:1108:16439:25318_1:10736541",1.6e-14
"20035","HISEQ13:138:C6FWNANXX:2:1208:9884:100249_1:36608916",1.6e-14
"20036","HISEQ13:138:C6FWNANXX:2:1310:3149:40987_1:63644322",1.6e-14
"20037","HISEQ13:138:C6FWNANXX:2:2115:7190:97787_1:96844178",1.6e-14
"20038","HISEQ13:138:C6FWNANXX:2:2107:18007:85159_1:84333834",1.6e-14
"20039","HISEQ13:138:C6FWNANXX:2:1107:12032:13461_1:9032320",1.6e-14
"20040","HISEQ13:138:C6FWNANXX:2:1213:21342:89663_1:44332223",1.6e-14
"20041","HISEQ13:138:C6FWNANXX:2:1312:1965:86916_1:67585919",1.6e-14
"20042","HISEQ13:138:C6FWNANXX:2:2208:4307:5808_1:108565488",1.6e-14
"20043","HISEQ13:138:C6FWNANXX:2:2315:13589:50908_1:144233830",1.6e-14
"20044","HISEQ13:138:C6FWNANXX:2:1107:15557:84700_1:10124958",1.7e-14
"20045","HISEQ13:138:C6FWNANXX:2:2312:15234:94629_1:140110399",1.7e-14
"20046","HISEQ13:138:C6FWNANXX:2:1308:20147:59055_1:60817328",1.7e-14
"20047","HISEQ13:138:C6FWNANXX:2:1212:16750:39759_1:41887905",1.7e-14
"20048","HISEQ13:138:C6FWNANXX:2:1101:1524:75015_1:1080229",1.7e-14
"20049","HISEQ13:138:C6FWNANXX:2:2111:2752:59158_1:89958290",1.7e-14
"20050","HISEQ13:138:C6FWNANXX:2:2105:16428:59320_1:81039385",1.7e-14
"20051","HISEQ13:138:C6FWNANXX:2:2201:2658:51915_1:99234944",1.7e-14
"20052","HISEQ13:138:C6FWNANXX:2:1116:3345:6667_1:23181931",1.7e-14
"20053","HISEQ13:138:C6FWNANXX:2:1112:17955:35150_1:17056038",1.7e-14
"20054","HISEQ13:138:C6FWNANXX:2:1302:3196:55656_1:51808899",1.7e-14
"20055","HISEQ13:138:C6FWNANXX:2:2310:4199:95258_1:137002419",1.7e-14
"20056","HISEQ13:138:C6FWNANXX:2:2212:14973:61072_1:115471589",1.7e-14
"20057","HISEQ13:138:C6FWNANXX:2:1310:7082:74690_1:64180647",1.7e-14
"20058","HISEQ13:138:C6FWNANXX:2:2308:19744:73863_1:133657567",1.7e-14
"20059","HISEQ13:138:C6FWNANXX:2:2215:13705:13623_1:119497384",1.7e-14
"20060","HISEQ13:138:C6FWNANXX:2:2315:10569:30597_1:143898499",1.7e-14
"20061","HISEQ13:138:C6FWNANXX:2:2207:3261:64529_1:107969851",1.7e-14
"20062","HISEQ13:138:C6FWNANXX:2:1313:13656:22216_1:68150700",1.7e-14
"20063","HISEQ13:138:C6FWNANXX:2:2116:18717:87267_1:98303911",1.7e-14
"20064","HISEQ13:138:C6FWNANXX:2:2205:13995:64944_1:105078344",1.7e-14
"20065","HISEQ13:138:C6FWNANXX:2:2113:7723:72756_1:93227738",1.7e-14
"20066","HISEQ13:138:C6FWNANXX:2:1205:4623:95792_1:32021937",1.7e-14
"20067","HISEQ13:138:C6FWNANXX:2:2311:4932:25124_1:137447449",1.7e-14
"20068","HISEQ13:138:C6FWNANXX:2:2102:11117:96240_1:77308893",1.7e-14
"20069","HISEQ13:138:C6FWNANXX:2:2214:8576:57778_1:118601933",1.7e-14
"20070","HISEQ13:138:C6FWNANXX:2:1110:16583:26954_1:13867943",1.7e-14
"20071","HISEQ13:138:C6FWNANXX:2:1102:9039:53675_1:2222743",1.7e-14
"20072","HISEQ13:138:C6FWNANXX:2:1302:12217:69247_1:52008672",1.7e-14
"20073","HISEQ13:138:C6FWNANXX:2:1309:7132:53507_1:62281885",1.7e-14
"20074","HISEQ13:138:C6FWNANXX:2:1115:21238:25226_1:21819030",1.7e-14
"20075","HISEQ13:138:C6FWNANXX:2:2108:6430:98042_1:86015458",1.7e-14
"20076","HISEQ13:138:C6FWNANXX:2:1314:21187:10986_1:69615557",1.7e-14
"20077","HISEQ13:138:C6FWNANXX:2:2311:11772:81108_1:138329399",1.7e-14
"20078","HISEQ13:138:C6FWNANXX:2:1203:4505:11993_1:27854469",1.7e-14
"20079","HISEQ13:138:C6FWNANXX:2:1314:5568:39461_1:70096036",1.7e-14
"20080","HISEQ13:138:C6FWNANXX:2:1315:6706:10543_1:71287267",1.7e-14
"20081","HISEQ13:138:C6FWNANXX:2:2309:9772:41143_1:134657244",1.7e-14
"20082","HISEQ13:138:C6FWNANXX:2:1109:11560:88730_1:13280586",1.7e-14
"20083","HISEQ13:138:C6FWNANXX:2:1114:20078:73548_1:20968179",1.7e-14
"20084","HISEQ13:138:C6FWNANXX:2:2102:3860:12875_1:76122690",1.7e-14
"20085","HISEQ13:138:C6FWNANXX:2:2204:1748:26834_1:103104411",1.8e-14
"20086","HISEQ13:138:C6FWNANXX:2:2312:2602:69640_1:139708359",1.8e-14
"20087","HISEQ13:138:C6FWNANXX:2:2213:8338:17645_1:116353385",1.8e-14
"20088","HISEQ13:138:C6FWNANXX:2:2213:9621:68735_1:117171820",1.8e-14
"20089","HISEQ13:138:C6FWNANXX:2:1301:16159:89213_1:50850742",1.8e-14
"20090","HISEQ13:138:C6FWNANXX:2:2205:7066:34817_1:104642312",1.8e-14
"20091","HISEQ13:138:C6FWNANXX:2:2315:4222:78332_1:144682728",1.8e-14
"20092","HISEQ13:138:C6FWNANXX:2:1307:14076:2375_1:58416248",1.8e-14
"20093","HISEQ13:138:C6FWNANXX:2:1308:10280:29844_1:60360013",1.8e-14
"20094","HISEQ13:138:C6FWNANXX:2:1310:6489:27258_1:63430060",1.8e-14
"20095","HISEQ13:138:C6FWNANXX:2:2210:17947:61149_1:112396020",1.8e-14
"20096","HISEQ13:138:C6FWNANXX:2:1305:11561:98563_1:56868903",1.8e-14
"20097","HISEQ13:138:C6FWNANXX:2:2208:20897:33296_1:108978510",1.8e-14
"20098","HISEQ13:138:C6FWNANXX:2:2210:3225:49807_1:112220837",1.8e-14
"20099","HISEQ13:138:C6FWNANXX:2:2303:17265:17043_1:125614361",1.8e-14
"20100","HISEQ13:138:C6FWNANXX:2:2108:15168:78037_1:85714497",1.8e-14
"20101","HISEQ13:138:C6FWNANXX:2:2210:4678:73810_1:112587305",1.8e-14
"20102","HISEQ13:138:C6FWNANXX:2:2316:18929:33688_1:145593420",1.8e-14
"20103","HISEQ13:138:C6FWNANXX:2:2110:17653:25515_1:87922516",1.8e-14
"20104","HISEQ13:138:C6FWNANXX:2:1110:16583:26954_1:13867944",1.8e-14
"20105","HISEQ13:138:C6FWNANXX:2:2111:13889:7012_1:89146939",1.8e-14
"20106","HISEQ13:138:C6FWNANXX:2:2209:4722:46467_1:110662667",1.8e-14
"20107","HISEQ13:138:C6FWNANXX:2:1311:18355:70887_1:65708400",1.8e-14
"20108","HISEQ13:138:C6FWNANXX:2:1316:7050:69006_1:74009360",1.8e-14
"20109","HISEQ13:138:C6FWNANXX:2:2109:9817:16804_1:86283481",1.8e-14
"20110","HISEQ13:138:C6FWNANXX:2:2116:14298:42344_1:97564134",1.8e-14
"20111","HISEQ13:138:C6FWNANXX:2:1209:19829:25770_1:36993291",1.8e-14
"20112","HISEQ13:138:C6FWNANXX:2:2210:17302:69539_1:112524784",1.8e-14
"20113","HISEQ13:138:C6FWNANXX:2:1114:13159:17278_1:20022243",1.8e-14
"20114","HISEQ13:138:C6FWNANXX:2:2201:18876:90800_1:99793173",1.8e-14
"20115","HISEQ13:138:C6FWNANXX:2:1207:9493:87952_1:34896651",1.8e-14
"20116","HISEQ13:138:C6FWNANXX:2:2211:19172:27800_1:113404760",1.8e-14
"20117","HISEQ13:138:C6FWNANXX:2:1310:6631:50690_1:63800542",1.8e-14
"20118","HISEQ13:138:C6FWNANXX:2:1207:6792:75201_1:34701929",1.8e-14
"20119","HISEQ13:138:C6FWNANXX:2:1215:7818:31363_1:46675027",1.8e-14
"20120","HISEQ13:138:C6FWNANXX:2:1116:3223:21315_1:23435493",1.8e-14
"20121","HISEQ13:138:C6FWNANXX:2:1214:3568:91680_1:46020106",1.8e-14
"20122","HISEQ13:138:C6FWNANXX:2:2301:10080:90104_1:123849385",1.8e-14
"20123","HISEQ13:138:C6FWNANXX:2:2316:13552:43740_1:145761382",1.8e-14
"20124","HISEQ13:138:C6FWNANXX:2:2215:1261:44897_1:120009801",1.8e-14
"20125","HISEQ13:138:C6FWNANXX:2:2310:2370:3767_1:135597280",1.8e-14
"20126","HISEQ13:138:C6FWNANXX:2:1110:15652:33546_1:13973995",1.8e-14
"20127","HISEQ13:138:C6FWNANXX:2:1203:18607:30415_1:28130381",1.8e-14
"20128","HISEQ13:138:C6FWNANXX:2:1303:7865:26236_1:52832947",1.8e-14
"20129","HISEQ13:138:C6FWNANXX:2:1311:4102:91107_1:66037875",1.8e-14
"20130","HISEQ13:138:C6FWNANXX:2:1116:4691:70028_1:24272168",1.8e-14
"20131","HISEQ13:138:C6FWNANXX:2:1206:18923:46534_1:32773293",1.8e-14
"20132","HISEQ13:138:C6FWNANXX:2:2208:6592:98454_1:109955006",1.8e-14
"20133","HISEQ13:138:C6FWNANXX:2:2212:7390:30342_1:114984563",1.8e-14
"20134","HISEQ13:138:C6FWNANXX:2:1107:20373:98230_1:10333584",1.8e-14
"20135","HISEQ13:138:C6FWNANXX:2:1201:13487:93073_1:26146355",1.8e-14
"20136","HISEQ13:138:C6FWNANXX:2:2114:12396:5653_1:93736316",1.8e-14
"20137","HISEQ13:138:C6FWNANXX:2:2115:1554:22548_1:95615321",1.8e-14
"20138","HISEQ13:138:C6FWNANXX:2:1211:10492:48548_1:40462167",1.8e-14
"20139","HISEQ13:138:C6FWNANXX:2:1211:16033:11592_1:39868834",1.8e-14
"20140","HISEQ13:138:C6FWNANXX:2:1215:17854:50757_1:47006640",1.8e-14
"20141","HISEQ13:138:C6FWNANXX:2:1216:16390:78718_1:49184528",1.8e-14
"20142","HISEQ13:138:C6FWNANXX:2:2105:4550:25482_1:80543796",1.8e-14
"20143","HISEQ13:138:C6FWNANXX:2:2112:1381:70682_1:91616813",1.8e-14
"20144","HISEQ13:138:C6FWNANXX:2:2206:12767:77470_1:106706018",1.8e-14
"20145","HISEQ13:138:C6FWNANXX:2:2206:16155:70883_1:106610857",1.8e-14
"20146","HISEQ13:138:C6FWNANXX:2:1214:12068:99781_1:46160645",1.8e-14
"20147","HISEQ13:138:C6FWNANXX:2:1112:14042:73701_1:17680344",1.8e-14
"20148","HISEQ13:138:C6FWNANXX:2:1113:9695:64100_1:19150272",1.8e-14
"20149","HISEQ13:138:C6FWNANXX:2:1202:8038:49014_1:26950381",1.8e-14
"20150","HISEQ13:138:C6FWNANXX:2:1216:13257:8905_1:47975217",1.8e-14
"20151","HISEQ13:138:C6FWNANXX:2:1309:18606:9802_1:61595198",1.8e-14
"20152","HISEQ13:138:C6FWNANXX:2:2304:14397:50739_1:127497870",1.8e-14
"20153","HISEQ13:138:C6FWNANXX:2:2312:16520:25924_1:139019230",1.8e-14
"20154","HISEQ13:138:C6FWNANXX:2:2313:4421:83923_1:141529200",1.8e-14
"20155","HISEQ13:138:C6FWNANXX:2:1212:12890:8097_1:41399232",1.8e-14
"20156","HISEQ13:138:C6FWNANXX:2:2316:9504:4366_1:145096763",1.8e-14
"20157","HISEQ13:138:C6FWNANXX:2:1316:9788:33468_1:73384029",1.8e-14
"20158","HISEQ13:138:C6FWNANXX:2:2102:7008:71865_1:76960474",1.8e-14
"20159","HISEQ13:138:C6FWNANXX:2:2206:12197:54879_1:106373562",1.8e-14
"20160","HISEQ13:138:C6FWNANXX:2:2214:11130:20871_1:117999256",1.8e-14
"20161","HISEQ13:138:C6FWNANXX:2:2310:7014:22293_1:135883240",1.8e-14
"20162","HISEQ13:138:C6FWNANXX:2:2109:4083:94088_1:87456767",1.8e-14
"20163","HISEQ13:138:C6FWNANXX:2:2205:3922:34622_1:104638043",1.8e-14
"20164","HISEQ13:138:C6FWNANXX:2:1108:7870:42706_1:11002017",1.8e-14
"20165","HISEQ13:138:C6FWNANXX:2:2308:12876:92284_1:133935601",1.8e-14
"20166","HISEQ13:138:C6FWNANXX:2:1107:20781:13822_1:9041746",1.8e-14
"20167","HISEQ13:138:C6FWNANXX:2:1115:19872:64697_1:22487334",1.8e-14
"20168","HISEQ13:138:C6FWNANXX:2:1213:15935:82987_1:44219451",1.8e-14
"20169","HISEQ13:138:C6FWNANXX:2:1308:20181:58029_1:60801528",1.8e-14
"20170","HISEQ13:138:C6FWNANXX:2:2110:18969:18317_1:87811682",1.8e-14
"20171","HISEQ13:138:C6FWNANXX:2:2308:11221:45781_1:133232858",1.8e-14
"20172","HISEQ13:138:C6FWNANXX:2:2313:7005:62622_1:141185022",1.8e-14
"20173","HISEQ13:138:C6FWNANXX:2:2312:3857:73206_1:139764922",1.8e-14
"20174","HISEQ13:138:C6FWNANXX:2:1207:18944:65044_1:34550579",1.8e-14
"20175","HISEQ13:138:C6FWNANXX:2:2314:18693:94529_1:143325374",1.8e-14
"20176","HISEQ13:138:C6FWNANXX:2:1105:15617:50419_1:6591166",1.8e-14
"20177","HISEQ13:138:C6FWNANXX:2:1112:5200:36565_1:17077796",1.8e-14
"20178","HISEQ13:138:C6FWNANXX:2:2215:16192:47119_1:120049131",1.8e-14
"20179","HISEQ13:138:C6FWNANXX:2:2216:5522:19812_1:121235298",1.8e-14
"20180","HISEQ13:138:C6FWNANXX:2:2301:5306:2203_1:122606063",1.8e-14
"20181","HISEQ13:138:C6FWNANXX:2:2316:17746:78465_1:146348263",1.8e-14
"20182","HISEQ13:138:C6FWNANXX:2:1108:16093:89338_1:11735403",1.8e-14
"20183","HISEQ13:138:C6FWNANXX:2:1111:2701:54766_1:15877475",1.8e-14
"20184","HISEQ13:138:C6FWNANXX:2:1213:13118:82837_1:44218860",1.8e-14
"20185","HISEQ13:138:C6FWNANXX:2:1316:13986:100262_1:74554439",1.8e-14
"20186","HISEQ13:138:C6FWNANXX:2:1202:5551:23709_1:26576532",1.9e-14
"20187","HISEQ13:138:C6FWNANXX:2:2206:20029:46416_1:106250316",1.9e-14
"20188","HISEQ13:138:C6FWNANXX:2:1109:15449:48611_1:12647517",1.9e-14
"20189","HISEQ13:138:C6FWNANXX:2:2203:7050:91105_1:102613531",1.9e-14
"20190","HISEQ13:138:C6FWNANXX:2:1301:5658:77659_1:50680138",1.9e-14
"20191","HISEQ13:138:C6FWNANXX:2:1314:7434:48521_1:70253706",1.9e-14
"20192","HISEQ13:138:C6FWNANXX:2:1310:8253:89353_1:64414442",1.9e-14
"20193","HISEQ13:138:C6FWNANXX:2:1115:18533:8209_1:21530681",1.9e-14
"20194","HISEQ13:138:C6FWNANXX:2:1211:10403:97221_1:41245913",1.9e-14
"20195","HISEQ13:138:C6FWNANXX:2:2106:7500:71466_1:82661872",1.9e-14
"20196","HISEQ13:138:C6FWNANXX:2:1315:4316:70522_1:72314026",1.9e-14
"20197","HISEQ13:138:C6FWNANXX:2:1114:16767:29473_1:20223540",1.9e-14
"20198","HISEQ13:138:C6FWNANXX:2:1215:21097:50893_1:47007319",1.9e-14
"20199","HISEQ13:138:C6FWNANXX:2:1302:15113:13297_1:51189716",1.9e-14
"20200","HISEQ13:138:C6FWNANXX:2:2211:6747:95004_1:114455187",1.9e-14
"20201","HISEQ13:138:C6FWNANXX:2:2105:9333:28140_1:80584873",1.9e-14
"20202","HISEQ13:138:C6FWNANXX:2:1315:11669:18016_1:71415694",1.9e-14
"20203","HISEQ13:138:C6FWNANXX:2:1310:1499:51057_1:63807541",1.9e-14
"20204","HISEQ13:138:C6FWNANXX:2:1306:11211:28588_1:57308453",1.9e-14
"20205","HISEQ13:138:C6FWNANXX:2:1206:2256:86100_1:33366835",1.9e-14
"20206","HISEQ13:138:C6FWNANXX:2:1301:11552:86241_1:50805775",1.9e-14
"20207","HISEQ13:138:C6FWNANXX:2:2108:6267:36388_1:85082193",1.9e-14
"20208","HISEQ13:138:C6FWNANXX:2:2316:12383:60626_1:146048181",1.9e-14
"20209","HISEQ13:138:C6FWNANXX:2:2316:11299:37642_1:145659973",1.9e-14
"20210","HISEQ13:138:C6FWNANXX:2:1205:12456:94243_1:31997390",1.9e-14
"20211","HISEQ13:138:C6FWNANXX:2:2216:18502:21542_1:121266860",1.9e-14
"20212","HISEQ13:138:C6FWNANXX:2:1308:12820:92353_1:61337307",1.9e-14
"20213","HISEQ13:138:C6FWNANXX:2:1316:19430:58200_1:73819388",1.9e-14
"20214","HISEQ13:138:C6FWNANXX:2:1210:10541:29044_1:38590267",1.9e-14
"20215","HISEQ13:138:C6FWNANXX:2:2214:5607:84948_1:119044359",1.9e-14
"20216","HISEQ13:138:C6FWNANXX:2:1301:20124:24469_1:49900423",1.9e-14
"20217","HISEQ13:138:C6FWNANXX:2:2114:2207:49160_1:94437979",1.9e-14
"20218","HISEQ13:138:C6FWNANXX:2:2110:10923:71448_1:88619367",1.9e-14
"20219","HISEQ13:138:C6FWNANXX:2:1109:2464:88804_1:13282612",1.9e-14
"20220","HISEQ13:138:C6FWNANXX:2:1212:8670:12116_1:41451417",1.9e-14
"20221","HISEQ13:138:C6FWNANXX:2:1210:20965:20427_1:38454611",1.9e-14
"20222","HISEQ13:138:C6FWNANXX:2:1302:15303:87666_1:52282331",1.9e-14
"20223","HISEQ13:138:C6FWNANXX:2:1302:3750:27999_1:51400409",1.9e-14
"20224","HISEQ13:138:C6FWNANXX:2:1311:6641:41523_1:65231567",1.9e-14
"20225","HISEQ13:138:C6FWNANXX:2:1316:21215:19113_1:73139849",1.9e-14
"20226","HISEQ13:138:C6FWNANXX:2:2107:7047:13411_1:83264779",1.9e-14
"20227","HISEQ13:138:C6FWNANXX:2:2111:7985:33817_1:89560931",1.9e-14
"20228","HISEQ13:138:C6FWNANXX:2:2315:3964:89570_1:144869103",1.9e-14
"20229","HISEQ13:138:C6FWNANXX:2:1212:16567:81372_1:42565922",1.9e-14
"20230","HISEQ13:138:C6FWNANXX:2:2103:19999:83099_1:78531084",1.9e-14
"20231","HISEQ13:138:C6FWNANXX:2:2302:16095:26579_1:124350600",1.9e-14
"20232","HISEQ13:138:C6FWNANXX:2:1206:2631:44118_1:32732363",1.9e-14
"20233","HISEQ13:138:C6FWNANXX:2:2206:15993:91794_1:106916987",1.9e-14
"20234","HISEQ13:138:C6FWNANXX:2:1116:6186:17021_1:23363287",1.9e-14
"20235","HISEQ13:138:C6FWNANXX:2:2216:12167:61142_1:121933062",1.9e-14
"20236","HISEQ13:138:C6FWNANXX:2:1115:21124:90456_1:22925358",1.9e-14
"20237","HISEQ13:138:C6FWNANXX:2:1214:1384:26860_1:44931345",1.9e-14
"20238","HISEQ13:138:C6FWNANXX:2:1212:9329:18188_1:41535838",1.9e-14
"20239","HISEQ13:138:C6FWNANXX:2:1215:17082:40581_1:46833455",1.9e-14
"20240","HISEQ13:138:C6FWNANXX:2:1214:1490:14625_1:44725847",1.9e-14
"20241","HISEQ13:138:C6FWNANXX:2:1215:12577:3027_1:46196626",1.9e-14
"20242","HISEQ13:138:C6FWNANXX:2:1303:16705:11641_1:52619825",1.9e-14
"20243","HISEQ13:138:C6FWNANXX:2:2314:18693:94529_1:143325373",1.9e-14
"20244","HISEQ13:138:C6FWNANXX:2:1111:20785:85478_1:16412941",2e-14
"20245","HISEQ13:138:C6FWNANXX:2:2101:11576:91445_1:75834391",2e-14
"20246","HISEQ13:138:C6FWNANXX:2:2104:16534:95065_1:80124063",2e-14
"20247","HISEQ13:138:C6FWNANXX:2:2107:4785:25376_1:83442486",2e-14
"20248","HISEQ13:138:C6FWNANXX:2:2310:7014:22293_1:135883241",2e-14
"20249","HISEQ13:138:C6FWNANXX:2:1113:17606:40039_1:18755534",2e-14
"20250","HISEQ13:138:C6FWNANXX:2:1101:4166:12038_1:149000",2e-14
"20251","HISEQ13:138:C6FWNANXX:2:1316:7050:69006_1:74009359",2e-14
"20252","HISEQ13:138:C6FWNANXX:2:2105:4790:52584_1:80940066",2e-14
"20253","HISEQ13:138:C6FWNANXX:2:2314:20560:100063_1:143416051",2e-14
"20254","HISEQ13:138:C6FWNANXX:2:2107:11534:93532_1:84459451",2e-14
"20255","HISEQ13:138:C6FWNANXX:2:1103:5759:26760_1:3291322",2e-14
"20256","HISEQ13:138:C6FWNANXX:2:1311:10930:63862_1:65593175",2e-14
"20257","HISEQ13:138:C6FWNANXX:2:1310:16738:54248_1:63858954",2e-14
"20258","HISEQ13:138:C6FWNANXX:2:2101:10831:46158_1:75191658",2e-14
"20259","HISEQ13:138:C6FWNANXX:2:2208:6592:98454_1:109955005",2e-14
"20260","HISEQ13:138:C6FWNANXX:2:2201:9311:68029_1:99468582",2e-14
"20261","HISEQ13:138:C6FWNANXX:2:2315:11475:94108_1:144946208",2e-14
"20262","HISEQ13:138:C6FWNANXX:2:1113:18169:7207_1:18213417",2e-14
"20263","HISEQ13:138:C6FWNANXX:2:1305:6886:34123_1:55895371",2e-14
"20264","HISEQ13:138:C6FWNANXX:2:1316:9821:75076_1:74114896",2e-14
"20265","HISEQ13:138:C6FWNANXX:2:2301:4659:81736_1:123728351",2e-14
"20266","HISEQ13:138:C6FWNANXX:2:1216:5000:41236_1:48531269",2e-14
"20267","HISEQ13:138:C6FWNANXX:2:2316:7751:59723_1:146030415",2e-14
"20268","HISEQ13:138:C6FWNANXX:2:1114:14729:31292_1:20256604",2e-14
"20269","HISEQ13:138:C6FWNANXX:2:2113:15077:53089_1:92913248",2e-14
"20270","HISEQ13:138:C6FWNANXX:2:1312:3000:11683_1:66352762",2e-14
"20271","HISEQ13:138:C6FWNANXX:2:2213:12819:40138_1:116713567",2e-14
"20272","HISEQ13:138:C6FWNANXX:2:1109:7418:67407_1:12943769",2e-14
"20273","HISEQ13:138:C6FWNANXX:2:1209:16592:31271_1:37077625",2e-14
"20274","HISEQ13:138:C6FWNANXX:2:1209:20298:45658_1:37300010",2e-14
"20275","HISEQ13:138:C6FWNANXX:2:2101:3819:93221_1:75857814",2e-14
"20276","HISEQ13:138:C6FWNANXX:2:2107:9922:8534_1:83194224",2e-14
"20277","HISEQ13:138:C6FWNANXX:2:1110:19826:19793_1:13758161",2e-14
"20278","HISEQ13:138:C6FWNANXX:2:2108:10489:10758_1:84700635",2e-14
"20279","HISEQ13:138:C6FWNANXX:2:2312:6939:58723_1:139535081",2e-14
"20280","HISEQ13:138:C6FWNANXX:2:1312:15112:83918_1:67539388",2e-14
"20281","HISEQ13:138:C6FWNANXX:2:2315:6537:74958_1:144625679",2e-14
"20282","HISEQ13:138:C6FWNANXX:2:1211:19755:55683_1:40577454",2e-14
"20283","HISEQ13:138:C6FWNANXX:2:2214:9179:66144_1:118737966",2e-14
"20284","HISEQ13:138:C6FWNANXX:2:1214:2518:64444_1:45561400",2e-14
"20285","HISEQ13:138:C6FWNANXX:2:1304:7580:98137_1:55374326",2e-14
"20286","HISEQ13:138:C6FWNANXX:2:1314:10611:59942_1:70445126",2e-14
"20287","HISEQ13:138:C6FWNANXX:2:2107:9729:48599_1:83787736",2e-14
"20288","HISEQ13:138:C6FWNANXX:2:2109:20497:47413_1:86748228",2e-14
"20289","HISEQ13:138:C6FWNANXX:2:1310:19361:67844_1:64076687",2e-14
"20290","HISEQ13:138:C6FWNANXX:2:2109:19874:62566_1:86981162",2e-14
"20291","HISEQ13:138:C6FWNANXX:2:2201:18112:55870_1:99294543",2e-14
"20292","HISEQ13:138:C6FWNANXX:2:1105:15613:27174_1:6241488",2e-14
"20293","HISEQ13:138:C6FWNANXX:2:1309:21014:70267_1:62551157",2e-14
"20294","HISEQ13:138:C6FWNANXX:2:2305:7686:35099_1:128696962",2e-14
"20295","HISEQ13:138:C6FWNANXX:2:2315:17738:49247_1:144206168",2e-14
"20296","HISEQ13:138:C6FWNANXX:2:1205:6533:92771_1:31977252",2e-14
"20297","HISEQ13:138:C6FWNANXX:2:1210:9433:61345_1:39094832",2e-14
"20298","HISEQ13:138:C6FWNANXX:2:1112:11532:48124_1:17265135",2e-14
"20299","HISEQ13:138:C6FWNANXX:2:2301:15683:95866_1:123932046",2e-14
"20300","HISEQ13:138:C6FWNANXX:2:2303:18385:79480_1:126497135",2e-14
"20301","HISEQ13:138:C6FWNANXX:2:2203:20389:59381_1:102162356",2e-14
"20302","HISEQ13:138:C6FWNANXX:2:1109:12476:27103_1:12308897",2.1e-14
"20303","HISEQ13:138:C6FWNANXX:2:1309:16294:50076_1:62228664",2.1e-14
"20304","HISEQ13:138:C6FWNANXX:2:2216:15241:4751_1:120986857",2.1e-14
"20305","HISEQ13:138:C6FWNANXX:2:2208:14379:17498_1:108738572",2.1e-14
"20306","HISEQ13:138:C6FWNANXX:2:2111:13745:71525_1:90166853",2.1e-14
"20307","HISEQ13:138:C6FWNANXX:2:1116:20424:12940_1:23293368",2.1e-14
"20308","HISEQ13:138:C6FWNANXX:2:1109:11693:51160_1:12686556",2.1e-14
"20309","HISEQ13:138:C6FWNANXX:2:1310:17725:33221_1:63523897",2.1e-14
"20310","HISEQ13:138:C6FWNANXX:2:1312:4957:75258_1:67396158",2.1e-14
"20311","HISEQ13:138:C6FWNANXX:2:2115:7793:35873_1:95831947",2.1e-14
"20312","HISEQ13:138:C6FWNANXX:2:2201:12549:58810_1:99336338",2.1e-14
"20313","HISEQ13:138:C6FWNANXX:2:1112:11471:53752_1:17358089",2.1e-14
"20314","HISEQ13:138:C6FWNANXX:2:1105:6354:92698_1:7223734",2.1e-14
"20315","HISEQ13:138:C6FWNANXX:2:1306:20081:23922_1:57237490",2.1e-14
"20316","HISEQ13:138:C6FWNANXX:2:2215:14533:62966_1:120309670",2.1e-14
"20317","HISEQ13:138:C6FWNANXX:2:2303:14527:70977_1:126376560",2.1e-14
"20318","HISEQ13:138:C6FWNANXX:2:2307:6144:92509_1:132450016",2.1e-14
"20319","HISEQ13:138:C6FWNANXX:2:1115:21124:90456_1:22925357",2.1e-14
"20320","HISEQ13:138:C6FWNANXX:2:1307:12873:34116_1:58903567",2.1e-14
"20321","HISEQ13:138:C6FWNANXX:2:1113:15073:55441_1:19006308",2.1e-14
"20322","HISEQ13:138:C6FWNANXX:2:1213:20295:83254_1:44228302",2.1e-14
"20323","HISEQ13:138:C6FWNANXX:2:1109:3263:10769_1:12051428",2.1e-14
"20324","HISEQ13:138:C6FWNANXX:2:1210:17826:73541_1:39287550",2.1e-14
"20325","HISEQ13:138:C6FWNANXX:2:1211:19076:94271_1:41202475",2.1e-14
"20326","HISEQ13:138:C6FWNANXX:2:1214:18845:61402_1:45513960",2.1e-14
"20327","HISEQ13:138:C6FWNANXX:2:1102:4944:22451_1:1762930",2.1e-14
"20328","HISEQ13:138:C6FWNANXX:2:2311:2512:38800_1:137662077",2.1e-14
"20329","HISEQ13:138:C6FWNANXX:2:1205:19268:54102_1:31399586",2.1e-14
"20330","HISEQ13:138:C6FWNANXX:2:2305:1510:8381_1:128308704",2.1e-14
"20331","HISEQ13:138:C6FWNANXX:2:2201:12048:94555_1:99844948",2.1e-14
"20332","HISEQ13:138:C6FWNANXX:2:1315:11689:67689_1:72264067",2.1e-14
"20333","HISEQ13:138:C6FWNANXX:2:1202:13273:25531_1:26607089",2.1e-14
"20334","HISEQ13:138:C6FWNANXX:2:2115:10519:40956_1:95913838",2.1e-14
"20335","HISEQ13:138:C6FWNANXX:2:2216:12411:8692_1:121049121",2.1e-14
"20336","HISEQ13:138:C6FWNANXX:2:1114:19036:38892_1:20383200",2.1e-14
"20337","HISEQ13:138:C6FWNANXX:2:2210:4392:22830_1:111809560",2.1e-14
"20338","HISEQ13:138:C6FWNANXX:2:2302:12877:59737_1:124814189",2.1e-14
"20339","HISEQ13:138:C6FWNANXX:2:2306:2141:15499_1:129847231",2.1e-14
"20340","HISEQ13:138:C6FWNANXX:2:1204:10212:49850_1:29861248",2.1e-14
"20341","HISEQ13:138:C6FWNANXX:2:2215:11324:19433_1:119591257",2.1e-14
"20342","HISEQ13:138:C6FWNANXX:2:1309:15349:17974_1:61720018",2.1e-14
"20343","HISEQ13:138:C6FWNANXX:2:1110:15632:70216_1:14551207",2.1e-14
"20344","HISEQ13:138:C6FWNANXX:2:1203:14897:44583_1:28339066",2.1e-14
"20345","HISEQ13:138:C6FWNANXX:2:1204:8125:31168_1:29582114",2.1e-14
"20346","HISEQ13:138:C6FWNANXX:2:1205:12086:47921_1:31304649",2.1e-14
"20347","HISEQ13:138:C6FWNANXX:2:1212:9926:29707_1:41720504",2.1e-14
"20348","HISEQ13:138:C6FWNANXX:2:2101:15795:65517_1:75469481",2.1e-14
"20349","HISEQ13:138:C6FWNANXX:2:2210:3394:12527_1:111652603",2.1e-14
"20350","HISEQ13:138:C6FWNANXX:2:2212:5029:88071_1:115900148",2.1e-14
"20351","HISEQ13:138:C6FWNANXX:2:2105:20289:11840_1:80351148",2.1e-14
"20352","HISEQ13:138:C6FWNANXX:2:2113:13892:5980_1:92160825",2.1e-14
"20353","HISEQ13:138:C6FWNANXX:2:1214:15473:72004_1:45694564",2.1e-14
"20354","HISEQ13:138:C6FWNANXX:2:1307:14136:22747_1:58727559",2.1e-14
"20355","HISEQ13:138:C6FWNANXX:2:1101:16873:9452_1:110533",2.1e-14
"20356","HISEQ13:138:C6FWNANXX:2:1312:15015:52667_1:67024655",2.1e-14
"20357","HISEQ13:138:C6FWNANXX:2:1102:10504:74010_1:2525919",2.1e-14
"20358","HISEQ13:138:C6FWNANXX:2:1304:3834:37491_1:54463358",2.1e-14
"20359","HISEQ13:138:C6FWNANXX:2:2204:12018:95087_1:104086650",2.1e-14
"20360","HISEQ13:138:C6FWNANXX:2:2215:16216:99169_1:120910743",2.1e-14
"20361","HISEQ13:138:C6FWNANXX:2:2308:18771:6478_1:132639350",2.1e-14
"20362","HISEQ13:138:C6FWNANXX:2:1316:15774:16930_1:73099417",2.1e-14
"20363","HISEQ13:138:C6FWNANXX:2:1202:11559:69750_1:27251810",2.1e-14
"20364","HISEQ13:138:C6FWNANXX:2:1314:4720:37709_1:70065860",2.1e-14
"20365","HISEQ13:138:C6FWNANXX:2:2209:17331:60605_1:110882191",2.1e-14
"20366","HISEQ13:138:C6FWNANXX:2:1314:4267:15751_1:69696184",2.1e-14
"20367","HISEQ13:138:C6FWNANXX:2:2106:16260:95072_1:83011496",2.1e-14
"20368","HISEQ13:138:C6FWNANXX:2:2313:19297:32888_1:140705453",2.1e-14
"20369","HISEQ13:138:C6FWNANXX:2:1205:2530:56502_1:31433736",2.1e-14
"20370","HISEQ13:138:C6FWNANXX:2:1211:20860:17147_1:39958438",2.1e-14
"20371","HISEQ13:138:C6FWNANXX:2:2116:8034:68829_1:97997649",2.1e-14
"20372","HISEQ13:138:C6FWNANXX:2:2203:7488:94048_1:102656854",2.1e-14
"20373","HISEQ13:138:C6FWNANXX:2:1212:14500:95684_1:42799842",2.1e-14
"20374","HISEQ13:138:C6FWNANXX:2:1302:14066:86827_1:52270842",2.1e-14
"20375","HISEQ13:138:C6FWNANXX:2:2104:2793:67675_1:79726179",2.1e-14
"20376","HISEQ13:138:C6FWNANXX:2:1208:5823:20068_1:35371729",2.1e-14
"20377","HISEQ13:138:C6FWNANXX:2:1309:20737:11239_1:61615256",2.1e-14
"20378","HISEQ13:138:C6FWNANXX:2:1315:11849:46073_1:71893666",2.1e-14
"20379","HISEQ13:138:C6FWNANXX:2:2209:12709:65843_1:110961220",2.1e-14
"20380","HISEQ13:138:C6FWNANXX:2:2316:3710:18036_1:145328467",2.1e-14
"20381","HISEQ13:138:C6FWNANXX:2:1112:13682:26838_1:16920765",2.1e-14
"20382","HISEQ13:138:C6FWNANXX:2:1311:9983:27902_1:65010433",2.1e-14
"20383","HISEQ13:138:C6FWNANXX:2:2106:8543:87570_1:82898845",2.1e-14
"20384","HISEQ13:138:C6FWNANXX:2:1208:21199:63757_1:36048573",2.2e-14
"20385","HISEQ13:138:C6FWNANXX:2:1111:19985:55970_1:15897818",2.2e-14
"20386","HISEQ13:138:C6FWNANXX:2:2305:14342:14118_1:128394587",2.2e-14
"20387","HISEQ13:138:C6FWNANXX:2:1109:20565:11082_1:12058764",2.2e-14
"20388","HISEQ13:138:C6FWNANXX:2:1102:9015:53209_1:2215408",2.2e-14
"20389","HISEQ13:138:C6FWNANXX:2:1213:14483:27506_1:43305055",2.2e-14
"20390","HISEQ13:138:C6FWNANXX:2:1303:1503:35612_1:52972076",2.2e-14
"20391","HISEQ13:138:C6FWNANXX:2:1303:16719:64459_1:53400583",2.2e-14
"20392","HISEQ13:138:C6FWNANXX:2:1315:6511:78372_1:72447063",2.2e-14
"20393","HISEQ13:138:C6FWNANXX:2:2114:16402:60760_1:94632583",2.2e-14
"20394","HISEQ13:138:C6FWNANXX:2:2201:14821:14395_1:98702848",2.2e-14
"20395","HISEQ13:138:C6FWNANXX:2:2216:9570:83083_1:122306398",2.2e-14
"20396","HISEQ13:138:C6FWNANXX:2:1116:18573:85733_1:24544175",2.2e-14
"20397","HISEQ13:138:C6FWNANXX:2:2101:3378:90386_1:75818678",2.2e-14
"20398","HISEQ13:138:C6FWNANXX:2:1106:5074:41731_1:7952172",2.2e-14
"20399","HISEQ13:138:C6FWNANXX:2:2102:19513:10738_1:76093690",2.2e-14
"20400","HISEQ13:138:C6FWNANXX:2:1113:8578:61365_1:19104334",2.2e-14
"20401","HISEQ13:138:C6FWNANXX:2:1308:19389:16406_1:60153546",2.2e-14
"20402","HISEQ13:138:C6FWNANXX:2:1113:9913:2887_1:18141447",2.2e-14
"20403","HISEQ13:138:C6FWNANXX:2:1212:16609:37341_1:41847476",2.2e-14
"20404","HISEQ13:138:C6FWNANXX:2:1304:11181:54265_1:54720093",2.2e-14
"20405","HISEQ13:138:C6FWNANXX:2:1305:17292:84381_1:56654182",2.2e-14
"20406","HISEQ13:138:C6FWNANXX:2:1112:18794:94087_1:18017421",2.2e-14
"20407","HISEQ13:138:C6FWNANXX:2:1116:9727:35188_1:23673539",2.2e-14
"20408","HISEQ13:138:C6FWNANXX:2:1312:12850:43323_1:66872965",2.2e-14
"20409","HISEQ13:138:C6FWNANXX:2:2102:7540:24749_1:76290211",2.2e-14
"20410","HISEQ13:138:C6FWNANXX:2:2107:4681:98961_1:84536604",2.2e-14
"20411","HISEQ13:138:C6FWNANXX:2:2113:12644:58429_1:92996408",2.2e-14
"20412","HISEQ13:138:C6FWNANXX:2:2116:20167:5120_1:96947715",2.2e-14
"20413","HISEQ13:138:C6FWNANXX:2:2202:4624:86011_1:101129715",2.2e-14
"20414","HISEQ13:138:C6FWNANXX:2:2208:18626:79523_1:109674079",2.2e-14
"20415","HISEQ13:138:C6FWNANXX:2:2312:4399:16045_1:138862386",2.2e-14
"20416","HISEQ13:138:C6FWNANXX:2:1308:14097:68532_1:60964114",2.2e-14
"20417","HISEQ13:138:C6FWNANXX:2:2216:11541:38179_1:121543105",2.2e-14
"20418","HISEQ13:138:C6FWNANXX:2:2313:7377:65163_1:141225981",2.2e-14
"20419","HISEQ13:138:C6FWNANXX:2:2108:10644:75159_1:85668623",2.2e-14
"20420","HISEQ13:138:C6FWNANXX:2:2110:4826:70244_1:88599105",2.2e-14
"20421","HISEQ13:138:C6FWNANXX:2:2116:3384:98642_1:98486658",2.2e-14
"20422","HISEQ13:138:C6FWNANXX:2:2201:19188:69643_1:99491725",2.2e-14
"20423","HISEQ13:138:C6FWNANXX:2:2214:2206:14784_1:117898821",2.2e-14
"20424","HISEQ13:138:C6FWNANXX:2:2107:17325:51528_1:83834180",2.2e-14
"20425","HISEQ13:138:C6FWNANXX:2:2112:1902:76763_1:91716819",2.2e-14
"20426","HISEQ13:138:C6FWNANXX:2:2201:2514:17240_1:98739594",2.2e-14
"20427","HISEQ13:138:C6FWNANXX:2:1203:21141:79152_1:28846708",2.2e-14
"20428","HISEQ13:138:C6FWNANXX:2:1308:2876:54260_1:60739219",2.2e-14
"20429","HISEQ13:138:C6FWNANXX:2:1313:12480:47661_1:68574047",2.2e-14
"20430","HISEQ13:138:C6FWNANXX:2:1105:8994:84049_1:7095925",2.2e-14
"20431","HISEQ13:138:C6FWNANXX:2:1204:7350:35197_1:29641255",2.2e-14
"20432","HISEQ13:138:C6FWNANXX:2:1304:8251:55829_1:54742103",2.2e-14
"20433","HISEQ13:138:C6FWNANXX:2:2302:8500:28431_1:124373895",2.2e-14
"20434","HISEQ13:138:C6FWNANXX:2:1109:18578:26644_1:12302134",2.2e-14
"20435","HISEQ13:138:C6FWNANXX:2:1212:17599:17952_1:41533739",2.2e-14
"20436","HISEQ13:138:C6FWNANXX:2:2104:6353:15004_1:78970970",2.2e-14
"20437","HISEQ13:138:C6FWNANXX:2:2312:20399:72158_1:139752323",2.2e-14
"20438","HISEQ13:138:C6FWNANXX:2:1204:20052:65753_1:30100541",2.2e-14
"20439","HISEQ13:138:C6FWNANXX:2:2304:17837:55906_1:127574429",2.2e-14
"20440","HISEQ13:138:C6FWNANXX:2:2114:16557:26023_1:94068926",2.2e-14
"20441","HISEQ13:138:C6FWNANXX:2:1206:11834:97393_1:33539475",2.2e-14
"20442","HISEQ13:138:C6FWNANXX:2:2115:13796:40922_1:95914525",2.2e-14
"20443","HISEQ13:138:C6FWNANXX:2:2214:19059:29073_1:118135069",2.2e-14
"20444","HISEQ13:138:C6FWNANXX:2:1103:17127:66309_1:3878136",2.2e-14
"20445","HISEQ13:138:C6FWNANXX:2:1115:3588:22900_1:21777255",2.2e-14
"20446","HISEQ13:138:C6FWNANXX:2:2201:3210:32267_1:98957759",2.2e-14
"20447","HISEQ13:138:C6FWNANXX:2:2105:15443:57951_1:81017780",2.2e-14
"20448","HISEQ13:138:C6FWNANXX:2:2106:1868:24914_1:81975354",2.2e-14
"20449","HISEQ13:138:C6FWNANXX:2:2110:2499:9243_1:87667167",2.2e-14
"20450","HISEQ13:138:C6FWNANXX:2:2314:12428:74302_1:142992134",2.2e-14
"20451","HISEQ13:138:C6FWNANXX:2:1312:11106:98458_1:67777558",2.2e-14
"20452","HISEQ13:138:C6FWNANXX:2:1107:18943:71253_1:9922341",2.2e-14
"20453","HISEQ13:138:C6FWNANXX:2:1109:20079:69454_1:12978106",2.2e-14
"20454","HISEQ13:138:C6FWNANXX:2:1211:11079:67397_1:40765517",2.2e-14
"20455","HISEQ13:138:C6FWNANXX:2:2208:20052:30354_1:108933911",2.2e-14
"20456","HISEQ13:138:C6FWNANXX:2:2211:19322:21779_1:113310031",2.2e-14
"20457","HISEQ13:138:C6FWNANXX:2:2111:7011:53487_1:89866699",2.2e-14
"20458","HISEQ13:138:C6FWNANXX:2:1313:12469:31082_1:68300054",2.2e-14
"20459","HISEQ13:138:C6FWNANXX:2:1114:18775:75418_1:20997049",2.2e-14
"20460","HISEQ13:138:C6FWNANXX:2:1301:5761:70860_1:50580788",2.2e-14
"20461","HISEQ13:138:C6FWNANXX:2:1310:15030:75778_1:64201969",2.2e-14
"20462","HISEQ13:138:C6FWNANXX:2:2113:16214:96660_1:93611267",2.2e-14
"20463","HISEQ13:138:C6FWNANXX:2:1108:18682:70364_1:11437487",2.2e-14
"20464","HISEQ13:138:C6FWNANXX:2:1110:10923:89253_1:14852180",2.2e-14
"20465","HISEQ13:138:C6FWNANXX:2:1311:2932:75882_1:65787619",2.2e-14
"20466","HISEQ13:138:C6FWNANXX:2:2107:21043:50385_1:83816363",2.2e-14
"20467","HISEQ13:138:C6FWNANXX:2:2108:17462:89601_1:85889035",2.2e-14
"20468","HISEQ13:138:C6FWNANXX:2:2309:9928:87859_1:135372658",2.2e-14
"20469","HISEQ13:138:C6FWNANXX:2:2316:18251:73333_1:146264510",2.2e-14
"20470","HISEQ13:138:C6FWNANXX:2:1213:3702:8559_1:42991758",2.2e-14
"20471","HISEQ13:138:C6FWNANXX:2:2306:11383:11074_1:129786432",2.2e-14
"20472","HISEQ13:138:C6FWNANXX:2:2310:9754:47618_1:136273241",2.3e-14
"20473","HISEQ13:138:C6FWNANXX:2:1313:15534:47920_1:68578859",2.3e-14
"20474","HISEQ13:138:C6FWNANXX:2:2203:1502:56286_1:102116280",2.3e-14
"20475","HISEQ13:138:C6FWNANXX:2:1208:11499:39037_1:35664378",2.3e-14
"20476","HISEQ13:138:C6FWNANXX:2:1307:18701:39081_1:58981255",2.3e-14
"20477","HISEQ13:138:C6FWNANXX:2:2201:3210:32267_1:98957758",2.3e-14
"20478","HISEQ13:138:C6FWNANXX:2:2306:12698:87312_1:130907744",2.3e-14
"20479","HISEQ13:138:C6FWNANXX:2:1108:21016:47090_1:11074804",2.3e-14
"20480","HISEQ13:138:C6FWNANXX:2:1216:11670:23307_1:48225213",2.3e-14
"20481","HISEQ13:138:C6FWNANXX:2:1310:13585:25499_1:63399467",2.3e-14
"20482","HISEQ13:138:C6FWNANXX:2:2204:19595:50889_1:103452279",2.3e-14
"20483","HISEQ13:138:C6FWNANXX:2:1309:7241:94062_1:62924188",2.3e-14
"20484","HISEQ13:138:C6FWNANXX:2:2108:4979:84521_1:85811125",2.3e-14
"20485","HISEQ13:138:C6FWNANXX:2:2310:14347:16370_1:135791369",2.3e-14
"20486","HISEQ13:138:C6FWNANXX:2:1215:3183:90846_1:47682555",2.3e-14
"20487","HISEQ13:138:C6FWNANXX:2:2203:17758:99847_1:102740795",2.3e-14
"20488","HISEQ13:138:C6FWNANXX:2:2116:9808:66563_1:97960497",2.3e-14
"20489","HISEQ13:138:C6FWNANXX:2:1206:15299:65457_1:33056938",2.3e-14
"20490","HISEQ13:138:C6FWNANXX:2:1314:8882:47630_1:70236954",2.3e-14
"20491","HISEQ13:138:C6FWNANXX:2:2205:15273:83794_1:105353586",2.3e-14
"20492","HISEQ13:138:C6FWNANXX:2:2213:6005:22281_1:116428076",2.3e-14
"20493","HISEQ13:138:C6FWNANXX:2:1203:1891:92538_1:29043273",2.3e-14
"20494","HISEQ13:138:C6FWNANXX:2:1214:12109:48818_1:45303050",2.3e-14
"20495","HISEQ13:138:C6FWNANXX:2:1310:8396:2898_1:63042246",2.3e-14
"20496","HISEQ13:138:C6FWNANXX:2:1311:9978:14325_1:64794648",2.3e-14
"20497","HISEQ13:138:C6FWNANXX:2:2109:11180:92213_1:87427901",2.3e-14
"20498","HISEQ13:138:C6FWNANXX:2:1214:2735:26974_1:44931599",2.3e-14
"20499","HISEQ13:138:C6FWNANXX:2:1109:8715:17288_1:12154771",2.3e-14
"20500","HISEQ13:138:C6FWNANXX:2:2314:7450:84210_1:143150477",2.3e-14
"20501","HISEQ13:138:C6FWNANXX:2:2315:12738:62329_1:144423165",2.3e-14
"20502","HISEQ13:138:C6FWNANXX:2:1103:5437:80485_1:4083333",2.3e-14
"20503","HISEQ13:138:C6FWNANXX:2:1108:19083:91737_1:11770982",2.3e-14
"20504","HISEQ13:138:C6FWNANXX:2:2304:7822:2713_1:126808137",2.3e-14
"20505","HISEQ13:138:C6FWNANXX:2:2314:18407:78742_1:143062968",2.3e-14
"20506","HISEQ13:138:C6FWNANXX:2:1102:5352:92000_1:2787971",2.3e-14
"20507","HISEQ13:138:C6FWNANXX:2:1311:14498:2107_1:64597326",2.3e-14
"20508","HISEQ13:138:C6FWNANXX:2:1106:11704:100286_1:8849300",2.3e-14
"20509","HISEQ13:138:C6FWNANXX:2:1310:19195:4241_1:63063794",2.3e-14
"20510","HISEQ13:138:C6FWNANXX:2:2216:12986:91927_1:122454467",2.3e-14
"20511","HISEQ13:138:C6FWNANXX:2:1110:2219:35050_1:13994849",2.3e-14
"20512","HISEQ13:138:C6FWNANXX:2:1304:7847:59495_1:54794357",2.3e-14
"20513","HISEQ13:138:C6FWNANXX:2:2110:19279:29776_1:87987548",2.3e-14
"20514","HISEQ13:138:C6FWNANXX:2:2204:1468:85275_1:103944618",2.3e-14
"20515","HISEQ13:138:C6FWNANXX:2:2106:6511:100579_1:83091040",2.3e-14
"20516","HISEQ13:138:C6FWNANXX:2:2108:17302:7059_1:84645839",2.3e-14
"20517","HISEQ13:138:C6FWNANXX:2:2111:4147:78912_1:90286808",2.3e-14
"20518","HISEQ13:138:C6FWNANXX:2:2302:16842:62538_1:124856895",2.3e-14
"20519","HISEQ13:138:C6FWNANXX:2:2312:20428:2981_1:138655593",2.3e-14
"20520","HISEQ13:138:C6FWNANXX:2:1110:14686:50793_1:14246601",2.3e-14
"20521","HISEQ13:138:C6FWNANXX:2:1115:17466:31811_1:21932283",2.3e-14
"20522","HISEQ13:138:C6FWNANXX:2:2101:20091:32385_1:74997257",2.3e-14
"20523","HISEQ13:138:C6FWNANXX:2:1111:8875:40826_1:15652175",2.3e-14
"20524","HISEQ13:138:C6FWNANXX:2:2105:1452:87486_1:81442488",2.3e-14
"20525","HISEQ13:138:C6FWNANXX:2:2207:3697:14498_1:107230226",2.3e-14
"20526","HISEQ13:138:C6FWNANXX:2:1310:2344:51952_1:63819891",2.3e-14
"20527","HISEQ13:138:C6FWNANXX:2:2107:11570:70072_1:84108344",2.3e-14
"20528","HISEQ13:138:C6FWNANXX:2:2202:18174:19556_1:100186866",2.3e-14
"20529","HISEQ13:138:C6FWNANXX:2:2302:10313:26733_1:124349571",2.3e-14
"20530","HISEQ13:138:C6FWNANXX:2:1307:6489:24858_1:58760594",2.3e-14
"20531","HISEQ13:138:C6FWNANXX:2:1112:1384:31053_1:16987845",2.3e-14
"20532","HISEQ13:138:C6FWNANXX:2:1304:14677:87188_1:55210153",2.3e-14
"20533","HISEQ13:138:C6FWNANXX:2:1307:20693:67125_1:59413190",2.3e-14
"20534","HISEQ13:138:C6FWNANXX:2:2311:6253:61059_1:138010809",2.3e-14
"20535","HISEQ13:138:C6FWNANXX:2:2203:15478:23334_1:101647796",2.3e-14
"20536","HISEQ13:138:C6FWNANXX:2:1215:1576:55319_1:47079676",2.3e-14
"20537","HISEQ13:138:C6FWNANXX:2:2215:3057:44544_1:120006068",2.3e-14
"20538","HISEQ13:138:C6FWNANXX:2:2309:13571:8316_1:134160655",2.3e-14
"20539","HISEQ13:138:C6FWNANXX:2:2307:14185:57465_1:131927089",2.3e-14
"20540","HISEQ13:138:C6FWNANXX:2:2309:15692:53571_1:134847587",2.3e-14
"20541","HISEQ13:138:C6FWNANXX:2:1207:9429:93811_1:34988157",2.3e-14
"20542","HISEQ13:138:C6FWNANXX:2:2306:13970:73910_1:130711447",2.3e-14
"20543","HISEQ13:138:C6FWNANXX:2:1306:15875:7296_1:56984801",2.3e-14
"20544","HISEQ13:138:C6FWNANXX:2:2110:9783:66638_1:88547547",2.3e-14
"20545","HISEQ13:138:C6FWNANXX:2:2208:9591:11751_1:108655220",2.4e-14
"20546","HISEQ13:138:C6FWNANXX:2:1308:9632:94325_1:61368284",2.4e-14
"20547","HISEQ13:138:C6FWNANXX:2:2206:5870:45454_1:106233050",2.4e-14
"20548","HISEQ13:138:C6FWNANXX:2:2302:12783:21773_1:124283142",2.4e-14
"20549","HISEQ13:138:C6FWNANXX:2:1203:16382:20403_1:27981952",2.4e-14
"20550","HISEQ13:138:C6FWNANXX:2:1210:13490:45851_1:38853794",2.4e-14
"20551","HISEQ13:138:C6FWNANXX:2:2314:16779:50622_1:142600580",2.4e-14
"20552","HISEQ13:138:C6FWNANXX:2:2107:4550:7832_1:83181956",2.4e-14
"20553","HISEQ13:138:C6FWNANXX:2:1207:8185:51007_1:34335953",2.4e-14
"20554","HISEQ13:138:C6FWNANXX:2:2301:11936:81464_1:123726070",2.4e-14
"20555","HISEQ13:138:C6FWNANXX:2:2304:20942:68427_1:127754413",2.4e-14
"20556","HISEQ13:138:C6FWNANXX:2:2315:9286:82019_1:144745612",2.4e-14
"20557","HISEQ13:138:C6FWNANXX:2:1208:14005:57294_1:35946633",2.4e-14
"20558","HISEQ13:138:C6FWNANXX:2:2303:15096:71081_1:126380020",2.4e-14
"20559","HISEQ13:138:C6FWNANXX:2:2116:12344:13050_1:97078396",2.4e-14
"20560","HISEQ13:138:C6FWNANXX:2:1211:19076:94271_1:41202474",2.4e-14
"20561","HISEQ13:138:C6FWNANXX:2:1205:5585:69473_1:31624651",2.4e-14
"20562","HISEQ13:138:C6FWNANXX:2:1112:20580:37504_1:17097362",2.4e-14
"20563","HISEQ13:138:C6FWNANXX:2:2114:19692:33204_1:94182427",2.4e-14
"20564","HISEQ13:138:C6FWNANXX:2:1104:15572:27115_1:4762307",2.4e-14
"20565","HISEQ13:138:C6FWNANXX:2:2101:20788:94192_1:75875223",2.4e-14
"20566","HISEQ13:138:C6FWNANXX:2:2214:20412:36491_1:118253015",2.4e-14
"20567","HISEQ13:138:C6FWNANXX:2:1104:12604:27215_1:4761783",2.4e-14
"20568","HISEQ13:138:C6FWNANXX:2:1201:5652:69514_1:25799399",2.4e-14
"20569","HISEQ13:138:C6FWNANXX:2:2111:8365:80849_1:90322231",2.4e-14
"20570","HISEQ13:138:C6FWNANXX:2:2212:1322:68810_1:115591429",2.4e-14
"20571","HISEQ13:138:C6FWNANXX:2:1215:2429:99223_1:47823817",2.4e-14
"20572","HISEQ13:138:C6FWNANXX:2:1312:20315:37849_1:66785243",2.4e-14
"20573","HISEQ13:138:C6FWNANXX:2:1101:19652:59149_1:847746",2.4e-14
"20574","HISEQ13:138:C6FWNANXX:2:1201:8712:22809_1:25111606",2.4e-14
"20575","HISEQ13:138:C6FWNANXX:2:2114:16462:93304_1:95160472",2.4e-14
"20576","HISEQ13:138:C6FWNANXX:2:2312:13946:89049_1:140022454",2.4e-14
"20577","HISEQ13:138:C6FWNANXX:2:2316:14347:58922_1:146019005",2.4e-14
"20578","HISEQ13:138:C6FWNANXX:2:2101:19705:90616_1:75825020",2.4e-14
"20579","HISEQ13:138:C6FWNANXX:2:2107:16319:99473_1:84546284",2.4e-14
"20580","HISEQ13:138:C6FWNANXX:2:1210:16059:24147_1:38512934",2.4e-14
"20581","HISEQ13:138:C6FWNANXX:2:2206:20182:56016_1:106393609",2.4e-14
"20582","HISEQ13:138:C6FWNANXX:2:1104:2814:47909_1:5069517",2.4e-14
"20583","HISEQ13:138:C6FWNANXX:2:1112:1376:78591_1:17760058",2.4e-14
"20584","HISEQ13:138:C6FWNANXX:2:1111:8924:99617_1:16677881",2.4e-14
"20585","HISEQ13:138:C6FWNANXX:2:1112:2271:54383_1:17364237",2.4e-14
"20586","HISEQ13:138:C6FWNANXX:2:1114:2990:35792_1:20329902",2.4e-14
"20587","HISEQ13:138:C6FWNANXX:2:1301:13639:52788_1:50317297",2.4e-14
"20588","HISEQ13:138:C6FWNANXX:2:2214:12723:60282_1:118644266",2.4e-14
"20589","HISEQ13:138:C6FWNANXX:2:2313:5211:65691_1:141233661",2.4e-14
"20590","HISEQ13:138:C6FWNANXX:2:2106:7885:90005_1:82935904",2.4e-14
"20591","HISEQ13:138:C6FWNANXX:2:2305:2365:9576_1:128327028",2.4e-14
"20592","HISEQ13:138:C6FWNANXX:2:1212:4502:66364_1:42317629",2.4e-14
"20593","HISEQ13:138:C6FWNANXX:2:2102:11097:80082_1:77079968",2.4e-14
"20594","HISEQ13:138:C6FWNANXX:2:2306:18305:94355_1:131012595",2.4e-14
"20595","HISEQ13:138:C6FWNANXX:2:1107:17271:55939_1:9684614",2.4e-14
"20596","HISEQ13:138:C6FWNANXX:2:1111:14813:95057_1:16593250",2.4e-14
"20597","HISEQ13:138:C6FWNANXX:2:1112:4648:85241_1:17867190",2.4e-14
"20598","HISEQ13:138:C6FWNANXX:2:1216:20271:18267_1:48140651",2.4e-14
"20599","HISEQ13:138:C6FWNANXX:2:1216:6446:13841_1:48060142",2.4e-14
"20600","HISEQ13:138:C6FWNANXX:2:2116:10493:92602_1:98388123",2.4e-14
"20601","HISEQ13:138:C6FWNANXX:2:2204:3032:64001_1:103640044",2.4e-14
"20602","HISEQ13:138:C6FWNANXX:2:1109:15516:81545_1:13170607",2.4e-14
"20603","HISEQ13:138:C6FWNANXX:2:2207:6941:61778_1:107929554",2.4e-14
"20604","HISEQ13:138:C6FWNANXX:2:2106:17801:20668_1:81916117",2.4e-14
"20605","HISEQ13:138:C6FWNANXX:2:2116:19969:66418_1:97958507",2.4e-14
"20606","HISEQ13:138:C6FWNANXX:2:2203:2304:39408_1:101874106",2.4e-14
"20607","HISEQ13:138:C6FWNANXX:2:2309:14014:83807_1:135312529",2.4e-14
"20608","HISEQ13:138:C6FWNANXX:2:2310:2761:75246_1:136693051",2.4e-14
"20609","HISEQ13:138:C6FWNANXX:2:2215:16145:46757_1:120044931",2.4e-14
"20610","HISEQ13:138:C6FWNANXX:2:2104:1862:41489_1:79347933",2.5e-14
"20611","HISEQ13:138:C6FWNANXX:2:1115:16371:86494_1:22855636",2.5e-14
"20612","HISEQ13:138:C6FWNANXX:2:1109:6161:13512_1:12095299",2.5e-14
"20613","HISEQ13:138:C6FWNANXX:2:2212:6746:67999_1:115576554",2.5e-14
"20614","HISEQ13:138:C6FWNANXX:2:2115:13428:15055_1:95495902",2.5e-14
"20615","HISEQ13:138:C6FWNANXX:2:1111:21246:38630_1:15618687",2.5e-14
"20616","HISEQ13:138:C6FWNANXX:2:2109:13352:32762_1:86526268",2.5e-14
"20617","HISEQ13:138:C6FWNANXX:2:1211:18251:15597_1:39933718",2.5e-14
"20618","HISEQ13:138:C6FWNANXX:2:2109:15200:16154_1:86273206",2.5e-14
"20619","HISEQ13:138:C6FWNANXX:2:2116:15489:19598_1:97186989",2.5e-14
"20620","HISEQ13:138:C6FWNANXX:2:1313:17065:63211_1:68833201",2.5e-14
"20621","HISEQ13:138:C6FWNANXX:2:1211:20729:15708_1:39934193",2.5e-14
"20622","HISEQ13:138:C6FWNANXX:2:1213:16740:60507_1:43851206",2.5e-14
"20623","HISEQ13:138:C6FWNANXX:2:2313:16705:59368_1:141134238",2.5e-14
"20624","HISEQ13:138:C6FWNANXX:2:2313:4288:55985_1:141074948",2.5e-14
"20625","HISEQ13:138:C6FWNANXX:2:1312:11523:7205_1:66281293",2.5e-14
"20626","HISEQ13:138:C6FWNANXX:2:2215:12289:23550_1:119661764",2.5e-14
"20627","HISEQ13:138:C6FWNANXX:2:1310:10415:27920_1:63438944",2.5e-14
"20628","HISEQ13:138:C6FWNANXX:2:2105:9259:81327_1:81356823",2.5e-14
"20629","HISEQ13:138:C6FWNANXX:2:2208:16212:22472_1:108813902",2.5e-14
"20630","HISEQ13:138:C6FWNANXX:2:2306:18833:45883_1:130299150",2.5e-14
"20631","HISEQ13:138:C6FWNANXX:2:2212:15149:15053_1:114745497",2.5e-14
"20632","HISEQ13:138:C6FWNANXX:2:1114:10591:7756_1:19862296",2.5e-14
"20633","HISEQ13:138:C6FWNANXX:2:1213:1337:61177_1:43856364",2.5e-14
"20634","HISEQ13:138:C6FWNANXX:2:2106:1356:12029_1:81788505",2.5e-14
"20635","HISEQ13:138:C6FWNANXX:2:2202:6387:9786_1:100045318",2.5e-14
"20636","HISEQ13:138:C6FWNANXX:2:2312:2602:69640_1:139708360",2.5e-14
"20637","HISEQ13:138:C6FWNANXX:2:2313:4409:52595_1:141022068",2.5e-14
"20638","HISEQ13:138:C6FWNANXX:2:2103:12752:9459_1:77481331",2.5e-14
"20639","HISEQ13:138:C6FWNANXX:2:2109:8110:48850_1:86768632",2.5e-14
"20640","HISEQ13:138:C6FWNANXX:2:2306:15504:87128_1:130904813",2.5e-14
"20641","HISEQ13:138:C6FWNANXX:2:1101:16965:70072_1:1009854",2.5e-14
"20642","HISEQ13:138:C6FWNANXX:2:1107:13886:40291_1:9445687",2.5e-14
"20643","HISEQ13:138:C6FWNANXX:2:2216:14065:97751_1:122556299",2.5e-14
"20644","HISEQ13:138:C6FWNANXX:2:1206:4944:68398_1:33100150",2.5e-14
"20645","HISEQ13:138:C6FWNANXX:2:1207:20741:59914_1:34470590",2.5e-14
"20646","HISEQ13:138:C6FWNANXX:2:2111:10436:83853_1:90374231",2.5e-14
"20647","HISEQ13:138:C6FWNANXX:2:1116:6665:94803_1:24698954",2.5e-14
"20648","HISEQ13:138:C6FWNANXX:2:1115:15155:17939_1:21695046",2.5e-14
"20649","HISEQ13:138:C6FWNANXX:2:2202:8621:70990_1:100912069",2.6e-14
"20650","HISEQ13:138:C6FWNANXX:2:2205:14863:67989_1:105121113",2.6e-14
"20651","HISEQ13:138:C6FWNANXX:2:2207:8225:5984_1:107105549",2.6e-14
"20652","HISEQ13:138:C6FWNANXX:2:1211:20317:75515_1:40899603",2.6e-14
"20653","HISEQ13:138:C6FWNANXX:2:1310:6229:34790_1:63549596",2.6e-14
"20654","HISEQ13:138:C6FWNANXX:2:2212:9111:26523_1:114925515",2.6e-14
"20655","HISEQ13:138:C6FWNANXX:2:1105:21224:25754_1:6223996",2.6e-14
"20656","HISEQ13:138:C6FWNANXX:2:1311:8131:84258_1:65928250",2.6e-14
"20657","HISEQ13:138:C6FWNANXX:2:2108:6354:48778_1:85270916",2.6e-14
"20658","HISEQ13:138:C6FWNANXX:2:2108:2935:54134_1:85349084",2.6e-14
"20659","HISEQ13:138:C6FWNANXX:2:1216:5187:40295_1:48518247",2.6e-14
"20660","HISEQ13:138:C6FWNANXX:2:2112:11710:39874_1:91136004",2.6e-14
"20661","HISEQ13:138:C6FWNANXX:2:1316:7885:36811_1:73444353",2.6e-14
"20662","HISEQ13:138:C6FWNANXX:2:2108:9876:55741_1:85373183",2.6e-14
"20663","HISEQ13:138:C6FWNANXX:2:1113:16680:69203_1:19234664",2.6e-14
"20664","HISEQ13:138:C6FWNANXX:2:1205:4614:69873_1:31631918",2.6e-14
"20665","HISEQ13:138:C6FWNANXX:2:2104:2705:49346_1:79463071",2.6e-14
"20666","HISEQ13:138:C6FWNANXX:2:2204:13200:91806_1:104040080",2.6e-14
"20667","HISEQ13:138:C6FWNANXX:2:2305:10944:84937_1:129421219",2.6e-14
"20668","HISEQ13:138:C6FWNANXX:2:1207:20111:30559_1:34027596",2.6e-14
"20669","HISEQ13:138:C6FWNANXX:2:1312:14253:38118_1:66788123",2.6e-14
"20670","HISEQ13:138:C6FWNANXX:2:2105:13846:84546_1:81405170",2.6e-14
"20671","HISEQ13:138:C6FWNANXX:2:2307:5847:58253_1:131940227",2.6e-14
"20672","HISEQ13:138:C6FWNANXX:2:1103:18762:95571_1:4312053",2.6e-14
"20673","HISEQ13:138:C6FWNANXX:2:1308:4157:87987_1:61265741",2.6e-14
"20674","HISEQ13:138:C6FWNANXX:2:2104:5414:66802_1:79715787",2.6e-14
"20675","HISEQ13:138:C6FWNANXX:2:2209:1225:67774_1:110989496",2.6e-14
"20676","HISEQ13:138:C6FWNANXX:2:1307:11800:79190_1:59596497",2.6e-14
"20677","HISEQ13:138:C6FWNANXX:2:1207:6683:43734_1:34221735",2.6e-14
"20678","HISEQ13:138:C6FWNANXX:2:1309:18173:95545_1:62949707",2.6e-14
"20679","HISEQ13:138:C6FWNANXX:2:2313:21134:66530_1:141253093",2.6e-14
"20680","HISEQ13:138:C6FWNANXX:2:1111:8768:46314_1:15740856",2.6e-14
"20681","HISEQ13:138:C6FWNANXX:2:1204:4526:72725_1:30198586",2.6e-14
"20682","HISEQ13:138:C6FWNANXX:2:1310:5372:28471_1:63445902",2.6e-14
"20683","HISEQ13:138:C6FWNANXX:2:2116:10137:77851_1:98145221",2.6e-14
"20684","HISEQ13:138:C6FWNANXX:2:2203:13610:29205_1:101729513",2.6e-14
"20685","HISEQ13:138:C6FWNANXX:2:2208:19226:54521_1:109296570",2.6e-14
"20686","HISEQ13:138:C6FWNANXX:2:1111:1705:41369_1:15658699",2.6e-14
"20687","HISEQ13:138:C6FWNANXX:2:2111:1543:35538_1:89586436",2.6e-14
"20688","HISEQ13:138:C6FWNANXX:2:2205:9967:93845_1:105497421",2.6e-14
"20689","HISEQ13:138:C6FWNANXX:2:2207:13936:75840_1:108138744",2.6e-14
"20690","HISEQ13:138:C6FWNANXX:2:1114:16190:95897_1:21341721",2.6e-14
"20691","HISEQ13:138:C6FWNANXX:2:1110:12583:39817_1:14072318",2.6e-14
"20692","HISEQ13:138:C6FWNANXX:2:1110:9955:39773_1:14071725",2.6e-14
"20693","HISEQ13:138:C6FWNANXX:2:1209:8365:91115_1:38009998",2.6e-14
"20694","HISEQ13:138:C6FWNANXX:2:1310:15700:57949_1:63918554",2.6e-14
"20695","HISEQ13:138:C6FWNANXX:2:1106:8980:88465_1:8666133",2.7e-14
"20696","HISEQ13:138:C6FWNANXX:2:1204:4546:99653_1:30599348",2.7e-14
"20697","HISEQ13:138:C6FWNANXX:2:1209:14250:62615_1:37565218",2.7e-14
"20698","HISEQ13:138:C6FWNANXX:2:1116:11068:97567_1:24747788",2.7e-14
"20699","HISEQ13:138:C6FWNANXX:2:1313:9404:44730_1:68523760",2.7e-14
"20700","HISEQ13:138:C6FWNANXX:2:2305:17552:69495_1:129197025",2.7e-14
"20701","HISEQ13:138:C6FWNANXX:2:2114:19704:15557_1:93898684",2.7e-14
"20702","HISEQ13:138:C6FWNANXX:2:2315:12501:83356_1:144766878",2.7e-14
"20703","HISEQ13:138:C6FWNANXX:2:1311:19033:18904_1:64868991",2.7e-14
"20704","HISEQ13:138:C6FWNANXX:2:2109:2036:50378_1:86790014",2.7e-14
"20705","HISEQ13:138:C6FWNANXX:2:2215:5309:10303_1:119442423",2.7e-14
"20706","HISEQ13:138:C6FWNANXX:2:1305:15067:54044_1:56198597",2.7e-14
"20707","HISEQ13:138:C6FWNANXX:2:1102:9314:65713_1:2400053",2.7e-14
"20708","HISEQ13:138:C6FWNANXX:2:1202:10897:31206_1:26687514",2.7e-14
"20709","HISEQ13:138:C6FWNANXX:2:2212:10863:24796_1:114898148",2.7e-14
"20710","HISEQ13:138:C6FWNANXX:2:1204:6683:35311_1:29644711",2.7e-14
"20711","HISEQ13:138:C6FWNANXX:2:1106:6420:20526_1:7632950",2.7e-14
"20712","HISEQ13:138:C6FWNANXX:2:2208:16904:71628_1:109552720",2.7e-14
"20713","HISEQ13:138:C6FWNANXX:2:1201:6020:58123_1:25629648",2.7e-14
"20714","HISEQ13:138:C6FWNANXX:2:1114:2717:50364_1:20572579",2.7e-14
"20715","HISEQ13:138:C6FWNANXX:2:1212:20338:44260_1:41962000",2.7e-14
"20716","HISEQ13:138:C6FWNANXX:2:1312:17778:52588_1:67025197",2.7e-14
"20717","HISEQ13:138:C6FWNANXX:2:2102:18333:75929_1:77020233",2.7e-14
"20718","HISEQ13:138:C6FWNANXX:2:2301:13213:8462_1:122696392",2.7e-14
"20719","HISEQ13:138:C6FWNANXX:2:1111:2869:19902_1:15316629",2.7e-14
"20720","HISEQ13:138:C6FWNANXX:2:1205:10457:15994_1:30826846",2.7e-14
"20721","HISEQ13:138:C6FWNANXX:2:1308:10723:68458_1:60959733",2.7e-14
"20722","HISEQ13:138:C6FWNANXX:2:2104:12880:57070_1:79576647",2.7e-14
"20723","HISEQ13:138:C6FWNANXX:2:2113:15856:91253_1:93526062",2.7e-14
"20724","HISEQ13:138:C6FWNANXX:2:2107:18432:44221_1:83722526",2.7e-14
"20725","HISEQ13:138:C6FWNANXX:2:2216:15413:62507_1:121959344",2.7e-14
"20726","HISEQ13:138:C6FWNANXX:2:2102:11942:13933_1:76138221",2.7e-14
"20727","HISEQ13:138:C6FWNANXX:2:1108:12798:66172_1:11369172",2.7e-14
"20728","HISEQ13:138:C6FWNANXX:2:1115:8165:77898_1:22708480",2.7e-14
"20729","HISEQ13:138:C6FWNANXX:2:1207:11330:41249_1:34184623",2.7e-14
"20730","HISEQ13:138:C6FWNANXX:2:1308:2654:73981_1:61044290",2.7e-14
"20731","HISEQ13:138:C6FWNANXX:2:2108:12214:89019_1:85880477",2.7e-14
"20732","HISEQ13:138:C6FWNANXX:2:2110:1375:48728_1:88271909",2.7e-14
"20733","HISEQ13:138:C6FWNANXX:2:2206:14454:83928_1:106800557",2.7e-14
"20734","HISEQ13:138:C6FWNANXX:2:1102:11134:68829_1:2448212",2.7e-14
"20735","HISEQ13:138:C6FWNANXX:2:1208:1473:6655_1:35163934",2.7e-14
"20736","HISEQ13:138:C6FWNANXX:2:1213:1545:27898_1:43306498",2.7e-14
"20737","HISEQ13:138:C6FWNANXX:2:1306:3712:3848_1:56928984",2.7e-14
"20738","HISEQ13:138:C6FWNANXX:2:2116:4732:37611_1:97483195",2.7e-14
"20739","HISEQ13:138:C6FWNANXX:2:2211:6422:23420_1:113331331",2.7e-14
"20740","HISEQ13:138:C6FWNANXX:2:2109:14686:98768_1:87530985",2.7e-14
"20741","HISEQ13:138:C6FWNANXX:2:1211:12177:40818_1:40338168",2.7e-14
"20742","HISEQ13:138:C6FWNANXX:2:1214:4781:43712_1:45213325",2.7e-14
"20743","HISEQ13:138:C6FWNANXX:2:1216:2457:41566_1:48539273",2.7e-14
"20744","HISEQ13:138:C6FWNANXX:2:1310:21208:85041_1:64348929",2.7e-14
"20745","HISEQ13:138:C6FWNANXX:2:2108:1524:21698_1:84859578",2.7e-14
"20746","HISEQ13:138:C6FWNANXX:2:2303:1421:22031_1:125682482",2.7e-14
"20747","HISEQ13:138:C6FWNANXX:2:2308:17943:43954_1:133203533",2.7e-14
"20748","HISEQ13:138:C6FWNANXX:2:1310:13585:25499_1:63399468",2.7e-14
"20749","HISEQ13:138:C6FWNANXX:2:2215:7220:82600_1:120634555",2.7e-14
"20750","HISEQ13:138:C6FWNANXX:2:2203:3955:12614_1:101492008",2.8e-14
"20751","HISEQ13:138:C6FWNANXX:2:1206:1671:28106_1:32488716",2.8e-14
"20752","HISEQ13:138:C6FWNANXX:2:1312:20019:98626_1:67783490",2.8e-14
"20753","HISEQ13:138:C6FWNANXX:2:1107:3496:21290_1:9154010",2.8e-14
"20754","HISEQ13:138:C6FWNANXX:2:2107:6064:22298_1:83397988",2.8e-14
"20755","HISEQ13:138:C6FWNANXX:2:1101:21043:4300_1:37511",2.8e-14
"20756","HISEQ13:138:C6FWNANXX:2:1102:4128:43574_1:2074375",2.8e-14
"20757","HISEQ13:138:C6FWNANXX:2:1111:15010:76911_1:16257869",2.8e-14
"20758","HISEQ13:138:C6FWNANXX:2:1205:5412:69924_1:31632073",2.8e-14
"20759","HISEQ13:138:C6FWNANXX:2:1311:3777:38361_1:65178415",2.8e-14
"20760","HISEQ13:138:C6FWNANXX:2:2105:6171:71415_1:81209915",2.8e-14
"20761","HISEQ13:138:C6FWNANXX:2:2306:11371:76630_1:130751530",2.8e-14
"20762","HISEQ13:138:C6FWNANXX:2:2308:10355:67751_1:133565151",2.8e-14
"20763","HISEQ13:138:C6FWNANXX:2:1114:18646:69964_1:20904825",2.8e-14
"20764","HISEQ13:138:C6FWNANXX:2:2302:17656:71672_1:124984533",2.8e-14
"20765","HISEQ13:138:C6FWNANXX:2:2212:9695:42197_1:115170436",2.8e-14
"20766","HISEQ13:138:C6FWNANXX:2:1107:19042:64357_1:9814789",2.8e-14
"20767","HISEQ13:138:C6FWNANXX:2:2212:4049:4912_1:114594159",2.8e-14
"20768","HISEQ13:138:C6FWNANXX:2:2213:16338:70827_1:117209613",2.8e-14
"20769","HISEQ13:138:C6FWNANXX:2:1101:9284:77025_1:1111205",2.8e-14
"20770","HISEQ13:138:C6FWNANXX:2:1215:3419:63551_1:47220361",2.8e-14
"20771","HISEQ13:138:C6FWNANXX:2:2107:16389:44574_1:83729644",2.8e-14
"20772","HISEQ13:138:C6FWNANXX:2:1305:5317:77034_1:56542421",2.8e-14
"20773","HISEQ13:138:C6FWNANXX:2:2208:3976:16950_1:108729151",2.8e-14
"20774","HISEQ13:138:C6FWNANXX:2:1104:4543:46862_1:5054900",2.8e-14
"20775","HISEQ13:138:C6FWNANXX:2:1312:14383:52467_1:67020387",2.8e-14
"20776","HISEQ13:138:C6FWNANXX:2:2309:16753:26944_1:134442780",2.8e-14
"20777","HISEQ13:138:C6FWNANXX:2:1104:1906:35637_1:4886653",2.8e-14
"20778","HISEQ13:138:C6FWNANXX:2:1308:8580:99844_1:61454265",2.8e-14
"20779","HISEQ13:138:C6FWNANXX:2:1208:5240:55322_1:35913943",2.8e-14
"20780","HISEQ13:138:C6FWNANXX:2:2115:9698:15478_1:95499326",2.8e-14
"20781","HISEQ13:138:C6FWNANXX:2:2304:6798:55917_1:127572258",2.8e-14
"20782","HISEQ13:138:C6FWNANXX:2:2209:9381:42054_1:110599706",2.8e-14
"20783","HISEQ13:138:C6FWNANXX:2:2211:17789:7553_1:113088897",2.8e-14
"20784","HISEQ13:138:C6FWNANXX:2:1316:8362:34532_1:73405286",2.8e-14
"20785","HISEQ13:138:C6FWNANXX:2:2116:12242:14237_1:97094843",2.8e-14
"20786","HISEQ13:138:C6FWNANXX:2:1212:18250:19982_1:41564520",2.8e-14
"20787","HISEQ13:138:C6FWNANXX:2:2305:12527:49736_1:128909470",2.8e-14
"20788","HISEQ13:138:C6FWNANXX:2:1306:10698:22139_1:57208866",2.8e-14
"20789","HISEQ13:138:C6FWNANXX:2:2303:3012:55770_1:126161676",2.8e-14
"20790","HISEQ13:138:C6FWNANXX:2:1102:3082:9184_1:1566533",2.8e-14
"20791","HISEQ13:138:C6FWNANXX:2:1201:6020:58123_1:25629647",2.8e-14
"20792","HISEQ13:138:C6FWNANXX:2:1210:3012:9307_1:38277219",2.8e-14
"20793","HISEQ13:138:C6FWNANXX:2:1211:12456:16515_1:39948592",2.8e-14
"20794","HISEQ13:138:C6FWNANXX:2:1301:14146:2064_1:49571136",2.8e-14
"20795","HISEQ13:138:C6FWNANXX:2:1115:1793:57134_1:22356228",2.8e-14
"20796","HISEQ13:138:C6FWNANXX:2:2116:16677:4963_1:96942856",2.8e-14
"20797","HISEQ13:138:C6FWNANXX:2:1305:10049:81288_1:56607989",2.8e-14
"20798","HISEQ13:138:C6FWNANXX:2:1315:6090:87370_1:72602899",2.8e-14
"20799","HISEQ13:138:C6FWNANXX:2:1112:20990:83786_1:17849829",2.8e-14
"20800","HISEQ13:138:C6FWNANXX:2:1209:12039:16145_1:36840957",2.8e-14
"20801","HISEQ13:138:C6FWNANXX:2:1216:7226:6901_1:47939338",2.8e-14
"20802","HISEQ13:138:C6FWNANXX:2:2205:21198:86410_1:105390411",2.8e-14
"20803","HISEQ13:138:C6FWNANXX:2:2213:5141:58552_1:117010568",2.8e-14
"20804","HISEQ13:138:C6FWNANXX:2:1108:3288:59309_1:11262223",2.8e-14
"20805","HISEQ13:138:C6FWNANXX:2:1210:13172:88997_1:39526751",2.8e-14
"20806","HISEQ13:138:C6FWNANXX:2:1304:13889:99080_1:55390477",2.8e-14
"20807","HISEQ13:138:C6FWNANXX:2:2215:6902:70186_1:120428545",2.8e-14
"20808","HISEQ13:138:C6FWNANXX:2:2312:15227:76647_1:139822865",2.8e-14
"20809","HISEQ13:138:C6FWNANXX:2:1316:20527:98939_1:74529935",2.8e-14
"20810","HISEQ13:138:C6FWNANXX:2:1213:18075:18411_1:43154572",2.8e-14
"20811","HISEQ13:138:C6FWNANXX:2:2110:19113:81986_1:88781270",2.8e-14
"20812","HISEQ13:138:C6FWNANXX:2:2215:11936:13559_1:119496988",2.8e-14
"20813","HISEQ13:138:C6FWNANXX:2:2310:19626:70100_1:136619893",2.8e-14
"20814","HISEQ13:138:C6FWNANXX:2:2316:18200:62936_1:146087396",2.8e-14
"20815","HISEQ13:138:C6FWNANXX:2:1216:4580:37441_1:48466085",2.8e-14
"20816","HISEQ13:138:C6FWNANXX:2:2101:18095:12550_1:74714421",2.9e-14
"20817","HISEQ13:138:C6FWNANXX:2:1115:4996:65839_1:22505267",2.9e-14
"20818","HISEQ13:138:C6FWNANXX:2:1309:9103:9824_1:61593303",2.9e-14
"20819","HISEQ13:138:C6FWNANXX:2:2205:8032:25315_1:104506063",2.9e-14
"20820","HISEQ13:138:C6FWNANXX:2:2313:2739:11959_1:140364845",2.9e-14
"20821","HISEQ13:138:C6FWNANXX:2:2107:8879:99413_1:84544805",2.9e-14
"20822","HISEQ13:138:C6FWNANXX:2:1208:10160:42494_1:35713892",2.9e-14
"20823","HISEQ13:138:C6FWNANXX:2:1312:6688:100122_1:67805475",2.9e-14
"20824","HISEQ13:138:C6FWNANXX:2:1109:2516:63753_1:12886953",2.9e-14
"20825","HISEQ13:138:C6FWNANXX:2:2109:4666:84473_1:87309117",2.9e-14
"20826","HISEQ13:138:C6FWNANXX:2:1312:9363:90544_1:67649522",2.9e-14
"20827","HISEQ13:138:C6FWNANXX:2:2108:8605:70502_1:85600288",2.9e-14
"20828","HISEQ13:138:C6FWNANXX:2:1311:16237:65722_1:65622675",2.9e-14
"20829","HISEQ13:138:C6FWNANXX:2:2208:1777:23215_1:108822427",2.9e-14
"20830","HISEQ13:138:C6FWNANXX:2:2210:7622:43603_1:112126280",2.9e-14
"20831","HISEQ13:138:C6FWNANXX:2:2210:16333:61143_1:112395777",2.9e-14
"20832","HISEQ13:138:C6FWNANXX:2:1104:20670:53080_1:5150516",2.9e-14
"20833","HISEQ13:138:C6FWNANXX:2:1105:11856:4434_1:5898363",2.9e-14
"20834","HISEQ13:138:C6FWNANXX:2:1201:4285:18872_1:25052199",2.9e-14
"20835","HISEQ13:138:C6FWNANXX:2:1208:14370:89712_1:36446604",2.9e-14
"20836","HISEQ13:138:C6FWNANXX:2:1306:18682:11243_1:57042666",2.9e-14
"20837","HISEQ13:138:C6FWNANXX:2:2110:20121:15253_1:87766017",2.9e-14
"20838","HISEQ13:138:C6FWNANXX:2:2113:6287:53310_1:92915437",2.9e-14
"20839","HISEQ13:138:C6FWNANXX:2:2214:12877:88051_1:119098840",2.9e-14
"20840","HISEQ13:138:C6FWNANXX:2:2309:17484:86872_1:135358797",2.9e-14
"20841","HISEQ13:138:C6FWNANXX:2:1116:6215:7618_1:23199764",2.9e-14
"20842","HISEQ13:138:C6FWNANXX:2:2107:6775:38727_1:83639008",2.9e-14
"20843","HISEQ13:138:C6FWNANXX:2:2302:17804:99206_1:125375842",2.9e-14
"20844","HISEQ13:138:C6FWNANXX:2:2208:19899:17289_1:108739611",2.9e-14
"20845","HISEQ13:138:C6FWNANXX:2:1207:8671:86870_1:34881369",2.9e-14
"20846","HISEQ13:138:C6FWNANXX:2:2110:6964:17106_1:87790057",2.9e-14
"20847","HISEQ13:138:C6FWNANXX:2:2114:14950:92016_1:95139908",2.9e-14
"20848","HISEQ13:138:C6FWNANXX:2:2211:14821:84609_1:114291802",2.9e-14
"20849","HISEQ13:138:C6FWNANXX:2:1310:1499:51057_1:63807542",2.9e-14
"20850","HISEQ13:138:C6FWNANXX:2:1310:18352:33775_1:63536026",2.9e-14
"20851","HISEQ13:138:C6FWNANXX:2:2102:19412:43548_1:76561591",2.9e-14
"20852","HISEQ13:138:C6FWNANXX:2:2204:4464:64773_1:103650818",2.9e-14
"20853","HISEQ13:138:C6FWNANXX:2:2207:2604:52345_1:107788015",2.9e-14
"20854","HISEQ13:138:C6FWNANXX:2:1316:20006:13524_1:73043616",2.9e-14
"20855","HISEQ13:138:C6FWNANXX:2:1112:15362:81642_1:17812279",2.9e-14
"20856","HISEQ13:138:C6FWNANXX:2:1316:20652:97845_1:74512817",2.9e-14
"20857","HISEQ13:138:C6FWNANXX:2:1104:18414:73759_1:5460014",2.9e-14
"20858","HISEQ13:138:C6FWNANXX:2:1110:15512:69325_1:14539515",2.9e-14
"20859","HISEQ13:138:C6FWNANXX:2:1302:15056:97986_1:52434295",2.9e-14
"20860","HISEQ13:138:C6FWNANXX:2:2314:13654:15457_1:142021630",2.9e-14
"20861","HISEQ13:138:C6FWNANXX:2:1303:17310:71694_1:53507237",2.9e-14
"20862","HISEQ13:138:C6FWNANXX:2:2111:16683:65477_1:90063406",2.9e-14
"20863","HISEQ13:138:C6FWNANXX:2:1202:15705:63729_1:27164251",2.9e-14
"20864","HISEQ13:138:C6FWNANXX:2:1313:5797:86729_1:69225157",2.9e-14
"20865","HISEQ13:138:C6FWNANXX:2:2107:4541:46253_1:83753497",2.9e-14
"20866","HISEQ13:138:C6FWNANXX:2:2109:15667:98289_1:87523744",2.9e-14
"20867","HISEQ13:138:C6FWNANXX:2:1203:16635:31580_1:28148044",2.9e-14
"20868","HISEQ13:138:C6FWNANXX:2:1202:11779:77859_1:27373052",2.9e-14
"20869","HISEQ13:138:C6FWNANXX:2:1113:17606:40039_1:18755533",2.9e-14
"20870","HISEQ13:138:C6FWNANXX:2:1304:18957:67855_1:54923496",2.9e-14
"20871","HISEQ13:138:C6FWNANXX:2:1302:13832:12227_1:51171091",2.9e-14
"20872","HISEQ13:138:C6FWNANXX:2:2106:19858:30700_1:82062962",2.9e-14
"20873","HISEQ13:138:C6FWNANXX:2:1202:6161:67255_1:27217981",3e-14
"20874","HISEQ13:138:C6FWNANXX:2:1204:16365:49613_1:29858624",3e-14
"20875","HISEQ13:138:C6FWNANXX:2:1213:17248:65172_1:43926243",3e-14
"20876","HISEQ13:138:C6FWNANXX:2:2312:3783:20042_1:138925549",3e-14
"20877","HISEQ13:138:C6FWNANXX:2:1206:18328:69884_1:33125654",3e-14
"20878","HISEQ13:138:C6FWNANXX:2:1312:20315:37849_1:66785242",3e-14
"20879","HISEQ13:138:C6FWNANXX:2:2308:18302:7781_1:132662068",3e-14
"20880","HISEQ13:138:C6FWNANXX:2:1201:9422:27372_1:25177805",3e-14
"20881","HISEQ13:138:C6FWNANXX:2:2109:20737:72684_1:87133463",3e-14
"20882","HISEQ13:138:C6FWNANXX:2:2301:15422:83624_1:123758107",3e-14
"20883","HISEQ13:138:C6FWNANXX:2:1310:10415:27920_1:63438943",3e-14
"20884","HISEQ13:138:C6FWNANXX:2:2101:10305:4589_1:74598647",3e-14
"20885","HISEQ13:138:C6FWNANXX:2:2205:15322:13479_1:104333793",3e-14
"20886","HISEQ13:138:C6FWNANXX:2:2206:12405:40480_1:106160783",3e-14
"20887","HISEQ13:138:C6FWNANXX:2:2309:19855:92197_1:135439698",3e-14
"20888","HISEQ13:138:C6FWNANXX:2:2209:12706:81933_1:111204744",3e-14
"20889","HISEQ13:138:C6FWNANXX:2:2304:7629:98515_1:128186670",3e-14
"20890","HISEQ13:138:C6FWNANXX:2:1304:20372:35570_1:54440352",3e-14
"20891","HISEQ13:138:C6FWNANXX:2:2210:4031:59672_1:112370899",3e-14
"20892","HISEQ13:138:C6FWNANXX:2:1311:14281:99083_1:66170508",3e-14
"20893","HISEQ13:138:C6FWNANXX:2:2104:18835:63658_1:79671514",3e-14
"20894","HISEQ13:138:C6FWNANXX:2:1108:5281:6920_1:10448470",3e-14
"20895","HISEQ13:138:C6FWNANXX:2:1116:10972:66389_1:24208528",3e-14
"20896","HISEQ13:138:C6FWNANXX:2:2202:18169:10299_1:100054559",3e-14
"20897","HISEQ13:138:C6FWNANXX:2:1313:10948:61375_1:68803188",3e-14
"20898","HISEQ13:138:C6FWNANXX:2:1316:12625:89871_1:74373178",3e-14
"20899","HISEQ13:138:C6FWNANXX:2:2204:21057:41328_1:103315892",3e-14
"20900","HISEQ13:138:C6FWNANXX:2:1107:16206:77627_1:10017406",3e-14
"20901","HISEQ13:138:C6FWNANXX:2:2208:2006:38245_1:109046056",3e-14
"20902","HISEQ13:138:C6FWNANXX:2:2212:3312:33768_1:115039434",3e-14
"20903","HISEQ13:138:C6FWNANXX:2:2302:7399:55937_1:124760186",3e-14
"20904","HISEQ13:138:C6FWNANXX:2:2111:11454:63123_1:90025320",3e-14
"20905","HISEQ13:138:C6FWNANXX:2:1209:12811:21041_1:36918294",3e-14
"20906","HISEQ13:138:C6FWNANXX:2:2309:3852:58831_1:134926148",3e-14
"20907","HISEQ13:138:C6FWNANXX:2:1111:15508:67757_1:16099845",3e-14
"20908","HISEQ13:138:C6FWNANXX:2:1208:18444:82793_1:36342762",3e-14
"20909","HISEQ13:138:C6FWNANXX:2:2204:10481:32722_1:103188486",3e-14
"20910","HISEQ13:138:C6FWNANXX:2:1103:16526:8536_1:3021723",3e-14
"20911","HISEQ13:138:C6FWNANXX:2:1215:3487:59616_1:47152303",3e-14
"20912","HISEQ13:138:C6FWNANXX:2:2207:8893:1959_1:107048258",3e-14
"20913","HISEQ13:138:C6FWNANXX:2:1206:13634:24874_1:32441955",3e-14
"20914","HISEQ13:138:C6FWNANXX:2:2316:3870:51335_1:145890045",3e-14
"20915","HISEQ13:138:C6FWNANXX:2:1101:19652:59149_1:847745",3e-14
"20916","HISEQ13:138:C6FWNANXX:2:1213:3352:77556_1:44130222",3e-14
"20917","HISEQ13:138:C6FWNANXX:2:1212:18704:90874_1:42722873",3e-14
"20918","HISEQ13:138:C6FWNANXX:2:1316:9683:45860_1:73602151",3e-14
"20919","HISEQ13:138:C6FWNANXX:2:2103:14277:97041_1:78729777",3e-14
"20920","HISEQ13:138:C6FWNANXX:2:1202:19383:69281_1:27249647",3e-14
"20921","HISEQ13:138:C6FWNANXX:2:1207:8906:67083_1:34579353",3e-14
"20922","HISEQ13:138:C6FWNANXX:2:1211:14561:78962_1:40950290",3e-14
"20923","HISEQ13:138:C6FWNANXX:2:2201:18164:28761_1:98910220",3e-14
"20924","HISEQ13:138:C6FWNANXX:2:2306:17863:85712_1:130883027",3e-14
"20925","HISEQ13:138:C6FWNANXX:2:2308:10779:6396_1:132637748",3e-14
"20926","HISEQ13:138:C6FWNANXX:2:2313:15700:68482_1:141280036",3e-14
"20927","HISEQ13:138:C6FWNANXX:2:1307:12356:86953_1:59715656",3e-14
"20928","HISEQ13:138:C6FWNANXX:2:1210:8495:90250_1:39545719",3e-14
"20929","HISEQ13:138:C6FWNANXX:2:2104:11487:13351_1:78946630",3e-14
"20930","HISEQ13:138:C6FWNANXX:2:2312:11617:30904_1:139097244",3e-14
"20931","HISEQ13:138:C6FWNANXX:2:1107:13049:90519_1:10216660",3e-14
"20932","HISEQ13:138:C6FWNANXX:2:2310:7599:88934_1:136904439",3e-14
"20933","HISEQ13:138:C6FWNANXX:2:1216:15451:66220_1:48966304",3e-14
"20934","HISEQ13:138:C6FWNANXX:2:2115:18680:64961_1:96305429",3e-14
"20935","HISEQ13:138:C6FWNANXX:2:2207:19665:34753_1:107533734",3e-14
"20936","HISEQ13:138:C6FWNANXX:2:1306:11211:28588_1:57308454",3e-14
"20937","HISEQ13:138:C6FWNANXX:2:1210:5118:70060_1:39230136",3.1e-14
"20938","HISEQ13:138:C6FWNANXX:2:1302:12391:75452_1:52100857",3.1e-14
"20939","HISEQ13:138:C6FWNANXX:2:1115:16093:13754_1:21628299",3.1e-14
"20940","HISEQ13:138:C6FWNANXX:2:1105:17822:15705_1:6069578",3.1e-14
"20941","HISEQ13:138:C6FWNANXX:2:1314:10534:13034_1:69651281",3.1e-14
"20942","HISEQ13:138:C6FWNANXX:2:2310:9840:77345_1:136728592",3.1e-14
"20943","HISEQ13:138:C6FWNANXX:2:2314:14925:63115_1:142806855",3.1e-14
"20944","HISEQ13:138:C6FWNANXX:2:2203:20951:76444_1:102405551",3.1e-14
"20945","HISEQ13:138:C6FWNANXX:2:2112:19199:43160_1:91188337",3.1e-14
"20946","HISEQ13:138:C6FWNANXX:2:2203:19927:75739_1:102394602",3.1e-14
"20947","HISEQ13:138:C6FWNANXX:2:1208:4266:39641_1:35670582",3.1e-14
"20948","HISEQ13:138:C6FWNANXX:2:1309:8789:93881_1:62920661",3.1e-14
"20949","HISEQ13:138:C6FWNANXX:2:2316:10722:43599_1:145760721",3.1e-14
"20950","HISEQ13:138:C6FWNANXX:2:1307:19295:71685_1:59482538",3.1e-14
"20951","HISEQ13:138:C6FWNANXX:2:1215:4168:77073_1:47448157",3.1e-14
"20952","HISEQ13:138:C6FWNANXX:2:2310:20242:67980_1:136585729",3.1e-14
"20953","HISEQ13:138:C6FWNANXX:2:2107:5940:77643_1:84218947",3.1e-14
"20954","HISEQ13:138:C6FWNANXX:2:2303:1933:66269_1:126310390",3.1e-14
"20955","HISEQ13:138:C6FWNANXX:2:2106:7544:47583_1:82311040",3.1e-14
"20956","HISEQ13:138:C6FWNANXX:2:1101:5188:33786_1:471305",3.1e-14
"20957","HISEQ13:138:C6FWNANXX:2:1113:9221:20392_1:18429277",3.1e-14
"20958","HISEQ13:138:C6FWNANXX:2:2207:16545:58903_1:107886935",3.1e-14
"20959","HISEQ13:138:C6FWNANXX:2:1106:16942:73954_1:8447599",3.1e-14
"20960","HISEQ13:138:C6FWNANXX:2:1201:12047:7735_1:24887536",3.1e-14
"20961","HISEQ13:138:C6FWNANXX:2:1307:18563:10147_1:58536235",3.1e-14
"20962","HISEQ13:138:C6FWNANXX:2:1106:13381:77052_1:8496904",3.1e-14
"20963","HISEQ13:138:C6FWNANXX:2:2301:8477:13361_1:122765946",3.1e-14
"20964","HISEQ13:138:C6FWNANXX:2:1212:11721:33596_1:41785680",3.1e-14
"20965","HISEQ13:138:C6FWNANXX:2:2210:2806:46641_1:112170968",3.1e-14
"20966","HISEQ13:138:C6FWNANXX:2:1306:10936:25779_1:57266463",3.1e-14
"20967","HISEQ13:138:C6FWNANXX:2:1306:6092:69039_1:57925938",3.1e-14
"20968","HISEQ13:138:C6FWNANXX:2:2101:9118:27136_1:74920200",3.1e-14
"20969","HISEQ13:138:C6FWNANXX:2:2307:18819:21762_1:131402102",3.1e-14
"20970","HISEQ13:138:C6FWNANXX:2:1205:1644:24691_1:30955441",3.1e-14
"20971","HISEQ13:138:C6FWNANXX:2:2314:8886:9489_1:141922831",3.1e-14
"20972","HISEQ13:138:C6FWNANXX:2:1315:12732:85431_1:72569488",3.1e-14
"20973","HISEQ13:138:C6FWNANXX:2:1204:3884:84475_1:30372941",3.1e-14
"20974","HISEQ13:138:C6FWNANXX:2:1110:2284:13277_1:13651928",3.1e-14
"20975","HISEQ13:138:C6FWNANXX:2:2110:20455:90408_1:88911443",3.1e-14
"20976","HISEQ13:138:C6FWNANXX:2:2306:18305:94355_1:131012596",3.1e-14
"20977","HISEQ13:138:C6FWNANXX:2:1101:11331:8400_1:94889",3.2e-14
"20978","HISEQ13:138:C6FWNANXX:2:1204:10444:88047_1:30429326",3.2e-14
"20979","HISEQ13:138:C6FWNANXX:2:2210:7186:80666_1:112690591",3.2e-14
"20980","HISEQ13:138:C6FWNANXX:2:1214:13248:66671_1:45601402",3.2e-14
"20981","HISEQ13:138:C6FWNANXX:2:2214:16363:97565_1:119254780",3.2e-14
"20982","HISEQ13:138:C6FWNANXX:2:1315:19876:42878_1:71839886",3.2e-14
"20983","HISEQ13:138:C6FWNANXX:2:2316:15713:8267_1:145165700",3.2e-14
"20984","HISEQ13:138:C6FWNANXX:2:2115:20187:76556_1:96496963",3.2e-14
"20985","HISEQ13:138:C6FWNANXX:2:2109:15318:42005_1:86667624",3.2e-14
"20986","HISEQ13:138:C6FWNANXX:2:1115:3588:22900_1:21777256",3.2e-14
"20987","HISEQ13:138:C6FWNANXX:2:2114:8354:36844_1:94240424",3.2e-14
"20988","HISEQ13:138:C6FWNANXX:2:2303:7150:72177_1:126392269",3.2e-14
"20989","HISEQ13:138:C6FWNANXX:2:2202:5378:23006_1:100234300",3.2e-14
"20990","HISEQ13:138:C6FWNANXX:2:1313:14752:12794_1:67998674",3.2e-14
"20991","HISEQ13:138:C6FWNANXX:2:1309:15256:90809_1:62874710",3.2e-14
"20992","HISEQ13:138:C6FWNANXX:2:2107:9192:29106_1:83498736",3.2e-14
"20993","HISEQ13:138:C6FWNANXX:2:2206:20947:26909_1:105964881",3.2e-14
"20994","HISEQ13:138:C6FWNANXX:2:2216:18531:97005_1:122544543",3.2e-14
"20995","HISEQ13:138:C6FWNANXX:2:2315:6204:77857_1:144674880",3.2e-14
"20996","HISEQ13:138:C6FWNANXX:2:1207:19984:43222_1:34216943",3.2e-14
"20997","HISEQ13:138:C6FWNANXX:2:1306:4543:93702_1:58299411",3.2e-14
"20998","HISEQ13:138:C6FWNANXX:2:2216:18364:19169_1:121225428",3.2e-14
"20999","HISEQ13:138:C6FWNANXX:2:1308:8336:44084_1:60581104",3.2e-14
"21000","HISEQ13:138:C6FWNANXX:2:1107:11754:83540_1:10108549",3.2e-14
"21001","HISEQ13:138:C6FWNANXX:2:1214:11477:48861_1:45302900",3.2e-14
"21002","HISEQ13:138:C6FWNANXX:2:2307:1707:45551_1:131750975",3.2e-14
"21003","HISEQ13:138:C6FWNANXX:2:2201:11805:99074_1:99908536",3.2e-14
"21004","HISEQ13:138:C6FWNANXX:2:1216:12740:100106_1:49555806",3.2e-14
"21005","HISEQ13:138:C6FWNANXX:2:1216:5788:11858_1:48025321",3.2e-14
"21006","HISEQ13:138:C6FWNANXX:2:1215:16720:93077_1:47724298",3.2e-14
"21007","HISEQ13:138:C6FWNANXX:2:1304:4472:55384_1:54733662",3.2e-14
"21008","HISEQ13:138:C6FWNANXX:2:2210:18782:55694_1:112312547",3.2e-14
"21009","HISEQ13:138:C6FWNANXX:2:2307:3533:13730_1:131277004",3.2e-14
"21010","HISEQ13:138:C6FWNANXX:2:1215:12892:76771_1:47445748",3.2e-14
"21011","HISEQ13:138:C6FWNANXX:2:2116:11688:36731_1:97468432",3.2e-14
"21012","HISEQ13:138:C6FWNANXX:2:1309:10977:99122_1:63002955",3.2e-14
"21013","HISEQ13:138:C6FWNANXX:2:1102:20811:2847_1:1478156",3.2e-14
"21014","HISEQ13:138:C6FWNANXX:2:1301:20158:61374_1:50444144",3.2e-14
"21015","HISEQ13:138:C6FWNANXX:2:2316:5735:28719_1:145505928",3.2e-14
"21016","HISEQ13:138:C6FWNANXX:2:2101:14022:54735_1:75312922",3.2e-14
"21017","HISEQ13:138:C6FWNANXX:2:1104:6777:3997_1:4415166",3.2e-14
"21018","HISEQ13:138:C6FWNANXX:2:1302:2743:18800_1:51268392",3.2e-14
"21019","HISEQ13:138:C6FWNANXX:2:2111:12971:56154_1:89911745",3.2e-14
"21020","HISEQ13:138:C6FWNANXX:2:2310:5206:38878_1:136137672",3.2e-14
"21021","HISEQ13:138:C6FWNANXX:2:1104:5644:93984_1:5756915",3.2e-14
"21022","HISEQ13:138:C6FWNANXX:2:1205:11356:85429_1:31866124",3.2e-14
"21023","HISEQ13:138:C6FWNANXX:2:1211:11733:39830_1:40321946",3.2e-14
"21024","HISEQ13:138:C6FWNANXX:2:2106:3135:43026_1:82243161",3.2e-14
"21025","HISEQ13:138:C6FWNANXX:2:2110:16902:3379_1:87582093",3.2e-14
"21026","HISEQ13:138:C6FWNANXX:2:2201:5014:30186_1:98925619",3.2e-14
"21027","HISEQ13:138:C6FWNANXX:2:1316:21101:87165_1:74326904",3.2e-14
"21028","HISEQ13:138:C6FWNANXX:2:1216:5624:99923_1:49549773",3.2e-14
"21029","HISEQ13:138:C6FWNANXX:2:1216:5645:99915_1:49549768",3.2e-14
"21030","HISEQ13:138:C6FWNANXX:2:2206:20482:80738_1:106754439",3.2e-14
"21031","HISEQ13:138:C6FWNANXX:2:2306:12430:80655_1:130808905",3.2e-14
"21032","HISEQ13:138:C6FWNANXX:2:2207:16085:24569_1:107382825",3.2e-14
"21033","HISEQ13:138:C6FWNANXX:2:1107:17394:19575_1:9129736",3.2e-14
"21034","HISEQ13:138:C6FWNANXX:2:1115:5633:72820_1:22623043",3.2e-14
"21035","HISEQ13:138:C6FWNANXX:2:1305:12636:81923_1:56615935",3.2e-14
"21036","HISEQ13:138:C6FWNANXX:2:2303:14971:15217_1:125585521",3.2e-14
"21037","HISEQ13:138:C6FWNANXX:2:2210:13724:77549_1:112646131",3.2e-14
"21038","HISEQ13:138:C6FWNANXX:2:1101:7463:91703_1:1325532",3.2e-14
"21039","HISEQ13:138:C6FWNANXX:2:1204:4004:85485_1:30387766",3.2e-14
"21040","HISEQ13:138:C6FWNANXX:2:2114:9440:38536_1:94268624",3.2e-14
"21041","HISEQ13:138:C6FWNANXX:2:2304:2689:16121_1:127001596",3.2e-14
"21042","HISEQ13:138:C6FWNANXX:2:2304:9998:78048_1:127891848",3.2e-14
"21043","HISEQ13:138:C6FWNANXX:2:2308:12449:45102_1:133221669",3.2e-14
"21044","HISEQ13:138:C6FWNANXX:2:1106:13803:66320_1:8332506",3.2e-14
"21045","HISEQ13:138:C6FWNANXX:2:2213:9650:31878_1:116580805",3.2e-14
"21046","HISEQ13:138:C6FWNANXX:2:1109:5244:76530_1:13089576",3.3e-14
"21047","HISEQ13:138:C6FWNANXX:2:1115:17527:55734_1:22334023",3.3e-14
"21048","HISEQ13:138:C6FWNANXX:2:1116:7777:11468_1:23264892",3.3e-14
"21049","HISEQ13:138:C6FWNANXX:2:1116:20398:65974_1:24201787",3.3e-14
"21050","HISEQ13:138:C6FWNANXX:2:2309:10868:85172_1:135330886",3.3e-14
"21051","HISEQ13:138:C6FWNANXX:2:1310:16743:71905_1:64139417",3.3e-14
"21052","HISEQ13:138:C6FWNANXX:2:1314:12438:34339_1:70012128",3.3e-14
"21053","HISEQ13:138:C6FWNANXX:2:2104:2056:52834_1:79513590",3.3e-14
"21054","HISEQ13:138:C6FWNANXX:2:2207:13414:11435_1:107187782",3.3e-14
"21055","HISEQ13:138:C6FWNANXX:2:2305:12018:35773_1:128708692",3.3e-14
"21056","HISEQ13:138:C6FWNANXX:2:2309:2380:63073_1:134991552",3.3e-14
"21057","HISEQ13:138:C6FWNANXX:2:1114:17284:64116_1:20807468",3.3e-14
"21058","HISEQ13:138:C6FWNANXX:2:1207:20111:30559_1:34027595",3.3e-14
"21059","HISEQ13:138:C6FWNANXX:2:1209:11011:63492_1:37576312",3.3e-14
"21060","HISEQ13:138:C6FWNANXX:2:1215:21250:92369_1:47712322",3.3e-14
"21061","HISEQ13:138:C6FWNANXX:2:2316:8803:12281_1:145232223",3.3e-14
"21062","HISEQ13:138:C6FWNANXX:2:1114:7416:20266_1:20071263",3.3e-14
"21063","HISEQ13:138:C6FWNANXX:2:2301:14101:31918_1:123028769",3.3e-14
"21064","HISEQ13:138:C6FWNANXX:2:2214:21032:87441_1:119088309",3.3e-14
"21065","HISEQ13:138:C6FWNANXX:2:2215:1269:87709_1:120716633",3.3e-14
"21066","HISEQ13:138:C6FWNANXX:2:2201:18593:97885_1:99892172",3.3e-14
"21067","HISEQ13:138:C6FWNANXX:2:1316:2377:2642_1:72847618",3.3e-14
"21068","HISEQ13:138:C6FWNANXX:2:1209:7608:76261_1:37778960",3.3e-14
"21069","HISEQ13:138:C6FWNANXX:2:2201:8005:43165_1:99111413",3.3e-14
"21070","HISEQ13:138:C6FWNANXX:2:1107:3458:11705_1:9003799",3.3e-14
"21071","HISEQ13:138:C6FWNANXX:2:1308:4233:8274_1:60027266",3.3e-14
"21072","HISEQ13:138:C6FWNANXX:2:2109:15898:2261_1:86064386",3.3e-14
"21073","HISEQ13:138:C6FWNANXX:2:2212:2508:66808_1:115559966",3.3e-14
"21074","HISEQ13:138:C6FWNANXX:2:1103:17626:85280_1:4160393",3.3e-14
"21075","HISEQ13:138:C6FWNANXX:2:1114:3263:51758_1:20597902",3.3e-14
"21076","HISEQ13:138:C6FWNANXX:2:1114:7112:47386_1:20523425",3.3e-14
"21077","HISEQ13:138:C6FWNANXX:2:1203:4492:15061_1:27902476",3.3e-14
"21078","HISEQ13:138:C6FWNANXX:2:1206:1748:47116_1:32777493",3.3e-14
"21079","HISEQ13:138:C6FWNANXX:2:1312:5425:77658_1:67433421",3.3e-14
"21080","HISEQ13:138:C6FWNANXX:2:2301:1921:25299_1:122934581",3.3e-14
"21081","HISEQ13:138:C6FWNANXX:2:2313:19711:61083_1:141163134",3.3e-14
"21082","HISEQ13:138:C6FWNANXX:2:1113:21300:62229_1:19119497",3.4e-14
"21083","HISEQ13:138:C6FWNANXX:2:2309:4135:87417_1:135364035",3.4e-14
"21084","HISEQ13:138:C6FWNANXX:2:1206:16899:23271_1:32419980",3.4e-14
"21085","HISEQ13:138:C6FWNANXX:2:2306:16894:62792_1:130548989",3.4e-14
"21086","HISEQ13:138:C6FWNANXX:2:2207:21194:43778_1:107666327",3.4e-14
"21087","HISEQ13:138:C6FWNANXX:2:1105:3549:44635_1:6502009",3.4e-14
"21088","HISEQ13:138:C6FWNANXX:2:1311:18647:33304_1:65100291",3.4e-14
"21089","HISEQ13:138:C6FWNANXX:2:2203:16928:51862_1:102055313",3.4e-14
"21090","HISEQ13:138:C6FWNANXX:2:2207:20568:26543_1:107412977",3.4e-14
"21091","HISEQ13:138:C6FWNANXX:2:2210:12647:4462_1:111528685",3.4e-14
"21092","HISEQ13:138:C6FWNANXX:2:2114:17258:76753_1:94893666",3.4e-14
"21093","HISEQ13:138:C6FWNANXX:2:2309:20387:64781_1:135022025",3.4e-14
"21094","HISEQ13:138:C6FWNANXX:2:2316:11904:73953_1:146271476",3.4e-14
"21095","HISEQ13:138:C6FWNANXX:2:2214:18331:79748_1:118960961",3.4e-14
"21096","HISEQ13:138:C6FWNANXX:2:1309:2889:78092_1:62670403",3.4e-14
"21097","HISEQ13:138:C6FWNANXX:2:1112:11810:19035_1:16813114",3.4e-14
"21098","HISEQ13:138:C6FWNANXX:2:2310:15961:17038_1:135803191",3.4e-14
"21099","HISEQ13:138:C6FWNANXX:2:1101:13832:35794_1:502437",3.4e-14
"21100","HISEQ13:138:C6FWNANXX:2:1301:12530:38377_1:50105004",3.4e-14
"21101","HISEQ13:138:C6FWNANXX:2:1112:10752:51122_1:17313743",3.4e-14
"21102","HISEQ13:138:C6FWNANXX:2:1114:21012:38222_1:20371098",3.4e-14
"21103","HISEQ13:138:C6FWNANXX:2:1212:14686:6793_1:41382399",3.4e-14
"21104","HISEQ13:138:C6FWNANXX:2:1311:5234:30802_1:65057435",3.4e-14
"21105","HISEQ13:138:C6FWNANXX:2:1316:4881:17302_1:73105596",3.4e-14
"21106","HISEQ13:138:C6FWNANXX:2:2209:8947:62990_1:110914947",3.4e-14
"21107","HISEQ13:138:C6FWNANXX:2:2304:10703:23769_1:127114995",3.4e-14
"21108","HISEQ13:138:C6FWNANXX:2:2305:19613:95937_1:129583227",3.4e-14
"21109","HISEQ13:138:C6FWNANXX:2:2307:12419:10746_1:131234341",3.4e-14
"21110","HISEQ13:138:C6FWNANXX:2:2309:18076:5821_1:134123292",3.4e-14
"21111","HISEQ13:138:C6FWNANXX:2:2206:4377:58565_1:106427557",3.4e-14
"21112","HISEQ13:138:C6FWNANXX:2:1212:10813:29418_1:41716679",3.4e-14
"21113","HISEQ13:138:C6FWNANXX:2:2205:5390:13128_1:104328378",3.4e-14
"21114","HISEQ13:138:C6FWNANXX:2:1213:15056:39305_1:43499331",3.4e-14
"21115","HISEQ13:138:C6FWNANXX:2:2314:14570:27298_1:142217168",3.4e-14
"21116","HISEQ13:138:C6FWNANXX:2:1107:20390:32657_1:9328364",3.4e-14
"21117","HISEQ13:138:C6FWNANXX:2:2103:8811:45393_1:77993856",3.4e-14
"21118","HISEQ13:138:C6FWNANXX:2:2116:11019:79716_1:98174063",3.4e-14
"21119","HISEQ13:138:C6FWNANXX:2:1209:8641:56497_1:37465446",3.4e-14
"21120","HISEQ13:138:C6FWNANXX:2:1206:17867:13180_1:32267108",3.4e-14
"21121","HISEQ13:138:C6FWNANXX:2:2313:10214:15578_1:140425783",3.4e-14
"21122","HISEQ13:138:C6FWNANXX:2:2112:12582:88233_1:91897844",3.4e-14
"21123","HISEQ13:138:C6FWNANXX:2:1204:8172:61431_1:30032107",3.4e-14
"21124","HISEQ13:138:C6FWNANXX:2:2213:19072:43827_1:116775395",3.4e-14
"21125","HISEQ13:138:C6FWNANXX:2:2214:5831:50888_1:118486626",3.4e-14
"21126","HISEQ13:138:C6FWNANXX:2:1209:10969:41367_1:37231975",3.4e-14
"21127","HISEQ13:138:C6FWNANXX:2:2202:14569:8150_1:100021627",3.4e-14
"21128","HISEQ13:138:C6FWNANXX:2:2207:19342:83676_1:108255567",3.4e-14
"21129","HISEQ13:138:C6FWNANXX:2:2203:17758:99847_1:102740796",3.4e-14
"21130","HISEQ13:138:C6FWNANXX:2:1215:2181:34102_1:46720417",3.4e-14
"21131","HISEQ13:138:C6FWNANXX:2:1209:6347:93428_1:38044800",3.5e-14
"21132","HISEQ13:138:C6FWNANXX:2:1214:4905:79630_1:45818385",3.5e-14
"21133","HISEQ13:138:C6FWNANXX:2:2216:19413:40171_1:121578823",3.5e-14
"21134","HISEQ13:138:C6FWNANXX:2:1306:14862:44504_1:57552862",3.5e-14
"21135","HISEQ13:138:C6FWNANXX:2:2311:5938:96516_1:138573152",3.5e-14
"21136","HISEQ13:138:C6FWNANXX:2:1206:20331:60727_1:32986473",3.5e-14
"21137","HISEQ13:138:C6FWNANXX:2:2215:12386:16379_1:119542166",3.5e-14
"21138","HISEQ13:138:C6FWNANXX:2:2309:12454:58885_1:134927829",3.5e-14
"21139","HISEQ13:138:C6FWNANXX:2:1206:8704:31088_1:32535787",3.5e-14
"21140","HISEQ13:138:C6FWNANXX:2:1113:4578:78344_1:19386482",3.5e-14
"21141","HISEQ13:138:C6FWNANXX:2:1211:8898:77770_1:40933293",3.5e-14
"21142","HISEQ13:138:C6FWNANXX:2:1215:6814:85864_1:47597018",3.5e-14
"21143","HISEQ13:138:C6FWNANXX:2:1108:8168:18458_1:10626931",3.5e-14
"21144","HISEQ13:138:C6FWNANXX:2:1102:7793:15610_1:1663808",3.5e-14
"21145","HISEQ13:138:C6FWNANXX:2:1110:4015:23719_1:13814185",3.5e-14
"21146","HISEQ13:138:C6FWNANXX:2:1116:19096:60203_1:24103593",3.5e-14
"21147","HISEQ13:138:C6FWNANXX:2:1116:6859:84170_1:24515840",3.5e-14
"21148","HISEQ13:138:C6FWNANXX:2:1303:8784:53598_1:53239803",3.5e-14
"21149","HISEQ13:138:C6FWNANXX:2:2105:17469:32585_1:80651377",3.5e-14
"21150","HISEQ13:138:C6FWNANXX:2:2208:10846:18859_1:108760496",3.5e-14
"21151","HISEQ13:138:C6FWNANXX:2:2303:15858:53835_1:126135485",3.5e-14
"21152","HISEQ13:138:C6FWNANXX:2:2309:11865:53773_1:134850702",3.5e-14
"21153","HISEQ13:138:C6FWNANXX:2:1201:16169:75030_1:25881909",3.5e-14
"21154","HISEQ13:138:C6FWNANXX:2:1101:3789:10591_1:126620",3.5e-14
"21155","HISEQ13:138:C6FWNANXX:2:2210:16010:20562_1:111777458",3.5e-14
"21156","HISEQ13:138:C6FWNANXX:2:1106:19718:62977_1:8280022",3.5e-14
"21157","HISEQ13:138:C6FWNANXX:2:2214:11705:38184_1:118279726",3.5e-14
"21158","HISEQ13:138:C6FWNANXX:2:2114:15721:61217_1:94636580",3.5e-14
"21159","HISEQ13:138:C6FWNANXX:2:1112:14306:86344_1:17889625",3.5e-14
"21160","HISEQ13:138:C6FWNANXX:2:1114:15496:8682_1:19875843",3.5e-14
"21161","HISEQ13:138:C6FWNANXX:2:1210:8956:44665_1:38833180",3.5e-14
"21162","HISEQ13:138:C6FWNANXX:2:1214:1654:10892_1:44662800",3.5e-14
"21163","HISEQ13:138:C6FWNANXX:2:1310:4514:22683_1:63354363",3.5e-14
"21164","HISEQ13:138:C6FWNANXX:2:2116:10751:15648_1:97119733",3.5e-14
"21165","HISEQ13:138:C6FWNANXX:2:2216:16573:53660_1:121806901",3.5e-14
"21166","HISEQ13:138:C6FWNANXX:2:2315:12219:6731_1:143501989",3.5e-14
"21167","HISEQ13:138:C6FWNANXX:2:2104:3816:62716_1:79654287",3.5e-14
"21168","HISEQ13:138:C6FWNANXX:2:2107:7585:3319_1:83115471",3.5e-14
"21169","HISEQ13:138:C6FWNANXX:2:1113:3629:60736_1:19090786",3.5e-14
"21170","HISEQ13:138:C6FWNANXX:2:2314:5384:40630_1:142432942",3.5e-14
"21171","HISEQ13:138:C6FWNANXX:2:1109:14527:3811_1:11943776",3.5e-14
"21172","HISEQ13:138:C6FWNANXX:2:1211:1804:33284_1:40215630",3.5e-14
"21173","HISEQ13:138:C6FWNANXX:2:1215:11783:38452_1:46794403",3.5e-14
"21174","HISEQ13:138:C6FWNANXX:2:2214:14115:78121_1:118936138",3.5e-14
"21175","HISEQ13:138:C6FWNANXX:2:1104:10362:78158_1:5522054",3.5e-14
"21176","HISEQ13:138:C6FWNANXX:2:1309:18336:24553_1:61826875",3.5e-14
"21177","HISEQ13:138:C6FWNANXX:2:2314:15551:78926_1:143066511",3.5e-14
"21178","HISEQ13:138:C6FWNANXX:2:1102:4486:32971_1:1916722",3.6e-14
"21179","HISEQ13:138:C6FWNANXX:2:1204:3047:29357_1:29555340",3.6e-14
"21180","HISEQ13:138:C6FWNANXX:2:1209:2170:45454_1:37292388",3.6e-14
"21181","HISEQ13:138:C6FWNANXX:2:1210:8815:94068_1:39607894",3.6e-14
"21182","HISEQ13:138:C6FWNANXX:2:1213:14500:37081_1:43461797",3.6e-14
"21183","HISEQ13:138:C6FWNANXX:2:2102:2351:78610_1:77056976",3.6e-14
"21184","HISEQ13:138:C6FWNANXX:2:2108:15090:60927_1:85453425",3.6e-14
"21185","HISEQ13:138:C6FWNANXX:2:1215:2033:37832_1:46784259",3.6e-14
"21186","HISEQ13:138:C6FWNANXX:2:2215:3040:38408_1:119903017",3.6e-14
"21187","HISEQ13:138:C6FWNANXX:2:1209:15052:89558_1:37987790",3.6e-14
"21188","HISEQ13:138:C6FWNANXX:2:2114:8586:23964_1:94030773",3.6e-14
"21189","HISEQ13:138:C6FWNANXX:2:2308:19973:75110_1:133676552",3.6e-14
"21190","HISEQ13:138:C6FWNANXX:2:1202:12281:73606_1:27310736",3.6e-14
"21191","HISEQ13:138:C6FWNANXX:2:1316:19771:9367_1:72969235",3.6e-14
"21192","HISEQ13:138:C6FWNANXX:2:2106:4132:89212_1:82920241",3.6e-14
"21193","HISEQ13:138:C6FWNANXX:2:2208:16290:84245_1:109741545",3.6e-14
"21194","HISEQ13:138:C6FWNANXX:2:1209:6743:23706_1:36955861",3.6e-14
"21195","HISEQ13:138:C6FWNANXX:2:2209:6250:19262_1:110254415",3.6e-14
"21196","HISEQ13:138:C6FWNANXX:2:2312:11851:88440_1:140010028",3.6e-14
"21197","HISEQ13:138:C6FWNANXX:2:1106:14791:47875_1:8049616",3.6e-14
"21198","HISEQ13:138:C6FWNANXX:2:1105:6612:93816_1:7242668",3.6e-14
"21199","HISEQ13:138:C6FWNANXX:2:1206:16599:95555_1:33513575",3.6e-14
"21200","HISEQ13:138:C6FWNANXX:2:2202:17642:78937_1:101028708",3.6e-14
"21201","HISEQ13:138:C6FWNANXX:2:1311:19686:77007_1:65811503",3.6e-14
"21202","HISEQ13:138:C6FWNANXX:2:1107:8867:49660_1:9587095",3.6e-14
"21203","HISEQ13:138:C6FWNANXX:2:2304:12866:56989_1:127588086",3.6e-14
"21204","HISEQ13:138:C6FWNANXX:2:1310:13177:45164_1:63714150",3.6e-14
"21205","HISEQ13:138:C6FWNANXX:2:2313:15346:67237_1:141260071",3.6e-14
"21206","HISEQ13:138:C6FWNANXX:2:1207:7330:53478_1:34370013",3.6e-14
"21207","HISEQ13:138:C6FWNANXX:2:2206:5870:45454_1:106233049",3.6e-14
"21208","HISEQ13:138:C6FWNANXX:2:1116:18573:85733_1:24544176",3.6e-14
"21209","HISEQ13:138:C6FWNANXX:2:1302:11158:38822_1:51563673",3.6e-14
"21210","HISEQ13:138:C6FWNANXX:2:1311:11971:74628_1:65768715",3.6e-14
"21211","HISEQ13:138:C6FWNANXX:2:2109:20922:45339_1:86717846",3.6e-14
"21212","HISEQ13:138:C6FWNANXX:2:2203:17773:12306_1:101490911",3.6e-14
"21213","HISEQ13:138:C6FWNANXX:2:2314:17196:40593_1:142435317",3.6e-14
"21214","HISEQ13:138:C6FWNANXX:2:2314:7348:32683_1:142301905",3.6e-14
"21215","HISEQ13:138:C6FWNANXX:2:2310:16764:51802_1:136340384",3.6e-14
"21216","HISEQ13:138:C6FWNANXX:2:2213:16278:96070_1:117615358",3.6e-14
"21217","HISEQ13:138:C6FWNANXX:2:2216:20772:24920_1:121322184",3.6e-14
"21218","HISEQ13:138:C6FWNANXX:2:1115:20722:46498_1:22177599",3.6e-14
"21219","HISEQ13:138:C6FWNANXX:2:1115:4102:32003_1:21933725",3.6e-14
"21220","HISEQ13:138:C6FWNANXX:2:2201:2310:52338_1:99241886",3.6e-14
"21221","HISEQ13:138:C6FWNANXX:2:2316:12259:60955_1:146052437",3.6e-14
"21222","HISEQ13:138:C6FWNANXX:2:2309:17929:79314_1:135244417",3.6e-14
"21223","HISEQ13:138:C6FWNANXX:2:1103:11288:53489_1:3683464",3.6e-14
"21224","HISEQ13:138:C6FWNANXX:2:1104:14968:47847_1:5071740",3.6e-14
"21225","HISEQ13:138:C6FWNANXX:2:1304:4808:72976_1:54995552",3.6e-14
"21226","HISEQ13:138:C6FWNANXX:2:2201:5771:40156_1:99068271",3.6e-14
"21227","HISEQ13:138:C6FWNANXX:2:2312:2347:84305_1:139944376",3.6e-14
"21228","HISEQ13:138:C6FWNANXX:2:1201:4130:94168_1:26159089",3.6e-14
"21229","HISEQ13:138:C6FWNANXX:2:2116:16635:19573_1:97187288",3.6e-14
"21230","HISEQ13:138:C6FWNANXX:2:2201:14227:69150_1:99483651",3.6e-14
"21231","HISEQ13:138:C6FWNANXX:2:2106:4161:49636_1:82340098",3.6e-14
"21232","HISEQ13:138:C6FWNANXX:2:2302:17862:78293_1:125081227",3.6e-14
"21233","HISEQ13:138:C6FWNANXX:2:1301:13675:26875_1:49936242",3.6e-14
"21234","HISEQ13:138:C6FWNANXX:2:1311:14625:28609_1:65023450",3.6e-14
"21235","HISEQ13:138:C6FWNANXX:2:2104:17904:56928_1:79574000",3.6e-14
"21236","HISEQ13:138:C6FWNANXX:2:1214:13053:54673_1:45399600",3.6e-14
"21237","HISEQ13:138:C6FWNANXX:2:1215:5816:89605_1:47661744",3.6e-14
"21238","HISEQ13:138:C6FWNANXX:2:1216:7156:54192_1:48755486",3.6e-14
"21239","HISEQ13:138:C6FWNANXX:2:1316:17063:95440_1:74468590",3.6e-14
"21240","HISEQ13:138:C6FWNANXX:2:2102:19412:43548_1:76561590",3.6e-14
"21241","HISEQ13:138:C6FWNANXX:2:2101:11313:29253_1:74952972",3.6e-14
"21242","HISEQ13:138:C6FWNANXX:2:1103:1513:52351_1:3666910",3.6e-14
"21243","HISEQ13:138:C6FWNANXX:2:1103:5908:60351_1:3786275",3.6e-14
"21244","HISEQ13:138:C6FWNANXX:2:1207:2775:77869_1:34742849",3.6e-14
"21245","HISEQ13:138:C6FWNANXX:2:1208:9311:72885_1:36186171",3.6e-14
"21246","HISEQ13:138:C6FWNANXX:2:2208:4597:74956_1:109599673",3.6e-14
"21247","HISEQ13:138:C6FWNANXX:2:2311:16329:40444_1:137688077",3.6e-14
"21248","HISEQ13:138:C6FWNANXX:2:1112:19784:2123_1:16705401",3.7e-14
"21249","HISEQ13:138:C6FWNANXX:2:1211:10920:15337_1:39928006",3.7e-14
"21250","HISEQ13:138:C6FWNANXX:2:1309:16722:64016_1:62450921",3.7e-14
"21251","HISEQ13:138:C6FWNANXX:2:2102:7626:96533_1:77315571",3.7e-14
"21252","HISEQ13:138:C6FWNANXX:2:1109:20412:78525_1:13124628",3.7e-14
"21253","HISEQ13:138:C6FWNANXX:2:2213:12785:7269_1:116190725",3.7e-14
"21254","HISEQ13:138:C6FWNANXX:2:1311:5299:16006_1:64822135",3.7e-14
"21255","HISEQ13:138:C6FWNANXX:2:1107:4708:61564_1:9770056",3.7e-14
"21256","HISEQ13:138:C6FWNANXX:2:1114:10654:30083_1:20235015",3.7e-14
"21257","HISEQ13:138:C6FWNANXX:2:1214:10292:98240_1:46130628",3.7e-14
"21258","HISEQ13:138:C6FWNANXX:2:2110:17158:53010_1:88343285",3.7e-14
"21259","HISEQ13:138:C6FWNANXX:2:2114:8416:14642_1:93880575",3.7e-14
"21260","HISEQ13:138:C6FWNANXX:2:2302:15286:24821_1:124325618",3.7e-14
"21261","HISEQ13:138:C6FWNANXX:2:2307:11808:9113_1:131212112",3.7e-14
"21262","HISEQ13:138:C6FWNANXX:2:2314:19659:57451_1:142712991",3.7e-14
"21263","HISEQ13:138:C6FWNANXX:2:1115:9271:24064_1:21799611",3.7e-14
"21264","HISEQ13:138:C6FWNANXX:2:2201:11792:69981_1:99493998",3.7e-14
"21265","HISEQ13:138:C6FWNANXX:2:2308:5239:80699_1:133756446",3.7e-14
"21266","HISEQ13:138:C6FWNANXX:2:2310:12325:33765_1:136061734",3.7e-14
"21267","HISEQ13:138:C6FWNANXX:2:2106:15876:32267_1:82087718",3.7e-14
"21268","HISEQ13:138:C6FWNANXX:2:1209:21051:67639_1:37644521",3.7e-14
"21269","HISEQ13:138:C6FWNANXX:2:1210:11839:9732_1:38282889",3.7e-14
"21270","HISEQ13:138:C6FWNANXX:2:1214:21142:34314_1:45061119",3.7e-14
"21271","HISEQ13:138:C6FWNANXX:2:1302:10745:83147_1:52215095",3.7e-14
"21272","HISEQ13:138:C6FWNANXX:2:2212:14299:26313_1:114922647",3.7e-14
"21273","HISEQ13:138:C6FWNANXX:2:2207:17257:5871_1:107107194",3.7e-14
"21274","HISEQ13:138:C6FWNANXX:2:2212:18086:64981_1:115531085",3.7e-14
"21275","HISEQ13:138:C6FWNANXX:2:2303:2634:79990_1:126501397",3.7e-14
"21276","HISEQ13:138:C6FWNANXX:2:2313:20078:82573_1:141512108",3.7e-14
"21277","HISEQ13:138:C6FWNANXX:2:1302:17886:21203_1:51304382",3.7e-14
"21278","HISEQ13:138:C6FWNANXX:2:1316:4237:8593_1:72952652",3.7e-14
"21279","HISEQ13:138:C6FWNANXX:2:2109:13925:55041_1:86865339",3.7e-14
"21280","HISEQ13:138:C6FWNANXX:2:2103:2528:51861_1:78084718",3.7e-14
"21281","HISEQ13:138:C6FWNANXX:2:2105:16393:53911_1:80960280",3.7e-14
"21282","HISEQ13:138:C6FWNANXX:2:2206:6935:67889_1:106564886",3.7e-14
"21283","HISEQ13:138:C6FWNANXX:2:2112:17445:96205_1:92024476",3.7e-14
"21284","HISEQ13:138:C6FWNANXX:2:2211:20890:22841_1:113326169",3.7e-14
"21285","HISEQ13:138:C6FWNANXX:2:2316:4574:83089_1:146426473",3.7e-14
"21286","HISEQ13:138:C6FWNANXX:2:1113:5314:47645_1:18875702",3.7e-14
"21287","HISEQ13:138:C6FWNANXX:2:1112:16129:69136_1:17606609",3.8e-14
"21288","HISEQ13:138:C6FWNANXX:2:2302:14619:48585_1:124658681",3.8e-14
"21289","HISEQ13:138:C6FWNANXX:2:1109:5686:24858_1:12271828",3.8e-14
"21290","HISEQ13:138:C6FWNANXX:2:2306:2440:58602_1:130483710",3.8e-14
"21291","HISEQ13:138:C6FWNANXX:2:1215:17854:50757_1:47006641",3.8e-14
"21292","HISEQ13:138:C6FWNANXX:2:1312:10836:12852_1:66375104",3.8e-14
"21293","HISEQ13:138:C6FWNANXX:2:2215:21011:34542_1:119845518",3.8e-14
"21294","HISEQ13:138:C6FWNANXX:2:2311:4720:89914_1:138466119",3.8e-14
"21295","HISEQ13:138:C6FWNANXX:2:2316:11262:71013_1:146225074",3.8e-14
"21296","HISEQ13:138:C6FWNANXX:2:2308:8743:32870_1:133036272",3.8e-14
"21297","HISEQ13:138:C6FWNANXX:2:1110:13940:14966_1:13677848",3.8e-14
"21298","HISEQ13:138:C6FWNANXX:2:1112:7576:96559_1:18056332",3.8e-14
"21299","HISEQ13:138:C6FWNANXX:2:2306:20656:13790_1:129828709",3.8e-14
"21300","HISEQ13:138:C6FWNANXX:2:1110:4992:81700_1:14729374",3.8e-14
"21301","HISEQ13:138:C6FWNANXX:2:1205:21284:46269_1:31283673",3.8e-14
"21302","HISEQ13:138:C6FWNANXX:2:1309:14322:20270_1:61759235",3.8e-14
"21303","HISEQ13:138:C6FWNANXX:2:2311:10323:56884_1:137945142",3.8e-14
"21304","HISEQ13:138:C6FWNANXX:2:1108:20522:98552_1:11880454",3.8e-14
"21305","HISEQ13:138:C6FWNANXX:2:1312:13193:83882_1:67538950",3.8e-14
"21306","HISEQ13:138:C6FWNANXX:2:2213:12820:24308_1:116461430",3.8e-14
"21307","HISEQ13:138:C6FWNANXX:2:2312:4175:28658_1:139060345",3.8e-14
"21308","HISEQ13:138:C6FWNANXX:2:2109:16467:21965_1:86361189",3.8e-14
"21309","HISEQ13:138:C6FWNANXX:2:1214:2410:63322_1:45544312",3.8e-14
"21310","HISEQ13:138:C6FWNANXX:2:1212:12987:6554_1:41378518",3.8e-14
"21311","HISEQ13:138:C6FWNANXX:2:1208:12250:65829_1:36078141",3.8e-14
"21312","HISEQ13:138:C6FWNANXX:2:1214:2293:43420_1:45208626",3.8e-14
"21313","HISEQ13:138:C6FWNANXX:2:2102:7540:24749_1:76290212",3.8e-14
"21314","HISEQ13:138:C6FWNANXX:2:2202:2591:15133_1:100119340",3.8e-14
"21315","HISEQ13:138:C6FWNANXX:2:2212:10197:67332_1:115569399",3.8e-14
"21316","HISEQ13:138:C6FWNANXX:2:2112:13666:76977_1:91719118",3.8e-14
"21317","HISEQ13:138:C6FWNANXX:2:2113:20450:3273_1:92122085",3.8e-14
"21318","HISEQ13:138:C6FWNANXX:2:2212:3198:80877_1:115783931",3.8e-14
"21319","HISEQ13:138:C6FWNANXX:2:1310:7483:9538_1:63149473",3.8e-14
"21320","HISEQ13:138:C6FWNANXX:2:1315:19743:12937_1:71328616",3.8e-14
"21321","HISEQ13:138:C6FWNANXX:2:2310:12446:71949_1:136645653",3.8e-14
"21322","HISEQ13:138:C6FWNANXX:2:1110:1428:93301_1:14912172",3.8e-14
"21323","HISEQ13:138:C6FWNANXX:2:1113:3156:25846_1:18518697",3.8e-14
"21324","HISEQ13:138:C6FWNANXX:2:1302:17204:84651_1:52238288",3.8e-14
"21325","HISEQ13:138:C6FWNANXX:2:2104:11534:52616_1:79511678",3.8e-14
"21326","HISEQ13:138:C6FWNANXX:2:2111:6749:91767_1:90511800",3.8e-14
"21327","HISEQ13:138:C6FWNANXX:2:1209:9728:97890_1:38116115",3.8e-14
"21328","HISEQ13:138:C6FWNANXX:2:1306:11270:40034_1:57484037",3.8e-14
"21329","HISEQ13:138:C6FWNANXX:2:2212:2167:16837_1:114769152",3.8e-14
"21330","HISEQ13:138:C6FWNANXX:2:1309:18550:40804_1:62083083",3.8e-14
"21331","HISEQ13:138:C6FWNANXX:2:2110:14232:79695_1:88745468",3.8e-14
"21332","HISEQ13:138:C6FWNANXX:2:1211:16315:54240_1:40553080",3.8e-14
"21333","HISEQ13:138:C6FWNANXX:2:2110:19409:39396_1:88133249",3.8e-14
"21334","HISEQ13:138:C6FWNANXX:2:1101:15594:99934_1:1449015",3.8e-14
"21335","HISEQ13:138:C6FWNANXX:2:1112:19885:28772_1:16954793",3.8e-14
"21336","HISEQ13:138:C6FWNANXX:2:1308:20506:99925_1:61456532",3.8e-14
"21337","HISEQ13:138:C6FWNANXX:2:2205:20631:19579_1:104425833",3.8e-14
"21338","HISEQ13:138:C6FWNANXX:2:2306:13904:12000_1:129801520",3.8e-14
"21339","HISEQ13:138:C6FWNANXX:2:1112:5970:28711_1:16947844",3.8e-14
"21340","HISEQ13:138:C6FWNANXX:2:2307:8285:95346_1:132490942",3.8e-14
"21341","HISEQ13:138:C6FWNANXX:2:2116:19852:62092_1:97889009",3.8e-14
"21342","HISEQ13:138:C6FWNANXX:2:2213:14215:77607_1:117317576",3.8e-14
"21343","HISEQ13:138:C6FWNANXX:2:1209:20500:35621_1:37144536",3.8e-14
"21344","HISEQ13:138:C6FWNANXX:2:2112:20297:54259_1:91364258",3.8e-14
"21345","HISEQ13:138:C6FWNANXX:2:2214:5418:39018_1:118294853",3.8e-14
"21346","HISEQ13:138:C6FWNANXX:2:2208:13201:99451_1:109971588",3.9e-14
"21347","HISEQ13:138:C6FWNANXX:2:1205:14613:12021_1:30770933",3.9e-14
"21348","HISEQ13:138:C6FWNANXX:2:1213:7846:28332_1:43315796",3.9e-14
"21349","HISEQ13:138:C6FWNANXX:2:2305:14361:14129_1:128394589",3.9e-14
"21350","HISEQ13:138:C6FWNANXX:2:2316:10501:57945_1:146001350",3.9e-14
"21351","HISEQ13:138:C6FWNANXX:2:1211:3120:65409_1:40731754",3.9e-14
"21352","HISEQ13:138:C6FWNANXX:2:1312:4104:53718_1:67038916",3.9e-14
"21353","HISEQ13:138:C6FWNANXX:2:1316:18823:67881_1:73989806",3.9e-14
"21354","HISEQ13:138:C6FWNANXX:2:1316:4881:17302_1:73105595",3.9e-14
"21355","HISEQ13:138:C6FWNANXX:2:2206:9791:5706_1:105652505",3.9e-14
"21356","HISEQ13:138:C6FWNANXX:2:1316:5253:55203_1:73763811",3.9e-14
"21357","HISEQ13:138:C6FWNANXX:2:2214:17448:41651_1:118337937",3.9e-14
"21358","HISEQ13:138:C6FWNANXX:2:1212:18418:26239_1:41664852",3.9e-14
"21359","HISEQ13:138:C6FWNANXX:2:1202:15382:20512_1:26534061",3.9e-14
"21360","HISEQ13:138:C6FWNANXX:2:1212:5293:98468_1:42842550",3.9e-14
"21361","HISEQ13:138:C6FWNANXX:2:1116:15123:23459_1:23472597",3.9e-14
"21362","HISEQ13:138:C6FWNANXX:2:2104:17423:25266_1:79120677",3.9e-14
"21363","HISEQ13:138:C6FWNANXX:2:2203:6527:23740_1:101649797",3.9e-14
"21364","HISEQ13:138:C6FWNANXX:2:2212:10724:52564_1:115336398",3.9e-14
"21365","HISEQ13:138:C6FWNANXX:2:1208:13444:8989_1:35200400",3.9e-14
"21366","HISEQ13:138:C6FWNANXX:2:2104:8826:3275_1:78801788",3.9e-14
"21367","HISEQ13:138:C6FWNANXX:2:2208:3218:42076_1:109106120",3.9e-14
"21368","HISEQ13:138:C6FWNANXX:2:2211:18009:33258_1:113490633",3.9e-14
"21369","HISEQ13:138:C6FWNANXX:2:2305:1376:26071_1:128565189",3.9e-14
"21370","HISEQ13:138:C6FWNANXX:2:1215:2912:67808_1:47292429",3.9e-14
"21371","HISEQ13:138:C6FWNANXX:2:1215:15379:69696_1:47324670",3.9e-14
"21372","HISEQ13:138:C6FWNANXX:2:1104:6560:6048_1:4448963",3.9e-14
"21373","HISEQ13:138:C6FWNANXX:2:2305:13522:16375_1:128427088",3.9e-14
"21374","HISEQ13:138:C6FWNANXX:2:2315:15522:45890_1:144151666",3.9e-14
"21375","HISEQ13:138:C6FWNANXX:2:1212:16886:3586_1:41334966",3.9e-14
"21376","HISEQ13:138:C6FWNANXX:2:1109:11804:20686_1:12206179",3.9e-14
"21377","HISEQ13:138:C6FWNANXX:2:1111:9393:16994_1:15270091",3.9e-14
"21378","HISEQ13:138:C6FWNANXX:2:2211:10111:65793_1:113997175",3.9e-14
"21379","HISEQ13:138:C6FWNANXX:2:1216:11742:81812_1:49240909",3.9e-14
"21380","HISEQ13:138:C6FWNANXX:2:1309:17204:15743_1:61685484",3.9e-14
"21381","HISEQ13:138:C6FWNANXX:2:2109:19595:90772_1:87410569",3.9e-14
"21382","HISEQ13:138:C6FWNANXX:2:1204:9340:63550_1:30065157",3.9e-14
"21383","HISEQ13:138:C6FWNANXX:2:1215:17437:53564_1:47053221",3.9e-14
"21384","HISEQ13:138:C6FWNANXX:2:1304:1978:97828_1:55369305",3.9e-14
"21385","HISEQ13:138:C6FWNANXX:2:2207:18966:40213_1:107610235",3.9e-14
"21386","HISEQ13:138:C6FWNANXX:2:1116:9004:16561_1:23355436",3.9e-14
"21387","HISEQ13:138:C6FWNANXX:2:1205:12269:71019_1:31652293",3.9e-14
"21388","HISEQ13:138:C6FWNANXX:2:1201:6070:23986_1:25125767",3.9e-14
"21389","HISEQ13:138:C6FWNANXX:2:1212:12889:38427_1:41862880",4e-14
"21390","HISEQ13:138:C6FWNANXX:2:1308:2035:57999_1:60793901",4e-14
"21391","HISEQ13:138:C6FWNANXX:2:1311:12792:96939_1:66133719",4e-14
"21392","HISEQ13:138:C6FWNANXX:2:1210:2806:77775_1:39351324",4e-14
"21393","HISEQ13:138:C6FWNANXX:2:2215:6386:42521_1:119974256",4e-14
"21394","HISEQ13:138:C6FWNANXX:2:2301:16680:62303_1:123458618",4e-14
"21395","HISEQ13:138:C6FWNANXX:2:1215:18815:51055_1:47010955",4e-14
"21396","HISEQ13:138:C6FWNANXX:2:2303:3192:37771_1:125906090",4e-14
"21397","HISEQ13:138:C6FWNANXX:2:2302:4765:6004_1:124058205",4e-14
"21398","HISEQ13:138:C6FWNANXX:2:2312:5375:49726_1:139391826",4e-14
"21399","HISEQ13:138:C6FWNANXX:2:1314:12562:46539_1:70220812",4e-14
"21400","HISEQ13:138:C6FWNANXX:2:1107:10734:35795_1:9375719",4e-14
"21401","HISEQ13:138:C6FWNANXX:2:1204:20603:96198_1:30550250",4e-14
"21402","HISEQ13:138:C6FWNANXX:2:1207:10648:51244_1:34336478",4e-14
"21403","HISEQ13:138:C6FWNANXX:2:1114:19153:7527_1:19859876",4e-14
"21404","HISEQ13:138:C6FWNANXX:2:2316:9405:68514_1:146182712",4e-14
"21405","HISEQ13:138:C6FWNANXX:2:2210:4771:64889_1:112451512",4e-14
"21406","HISEQ13:138:C6FWNANXX:2:1214:17348:66791_1:45606596",4e-14
"21407","HISEQ13:138:C6FWNANXX:2:1103:13324:69644_1:3926007",4e-14
"21408","HISEQ13:138:C6FWNANXX:2:2110:12146:77508_1:88714876",4e-14
"21409","HISEQ13:138:C6FWNANXX:2:1106:10675:58324_1:8208754",4e-14
"21410","HISEQ13:138:C6FWNANXX:2:1303:4055:30338_1:52894967",4e-14
"21411","HISEQ13:138:C6FWNANXX:2:1308:6018:37398_1:60476058",4e-14
"21412","HISEQ13:138:C6FWNANXX:2:2106:1356:12029_1:81788506",4e-14
"21413","HISEQ13:138:C6FWNANXX:2:1206:10029:89212_1:33414029",4e-14
"21414","HISEQ13:138:C6FWNANXX:2:1116:13436:10597_1:23253041",4e-14
"21415","HISEQ13:138:C6FWNANXX:2:1210:4640:40824_1:38773934",4e-14
"21416","HISEQ13:138:C6FWNANXX:2:1304:10393:72583_1:54992920",4e-14
"21417","HISEQ13:138:C6FWNANXX:2:2308:11310:76283_1:133693733",4e-14
"21418","HISEQ13:138:C6FWNANXX:2:2216:11768:36501_1:121517901",4e-14
"21419","HISEQ13:138:C6FWNANXX:2:1102:16869:61955_1:2346178",4e-14
"21420","HISEQ13:138:C6FWNANXX:2:2214:1330:12856_1:117866048",4e-14
"21421","HISEQ13:138:C6FWNANXX:2:1108:11178:2943_1:10387541",4.1e-14
"21422","HISEQ13:138:C6FWNANXX:2:2207:16657:5747_1:107103388",4.1e-14
"21423","HISEQ13:138:C6FWNANXX:2:2303:14877:40970_1:125951256",4.1e-14
"21424","HISEQ13:138:C6FWNANXX:2:2102:4034:57126_1:76750418",4.1e-14
"21425","HISEQ13:138:C6FWNANXX:2:1214:18981:45751_1:45254271",4.1e-14
"21426","HISEQ13:138:C6FWNANXX:2:2314:16742:16706_1:142042471",4.1e-14
"21427","HISEQ13:138:C6FWNANXX:2:1315:2188:40192_1:71788602",4.1e-14
"21428","HISEQ13:138:C6FWNANXX:2:1305:6839:30713_1:55843227",4.1e-14
"21429","HISEQ13:138:C6FWNANXX:2:2301:7126:97913_1:123958593",4.1e-14
"21430","HISEQ13:138:C6FWNANXX:2:1309:10572:67794_1:62509411",4.1e-14
"21431","HISEQ13:138:C6FWNANXX:2:1311:5610:24011_1:64949699",4.1e-14
"21432","HISEQ13:138:C6FWNANXX:2:2110:18545:44295_1:88209536",4.1e-14
"21433","HISEQ13:138:C6FWNANXX:2:2113:7585:16138_1:92322374",4.1e-14
"21434","HISEQ13:138:C6FWNANXX:2:2214:16517:9935_1:117820120",4.1e-14
"21435","HISEQ13:138:C6FWNANXX:2:1101:4008:34388_1:478523",4.1e-14
"21436","HISEQ13:138:C6FWNANXX:2:2114:19650:40427_1:94299342",4.1e-14
"21437","HISEQ13:138:C6FWNANXX:2:1104:14633:3628_1:4412824",4.1e-14
"21438","HISEQ13:138:C6FWNANXX:2:1215:17725:47990_1:46955804",4.1e-14
"21439","HISEQ13:138:C6FWNANXX:2:2210:17428:98062_1:112960894",4.1e-14
"21440","HISEQ13:138:C6FWNANXX:2:2109:3283:61359_1:86959022",4.1e-14
"21441","HISEQ13:138:C6FWNANXX:2:2103:19251:34418_1:77839161",4.1e-14
"21442","HISEQ13:138:C6FWNANXX:2:2112:20784:24715_1:90900532",4.1e-14
"21443","HISEQ13:138:C6FWNANXX:2:2214:6646:93111_1:119179497",4.1e-14
"21444","HISEQ13:138:C6FWNANXX:2:2304:19357:57560_1:127600255",4.1e-14
"21445","HISEQ13:138:C6FWNANXX:2:1108:5407:21718_1:10676216",4.1e-14
"21446","HISEQ13:138:C6FWNANXX:2:1115:15258:22531_1:21775522",4.1e-14
"21447","HISEQ13:138:C6FWNANXX:2:1306:7789:95544_1:58330757",4.1e-14
"21448","HISEQ13:138:C6FWNANXX:2:1205:10820:44052_1:31247859",4.1e-14
"21449","HISEQ13:138:C6FWNANXX:2:1316:2600:20134_1:73153003",4.1e-14
"21450","HISEQ13:138:C6FWNANXX:2:1104:16701:14917_1:4579703",4.1e-14
"21451","HISEQ13:138:C6FWNANXX:2:1116:4888:18087_1:23380041",4.1e-14
"21452","HISEQ13:138:C6FWNANXX:2:1101:18998:83643_1:1209338",4.1e-14
"21453","HISEQ13:138:C6FWNANXX:2:2216:19476:78418_1:122227923",4.1e-14
"21454","HISEQ13:138:C6FWNANXX:2:1207:14043:83209_1:34825386",4.1e-14
"21455","HISEQ13:138:C6FWNANXX:2:1104:11671:45036_1:5030201",4.1e-14
"21456","HISEQ13:138:C6FWNANXX:2:2115:17058:80011_1:96553594",4.1e-14
"21457","HISEQ13:138:C6FWNANXX:2:1209:7118:65388_1:37606688",4.1e-14
"21458","HISEQ13:138:C6FWNANXX:2:2308:14212:17122_1:132800655",4.1e-14
"21459","HISEQ13:138:C6FWNANXX:2:1203:5614:35720_1:28204677",4.1e-14
"21460","HISEQ13:138:C6FWNANXX:2:1314:4598:76133_1:70720227",4.1e-14
"21461","HISEQ13:138:C6FWNANXX:2:2107:19924:50319_1:83816119",4.1e-14
"21462","HISEQ13:138:C6FWNANXX:2:1303:5660:62965_1:53376097",4.1e-14
"21463","HISEQ13:138:C6FWNANXX:2:2214:12969:55983_1:118570009",4.1e-14
"21464","HISEQ13:138:C6FWNANXX:2:2307:3562:58481_1:131939824",4.1e-14
"21465","HISEQ13:138:C6FWNANXX:2:2316:5996:68966_1:146186167",4.1e-14
"21466","HISEQ13:138:C6FWNANXX:2:1205:20501:21856_1:30918469",4.1e-14
"21467","HISEQ13:138:C6FWNANXX:2:1309:14134:61766_1:62414564",4.1e-14
"21468","HISEQ13:138:C6FWNANXX:2:1108:17116:72901_1:11476762",4.1e-14
"21469","HISEQ13:138:C6FWNANXX:2:1203:7864:66141_1:28652989",4.1e-14
"21470","HISEQ13:138:C6FWNANXX:2:1214:6259:3682_1:44543445",4.1e-14
"21471","HISEQ13:138:C6FWNANXX:2:2206:10738:86248_1:106832321",4.1e-14
"21472","HISEQ13:138:C6FWNANXX:2:2116:11540:57149_1:97805626",4.2e-14
"21473","HISEQ13:138:C6FWNANXX:2:2306:17251:49680_1:130353984",4.2e-14
"21474","HISEQ13:138:C6FWNANXX:2:2212:14127:70817_1:115626147",4.2e-14
"21475","HISEQ13:138:C6FWNANXX:2:2307:17113:72383_1:132151132",4.2e-14
"21476","HISEQ13:138:C6FWNANXX:2:2310:1540:90438_1:136926608",4.2e-14
"21477","HISEQ13:138:C6FWNANXX:2:2315:4326:37089_1:144004604",4.2e-14
"21478","HISEQ13:138:C6FWNANXX:2:1115:9839:28351_1:21871516",4.2e-14
"21479","HISEQ13:138:C6FWNANXX:2:1211:16586:61656_1:40674053",4.2e-14
"21480","HISEQ13:138:C6FWNANXX:2:2101:13495:60986_1:75401386",4.2e-14
"21481","HISEQ13:138:C6FWNANXX:2:2107:13690:48956_1:83792289",4.2e-14
"21482","HISEQ13:138:C6FWNANXX:2:2306:11371:76630_1:130751531",4.2e-14
"21483","HISEQ13:138:C6FWNANXX:2:1213:10698:70582_1:44016170",4.2e-14
"21484","HISEQ13:138:C6FWNANXX:2:2301:16430:24589_1:122926757",4.2e-14
"21485","HISEQ13:138:C6FWNANXX:2:2302:19771:84512_1:125170336",4.2e-14
"21486","HISEQ13:138:C6FWNANXX:2:2316:20468:71242_1:146226983",4.2e-14
"21487","HISEQ13:138:C6FWNANXX:2:2105:14042:43557_1:80810658",4.2e-14
"21488","HISEQ13:138:C6FWNANXX:2:1302:8225:62729_1:51912431",4.2e-14
"21489","HISEQ13:138:C6FWNANXX:2:2105:6543:85931_1:81421855",4.2e-14
"21490","HISEQ13:138:C6FWNANXX:2:2312:1482:59495_1:139545897",4.2e-14
"21491","HISEQ13:138:C6FWNANXX:2:2210:7897:60216_1:112379309",4.2e-14
"21492","HISEQ13:138:C6FWNANXX:2:2308:11237:79814_1:133746250",4.2e-14
"21493","HISEQ13:138:C6FWNANXX:2:1201:18471:33513_1:25271501",4.2e-14
"21494","HISEQ13:138:C6FWNANXX:2:1209:10051:97949_1:38116223",4.2e-14
"21495","HISEQ13:138:C6FWNANXX:2:2307:9851:22815_1:131414940",4.2e-14
"21496","HISEQ13:138:C6FWNANXX:2:1313:4539:64928_1:68859932",4.2e-14
"21497","HISEQ13:138:C6FWNANXX:2:1206:21047:67223_1:33084406",4.2e-14
"21498","HISEQ13:138:C6FWNANXX:2:1316:4582:57207_1:73798682",4.2e-14
"21499","HISEQ13:138:C6FWNANXX:2:2211:9693:30356_1:113441991",4.2e-14
"21500","HISEQ13:138:C6FWNANXX:2:1214:19596:84333_1:45901987",4.2e-14
"21501","HISEQ13:138:C6FWNANXX:2:1208:1345:86616_1:36397381",4.2e-14
"21502","HISEQ13:138:C6FWNANXX:2:1310:21079:44354_1:63703842",4.2e-14
"21503","HISEQ13:138:C6FWNANXX:2:2312:12996:72876_1:139762683",4.2e-14
"21504","HISEQ13:138:C6FWNANXX:2:1116:11991:68003_1:24239517",4.2e-14
"21505","HISEQ13:138:C6FWNANXX:2:1216:19696:66111_1:48967179",4.2e-14
"21506","HISEQ13:138:C6FWNANXX:2:1313:18715:3366_1:67841940",4.2e-14
"21507","HISEQ13:138:C6FWNANXX:2:2205:17182:70736_1:105161060",4.2e-14
"21508","HISEQ13:138:C6FWNANXX:2:1209:17547:46846_1:37318804",4.2e-14
"21509","HISEQ13:138:C6FWNANXX:2:2105:4633:89050_1:81468673",4.2e-14
"21510","HISEQ13:138:C6FWNANXX:2:2108:18448:92999_1:85938257",4.2e-14
"21511","HISEQ13:138:C6FWNANXX:2:2204:12634:33360_1:103199819",4.2e-14
"21512","HISEQ13:138:C6FWNANXX:2:1210:16977:3887_1:38194026",4.2e-14
"21513","HISEQ13:138:C6FWNANXX:2:2108:4397:36090_1:85078059",4.2e-14
"21514","HISEQ13:138:C6FWNANXX:2:1314:12939:25712_1:69864002",4.2e-14
"21515","HISEQ13:138:C6FWNANXX:2:1109:11102:7749_1:12002244",4.2e-14
"21516","HISEQ13:138:C6FWNANXX:2:2106:2157:36163_1:82140227",4.2e-14
"21517","HISEQ13:138:C6FWNANXX:2:1305:18528:58052_1:56259467",4.2e-14
"21518","HISEQ13:138:C6FWNANXX:2:1101:10512:85837_1:1241071",4.2e-14
"21519","HISEQ13:138:C6FWNANXX:2:1106:18639:15046_1:7551839",4.2e-14
"21520","HISEQ13:138:C6FWNANXX:2:1106:8805:88350_1:8666109",4.2e-14
"21521","HISEQ13:138:C6FWNANXX:2:2312:2590:49557_1:139391228",4.3e-14
"21522","HISEQ13:138:C6FWNANXX:2:1304:9478:59864_1:54802000",4.3e-14
"21523","HISEQ13:138:C6FWNANXX:2:1103:12692:50412_1:3639339",4.3e-14
"21524","HISEQ13:138:C6FWNANXX:2:1101:3055:72017_1:1036569",4.3e-14
"21525","HISEQ13:138:C6FWNANXX:2:1110:17678:25662_1:13848442",4.3e-14
"21526","HISEQ13:138:C6FWNANXX:2:2116:6027:47847_1:97652478",4.3e-14
"21527","HISEQ13:138:C6FWNANXX:2:1316:3541:37323_1:73451992",4.3e-14
"21528","HISEQ13:138:C6FWNANXX:2:1116:16342:26138_1:23520632",4.3e-14
"21529","HISEQ13:138:C6FWNANXX:2:2105:18005:89801_1:81482375",4.3e-14
"21530","HISEQ13:138:C6FWNANXX:2:1106:9883:10315_1:7477570",4.3e-14
"21531","HISEQ13:138:C6FWNANXX:2:1313:14842:6982_1:67899158",4.3e-14
"21532","HISEQ13:138:C6FWNANXX:2:2314:18278:67429_1:142877844",4.3e-14
"21533","HISEQ13:138:C6FWNANXX:2:2316:11117:7351_1:145147794",4.3e-14
"21534","HISEQ13:138:C6FWNANXX:2:1305:13751:80501_1:56597336",4.3e-14
"21535","HISEQ13:138:C6FWNANXX:2:2301:5491:28176_1:122974372",4.3e-14
"21536","HISEQ13:138:C6FWNANXX:2:1110:1901:66575_1:14493094",4.3e-14
"21537","HISEQ13:138:C6FWNANXX:2:1206:3905:87016_1:33382211",4.3e-14
"21538","HISEQ13:138:C6FWNANXX:2:1304:13889:99080_1:55390476",4.3e-14
"21539","HISEQ13:138:C6FWNANXX:2:1116:20424:12940_1:23293369",4.3e-14
"21540","HISEQ13:138:C6FWNANXX:2:1302:14503:77722_1:52134691",4.3e-14
"21541","HISEQ13:138:C6FWNANXX:2:1207:21209:84512_1:34849751",4.3e-14
"21542","HISEQ13:138:C6FWNANXX:2:1214:11122:15085_1:44736387",4.3e-14
"21543","HISEQ13:138:C6FWNANXX:2:1305:8214:79229_1:56573672",4.3e-14
"21544","HISEQ13:138:C6FWNANXX:2:2101:7573:66004_1:75475136",4.3e-14
"21545","HISEQ13:138:C6FWNANXX:2:1215:9136:48765_1:46970829",4.3e-14
"21546","HISEQ13:138:C6FWNANXX:2:1301:5126:77264_1:50676366",4.3e-14
"21547","HISEQ13:138:C6FWNANXX:2:1312:9372:55758_1:67076974",4.3e-14
"21548","HISEQ13:138:C6FWNANXX:2:2214:15055:29896_1:118146442",4.3e-14
"21549","HISEQ13:138:C6FWNANXX:2:1205:3568:89287_1:31924429",4.3e-14
"21550","HISEQ13:138:C6FWNANXX:2:2110:4882:38112_1:88111555",4.3e-14
"21551","HISEQ13:138:C6FWNANXX:2:1114:15832:34580_1:20311654",4.3e-14
"21552","HISEQ13:138:C6FWNANXX:2:2306:11715:33353_1:130113323",4.3e-14
"21553","HISEQ13:138:C6FWNANXX:2:1203:18563:85546_1:28942365",4.4e-14
"21554","HISEQ13:138:C6FWNANXX:2:2112:15713:98803_1:92067839",4.4e-14
"21555","HISEQ13:138:C6FWNANXX:2:2309:20642:49574_1:134787918",4.4e-14
"21556","HISEQ13:138:C6FWNANXX:2:1203:20006:52049_1:28449119",4.4e-14
"21557","HISEQ13:138:C6FWNANXX:2:2303:6595:55352_1:126155114",4.4e-14
"21558","HISEQ13:138:C6FWNANXX:2:1207:3171:48093_1:34289681",4.4e-14
"21559","HISEQ13:138:C6FWNANXX:2:2316:9478:80734_1:146384674",4.4e-14
"21560","HISEQ13:138:C6FWNANXX:2:1107:6159:92535_1:10246006",4.4e-14
"21561","HISEQ13:138:C6FWNANXX:2:2105:4997:63390_1:81095008",4.4e-14
"21562","HISEQ13:138:C6FWNANXX:2:2207:14361:61989_1:107931068",4.4e-14
"21563","HISEQ13:138:C6FWNANXX:2:2212:13953:59272_1:115443993",4.4e-14
"21564","HISEQ13:138:C6FWNANXX:2:1302:10754:50813_1:51740053",4.4e-14
"21565","HISEQ13:138:C6FWNANXX:2:1316:11558:86522_1:74315953",4.4e-14
"21566","HISEQ13:138:C6FWNANXX:2:2307:11142:93840_1:132469228",4.4e-14
"21567","HISEQ13:138:C6FWNANXX:2:1306:10528:99107_1:58384039",4.4e-14
"21568","HISEQ13:138:C6FWNANXX:2:1314:15931:74105_1:70688499",4.4e-14
"21569","HISEQ13:138:C6FWNANXX:2:1105:14617:89742_1:7180153",4.4e-14
"21570","HISEQ13:138:C6FWNANXX:2:1111:13069:66194_1:16069240",4.4e-14
"21571","HISEQ13:138:C6FWNANXX:2:1111:5648:41669_1:15663542",4.4e-14
"21572","HISEQ13:138:C6FWNANXX:2:1108:12213:36567_1:10909529",4.4e-14
"21573","HISEQ13:138:C6FWNANXX:2:1214:10251:61084_1:45507878",4.4e-14
"21574","HISEQ13:138:C6FWNANXX:2:2106:14435:43203_1:82245326",4.4e-14
"21575","HISEQ13:138:C6FWNANXX:2:2302:10467:40842_1:124549070",4.4e-14
"21576","HISEQ13:138:C6FWNANXX:2:2315:4496:86290_1:144814936",4.4e-14
"21577","HISEQ13:138:C6FWNANXX:2:1207:18698:43491_1:34220325",4.4e-14
"21578","HISEQ13:138:C6FWNANXX:2:1216:9983:41322_1:48536596",4.4e-14
"21579","HISEQ13:138:C6FWNANXX:2:2214:13695:65916_1:118734726",4.4e-14
"21580","HISEQ13:138:C6FWNANXX:2:2306:3008:28202_1:130034817",4.4e-14
"21581","HISEQ13:138:C6FWNANXX:2:2105:7326:34685_1:80678187",4.4e-14
"21582","HISEQ13:138:C6FWNANXX:2:1208:1883:69135_1:36126747",4.4e-14
"21583","HISEQ13:138:C6FWNANXX:2:1316:4917:33009_1:73378595",4.4e-14
"21584","HISEQ13:138:C6FWNANXX:2:2113:14048:48239_1:92832157",4.4e-14
"21585","HISEQ13:138:C6FWNANXX:2:2213:4418:67562_1:117154497",4.4e-14
"21586","HISEQ13:138:C6FWNANXX:2:2312:3307:67902_1:139680397",4.4e-14
"21587","HISEQ13:138:C6FWNANXX:2:2113:15895:52577_1:92905184",4.5e-14
"21588","HISEQ13:138:C6FWNANXX:2:1211:5502:76279_1:40908548",4.5e-14
"21589","HISEQ13:138:C6FWNANXX:2:1214:5545:70255_1:45663323",4.5e-14
"21590","HISEQ13:138:C6FWNANXX:2:2310:18188:60762_1:136478853",4.5e-14
"21591","HISEQ13:138:C6FWNANXX:2:1314:12405:6840_1:69546015",4.5e-14
"21592","HISEQ13:138:C6FWNANXX:2:2310:2740:31615_1:136025160",4.5e-14
"21593","HISEQ13:138:C6FWNANXX:2:2101:15414:86120_1:75760976",4.5e-14
"21594","HISEQ13:138:C6FWNANXX:2:1101:15930:72229_1:1039081",4.5e-14
"21595","HISEQ13:138:C6FWNANXX:2:1108:17973:8080_1:10470435",4.5e-14
"21596","HISEQ13:138:C6FWNANXX:2:1309:3709:26605_1:61855314",4.5e-14
"21597","HISEQ13:138:C6FWNANXX:2:2105:5976:92421_1:81516399",4.5e-14
"21598","HISEQ13:138:C6FWNANXX:2:1306:6142:67158_1:57895270",4.5e-14
"21599","HISEQ13:138:C6FWNANXX:2:1104:9759:38381_1:4929090",4.5e-14
"21600","HISEQ13:138:C6FWNANXX:2:2216:9090:63285_1:121970956",4.5e-14
"21601","HISEQ13:138:C6FWNANXX:2:2215:4978:47788_1:120059086",4.5e-14
"21602","HISEQ13:138:C6FWNANXX:2:1306:21113:73902_1:58001401",4.5e-14
"21603","HISEQ13:138:C6FWNANXX:2:2105:2543:93211_1:81526577",4.5e-14
"21604","HISEQ13:138:C6FWNANXX:2:2313:20175:91032_1:141648909",4.5e-14
"21605","HISEQ13:138:C6FWNANXX:2:2310:19317:51398_1:136333024",4.5e-14
"21606","HISEQ13:138:C6FWNANXX:2:2104:16999:22746_1:79081018",4.5e-14
"21607","HISEQ13:138:C6FWNANXX:2:2110:21040:63935_1:88507839",4.5e-14
"21608","HISEQ13:138:C6FWNANXX:2:2212:19267:85251_1:115859058",4.5e-14
"21609","HISEQ13:138:C6FWNANXX:2:1213:12178:29980_1:43341455",4.5e-14
"21610","HISEQ13:138:C6FWNANXX:2:2213:9192:35141_1:116633084",4.5e-14
"21611","HISEQ13:138:C6FWNANXX:2:2302:3093:38474_1:124512918",4.5e-14
"21612","HISEQ13:138:C6FWNANXX:2:1303:5005:7495_1:52554653",4.5e-14
"21613","HISEQ13:138:C6FWNANXX:2:2102:9789:43165_1:76552667",4.5e-14
"21614","HISEQ13:138:C6FWNANXX:2:2311:6381:71320_1:138173581",4.5e-14
"21615","HISEQ13:138:C6FWNANXX:2:2110:10625:91491_1:88924714",4.5e-14
"21616","HISEQ13:138:C6FWNANXX:2:2114:14952:24148_1:94036068",4.5e-14
"21617","HISEQ13:138:C6FWNANXX:2:2108:2838:65853_1:85527076",4.5e-14
"21618","HISEQ13:138:C6FWNANXX:2:2202:8011:36918_1:100429173",4.5e-14
"21619","HISEQ13:138:C6FWNANXX:2:2204:8160:43816_1:103349189",4.5e-14
"21620","HISEQ13:138:C6FWNANXX:2:1116:20132:16913_1:23362142",4.6e-14
"21621","HISEQ13:138:C6FWNANXX:2:2113:21032:48719_1:92841758",4.6e-14
"21622","HISEQ13:138:C6FWNANXX:2:2211:16680:57454_1:113866011",4.6e-14
"21623","HISEQ13:138:C6FWNANXX:2:2313:12716:8181_1:140306396",4.6e-14
"21624","HISEQ13:138:C6FWNANXX:2:2110:19550:65918_1:88538427",4.6e-14
"21625","HISEQ13:138:C6FWNANXX:2:2305:11739:46271_1:128861836",4.6e-14
"21626","HISEQ13:138:C6FWNANXX:2:2310:14374:32178_1:136035153",4.6e-14
"21627","HISEQ13:138:C6FWNANXX:2:1101:20992:86328_1:1250326",4.6e-14
"21628","HISEQ13:138:C6FWNANXX:2:1302:15511:52573_1:51767120",4.6e-14
"21629","HISEQ13:138:C6FWNANXX:2:1208:11344:87141_1:36407239",4.6e-14
"21630","HISEQ13:138:C6FWNANXX:2:1309:18392:38537_1:62047792",4.6e-14
"21631","HISEQ13:138:C6FWNANXX:2:1210:4290:84838_1:39461992",4.6e-14
"21632","HISEQ13:138:C6FWNANXX:2:2214:16751:99447_1:119283602",4.6e-14
"21633","HISEQ13:138:C6FWNANXX:2:1315:9908:49263_1:71949056",4.6e-14
"21634","HISEQ13:138:C6FWNANXX:2:1306:4140:45180_1:57558520",4.6e-14
"21635","HISEQ13:138:C6FWNANXX:2:2113:14059:45151_1:92784550",4.6e-14
"21636","HISEQ13:138:C6FWNANXX:2:2212:13860:17188_1:114775393",4.6e-14
"21637","HISEQ13:138:C6FWNANXX:2:2115:8926:10502_1:95421284",4.6e-14
"21638","HISEQ13:138:C6FWNANXX:2:2211:18410:89084_1:114362907",4.6e-14
"21639","HISEQ13:138:C6FWNANXX:2:1116:10176:25315_1:23505926",4.6e-14
"21640","HISEQ13:138:C6FWNANXX:2:1214:5091:62499_1:45528143",4.6e-14
"21641","HISEQ13:138:C6FWNANXX:2:1216:11503:95244_1:49468013",4.6e-14
"21642","HISEQ13:138:C6FWNANXX:2:2113:19947:67467_1:93141648",4.6e-14
"21643","HISEQ13:138:C6FWNANXX:2:2114:2996:28757_1:94110182",4.6e-14
"21644","HISEQ13:138:C6FWNANXX:2:2111:6551:23638_1:89401713",4.6e-14
"21645","HISEQ13:138:C6FWNANXX:2:2310:6123:60119_1:136465345",4.6e-14
"21646","HISEQ13:138:C6FWNANXX:2:1301:16136:34277_1:50046544",4.6e-14
"21647","HISEQ13:138:C6FWNANXX:2:1308:8240:37907_1:60484246",4.6e-14
"21648","HISEQ13:138:C6FWNANXX:2:1309:3727:38993_1:62048845",4.6e-14
"21649","HISEQ13:138:C6FWNANXX:2:2313:15632:34292_1:140728982",4.6e-14
"21650","HISEQ13:138:C6FWNANXX:2:2307:3673:11474_1:131243599",4.6e-14
"21651","HISEQ13:138:C6FWNANXX:2:1115:16795:51021_1:22257326",4.6e-14
"21652","HISEQ13:138:C6FWNANXX:2:1209:1823:11896_1:36772584",4.6e-14
"21653","HISEQ13:138:C6FWNANXX:2:1113:19668:94541_1:19660365",4.6e-14
"21654","HISEQ13:138:C6FWNANXX:2:1314:20553:38287_1:70082080",4.6e-14
"21655","HISEQ13:138:C6FWNANXX:2:2106:18857:92030_1:82967443",4.6e-14
"21656","HISEQ13:138:C6FWNANXX:2:2304:4448:2390_1:126803919",4.6e-14
"21657","HISEQ13:138:C6FWNANXX:2:1104:20146:18649_1:4636222",4.6e-14
"21658","HISEQ13:138:C6FWNANXX:2:1315:1364:10212_1:71277755",4.6e-14
"21659","HISEQ13:138:C6FWNANXX:2:1316:21101:87165_1:74326905",4.6e-14
"21660","HISEQ13:138:C6FWNANXX:2:2312:5190:80599_1:139884695",4.6e-14
"21661","HISEQ13:138:C6FWNANXX:2:1109:12907:51383_1:12690807",4.6e-14
"21662","HISEQ13:138:C6FWNANXX:2:1203:5539:79630_1:28851193",4.6e-14
"21663","HISEQ13:138:C6FWNANXX:2:2301:12212:89192_1:123835301",4.6e-14
"21664","HISEQ13:138:C6FWNANXX:2:2114:12756:2454_1:93684869",4.7e-14
"21665","HISEQ13:138:C6FWNANXX:2:1105:18200:74072_1:6946832",4.7e-14
"21666","HISEQ13:138:C6FWNANXX:2:1314:17054:24262_1:69843546",4.7e-14
"21667","HISEQ13:138:C6FWNANXX:2:1310:2689:80548_1:64274247",4.7e-14
"21668","HISEQ13:138:C6FWNANXX:2:2204:17234:12856_1:102906223",4.7e-14
"21669","HISEQ13:138:C6FWNANXX:2:2214:4926:81250_1:118987053",4.7e-14
"21670","HISEQ13:138:C6FWNANXX:2:1114:3185:59486_1:20724398",4.7e-14
"21671","HISEQ13:138:C6FWNANXX:2:2202:11756:57470_1:100720148",4.7e-14
"21672","HISEQ13:138:C6FWNANXX:2:2205:11714:54595_1:104930294",4.7e-14
"21673","HISEQ13:138:C6FWNANXX:2:2202:6827:95608_1:101266515",4.7e-14
"21674","HISEQ13:138:C6FWNANXX:2:1206:18370:70615_1:33137074",4.7e-14
"21675","HISEQ13:138:C6FWNANXX:2:1202:8809:13494_1:26426140",4.7e-14
"21676","HISEQ13:138:C6FWNANXX:2:1208:14302:63195_1:36035824",4.7e-14
"21677","HISEQ13:138:C6FWNANXX:2:1208:5604:3614_1:35118228",4.7e-14
"21678","HISEQ13:138:C6FWNANXX:2:1305:7347:39732_1:55978302",4.7e-14
"21679","HISEQ13:138:C6FWNANXX:2:2313:4792:25094_1:140577186",4.7e-14
"21680","HISEQ13:138:C6FWNANXX:2:1206:7774:52869_1:32866354",4.7e-14
"21681","HISEQ13:138:C6FWNANXX:2:2210:20354:73238_1:112578832",4.7e-14
"21682","HISEQ13:138:C6FWNANXX:2:1203:5228:17783_1:27943198",4.7e-14
"21683","HISEQ13:138:C6FWNANXX:2:1302:12986:79104_1:52156526",4.7e-14
"21684","HISEQ13:138:C6FWNANXX:2:1211:17576:83931_1:41032682",4.7e-14
"21685","HISEQ13:138:C6FWNANXX:2:1307:16584:47029_1:59103584",4.7e-14
"21686","HISEQ13:138:C6FWNANXX:2:2309:10981:74962_1:135174576",4.7e-14
"21687","HISEQ13:138:C6FWNANXX:2:1214:7936:83242_1:45878241",4.7e-14
"21688","HISEQ13:138:C6FWNANXX:2:1209:13061:83305_1:37889571",4.7e-14
"21689","HISEQ13:138:C6FWNANXX:2:2203:4956:40038_1:101885339",4.7e-14
"21690","HISEQ13:138:C6FWNANXX:2:2313:9315:54444_1:141051571",4.7e-14
"21691","HISEQ13:138:C6FWNANXX:2:1312:12596:43993_1:66881045",4.7e-14
"21692","HISEQ13:138:C6FWNANXX:2:1216:17535:31103_1:48360440",4.7e-14
"21693","HISEQ13:138:C6FWNANXX:2:2102:18234:92619_1:77260278",4.7e-14
"21694","HISEQ13:138:C6FWNANXX:2:2303:1750:87358_1:126607314",4.7e-14
"21695","HISEQ13:138:C6FWNANXX:2:1115:11076:36982_1:22015904",4.7e-14
"21696","HISEQ13:138:C6FWNANXX:2:1106:11813:81294_1:8560469",4.7e-14
"21697","HISEQ13:138:C6FWNANXX:2:1307:5989:9680_1:58525791",4.7e-14
"21698","HISEQ13:138:C6FWNANXX:2:1311:11969:65986_1:65626003",4.7e-14
"21699","HISEQ13:138:C6FWNANXX:2:2210:11065:75887_1:112618925",4.7e-14
"21700","HISEQ13:138:C6FWNANXX:2:2311:16823:34634_1:137598368",4.7e-14
"21701","HISEQ13:138:C6FWNANXX:2:2313:7321:3108_1:140225135",4.7e-14
"21702","HISEQ13:138:C6FWNANXX:2:2314:8574:70489_1:142925655",4.7e-14
"21703","HISEQ13:138:C6FWNANXX:2:1103:11295:61728_1:3806392",4.8e-14
"21704","HISEQ13:138:C6FWNANXX:2:2107:2266:83119_1:84300122",4.8e-14
"21705","HISEQ13:138:C6FWNANXX:2:1208:1509:97945_1:36572675",4.8e-14
"21706","HISEQ13:138:C6FWNANXX:2:1307:20268:41868_1:59024003",4.8e-14
"21707","HISEQ13:138:C6FWNANXX:2:1212:9143:22765_1:41610511",4.8e-14
"21708","HISEQ13:138:C6FWNANXX:2:1216:15290:84735_1:49289756",4.8e-14
"21709","HISEQ13:138:C6FWNANXX:2:1103:8487:46087_1:3576071",4.8e-14
"21710","HISEQ13:138:C6FWNANXX:2:2301:5050:19130_1:122846979",4.8e-14
"21711","HISEQ13:138:C6FWNANXX:2:1209:2465:33886_1:37113740",4.8e-14
"21712","HISEQ13:138:C6FWNANXX:2:1116:21184:50910_1:23946102",4.8e-14
"21713","HISEQ13:138:C6FWNANXX:2:1207:20546:62581_1:34512685",4.8e-14
"21714","HISEQ13:138:C6FWNANXX:2:1216:4172:69158_1:49016087",4.8e-14
"21715","HISEQ13:138:C6FWNANXX:2:2316:7583:69601_1:146199213",4.8e-14
"21716","HISEQ13:138:C6FWNANXX:2:1215:13826:44202_1:46892066",4.8e-14
"21717","HISEQ13:138:C6FWNANXX:2:1311:12572:13927_1:64787087",4.8e-14
"21718","HISEQ13:138:C6FWNANXX:2:2109:12868:63784_1:86998919",4.8e-14
"21719","HISEQ13:138:C6FWNANXX:2:2215:3003:70517_1:120436214",4.8e-14
"21720","HISEQ13:138:C6FWNANXX:2:1103:12688:76965_1:4033048",4.8e-14
"21721","HISEQ13:138:C6FWNANXX:2:1107:3142:13925_1:9038281",4.8e-14
"21722","HISEQ13:138:C6FWNANXX:2:1202:4512:33681_1:26722647",4.8e-14
"21723","HISEQ13:138:C6FWNANXX:2:1216:16415:59239_1:48845048",4.8e-14
"21724","HISEQ13:138:C6FWNANXX:2:1311:20733:19137_1:64873352",4.8e-14
"21725","HISEQ13:138:C6FWNANXX:2:2104:10721:31225_1:79202216",4.8e-14
"21726","HISEQ13:138:C6FWNANXX:2:1207:8016:16447_1:33810244",4.8e-14
"21727","HISEQ13:138:C6FWNANXX:2:1115:14111:6624_1:21504172",4.8e-14
"21728","HISEQ13:138:C6FWNANXX:2:1115:6912:68466_1:22548111",4.8e-14
"21729","HISEQ13:138:C6FWNANXX:2:1201:2321:61280_1:25676735",4.8e-14
"21730","HISEQ13:138:C6FWNANXX:2:1307:11157:72481_1:59492416",4.8e-14
"21731","HISEQ13:138:C6FWNANXX:2:1108:7540:69382_1:11419256",4.8e-14
"21732","HISEQ13:138:C6FWNANXX:2:1115:10637:28828_1:21880094",4.8e-14
"21733","HISEQ13:138:C6FWNANXX:2:1201:14084:45565_1:25447314",4.8e-14
"21734","HISEQ13:138:C6FWNANXX:2:1213:13166:31231_1:43362070",4.8e-14
"21735","HISEQ13:138:C6FWNANXX:2:1303:17889:10198_1:52597667",4.8e-14
"21736","HISEQ13:138:C6FWNANXX:2:1310:7944:67410_1:64066520",4.8e-14
"21737","HISEQ13:138:C6FWNANXX:2:1314:9049:21853_1:69799496",4.8e-14
"21738","HISEQ13:138:C6FWNANXX:2:1209:11995:49573_1:37360813",4.8e-14
"21739","HISEQ13:138:C6FWNANXX:2:1108:11964:80111_1:11589396",4.8e-14
"21740","HISEQ13:138:C6FWNANXX:2:1111:12613:69509_1:16129321",4.8e-14
"21741","HISEQ13:138:C6FWNANXX:2:2114:6467:17632_1:93928629",4.9e-14
"21742","HISEQ13:138:C6FWNANXX:2:1307:10349:73160_1:59503863",4.9e-14
"21743","HISEQ13:138:C6FWNANXX:2:2102:9496:13396_1:76130697",4.9e-14
"21744","HISEQ13:138:C6FWNANXX:2:2305:12281:60209_1:129062007",4.9e-14
"21745","HISEQ13:138:C6FWNANXX:2:1106:15543:82633_1:8580136",4.9e-14
"21746","HISEQ13:138:C6FWNANXX:2:2116:10809:28227_1:97327116",4.9e-14
"21747","HISEQ13:138:C6FWNANXX:2:1106:11587:41392_1:7949567",4.9e-14
"21748","HISEQ13:138:C6FWNANXX:2:2301:7984:97922_1:123958747",4.9e-14
"21749","HISEQ13:138:C6FWNANXX:2:1102:2444:28630_1:1854114",4.9e-14
"21750","HISEQ13:138:C6FWNANXX:2:2215:7727:69831_1:120424494",4.9e-14
"21751","HISEQ13:138:C6FWNANXX:2:2310:16102:74946_1:136691708",4.9e-14
"21752","HISEQ13:138:C6FWNANXX:2:2310:3079:90024_1:136923016",4.9e-14
"21753","HISEQ13:138:C6FWNANXX:2:1104:8549:81393_1:5569873",4.9e-14
"21754","HISEQ13:138:C6FWNANXX:2:1208:4786:10426_1:35221645",4.9e-14
"21755","HISEQ13:138:C6FWNANXX:2:1306:5104:65995_1:57876069",4.9e-14
"21756","HISEQ13:138:C6FWNANXX:2:2307:11624:68888_1:132098079",4.9e-14
"21757","HISEQ13:138:C6FWNANXX:2:2313:21185:59926_1:141143212",4.9e-14
"21758","HISEQ13:138:C6FWNANXX:2:2102:3208:35055_1:76437523",4.9e-14
"21759","HISEQ13:138:C6FWNANXX:2:2305:6225:14917_1:128403946",4.9e-14
"21760","HISEQ13:138:C6FWNANXX:2:1303:8423:7257_1:52555230",4.9e-14
"21761","HISEQ13:138:C6FWNANXX:2:2103:8678:39036_1:77904592",4.9e-14
"21762","HISEQ13:138:C6FWNANXX:2:1109:12907:51383_1:12690808",4.9e-14
"21763","HISEQ13:138:C6FWNANXX:2:1301:16435:70032_1:50571660",4.9e-14
"21764","HISEQ13:138:C6FWNANXX:2:2116:20608:96345_1:98452769",4.9e-14
"21765","HISEQ13:138:C6FWNANXX:2:2302:5124:98348_1:125362922",4.9e-14
"21766","HISEQ13:138:C6FWNANXX:2:2315:18790:67949_1:144514959",4.9e-14
"21767","HISEQ13:138:C6FWNANXX:2:1215:9630:27806_1:46616217",4.9e-14
"21768","HISEQ13:138:C6FWNANXX:2:2109:3283:61359_1:86959023",4.9e-14
"21769","HISEQ13:138:C6FWNANXX:2:2116:16320:13864_1:97091505",4.9e-14
"21770","HISEQ13:138:C6FWNANXX:2:1307:19827:22812_1:58732383",4.9e-14
"21771","HISEQ13:138:C6FWNANXX:2:1113:15625:60087_1:19085029",4.9e-14
"21772","HISEQ13:138:C6FWNANXX:2:2209:18713:22289_1:110302497",4.9e-14
"21773","HISEQ13:138:C6FWNANXX:2:1312:14943:48673_1:66959069",4.9e-14
"21774","HISEQ13:138:C6FWNANXX:2:2214:6646:93111_1:119179498",4.9e-14
"21775","HISEQ13:138:C6FWNANXX:2:2313:2084:27225_1:140608774",4.9e-14
"21776","HISEQ13:138:C6FWNANXX:2:1210:16273:30823_1:38618772",4.9e-14
"21777","HISEQ13:138:C6FWNANXX:2:1308:7099:72769_1:61029508",4.9e-14
"21778","HISEQ13:138:C6FWNANXX:2:2101:6454:2860_1:74572577",4.9e-14
"21779","HISEQ13:138:C6FWNANXX:2:2305:3173:56432_1:129006317",4.9e-14
"21780","HISEQ13:138:C6FWNANXX:2:2305:18347:43900_1:128826430",4.9e-14
"21781","HISEQ13:138:C6FWNANXX:2:1210:4872:78949_1:39367294",4.9e-14
"21782","HISEQ13:138:C6FWNANXX:2:1314:16055:89980_1:70956930",4.9e-14
"21783","HISEQ13:138:C6FWNANXX:2:2307:16320:95886_1:132499557",4.9e-14
"21784","HISEQ13:138:C6FWNANXX:2:1111:18599:88634_1:16471865",5e-14
"21785","HISEQ13:138:C6FWNANXX:2:1116:21024:83499_1:24505872",5e-14
"21786","HISEQ13:138:C6FWNANXX:2:1210:20327:39617_1:38757769",5e-14
"21787","HISEQ13:138:C6FWNANXX:2:2101:18693:20539_1:74828300",5e-14
"21788","HISEQ13:138:C6FWNANXX:2:2108:4995:49683_1:85281825",5e-14
"21789","HISEQ13:138:C6FWNANXX:2:2113:4766:33071_1:92591145",5e-14
"21790","HISEQ13:138:C6FWNANXX:2:2202:2591:15133_1:100119341",5e-14
"21791","HISEQ13:138:C6FWNANXX:2:1115:10611:68329_1:22548842",5e-14
"21792","HISEQ13:138:C6FWNANXX:2:1206:11323:84113_1:33338420",5e-14
"21793","HISEQ13:138:C6FWNANXX:2:1207:2050:38699_1:34144384",5e-14
"21794","HISEQ13:138:C6FWNANXX:2:1309:6099:23585_1:61808864",5e-14
"21795","HISEQ13:138:C6FWNANXX:2:2313:6418:18756_1:140477309",5e-14
"21796","HISEQ13:138:C6FWNANXX:2:1112:9587:12698_1:16771358",5e-14
"21797","HISEQ13:138:C6FWNANXX:2:1210:1358:69604_1:39221602",5e-14
"21798","HISEQ13:138:C6FWNANXX:2:1310:19645:41607_1:63659521",5e-14
"21799","HISEQ13:138:C6FWNANXX:2:1104:3485:97887_1:5816364",5e-14
"21800","HISEQ13:138:C6FWNANXX:2:1109:3636:17448_1:12153757",5e-14
"21801","HISEQ13:138:C6FWNANXX:2:2312:20307:52731_1:139442602",5e-14
"21802","HISEQ13:138:C6FWNANXX:2:2213:11637:62057_1:117067535",5e-14
"21803","HISEQ13:138:C6FWNANXX:2:1104:2095:100360_1:5853467",5e-14
"21804","HISEQ13:138:C6FWNANXX:2:2106:8894:25124_1:81980332",5e-14
"21805","HISEQ13:138:C6FWNANXX:2:1110:7955:65575_1:14478732",5e-14
"21806","HISEQ13:138:C6FWNANXX:2:1303:12214:73620_1:53535063",5e-14
"21807","HISEQ13:138:C6FWNANXX:2:1202:5612:49194_1:26949976",5e-14
"21808","HISEQ13:138:C6FWNANXX:2:1202:7985:26359_1:26616906",5e-14
"21809","HISEQ13:138:C6FWNANXX:2:1212:3856:67292_1:42333832",5e-14
"21810","HISEQ13:138:C6FWNANXX:2:2211:4851:64934_1:113980625",5e-14
"21811","HISEQ13:138:C6FWNANXX:2:2214:12941:39184_1:118296505",5.1e-14
"21812","HISEQ13:138:C6FWNANXX:2:1215:17142:85891_1:47599303",5.1e-14
"21813","HISEQ13:138:C6FWNANXX:2:2314:12800:51356_1:142612091",5.1e-14
"21814","HISEQ13:138:C6FWNANXX:2:2109:12357:74059_1:87154877",5.1e-14
"21815","HISEQ13:138:C6FWNANXX:2:2215:11492:10739_1:119447701",5.1e-14
"21816","HISEQ13:138:C6FWNANXX:2:1115:13335:87896_1:22880516",5.1e-14
"21817","HISEQ13:138:C6FWNANXX:2:1207:2015:70405_1:34628211",5.1e-14
"21818","HISEQ13:138:C6FWNANXX:2:2315:10460:45308_1:144142345",5.1e-14
"21819","HISEQ13:138:C6FWNANXX:2:1209:19923:92340_1:38031928",5.1e-14
"21820","HISEQ13:138:C6FWNANXX:2:1212:15392:28739_1:41705431",5.1e-14
"21821","HISEQ13:138:C6FWNANXX:2:1107:15001:25414_1:9216698",5.1e-14
"21822","HISEQ13:138:C6FWNANXX:2:2112:7470:27752_1:90948198",5.1e-14
"21823","HISEQ13:138:C6FWNANXX:2:2312:11570:61772_1:139587257",5.1e-14
"21824","HISEQ13:138:C6FWNANXX:2:2207:18313:80256_1:108206522",5.1e-14
"21825","HISEQ13:138:C6FWNANXX:2:1103:7053:89002_1:4213698",5.1e-14
"21826","HISEQ13:138:C6FWNANXX:2:1316:16199:100241_1:74550590",5.1e-14
"21827","HISEQ13:138:C6FWNANXX:2:2103:15163:45202_1:77991373",5.1e-14
"21828","HISEQ13:138:C6FWNANXX:2:1110:18291:97087_1:14975300",5.1e-14
"21829","HISEQ13:138:C6FWNANXX:2:2112:6197:71059_1:91625750",5.1e-14
"21830","HISEQ13:138:C6FWNANXX:2:1304:7862:86550_1:55201331",5.1e-14
"21831","HISEQ13:138:C6FWNANXX:2:1107:19526:41815_1:9469769",5.1e-14
"21832","HISEQ13:138:C6FWNANXX:2:2312:16301:58603_1:139537001",5.1e-14
"21833","HISEQ13:138:C6FWNANXX:2:1110:21268:49090_1:14220554",5.1e-14
"21834","HISEQ13:138:C6FWNANXX:2:1110:9360:81409_1:14726233",5.1e-14
"21835","HISEQ13:138:C6FWNANXX:2:1116:17818:13938_1:23309858",5.1e-14
"21836","HISEQ13:138:C6FWNANXX:2:1307:2205:58029_1:59270493",5.1e-14
"21837","HISEQ13:138:C6FWNANXX:2:1309:16383:36345_1:62011940",5.1e-14
"21838","HISEQ13:138:C6FWNANXX:2:2209:9019:40184_1:110569326",5.1e-14
"21839","HISEQ13:138:C6FWNANXX:2:2213:12819:40138_1:116713568",5.1e-14
"21840","HISEQ13:138:C6FWNANXX:2:1114:10414:73762_1:20970237",5.1e-14
"21841","HISEQ13:138:C6FWNANXX:2:1307:10022:75130_1:59534767",5.1e-14
"21842","HISEQ13:138:C6FWNANXX:2:2101:19861:21477_1:74839504",5.1e-14
"21843","HISEQ13:138:C6FWNANXX:2:2102:20923:56771_1:76749879",5.1e-14
"21844","HISEQ13:138:C6FWNANXX:2:2201:13617:42675_1:99105111",5.1e-14
"21845","HISEQ13:138:C6FWNANXX:2:2301:4613:6776_1:122673546",5.1e-14
"21846","HISEQ13:138:C6FWNANXX:2:2301:6087:7738_1:122684658",5.1e-14
"21847","HISEQ13:138:C6FWNANXX:2:1313:12749:39888_1:68445569",5.1e-14
"21848","HISEQ13:138:C6FWNANXX:2:1311:7133:95384_1:66107933",5.1e-14
"21849","HISEQ13:138:C6FWNANXX:2:2207:2309:79410_1:108188589",5.1e-14
"21850","HISEQ13:138:C6FWNANXX:2:1306:12342:37252_1:57441741",5.1e-14
"21851","HISEQ13:138:C6FWNANXX:2:1212:19068:79509_1:42537666",5.2e-14
"21852","HISEQ13:138:C6FWNANXX:2:2207:3200:69391_1:108040486",5.2e-14
"21853","HISEQ13:138:C6FWNANXX:2:2209:17605:91009_1:111346400",5.2e-14
"21854","HISEQ13:138:C6FWNANXX:2:1116:10318:100602_1:24798812",5.2e-14
"21855","HISEQ13:138:C6FWNANXX:2:1301:13727:51098_1:50291445",5.2e-14
"21856","HISEQ13:138:C6FWNANXX:2:2301:18453:9691_1:122714744",5.2e-14
"21857","HISEQ13:138:C6FWNANXX:2:1208:16883:3768_1:35124281",5.2e-14
"21858","HISEQ13:138:C6FWNANXX:2:1213:19085:89120_1:44323440",5.2e-14
"21859","HISEQ13:138:C6FWNANXX:2:2306:6424:9225_1:129756380",5.2e-14
"21860","HISEQ13:138:C6FWNANXX:2:2309:9229:80076_1:135254123",5.2e-14
"21861","HISEQ13:138:C6FWNANXX:2:2316:19997:72095_1:146243689",5.2e-14
"21862","HISEQ13:138:C6FWNANXX:2:2302:7012:61619_1:124841299",5.2e-14
"21863","HISEQ13:138:C6FWNANXX:2:1111:8698:74710_1:16216151",5.2e-14
"21864","HISEQ13:138:C6FWNANXX:2:1113:21278:17231_1:18378624",5.2e-14
"21865","HISEQ13:138:C6FWNANXX:2:1212:8515:39852_1:41886252",5.2e-14
"21866","HISEQ13:138:C6FWNANXX:2:1309:9771:14511_1:61668296",5.2e-14
"21867","HISEQ13:138:C6FWNANXX:2:2204:13991:56393_1:103530544",5.2e-14
"21868","HISEQ13:138:C6FWNANXX:2:2305:9311:2727_1:128226784",5.2e-14
"21869","HISEQ13:138:C6FWNANXX:2:1207:11091:57881_1:34438726",5.2e-14
"21870","HISEQ13:138:C6FWNANXX:2:2211:8561:94292_1:114443763",5.2e-14
"21871","HISEQ13:138:C6FWNANXX:2:2303:3567:12400_1:125544364",5.2e-14
"21872","HISEQ13:138:C6FWNANXX:2:1315:8903:84883_1:72560195",5.2e-14
"21873","HISEQ13:138:C6FWNANXX:2:1114:16190:95897_1:21341720",5.2e-14
"21874","HISEQ13:138:C6FWNANXX:2:1102:14059:53868_1:2227403",5.2e-14
"21875","HISEQ13:138:C6FWNANXX:2:1310:3010:80949_1:64278346",5.2e-14
"21876","HISEQ13:138:C6FWNANXX:2:2201:12397:26328_1:98873318",5.2e-14
"21877","HISEQ13:138:C6FWNANXX:2:2313:4288:55985_1:141074949",5.2e-14
"21878","HISEQ13:138:C6FWNANXX:2:2114:6148:9993_1:93803476",5.2e-14
"21879","HISEQ13:138:C6FWNANXX:2:1311:4347:29628_1:65037197",5.2e-14
"21880","HISEQ13:138:C6FWNANXX:2:2309:8807:37561_1:134603873",5.2e-14
"21881","HISEQ13:138:C6FWNANXX:2:2202:21332:10166_1:100051526",5.2e-14
"21882","HISEQ13:138:C6FWNANXX:2:1111:1765:45689_1:15726971",5.2e-14
"21883","HISEQ13:138:C6FWNANXX:2:2216:15133:58103_1:121882880",5.2e-14
"21884","HISEQ13:138:C6FWNANXX:2:1102:13938:28705_1:1856415",5.3e-14
"21885","HISEQ13:138:C6FWNANXX:2:1105:2875:92389_1:7219301",5.3e-14
"21886","HISEQ13:138:C6FWNANXX:2:1111:2205:65384_1:16054094",5.3e-14
"21887","HISEQ13:138:C6FWNANXX:2:2103:3719:99021_1:78756452",5.3e-14
"21888","HISEQ13:138:C6FWNANXX:2:2101:18968:15271_1:74753974",5.3e-14
"21889","HISEQ13:138:C6FWNANXX:2:2108:14748:76746_1:85691881",5.3e-14
"21890","HISEQ13:138:C6FWNANXX:2:1214:18994:47479_1:45279483",5.3e-14
"21891","HISEQ13:138:C6FWNANXX:2:1305:14311:85547_1:56672024",5.3e-14
"21892","HISEQ13:138:C6FWNANXX:2:1106:8548:20542_1:7633445",5.3e-14
"21893","HISEQ13:138:C6FWNANXX:2:2108:5553:81029_1:85758268",5.3e-14
"21894","HISEQ13:138:C6FWNANXX:2:2204:17326:37896_1:103265114",5.3e-14
"21895","HISEQ13:138:C6FWNANXX:2:2204:20170:68616_1:103707840",5.3e-14
"21896","HISEQ13:138:C6FWNANXX:2:1106:19873:75105_1:8467288",5.3e-14
"21897","HISEQ13:138:C6FWNANXX:2:2204:19297:87111_1:103973192",5.3e-14
"21898","HISEQ13:138:C6FWNANXX:2:2213:16925:72458_1:117233844",5.3e-14
"21899","HISEQ13:138:C6FWNANXX:2:2214:12217:97714_1:119253946",5.3e-14
"21900","HISEQ13:138:C6FWNANXX:2:1102:6821:47653_1:2133604",5.3e-14
"21901","HISEQ13:138:C6FWNANXX:2:1104:13631:67401_1:5361886",5.3e-14
"21902","HISEQ13:138:C6FWNANXX:2:1215:3478:19178_1:46465489",5.3e-14
"21903","HISEQ13:138:C6FWNANXX:2:1308:9808:49282_1:60662969",5.3e-14
"21904","HISEQ13:138:C6FWNANXX:2:2306:12996:62613_1:130544599",5.3e-14
"21905","HISEQ13:138:C6FWNANXX:2:1301:18757:2294_1:49575507",5.3e-14
"21906","HISEQ13:138:C6FWNANXX:2:2212:11422:54769_1:115371892",5.3e-14
"21907","HISEQ13:138:C6FWNANXX:2:2302:11434:73707_1:125012319",5.3e-14
"21908","HISEQ13:138:C6FWNANXX:2:1106:2464:70041_1:8387737",5.3e-14
"21909","HISEQ13:138:C6FWNANXX:2:2215:5309:10303_1:119442422",5.3e-14
"21910","HISEQ13:138:C6FWNANXX:2:2309:12447:97479_1:135518934",5.3e-14
"21911","HISEQ13:138:C6FWNANXX:2:1208:17220:70158_1:36145200",5.3e-14
"21912","HISEQ13:138:C6FWNANXX:2:1202:6917:9765_1:26374481",5.3e-14
"21913","HISEQ13:138:C6FWNANXX:2:1207:17806:84224_1:34841628",5.3e-14
"21914","HISEQ13:138:C6FWNANXX:2:2213:11261:73027_1:117244800",5.3e-14
"21915","HISEQ13:138:C6FWNANXX:2:1301:14621:59063_1:50409379",5.3e-14
"21916","HISEQ13:138:C6FWNANXX:2:1104:2426:4365_1:4421596",5.3e-14
"21917","HISEQ13:138:C6FWNANXX:2:2106:9923:28163_1:82024629",5.3e-14
"21918","HISEQ13:138:C6FWNANXX:2:1103:12707:54195_1:3694754",5.3e-14
"21919","HISEQ13:138:C6FWNANXX:2:1110:15281:76147_1:14645200",5.3e-14
"21920","HISEQ13:138:C6FWNANXX:2:2104:2685:7981_1:78866018",5.3e-14
"21921","HISEQ13:138:C6FWNANXX:2:2308:17465:39847_1:133143371",5.3e-14
"21922","HISEQ13:138:C6FWNANXX:2:2204:17349:75683_1:103807215",5.3e-14
"21923","HISEQ13:138:C6FWNANXX:2:1102:16822:64586_1:2386546",5.3e-14
"21924","HISEQ13:138:C6FWNANXX:2:1209:11825:35096_1:37135124",5.3e-14
"21925","HISEQ13:138:C6FWNANXX:2:1303:5210:46379_1:53132460",5.3e-14
"21926","HISEQ13:138:C6FWNANXX:2:1114:11488:77031_1:21025099",5.3e-14
"21927","HISEQ13:138:C6FWNANXX:2:2304:11226:34945_1:127272352",5.3e-14
"21928","HISEQ13:138:C6FWNANXX:2:1112:15287:84549_1:17861140",5.4e-14
"21929","HISEQ13:138:C6FWNANXX:2:1214:14027:6702_1:44595284",5.4e-14
"21930","HISEQ13:138:C6FWNANXX:2:2114:10007:80064_1:94944588",5.4e-14
"21931","HISEQ13:138:C6FWNANXX:2:2203:18664:11232_1:101473264",5.4e-14
"21932","HISEQ13:138:C6FWNANXX:2:1106:11119:86039_1:8632255",5.4e-14
"21933","HISEQ13:138:C6FWNANXX:2:1112:13530:30771_1:16986298",5.4e-14
"21934","HISEQ13:138:C6FWNANXX:2:1113:8578:61365_1:19104335",5.4e-14
"21935","HISEQ13:138:C6FWNANXX:2:2109:15898:2261_1:86064385",5.4e-14
"21936","HISEQ13:138:C6FWNANXX:2:2111:18807:70751_1:90155624",5.4e-14
"21937","HISEQ13:138:C6FWNANXX:2:1201:18356:72131_1:25838318",5.4e-14
"21938","HISEQ13:138:C6FWNANXX:2:2206:18115:50280_1:106308464",5.4e-14
"21939","HISEQ13:138:C6FWNANXX:2:1210:7705:24164_1:38511319",5.4e-14
"21940","HISEQ13:138:C6FWNANXX:2:1105:11946:45469_1:6514909",5.4e-14
"21941","HISEQ13:138:C6FWNANXX:2:1305:10213:80083_1:56589135",5.4e-14
"21942","HISEQ13:138:C6FWNANXX:2:1312:1484:46488_1:66919465",5.4e-14
"21943","HISEQ13:138:C6FWNANXX:2:2208:8433:62045_1:109407572",5.4e-14
"21944","HISEQ13:138:C6FWNANXX:2:1116:4258:97034_1:24737780",5.4e-14
"21945","HISEQ13:138:C6FWNANXX:2:2115:12155:24795_1:95654140",5.4e-14
"21946","HISEQ13:138:C6FWNANXX:2:2214:11654:56340_1:118577969",5.4e-14
"21947","HISEQ13:138:C6FWNANXX:2:1113:7452:28020_1:18556362",5.4e-14
"21948","HISEQ13:138:C6FWNANXX:2:1305:19625:49347_1:56127435",5.4e-14
"21949","HISEQ13:138:C6FWNANXX:2:1315:5134:36913_1:71733614",5.4e-14
"21950","HISEQ13:138:C6FWNANXX:2:2210:17302:69539_1:112524783",5.4e-14
"21951","HISEQ13:138:C6FWNANXX:2:1216:3900:73901_1:49099034",5.4e-14
"21952","HISEQ13:138:C6FWNANXX:2:1101:9284:77025_1:1111206",5.4e-14
"21953","HISEQ13:138:C6FWNANXX:2:2113:1981:87832_1:93467489",5.4e-14
"21954","HISEQ13:138:C6FWNANXX:2:2207:5555:43953_1:107663501",5.4e-14
"21955","HISEQ13:138:C6FWNANXX:2:2214:12717:35455_1:118235221",5.4e-14
"21956","HISEQ13:138:C6FWNANXX:2:1110:4992:81700_1:14729375",5.4e-14
"21957","HISEQ13:138:C6FWNANXX:2:1114:10073:55680_1:20662723",5.4e-14
"21958","HISEQ13:138:C6FWNANXX:2:2107:15258:79274_1:84246598",5.4e-14
"21959","HISEQ13:138:C6FWNANXX:2:2315:2395:42212_1:144087336",5.4e-14
"21960","HISEQ13:138:C6FWNANXX:2:1115:8888:13771_1:21626768",5.4e-14
"21961","HISEQ13:138:C6FWNANXX:2:1303:7013:40087_1:53040210",5.4e-14
"21962","HISEQ13:138:C6FWNANXX:2:2101:16199:65473_1:75466002",5.4e-14
"21963","HISEQ13:138:C6FWNANXX:2:1114:19218:4936_1:19813358",5.4e-14
"21964","HISEQ13:138:C6FWNANXX:2:1207:19739:81529_1:34803566",5.4e-14
"21965","HISEQ13:138:C6FWNANXX:2:1303:9718:69095_1:53468989",5.4e-14
"21966","HISEQ13:138:C6FWNANXX:2:2114:15872:26826_1:94080870",5.4e-14
"21967","HISEQ13:138:C6FWNANXX:2:2311:14160:71728_1:138179267",5.4e-14
"21968","HISEQ13:138:C6FWNANXX:2:1312:14864:4452_1:66236740",5.4e-14
"21969","HISEQ13:138:C6FWNANXX:2:2108:17964:45828_1:85227556",5.5e-14
"21970","HISEQ13:138:C6FWNANXX:2:1307:1725:20127_1:58686524",5.5e-14
"21971","HISEQ13:138:C6FWNANXX:2:1101:20014:83028_1:1202211",5.5e-14
"21972","HISEQ13:138:C6FWNANXX:2:1314:4913:46802_1:70223393",5.5e-14
"21973","HISEQ13:138:C6FWNANXX:2:2102:11326:65171_1:76865467",5.5e-14
"21974","HISEQ13:138:C6FWNANXX:2:2311:4039:11860_1:137239972",5.5e-14
"21975","HISEQ13:138:C6FWNANXX:2:1206:3427:17515_1:32331359",5.5e-14
"21976","HISEQ13:138:C6FWNANXX:2:1202:1414:9149_1:26362446",5.5e-14
"21977","HISEQ13:138:C6FWNANXX:2:1305:19920:63809_1:56345296",5.5e-14
"21978","HISEQ13:138:C6FWNANXX:2:2116:16453:70555_1:98027560",5.5e-14
"21979","HISEQ13:138:C6FWNANXX:2:2209:18758:73552_1:111080035",5.5e-14
"21980","HISEQ13:138:C6FWNANXX:2:1303:18317:20950_1:52756357",5.5e-14
"21981","HISEQ13:138:C6FWNANXX:2:1313:18901:43419_1:68504843",5.5e-14
"21982","HISEQ13:138:C6FWNANXX:2:2214:5607:84948_1:119044358",5.5e-14
"21983","HISEQ13:138:C6FWNANXX:2:1203:3449:52704_1:28453331",5.5e-14
"21984","HISEQ13:138:C6FWNANXX:2:1312:14786:50737_1:66991452",5.5e-14
"21985","HISEQ13:138:C6FWNANXX:2:2114:8923:72669_1:94822671",5.5e-14
"21986","HISEQ13:138:C6FWNANXX:2:1215:5978:21514_1:46508480",5.5e-14
"21987","HISEQ13:138:C6FWNANXX:2:2112:14665:52446_1:91331836",5.5e-14
"21988","HISEQ13:138:C6FWNANXX:2:2214:13147:61786_1:118668833",5.5e-14
"21989","HISEQ13:138:C6FWNANXX:2:2304:13795:94260_1:128126092",5.5e-14
"21990","HISEQ13:138:C6FWNANXX:2:1211:16315:54240_1:40553079",5.5e-14
"21991","HISEQ13:138:C6FWNANXX:2:2208:16102:91181_1:109846721",5.5e-14
"21992","HISEQ13:138:C6FWNANXX:2:1306:2683:92520_1:58283607",5.5e-14
"21993","HISEQ13:138:C6FWNANXX:2:2107:6859:77368_1:84215420",5.5e-14
"21994","HISEQ13:138:C6FWNANXX:2:2108:20563:78272_1:85719484",5.5e-14
"21995","HISEQ13:138:C6FWNANXX:2:2216:1341:55421_1:121833142",5.5e-14
"21996","HISEQ13:138:C6FWNANXX:2:2110:5456:65219_1:88524139",5.5e-14
"21997","HISEQ13:138:C6FWNANXX:2:2308:17465:39847_1:133143370",5.5e-14
"21998","HISEQ13:138:C6FWNANXX:2:1208:10897:49598_1:35825748",5.5e-14
"21999","HISEQ13:138:C6FWNANXX:2:1207:10627:11815_1:33742747",5.5e-14
"22000","HISEQ13:138:C6FWNANXX:2:1213:13999:34506_1:43420212",5.5e-14
"22001","HISEQ13:138:C6FWNANXX:2:2211:6437:19907_1:113276316",5.5e-14
"22002","HISEQ13:138:C6FWNANXX:2:1213:19671:88384_1:44310941",5.5e-14
"22003","HISEQ13:138:C6FWNANXX:2:2314:5228:62881_1:142800747",5.5e-14
"22004","HISEQ13:138:C6FWNANXX:2:1203:20220:87649_1:28972368",5.5e-14
"22005","HISEQ13:138:C6FWNANXX:2:1115:2861:83157_1:22797448",5.6e-14
"22006","HISEQ13:138:C6FWNANXX:2:1305:6839:30713_1:55843228",5.6e-14
"22007","HISEQ13:138:C6FWNANXX:2:2114:15789:58647_1:94595765",5.6e-14
"22008","HISEQ13:138:C6FWNANXX:2:2316:20457:64058_1:146108930",5.6e-14
"22009","HISEQ13:138:C6FWNANXX:2:2216:5293:84971_1:122335092",5.6e-14
"22010","HISEQ13:138:C6FWNANXX:2:2116:5045:76537_1:98123554",5.6e-14
"22011","HISEQ13:138:C6FWNANXX:2:1212:18210:34268_1:41799311",5.6e-14
"22012","HISEQ13:138:C6FWNANXX:2:1301:7079:10500_1:49694942",5.6e-14
"22013","HISEQ13:138:C6FWNANXX:2:1309:18061:24644_1:61826837",5.6e-14
"22014","HISEQ13:138:C6FWNANXX:2:2109:18599:47454_1:86747929",5.6e-14
"22015","HISEQ13:138:C6FWNANXX:2:2301:9925:43217_1:123186363",5.6e-14
"22016","HISEQ13:138:C6FWNANXX:2:2105:21198:12440_1:80358565",5.6e-14
"22017","HISEQ13:138:C6FWNANXX:2:2113:12198:2116_1:92100799",5.6e-14
"22018","HISEQ13:138:C6FWNANXX:2:2208:6316:90101_1:109829747",5.6e-14
"22019","HISEQ13:138:C6FWNANXX:2:1204:12328:32417_1:29601747",5.6e-14
"22020","HISEQ13:138:C6FWNANXX:2:2204:20734:74501_1:103793533",5.6e-14
"22021","HISEQ13:138:C6FWNANXX:2:2312:20018:9188_1:138754556",5.6e-14
"22022","HISEQ13:138:C6FWNANXX:2:1216:8015:57121_1:48808301",5.6e-14
"22023","HISEQ13:138:C6FWNANXX:2:1201:7781:96331_1:26193012",5.6e-14
"22024","HISEQ13:138:C6FWNANXX:2:1111:5160:8283_1:15133367",5.6e-14
"22025","HISEQ13:138:C6FWNANXX:2:2112:20425:74758_1:91688551",5.6e-14
"22026","HISEQ13:138:C6FWNANXX:2:2212:5244:23324_1:114873394",5.6e-14
"22027","HISEQ13:138:C6FWNANXX:2:2214:4790:80525_1:118974715",5.6e-14
"22028","HISEQ13:138:C6FWNANXX:2:2308:3783:6917_1:132644096",5.6e-14
"22029","HISEQ13:138:C6FWNANXX:2:2201:14347:99056_1:99908968",5.7e-14
"22030","HISEQ13:138:C6FWNANXX:2:1106:9105:23410_1:7675499",5.7e-14
"22031","HISEQ13:138:C6FWNANXX:2:1309:20679:8236_1:61568051",5.7e-14
"22032","HISEQ13:138:C6FWNANXX:2:1313:11736:66278_1:68886315",5.7e-14
"22033","HISEQ13:138:C6FWNANXX:2:2112:11710:39874_1:91136003",5.7e-14
"22034","HISEQ13:138:C6FWNANXX:2:2315:10816:34373_1:143961041",5.7e-14
"22035","HISEQ13:138:C6FWNANXX:2:1112:11916:74497_1:17692275",5.7e-14
"22036","HISEQ13:138:C6FWNANXX:2:1313:19505:13531_1:68011555",5.7e-14
"22037","HISEQ13:138:C6FWNANXX:2:2107:8071:47854_1:83776181",5.7e-14
"22038","HISEQ13:138:C6FWNANXX:2:1201:15232:47933_1:25480103",5.7e-14
"22039","HISEQ13:138:C6FWNANXX:2:2304:8345:57687_1:127598185",5.7e-14
"22040","HISEQ13:138:C6FWNANXX:2:2315:18790:67949_1:144514960",5.7e-14
"22041","HISEQ13:138:C6FWNANXX:2:2210:8259:72893_1:112572852",5.7e-14
"22042","HISEQ13:138:C6FWNANXX:2:1202:11956:79532_1:27398559",5.7e-14
"22043","HISEQ13:138:C6FWNANXX:2:1208:18444:82793_1:36342761",5.7e-14
"22044","HISEQ13:138:C6FWNANXX:2:1215:17437:53564_1:47053220",5.7e-14
"22045","HISEQ13:138:C6FWNANXX:2:2204:10481:32722_1:103188487",5.7e-14
"22046","HISEQ13:138:C6FWNANXX:2:2312:11516:16756_1:138875856",5.7e-14
"22047","HISEQ13:138:C6FWNANXX:2:2116:5045:76537_1:98123555",5.7e-14
"22048","HISEQ13:138:C6FWNANXX:2:2212:11160:19243_1:114806467",5.7e-14
"22049","HISEQ13:138:C6FWNANXX:2:2303:19495:27021_1:125756746",5.7e-14
"22050","HISEQ13:138:C6FWNANXX:2:1216:10617:22491_1:48207807",5.7e-14
"22051","HISEQ13:138:C6FWNANXX:2:1308:14704:85681_1:61232192",5.7e-14
"22052","HISEQ13:138:C6FWNANXX:2:2214:10133:50336_1:118479369",5.7e-14
"22053","HISEQ13:138:C6FWNANXX:2:2309:9928:87859_1:135372659",5.7e-14
"22054","HISEQ13:138:C6FWNANXX:2:2208:5197:75117_1:109603470",5.7e-14
"22055","HISEQ13:138:C6FWNANXX:2:1203:4150:10743_1:27835866",5.7e-14
"22056","HISEQ13:138:C6FWNANXX:2:1211:19021:42614_1:40367935",5.7e-14
"22057","HISEQ13:138:C6FWNANXX:2:1305:12521:5022_1:55462357",5.7e-14
"22058","HISEQ13:138:C6FWNANXX:2:1309:12109:80628_1:62711617",5.7e-14
"22059","HISEQ13:138:C6FWNANXX:2:2307:11496:76554_1:132213305",5.7e-14
"22060","HISEQ13:138:C6FWNANXX:2:1108:4102:74459_1:11497843",5.7e-14
"22061","HISEQ13:138:C6FWNANXX:2:1208:16630:30453_1:35531195",5.8e-14
"22062","HISEQ13:138:C6FWNANXX:2:1103:13245:80052_1:4080958",5.8e-14
"22063","HISEQ13:138:C6FWNANXX:2:2109:15867:88664_1:87375712",5.8e-14
"22064","HISEQ13:138:C6FWNANXX:2:2206:7304:75116_1:106671874",5.8e-14
"22065","HISEQ13:138:C6FWNANXX:2:1308:19256:11085_1:60072931",5.8e-14
"22066","HISEQ13:138:C6FWNANXX:2:1107:16507:16701_1:9083745",5.8e-14
"22067","HISEQ13:138:C6FWNANXX:2:2315:2179:92080_1:144910294",5.8e-14
"22068","HISEQ13:138:C6FWNANXX:2:1113:3397:36171_1:18686434",5.8e-14
"22069","HISEQ13:138:C6FWNANXX:2:1206:11564:73304_1:33177523",5.8e-14
"22070","HISEQ13:138:C6FWNANXX:2:2211:4323:68324_1:114035044",5.8e-14
"22071","HISEQ13:138:C6FWNANXX:2:2212:13953:32333_1:115017493",5.8e-14
"22072","HISEQ13:138:C6FWNANXX:2:2305:18347:43900_1:128826431",5.8e-14
"22073","HISEQ13:138:C6FWNANXX:2:1209:17551:21905_1:36931049",5.8e-14
"22074","HISEQ13:138:C6FWNANXX:2:1204:18951:20538_1:29427786",5.8e-14
"22075","HISEQ13:138:C6FWNANXX:2:2314:18586:14459_1:142006616",5.8e-14
"22076","HISEQ13:138:C6FWNANXX:2:1205:3221:67659_1:31598002",5.8e-14
"22077","HISEQ13:138:C6FWNANXX:2:1306:1788:77052_1:58047786",5.8e-14
"22078","HISEQ13:138:C6FWNANXX:2:1215:11301:40517_1:46832225",5.8e-14
"22079","HISEQ13:138:C6FWNANXX:2:2202:15488:79976_1:101042595",5.9e-14
"22080","HISEQ13:138:C6FWNANXX:2:2311:15778:8726_1:137191685",5.9e-14
"22081","HISEQ13:138:C6FWNANXX:2:1303:10770:36815_1:52992607",5.9e-14
"22082","HISEQ13:138:C6FWNANXX:2:1305:10049:81288_1:56607990",5.9e-14
"22083","HISEQ13:138:C6FWNANXX:2:2209:5092:96335_1:111422911",5.9e-14
"22084","HISEQ13:138:C6FWNANXX:2:1213:2077:80586_1:44179474",5.9e-14
"22085","HISEQ13:138:C6FWNANXX:2:2103:4797:85487_1:78560381",5.9e-14
"22086","HISEQ13:138:C6FWNANXX:2:1303:11232:20986_1:52755046",5.9e-14
"22087","HISEQ13:138:C6FWNANXX:2:2116:19985:90761_1:98362135",5.9e-14
"22088","HISEQ13:138:C6FWNANXX:2:2202:9128:63877_1:100812437",5.9e-14
"22089","HISEQ13:138:C6FWNANXX:2:2212:10261:70266_1:115617439",5.9e-14
"22090","HISEQ13:138:C6FWNANXX:2:1103:15152:78854_1:4062930",5.9e-14
"22091","HISEQ13:138:C6FWNANXX:2:1209:14182:76605_1:37784198",5.9e-14
"22092","HISEQ13:138:C6FWNANXX:2:1304:14316:47262_1:54615079",5.9e-14
"22093","HISEQ13:138:C6FWNANXX:2:2214:5645:15497_1:117907577",5.9e-14
"22094","HISEQ13:138:C6FWNANXX:2:1314:12473:28555_1:69914874",5.9e-14
"22095","HISEQ13:138:C6FWNANXX:2:1203:17082:32555_1:28162765",5.9e-14
"22096","HISEQ13:138:C6FWNANXX:2:1209:3186:80331_1:37840098",5.9e-14
"22097","HISEQ13:138:C6FWNANXX:2:2116:19132:47257_1:97646783",5.9e-14
"22098","HISEQ13:138:C6FWNANXX:2:1205:18157:77744_1:31751752",5.9e-14
"22099","HISEQ13:138:C6FWNANXX:2:1216:2642:23494_1:48223302",5.9e-14
"22100","HISEQ13:138:C6FWNANXX:2:2216:8361:27413_1:121361712",5.9e-14
"22101","HISEQ13:138:C6FWNANXX:2:1206:5221:78220_1:33247935",6e-14
"22102","HISEQ13:138:C6FWNANXX:2:1212:8678:95193_1:42790364",6e-14
"22103","HISEQ13:138:C6FWNANXX:2:1207:2940:88805_1:34910767",6e-14
"22104","HISEQ13:138:C6FWNANXX:2:2207:7429:96081_1:108438385",6e-14
"22105","HISEQ13:138:C6FWNANXX:2:1112:15760:37398_1:17092328",6e-14
"22106","HISEQ13:138:C6FWNANXX:2:1306:19713:94226_1:58309944",6e-14
"22107","HISEQ13:138:C6FWNANXX:2:1312:11079:83435_1:67530197",6e-14
"22108","HISEQ13:138:C6FWNANXX:2:2214:15635:37437_1:118268199",6e-14
"22109","HISEQ13:138:C6FWNANXX:2:1204:6131:66085_1:30101604",6e-14
"22110","HISEQ13:138:C6FWNANXX:2:2307:6066:63255_1:132014793",6e-14
"22111","HISEQ13:138:C6FWNANXX:2:2306:17153:49461_1:130350227",6e-14
"22112","HISEQ13:138:C6FWNANXX:2:2116:7812:11628_1:97052554",6e-14
"22113","HISEQ13:138:C6FWNANXX:2:1106:16891:56547_1:8183061",6e-14
"22114","HISEQ13:138:C6FWNANXX:2:1310:4222:58673_1:63927995",6e-14
"22115","HISEQ13:138:C6FWNANXX:2:2306:5287:73414_1:130702515",6e-14
"22116","HISEQ13:138:C6FWNANXX:2:2313:4010:94067_1:141693579",6e-14
"22117","HISEQ13:138:C6FWNANXX:2:1215:12111:11713_1:46340819",6e-14
"22118","HISEQ13:138:C6FWNANXX:2:2204:8225:92084_1:104042780",6e-14
"22119","HISEQ13:138:C6FWNANXX:2:2208:20715:84538_1:109749809",6e-14
"22120","HISEQ13:138:C6FWNANXX:2:2105:11286:45417_1:80835662",6e-14
"22121","HISEQ13:138:C6FWNANXX:2:1202:13938:89088_1:27538263",6e-14
"22122","HISEQ13:138:C6FWNANXX:2:1311:6730:95871_1:66116018",6e-14
"22123","HISEQ13:138:C6FWNANXX:2:1312:7050:81640_1:67500119",6e-14
"22124","HISEQ13:138:C6FWNANXX:2:2214:17787:27159_1:118102363",6e-14
"22125","HISEQ13:138:C6FWNANXX:2:2307:7915:99036_1:132546985",6e-14
"22126","HISEQ13:138:C6FWNANXX:2:1316:3430:92157_1:74409037",6e-14
"22127","HISEQ13:138:C6FWNANXX:2:2304:12320:61347_1:127652947",6e-14
"22128","HISEQ13:138:C6FWNANXX:2:2204:16655:11938_1:102892942",6.1e-14
"22129","HISEQ13:138:C6FWNANXX:2:2106:9887:85571_1:82870073",6.1e-14
"22130","HISEQ13:138:C6FWNANXX:2:2204:10743:63377_1:103630826",6.1e-14
"22131","HISEQ13:138:C6FWNANXX:2:2311:17545:70015_1:138156065",6.1e-14
"22132","HISEQ13:138:C6FWNANXX:2:1205:13978:18511_1:30868857",6.1e-14
"22133","HISEQ13:138:C6FWNANXX:2:1309:18279:69454_1:62534925",6.1e-14
"22134","HISEQ13:138:C6FWNANXX:2:2103:10914:25926_1:77716019",6.1e-14
"22135","HISEQ13:138:C6FWNANXX:2:2107:20443:8040_1:83188634",6.1e-14
"22136","HISEQ13:138:C6FWNANXX:2:2205:9181:49940_1:104861193",6.1e-14
"22137","HISEQ13:138:C6FWNANXX:2:2305:7116:56632_1:129010514",6.1e-14
"22138","HISEQ13:138:C6FWNANXX:2:1106:13798:5882_1:7410238",6.1e-14
"22139","HISEQ13:138:C6FWNANXX:2:1316:17909:81798_1:74235246",6.1e-14
"22140","HISEQ13:138:C6FWNANXX:2:2105:4447:81259_1:81355882",6.1e-14
"22141","HISEQ13:138:C6FWNANXX:2:1102:18400:43021_1:2069756",6.1e-14
"22142","HISEQ13:138:C6FWNANXX:2:1116:9429:17695_1:23372677",6.1e-14
"22143","HISEQ13:138:C6FWNANXX:2:2310:18550:86389_1:136867201",6.1e-14
"22144","HISEQ13:138:C6FWNANXX:2:2112:20731:63065_1:91501957",6.1e-14
"22145","HISEQ13:138:C6FWNANXX:2:2113:19530:26777_1:92494426",6.1e-14
"22146","HISEQ13:138:C6FWNANXX:2:1108:8952:74993_1:11506682",6.1e-14
"22147","HISEQ13:138:C6FWNANXX:2:1315:3934:28774_1:71596449",6.1e-14
"22148","HISEQ13:138:C6FWNANXX:2:2205:17342:56618_1:104960506",6.1e-14
"22149","HISEQ13:138:C6FWNANXX:2:1102:1736:31073_1:1890937",6.1e-14
"22150","HISEQ13:138:C6FWNANXX:2:2212:4429:31788_1:115007479",6.1e-14
"22151","HISEQ13:138:C6FWNANXX:2:2316:6695:73831_1:146270326",6.1e-14
"22152","HISEQ13:138:C6FWNANXX:2:1203:16693:35082_1:28199370",6.1e-14
"22153","HISEQ13:138:C6FWNANXX:2:1215:14466:73594_1:47391289",6.1e-14
"22154","HISEQ13:138:C6FWNANXX:2:2211:11931:20904_1:113293008",6.1e-14
"22155","HISEQ13:138:C6FWNANXX:2:2204:2920:7306_1:102827759",6.1e-14
"22156","HISEQ13:138:C6FWNANXX:2:2109:9533:48248_1:86757645",6.2e-14
"22157","HISEQ13:138:C6FWNANXX:2:1216:3412:64537_1:48937696",6.2e-14
"22158","HISEQ13:138:C6FWNANXX:2:2210:10649:14884_1:111688222",6.2e-14
"22159","HISEQ13:138:C6FWNANXX:2:2212:7741:31674_1:115004178",6.2e-14
"22160","HISEQ13:138:C6FWNANXX:2:2215:19057:65438_1:120351971",6.2e-14
"22161","HISEQ13:138:C6FWNANXX:2:2207:16936:3106_1:107066737",6.2e-14
"22162","HISEQ13:138:C6FWNANXX:2:2106:1695:4043_1:81670396",6.2e-14
"22163","HISEQ13:138:C6FWNANXX:2:1111:19092:50842_1:15815881",6.2e-14
"22164","HISEQ13:138:C6FWNANXX:2:2216:19635:27693_1:121368262",6.2e-14
"22165","HISEQ13:138:C6FWNANXX:2:1104:16901:37746_1:4919389",6.2e-14
"22166","HISEQ13:138:C6FWNANXX:2:1113:12425:99513_1:19742328",6.2e-14
"22167","HISEQ13:138:C6FWNANXX:2:1309:17503:65316_1:62470987",6.2e-14
"22168","HISEQ13:138:C6FWNANXX:2:2212:8517:92704_1:115973069",6.2e-14
"22169","HISEQ13:138:C6FWNANXX:2:2214:6053:35254_1:118233898",6.2e-14
"22170","HISEQ13:138:C6FWNANXX:2:2304:3768:3728_1:126821584",6.2e-14
"22171","HISEQ13:138:C6FWNANXX:2:2313:13204:54884_1:141060474",6.2e-14
"22172","HISEQ13:138:C6FWNANXX:2:2305:9677:39301_1:128759317",6.2e-14
"22173","HISEQ13:138:C6FWNANXX:2:1206:7137:12562_1:32257285",6.2e-14
"22174","HISEQ13:138:C6FWNANXX:2:1310:19255:97054_1:64538372",6.2e-14
"22175","HISEQ13:138:C6FWNANXX:2:1316:5512:49513_1:73667255",6.2e-14
"22176","HISEQ13:138:C6FWNANXX:2:2203:1758:25515_1:101677379",6.2e-14
"22177","HISEQ13:138:C6FWNANXX:2:2207:8058:7729_1:107131695",6.2e-14
"22178","HISEQ13:138:C6FWNANXX:2:2306:3201:55696_1:130439908",6.2e-14
"22179","HISEQ13:138:C6FWNANXX:2:1314:4113:96553_1:71068564",6.2e-14
"22180","HISEQ13:138:C6FWNANXX:2:1316:8252:55705_1:73773086",6.2e-14
"22181","HISEQ13:138:C6FWNANXX:2:1208:10040:52997_1:35876420",6.2e-14
"22182","HISEQ13:138:C6FWNANXX:2:1208:7374:32081_1:35556359",6.2e-14
"22183","HISEQ13:138:C6FWNANXX:2:1115:7907:53527_1:22298021",6.2e-14
"22184","HISEQ13:138:C6FWNANXX:2:1310:5095:42123_1:63664675",6.2e-14
"22185","HISEQ13:138:C6FWNANXX:2:2116:8003:44506_1:97599413",6.2e-14
"22186","HISEQ13:138:C6FWNANXX:2:1112:4648:85241_1:17867191",6.2e-14
"22187","HISEQ13:138:C6FWNANXX:2:1107:11245:98177_1:10331760",6.2e-14
"22188","HISEQ13:138:C6FWNANXX:2:2114:5639:28617_1:94106791",6.2e-14
"22189","HISEQ13:138:C6FWNANXX:2:1216:2321:84368_1:49282655",6.2e-14
"22190","HISEQ13:138:C6FWNANXX:2:1109:9601:45220_1:12591223",6.2e-14
"22191","HISEQ13:138:C6FWNANXX:2:2208:5230:10722_1:108635964",6.2e-14
"22192","HISEQ13:138:C6FWNANXX:2:2302:13312:68729_1:124941560",6.2e-14
"22193","HISEQ13:138:C6FWNANXX:2:2316:19419:47964_1:145834565",6.2e-14
"22194","HISEQ13:138:C6FWNANXX:2:1101:5761:47496_1:671025",6.2e-14
"22195","HISEQ13:138:C6FWNANXX:2:1210:4428:46746_1:38863762",6.2e-14
"22196","HISEQ13:138:C6FWNANXX:2:2214:11213:94091_1:119196707",6.2e-14
"22197","HISEQ13:138:C6FWNANXX:2:2312:8147:71723_1:139741682",6.2e-14
"22198","HISEQ13:138:C6FWNANXX:2:1306:10266:22710_1:57216492",6.3e-14
"22199","HISEQ13:138:C6FWNANXX:2:2215:6386:42521_1:119974255",6.3e-14
"22200","HISEQ13:138:C6FWNANXX:2:2316:5425:73794_1:146270057",6.3e-14
"22201","HISEQ13:138:C6FWNANXX:2:2110:5453:23311_1:87885828",6.3e-14
"22202","HISEQ13:138:C6FWNANXX:2:2308:5842:83880_1:133805719",6.3e-14
"22203","HISEQ13:138:C6FWNANXX:2:1213:5545:64374_1:43911154",6.3e-14
"22204","HISEQ13:138:C6FWNANXX:2:1213:8274:12816_1:43062688",6.3e-14
"22205","HISEQ13:138:C6FWNANXX:2:2103:9662:96344_1:78718125",6.3e-14
"22206","HISEQ13:138:C6FWNANXX:2:2207:19737:23310_1:107364881",6.3e-14
"22207","HISEQ13:138:C6FWNANXX:2:2311:15034:97469_1:138586806",6.3e-14
"22208","HISEQ13:138:C6FWNANXX:2:2206:4066:81408_1:106762565",6.3e-14
"22209","HISEQ13:138:C6FWNANXX:2:1102:14525:66975_1:2419659",6.3e-14
"22210","HISEQ13:138:C6FWNANXX:2:1310:10705:99929_1:64579510",6.3e-14
"22211","HISEQ13:138:C6FWNANXX:2:1113:17001:32371_1:18628296",6.3e-14
"22212","HISEQ13:138:C6FWNANXX:2:2210:17934:27868_1:111888304",6.3e-14
"22213","HISEQ13:138:C6FWNANXX:2:1205:11873:96782_1:32038436",6.3e-14
"22214","HISEQ13:138:C6FWNANXX:2:2311:16418:59032_1:137981584",6.3e-14
"22215","HISEQ13:138:C6FWNANXX:2:1314:15143:32334_1:69978653",6.3e-14
"22216","HISEQ13:138:C6FWNANXX:2:1314:19557:30225_1:69941692",6.3e-14
"22217","HISEQ13:138:C6FWNANXX:2:1312:6390:97264_1:67760238",6.3e-14
"22218","HISEQ13:138:C6FWNANXX:2:2109:2498:33362_1:86531790",6.3e-14
"22219","HISEQ13:138:C6FWNANXX:2:1203:15301:57176_1:28521375",6.4e-14
"22220","HISEQ13:138:C6FWNANXX:2:2201:3073:100387_1:99924871",6.4e-14
"22221","HISEQ13:138:C6FWNANXX:2:1101:16965:70072_1:1009855",6.4e-14
"22222","HISEQ13:138:C6FWNANXX:2:1115:19677:75244_1:22664151",6.4e-14
"22223","HISEQ13:138:C6FWNANXX:2:1210:1727:19098_1:38431219",6.4e-14
"22224","HISEQ13:138:C6FWNANXX:2:2211:19466:93529_1:114434056",6.4e-14
"22225","HISEQ13:138:C6FWNANXX:2:1114:20997:53806_1:20635444",6.4e-14
"22226","HISEQ13:138:C6FWNANXX:2:2104:11175:36201_1:79274310",6.4e-14
"22227","HISEQ13:138:C6FWNANXX:2:1103:14230:8090_1:3014017",6.4e-14
"22228","HISEQ13:138:C6FWNANXX:2:1202:4013:29624_1:26664300",6.4e-14
"22229","HISEQ13:138:C6FWNANXX:2:1210:20272:15647_1:38379241",6.4e-14
"22230","HISEQ13:138:C6FWNANXX:2:2216:12892:67703_1:122043856",6.4e-14
"22231","HISEQ13:138:C6FWNANXX:2:2205:10381:90278_1:105446549",6.4e-14
"22232","HISEQ13:138:C6FWNANXX:2:2114:4076:97169_1:95219085",6.4e-14
"22233","HISEQ13:138:C6FWNANXX:2:2312:8221:34642_1:139155436",6.4e-14
"22234","HISEQ13:138:C6FWNANXX:2:2213:15817:60848_1:117048307",6.4e-14
"22235","HISEQ13:138:C6FWNANXX:2:1105:15883:54765_1:6658756",6.4e-14
"22236","HISEQ13:138:C6FWNANXX:2:1202:15779:87101_1:27509173",6.4e-14
"22237","HISEQ13:138:C6FWNANXX:2:2210:2173:99204_1:112972788",6.4e-14
"22238","HISEQ13:138:C6FWNANXX:2:1309:6117:53434_1:62277761",6.4e-14
"22239","HISEQ13:138:C6FWNANXX:2:2204:13556:57194_1:103541577",6.4e-14
"22240","HISEQ13:138:C6FWNANXX:2:2309:16703:78461_1:135228973",6.4e-14
"22241","HISEQ13:138:C6FWNANXX:2:1215:6713:72272_1:47368800",6.4e-14
"22242","HISEQ13:138:C6FWNANXX:2:1311:20344:82733_1:65902111",6.4e-14
"22243","HISEQ13:138:C6FWNANXX:2:2304:13013:71601_1:127799350",6.4e-14
"22244","HISEQ13:138:C6FWNANXX:2:1107:18033:18072_1:9107089",6.4e-14
"22245","HISEQ13:138:C6FWNANXX:2:1213:19471:31884_1:43375852",6.4e-14
"22246","HISEQ13:138:C6FWNANXX:2:1215:5616:94440_1:47743349",6.4e-14
"22247","HISEQ13:138:C6FWNANXX:2:1108:17844:36565_1:10910742",6.4e-14
"22248","HISEQ13:138:C6FWNANXX:2:2201:2657:70203_1:99495893",6.4e-14
"22249","HISEQ13:138:C6FWNANXX:2:1211:5227:60242_1:40647354",6.4e-14
"22250","HISEQ13:138:C6FWNANXX:2:1215:14830:79236_1:47484578",6.4e-14
"22251","HISEQ13:138:C6FWNANXX:2:1313:16155:70429_1:68955137",6.4e-14
"22252","HISEQ13:138:C6FWNANXX:2:1303:11381:69190_1:53469302",6.4e-14
"22253","HISEQ13:138:C6FWNANXX:2:2111:9902:22906_1:89390894",6.4e-14
"22254","HISEQ13:138:C6FWNANXX:2:2308:6314:90696_1:133907816",6.4e-14
"22255","HISEQ13:138:C6FWNANXX:2:2108:14447:30191_1:84989135",6.5e-14
"22256","HISEQ13:138:C6FWNANXX:2:2205:4910:7338_1:104244541",6.5e-14
"22257","HISEQ13:138:C6FWNANXX:2:2110:20001:82399_1:88789257",6.5e-14
"22258","HISEQ13:138:C6FWNANXX:2:2309:15661:67779_1:135067900",6.5e-14
"22259","HISEQ13:138:C6FWNANXX:2:2304:16651:44983_1:127415471",6.5e-14
"22260","HISEQ13:138:C6FWNANXX:2:2313:15217:9624_1:140331190",6.5e-14
"22261","HISEQ13:138:C6FWNANXX:2:2212:18251:63743_1:115511636",6.5e-14
"22262","HISEQ13:138:C6FWNANXX:2:1314:2909:69575_1:70609336",6.5e-14
"22263","HISEQ13:138:C6FWNANXX:2:1101:11139:73048_1:1052874",6.5e-14
"22264","HISEQ13:138:C6FWNANXX:2:1102:2272:72102_1:2494971",6.5e-14
"22265","HISEQ13:138:C6FWNANXX:2:1115:4804:61041_1:22424525",6.5e-14
"22266","HISEQ13:138:C6FWNANXX:2:1313:21152:26748_1:68227035",6.5e-14
"22267","HISEQ13:138:C6FWNANXX:2:2307:16434:98056_1:132533732",6.5e-14
"22268","HISEQ13:138:C6FWNANXX:2:1111:2400:7041_1:15112824",6.5e-14
"22269","HISEQ13:138:C6FWNANXX:2:2104:2056:52834_1:79513589",6.5e-14
"22270","HISEQ13:138:C6FWNANXX:2:2306:4936:78362_1:130775148",6.5e-14
"22271","HISEQ13:138:C6FWNANXX:2:2303:11267:46423_1:126029198",6.5e-14
"22272","HISEQ13:138:C6FWNANXX:2:2308:9450:58009_1:133417594",6.5e-14
"22273","HISEQ13:138:C6FWNANXX:2:1312:6755:35284_1:66741632",6.5e-14
"22274","HISEQ13:138:C6FWNANXX:2:2116:10857:21722_1:97218553",6.6e-14
"22275","HISEQ13:138:C6FWNANXX:2:1205:21192:61978_1:31515667",6.6e-14
"22276","HISEQ13:138:C6FWNANXX:2:1109:20213:41837_1:12542453",6.6e-14
"22277","HISEQ13:138:C6FWNANXX:2:1111:2915:57998_1:15927109",6.6e-14
"22278","HISEQ13:138:C6FWNANXX:2:1114:14518:22434_1:20106363",6.6e-14
"22279","HISEQ13:138:C6FWNANXX:2:1307:9060:42981_1:59037390",6.6e-14
"22280","HISEQ13:138:C6FWNANXX:2:2215:4884:20602_1:119610679",6.6e-14
"22281","HISEQ13:138:C6FWNANXX:2:1115:5740:31793_1:21929674",6.6e-14
"22282","HISEQ13:138:C6FWNANXX:2:2110:10615:94647_1:88972723",6.6e-14
"22283","HISEQ13:138:C6FWNANXX:2:1101:8479:98664_1:1429078",6.6e-14
"22284","HISEQ13:138:C6FWNANXX:2:2310:17805:95916_1:137012974",6.6e-14
"22285","HISEQ13:138:C6FWNANXX:2:2203:15032:63514_1:102222420",6.6e-14
"22286","HISEQ13:138:C6FWNANXX:2:1215:2915:44005_1:46889691",6.6e-14
"22287","HISEQ13:138:C6FWNANXX:2:1106:4115:70890_1:8399639",6.6e-14
"22288","HISEQ13:138:C6FWNANXX:2:2102:10969:13003_1:76127453",6.6e-14
"22289","HISEQ13:138:C6FWNANXX:2:1313:14649:81597_1:69143412",6.7e-14
"22290","HISEQ13:138:C6FWNANXX:2:1215:4164:60909_1:47173681",6.7e-14
"22291","HISEQ13:138:C6FWNANXX:2:1315:16375:47357_1:71915982",6.7e-14
"22292","HISEQ13:138:C6FWNANXX:2:2106:10919:2332_1:81646356",6.7e-14
"22293","HISEQ13:138:C6FWNANXX:2:2313:7474:81211_1:141485004",6.7e-14
"22294","HISEQ13:138:C6FWNANXX:2:2210:2988:26991_1:111870283",6.7e-14
"22295","HISEQ13:138:C6FWNANXX:2:1114:11543:7210_1:19850106",6.7e-14
"22296","HISEQ13:138:C6FWNANXX:2:2312:17192:49891_1:139398199",6.7e-14
"22297","HISEQ13:138:C6FWNANXX:2:2112:17994:66490_1:91552752",6.7e-14
"22298","HISEQ13:138:C6FWNANXX:2:1311:4081:48616_1:65344043",6.7e-14
"22299","HISEQ13:138:C6FWNANXX:2:2307:3270:98196_1:132531229",6.7e-14
"22300","HISEQ13:138:C6FWNANXX:2:2314:7781:32793_1:142306116",6.7e-14
"22301","HISEQ13:138:C6FWNANXX:2:1105:10185:91969_1:7213090",6.7e-14
"22302","HISEQ13:138:C6FWNANXX:2:1206:13948:36681_1:32620817",6.7e-14
"22303","HISEQ13:138:C6FWNANXX:2:2109:9817:16804_1:86283482",6.7e-14
"22304","HISEQ13:138:C6FWNANXX:2:1105:2440:49336_1:6573520",6.7e-14
"22305","HISEQ13:138:C6FWNANXX:2:1315:16610:67108_1:72256564",6.7e-14
"22306","HISEQ13:138:C6FWNANXX:2:2306:8456:45428_1:130289747",6.7e-14
"22307","HISEQ13:138:C6FWNANXX:2:2310:11307:45431_1:136238716",6.7e-14
"22308","HISEQ13:138:C6FWNANXX:2:1309:13808:55315_1:62310849",6.7e-14
"22309","HISEQ13:138:C6FWNANXX:2:2307:1383:86127_1:132352545",6.7e-14
"22310","HISEQ13:138:C6FWNANXX:2:1303:4299:8992_1:52576551",6.7e-14
"22311","HISEQ13:138:C6FWNANXX:2:1114:5936:19151_1:20049827",6.8e-14
"22312","HISEQ13:138:C6FWNANXX:2:1216:2610:60294_1:48863510",6.8e-14
"22313","HISEQ13:138:C6FWNANXX:2:1202:9807:22612_1:26562547",6.8e-14
"22314","HISEQ13:138:C6FWNANXX:2:1207:19711:16079_1:33808650",6.8e-14
"22315","HISEQ13:138:C6FWNANXX:2:1301:8036:43518_1:50181195",6.8e-14
"22316","HISEQ13:138:C6FWNANXX:2:1115:10620:17524_1:21689930",6.8e-14
"22317","HISEQ13:138:C6FWNANXX:2:1207:13707:85420_1:34859705",6.8e-14
"22318","HISEQ13:138:C6FWNANXX:2:1307:1525:52387_1:59181659",6.8e-14
"22319","HISEQ13:138:C6FWNANXX:2:2210:8759:40741_1:112080961",6.8e-14
"22320","HISEQ13:138:C6FWNANXX:2:2302:5863:99052_1:125373744",6.8e-14
"22321","HISEQ13:138:C6FWNANXX:2:2316:6050:44675_1:145776452",6.9e-14
"22322","HISEQ13:138:C6FWNANXX:2:1305:5628:63370_1:56334973",6.9e-14
"22323","HISEQ13:138:C6FWNANXX:2:2116:14418:46659_1:97633385",6.9e-14
"22324","HISEQ13:138:C6FWNANXX:2:2207:8988:84625_1:108268808",6.9e-14
"22325","HISEQ13:138:C6FWNANXX:2:2211:6992:60309_1:113911048",6.9e-14
"22326","HISEQ13:138:C6FWNANXX:2:2308:3045:11463_1:132712050",6.9e-14
"22327","HISEQ13:138:C6FWNANXX:2:1206:12810:25309_1:32449358",6.9e-14
"22328","HISEQ13:138:C6FWNANXX:2:1205:15732:89325_1:31926785",6.9e-14
"22329","HISEQ13:138:C6FWNANXX:2:1203:3517:93379_1:29054640",6.9e-14
"22330","HISEQ13:138:C6FWNANXX:2:2104:14849:63986_1:79674270",6.9e-14
"22331","HISEQ13:138:C6FWNANXX:2:1205:1875:78808_1:31767148",6.9e-14
"22332","HISEQ13:138:C6FWNANXX:2:1208:4441:84408_1:36363004",6.9e-14
"22333","HISEQ13:138:C6FWNANXX:2:1211:13387:50468_1:40491372",6.9e-14
"22334","HISEQ13:138:C6FWNANXX:2:2107:13660:73537_1:84160373",6.9e-14
"22335","HISEQ13:138:C6FWNANXX:2:2205:9598:64662_1:105073936",6.9e-14
"22336","HISEQ13:138:C6FWNANXX:2:1111:9507:34216_1:15544312",6.9e-14
"22337","HISEQ13:138:C6FWNANXX:2:2107:12935:32870_1:83554871",6.9e-14
"22338","HISEQ13:138:C6FWNANXX:2:1112:7262:37958_1:17098688",6.9e-14
"22339","HISEQ13:138:C6FWNANXX:2:1306:5457:14331_1:57089914",6.9e-14
"22340","HISEQ13:138:C6FWNANXX:2:2309:15476:27112_1:134446372",6.9e-14
"22341","HISEQ13:138:C6FWNANXX:2:2309:19493:96576_1:135508516",6.9e-14
"22342","HISEQ13:138:C6FWNANXX:2:1209:11770:52572_1:37407829",7e-14
"22343","HISEQ13:138:C6FWNANXX:2:2106:6204:40677_1:82206920",7e-14
"22344","HISEQ13:138:C6FWNANXX:2:1113:6173:38392_1:18724278",7e-14
"22345","HISEQ13:138:C6FWNANXX:2:1103:10266:89073_1:4214296",7e-14
"22346","HISEQ13:138:C6FWNANXX:2:1103:13233:92835_1:4270554",7e-14
"22347","HISEQ13:138:C6FWNANXX:2:1207:19739:81529_1:34803565",7e-14
"22348","HISEQ13:138:C6FWNANXX:2:1213:8672:9392_1:43005270",7e-14
"22349","HISEQ13:138:C6FWNANXX:2:1303:9386:18346_1:52718036",7e-14
"22350","HISEQ13:138:C6FWNANXX:2:1312:19167:26108_1:66593560",7e-14
"22351","HISEQ13:138:C6FWNANXX:2:2104:1869:13671_1:78948572",7e-14
"22352","HISEQ13:138:C6FWNANXX:2:2111:18087:59961_1:89973824",7e-14
"22353","HISEQ13:138:C6FWNANXX:2:2211:13851:44775_1:113669789",7e-14
"22354","HISEQ13:138:C6FWNANXX:2:1310:5558:57608_1:63912475",7e-14
"22355","HISEQ13:138:C6FWNANXX:2:1310:5558:57608_1:63912476",7e-14
"22356","HISEQ13:138:C6FWNANXX:2:1109:19701:29244_1:12341958",7e-14
"22357","HISEQ13:138:C6FWNANXX:2:2210:7622:43603_1:112126279",7.1e-14
"22358","HISEQ13:138:C6FWNANXX:2:2108:13472:72182_1:85623672",7.1e-14
"22359","HISEQ13:138:C6FWNANXX:2:2315:13516:68534_1:144525847",7.1e-14
"22360","HISEQ13:138:C6FWNANXX:2:1201:14902:17875_1:25039491",7.1e-14
"22361","HISEQ13:138:C6FWNANXX:2:1105:2816:5858_1:5919583",7.1e-14
"22362","HISEQ13:138:C6FWNANXX:2:1316:17399:27410_1:73281608",7.1e-14
"22363","HISEQ13:138:C6FWNANXX:2:1314:6541:39115_1:70091905",7.1e-14
"22364","HISEQ13:138:C6FWNANXX:2:2212:6893:92159_1:115964545",7.1e-14
"22365","HISEQ13:138:C6FWNANXX:2:1202:19205:71407_1:27278863",7.1e-14
"22366","HISEQ13:138:C6FWNANXX:2:1207:4699:49673_1:34312513",7.1e-14
"22367","HISEQ13:138:C6FWNANXX:2:2209:10679:78391_1:111150633",7.1e-14
"22368","HISEQ13:138:C6FWNANXX:2:2304:7962:70746_1:127784181",7.1e-14
"22369","HISEQ13:138:C6FWNANXX:2:2309:10468:44672_1:134709868",7.1e-14
"22370","HISEQ13:138:C6FWNANXX:2:2104:20253:63837_1:79675211",7.1e-14
"22371","HISEQ13:138:C6FWNANXX:2:1104:18893:16404_1:4602595",7.1e-14
"22372","HISEQ13:138:C6FWNANXX:2:1208:3091:31609_1:35547928",7.1e-14
"22373","HISEQ13:138:C6FWNANXX:2:1210:11763:96353_1:39644424",7.1e-14
"22374","HISEQ13:138:C6FWNANXX:2:1105:8480:67760_1:6850678",7.2e-14
"22375","HISEQ13:138:C6FWNANXX:2:1308:3472:85446_1:61226204",7.2e-14
"22376","HISEQ13:138:C6FWNANXX:2:1112:20503:81919_1:17817294",7.2e-14
"22377","HISEQ13:138:C6FWNANXX:2:1208:10523:51391_1:35853078",7.2e-14
"22378","HISEQ13:138:C6FWNANXX:2:1208:13475:51471_1:35853641",7.2e-14
"22379","HISEQ13:138:C6FWNANXX:2:1216:16390:78718_1:49184527",7.2e-14
"22380","HISEQ13:138:C6FWNANXX:2:2313:6273:61243_1:141160416",7.2e-14
"22381","HISEQ13:138:C6FWNANXX:2:1110:11279:12666_1:13641877",7.2e-14
"22382","HISEQ13:138:C6FWNANXX:2:1302:7911:41979_1:51606736",7.2e-14
"22383","HISEQ13:138:C6FWNANXX:2:2105:11766:57547_1:81013491",7.2e-14
"22384","HISEQ13:138:C6FWNANXX:2:2116:10033:74510_1:98091547",7.2e-14
"22385","HISEQ13:138:C6FWNANXX:2:1208:18828:33029_1:35573823",7.2e-14
"22386","HISEQ13:138:C6FWNANXX:2:1309:12395:74404_1:62613002",7.2e-14
"22387","HISEQ13:138:C6FWNANXX:2:2209:5092:96335_1:111422910",7.2e-14
"22388","HISEQ13:138:C6FWNANXX:2:1103:9730:3620_1:2946020",7.2e-14
"22389","HISEQ13:138:C6FWNANXX:2:1211:19511:83134_1:41020733",7.2e-14
"22390","HISEQ13:138:C6FWNANXX:2:1315:4582:77731_1:72433578",7.2e-14
"22391","HISEQ13:138:C6FWNANXX:2:2105:9506:24834_1:80537487",7.2e-14
"22392","HISEQ13:138:C6FWNANXX:2:2111:4594:60797_1:89987337",7.2e-14
"22393","HISEQ13:138:C6FWNANXX:2:2112:5291:31903_1:91010368",7.2e-14
"22394","HISEQ13:138:C6FWNANXX:2:2313:17514:99298_1:141782394",7.2e-14
"22395","HISEQ13:138:C6FWNANXX:2:2216:9580:69127_1:122068812",7.2e-14
"22396","HISEQ13:138:C6FWNANXX:2:1211:12810:96292_1:41233939",7.2e-14
"22397","HISEQ13:138:C6FWNANXX:2:2205:7550:9978_1:104281637",7.3e-14
"22398","HISEQ13:138:C6FWNANXX:2:1105:7526:73788_1:6941201",7.3e-14
"22399","HISEQ13:138:C6FWNANXX:2:1110:14158:96197_1:14958415",7.3e-14
"22400","HISEQ13:138:C6FWNANXX:2:1111:9814:21040_1:15338029",7.3e-14
"22401","HISEQ13:138:C6FWNANXX:2:2204:13942:99873_1:104155341",7.3e-14
"22402","HISEQ13:138:C6FWNANXX:2:2216:18279:79011_1:122240333",7.3e-14
"22403","HISEQ13:138:C6FWNANXX:2:2316:12875:36704_1:145643669",7.3e-14
"22404","HISEQ13:138:C6FWNANXX:2:1204:2069:67279_1:30119479",7.3e-14
"22405","HISEQ13:138:C6FWNANXX:2:2115:13616:70786_1:96402699",7.3e-14
"22406","HISEQ13:138:C6FWNANXX:2:1101:13098:86998_1:1256516",7.3e-14
"22407","HISEQ13:138:C6FWNANXX:2:2101:11155:86761_1:75770661",7.3e-14
"22408","HISEQ13:138:C6FWNANXX:2:1307:8363:86727_1:59711072",7.3e-14
"22409","HISEQ13:138:C6FWNANXX:2:2112:10903:23317_1:90878405",7.3e-14
"22410","HISEQ13:138:C6FWNANXX:2:2303:9656:72111_1:126392705",7.3e-14
"22411","HISEQ13:138:C6FWNANXX:2:2314:5228:62881_1:142800748",7.3e-14
"22412","HISEQ13:138:C6FWNANXX:2:1303:6029:18326_1:52717423",7.3e-14
"22413","HISEQ13:138:C6FWNANXX:2:2312:15144:84201_1:139942960",7.3e-14
"22414","HISEQ13:138:C6FWNANXX:2:1213:14250:52247_1:43710133",7.3e-14
"22415","HISEQ13:138:C6FWNANXX:2:2112:12665:93159_1:91976133",7.3e-14
"22416","HISEQ13:138:C6FWNANXX:2:2311:10515:43397_1:137733670",7.3e-14
"22417","HISEQ13:138:C6FWNANXX:2:1303:17490:19931_1:52741429",7.3e-14
"22418","HISEQ13:138:C6FWNANXX:2:2213:6005:22281_1:116428075",7.3e-14
"22419","HISEQ13:138:C6FWNANXX:2:2307:5434:50342_1:131822067",7.3e-14
"22420","HISEQ13:138:C6FWNANXX:2:1106:14851:34581_1:7847517",7.3e-14
"22421","HISEQ13:138:C6FWNANXX:2:1115:18484:50683_1:22249234",7.3e-14
"22422","HISEQ13:138:C6FWNANXX:2:2302:16451:63572_1:124870847",7.4e-14
"22423","HISEQ13:138:C6FWNANXX:2:1306:17270:3125_1:56920270",7.4e-14
"22424","HISEQ13:138:C6FWNANXX:2:2115:19242:94753_1:96796635",7.4e-14
"22425","HISEQ13:138:C6FWNANXX:2:1210:4104:28423_1:38577486",7.4e-14
"22426","HISEQ13:138:C6FWNANXX:2:1311:15176:32650_1:65087286",7.4e-14
"22427","HISEQ13:138:C6FWNANXX:2:2114:17942:81042_1:94962190",7.4e-14
"22428","HISEQ13:138:C6FWNANXX:2:2211:4138:24174_1:113342681",7.4e-14
"22429","HISEQ13:138:C6FWNANXX:2:2202:4120:84765_1:101111771",7.4e-14
"22430","HISEQ13:138:C6FWNANXX:2:2212:8688:62303_1:115489868",7.4e-14
"22431","HISEQ13:138:C6FWNANXX:2:1101:19213:66147_1:951498",7.4e-14
"22432","HISEQ13:138:C6FWNANXX:2:1110:12625:22160_1:13792386",7.4e-14
"22433","HISEQ13:138:C6FWNANXX:2:2210:1698:86300_1:112777408",7.4e-14
"22434","HISEQ13:138:C6FWNANXX:2:1109:19542:89990_1:13301794",7.4e-14
"22435","HISEQ13:138:C6FWNANXX:2:1314:12562:46539_1:70220813",7.4e-14
"22436","HISEQ13:138:C6FWNANXX:2:1213:2874:88698_1:44311614",7.4e-14
"22437","HISEQ13:138:C6FWNANXX:2:2311:12718:93741_1:138527026",7.4e-14
"22438","HISEQ13:138:C6FWNANXX:2:1112:4465:57028_1:17409193",7.5e-14
"22439","HISEQ13:138:C6FWNANXX:2:1211:6776:91821_1:41159254",7.5e-14
"22440","HISEQ13:138:C6FWNANXX:2:1212:2559:57228_1:42166209",7.5e-14
"22441","HISEQ13:138:C6FWNANXX:2:2115:3437:12760_1:95456816",7.5e-14
"22442","HISEQ13:138:C6FWNANXX:2:2115:5813:55808_1:96156005",7.5e-14
"22443","HISEQ13:138:C6FWNANXX:2:2209:16300:39227_1:110555427",7.5e-14
"22444","HISEQ13:138:C6FWNANXX:2:2114:8474:67623_1:94741453",7.5e-14
"22445","HISEQ13:138:C6FWNANXX:2:1209:15870:74292_1:37749604",7.5e-14
"22446","HISEQ13:138:C6FWNANXX:2:2209:2651:93612_1:111381026",7.5e-14
"22447","HISEQ13:138:C6FWNANXX:2:1106:19558:28737_1:7757726",7.5e-14
"22448","HISEQ13:138:C6FWNANXX:2:1209:15439:62874_1:37569240",7.5e-14
"22449","HISEQ13:138:C6FWNANXX:2:1116:4366:24080_1:23483012",7.5e-14
"22450","HISEQ13:138:C6FWNANXX:2:2214:15644:17843_1:117950885",7.5e-14
"22451","HISEQ13:138:C6FWNANXX:2:2307:9424:40910_1:131681893",7.5e-14
"22452","HISEQ13:138:C6FWNANXX:2:2108:11321:18294_1:84813001",7.5e-14
"22453","HISEQ13:138:C6FWNANXX:2:1307:13609:30898_1:58854006",7.5e-14
"22454","HISEQ13:138:C6FWNANXX:2:2210:20937:20580_1:111778389",7.5e-14
"22455","HISEQ13:138:C6FWNANXX:2:2210:2070:17222_1:111721081",7.5e-14
"22456","HISEQ13:138:C6FWNANXX:2:1308:10149:76553_1:61089320",7.5e-14
"22457","HISEQ13:138:C6FWNANXX:2:2202:16675:40563_1:100483830",7.5e-14
"22458","HISEQ13:138:C6FWNANXX:2:1113:6378:53190_1:18967449",7.6e-14
"22459","HISEQ13:138:C6FWNANXX:2:1114:7907:18142_1:20033665",7.6e-14
"22460","HISEQ13:138:C6FWNANXX:2:1312:11831:35808_1:66750967",7.6e-14
"22461","HISEQ13:138:C6FWNANXX:2:1311:9907:26474_1:64986259",7.6e-14
"22462","HISEQ13:138:C6FWNANXX:2:1108:6416:99486_1:11889502",7.6e-14
"22463","HISEQ13:138:C6FWNANXX:2:1308:1311:65672_1:60914733",7.6e-14
"22464","HISEQ13:138:C6FWNANXX:2:1106:4655:23287_1:7674616",7.6e-14
"22465","HISEQ13:138:C6FWNANXX:2:1109:15910:50098_1:12671534",7.6e-14
"22466","HISEQ13:138:C6FWNANXX:2:1207:1745:32114_1:34047060",7.6e-14
"22467","HISEQ13:138:C6FWNANXX:2:1213:18267:2546_1:42896223",7.6e-14
"22468","HISEQ13:138:C6FWNANXX:2:2110:4670:20723_1:87843815",7.6e-14
"22469","HISEQ13:138:C6FWNANXX:2:2109:12492:93241_1:87443475",7.6e-14
"22470","HISEQ13:138:C6FWNANXX:2:1202:6581:69727_1:27250928",7.6e-14
"22471","HISEQ13:138:C6FWNANXX:2:1215:7102:9056_1:46297538",7.6e-14
"22472","HISEQ13:138:C6FWNANXX:2:2305:7916:29612_1:128617052",7.6e-14
"22473","HISEQ13:138:C6FWNANXX:2:2310:12534:95523_1:137008046",7.6e-14
"22474","HISEQ13:138:C6FWNANXX:2:2108:5282:23110_1:84882706",7.6e-14
"22475","HISEQ13:138:C6FWNANXX:2:1106:18353:34070_1:7840544",7.6e-14
"22476","HISEQ13:138:C6FWNANXX:2:1316:21059:88148_1:74344377",7.6e-14
"22477","HISEQ13:138:C6FWNANXX:2:2101:15675:16380_1:74767665",7.6e-14
"22478","HISEQ13:138:C6FWNANXX:2:1116:18995:2109_1:23107475",7.6e-14
"22479","HISEQ13:138:C6FWNANXX:2:1206:9064:83198_1:33322717",7.6e-14
"22480","HISEQ13:138:C6FWNANXX:2:1209:10323:37864_1:37177192",7.6e-14
"22481","HISEQ13:138:C6FWNANXX:2:1210:20492:58123_1:39046903",7.6e-14
"22482","HISEQ13:138:C6FWNANXX:2:1316:11322:85108_1:74289997",7.6e-14
"22483","HISEQ13:138:C6FWNANXX:2:2101:19861:21477_1:74839505",7.6e-14
"22484","HISEQ13:138:C6FWNANXX:2:2113:17671:14868_1:92304493",7.6e-14
"22485","HISEQ13:138:C6FWNANXX:2:2115:18043:94384_1:96788143",7.6e-14
"22486","HISEQ13:138:C6FWNANXX:2:2209:14825:15457_1:110195486",7.6e-14
"22487","HISEQ13:138:C6FWNANXX:2:2210:15056:35206_1:111998463",7.6e-14
"22488","HISEQ13:138:C6FWNANXX:2:2214:10427:79763_1:118963402",7.6e-14
"22489","HISEQ13:138:C6FWNANXX:2:2302:16451:63572_1:124870846",7.6e-14
"22490","HISEQ13:138:C6FWNANXX:2:2302:17953:15059_1:124188323",7.6e-14
"22491","HISEQ13:138:C6FWNANXX:2:2313:10634:46940_1:140930201",7.6e-14
"22492","HISEQ13:138:C6FWNANXX:2:1207:14091:23487_1:33916976",7.6e-14
"22493","HISEQ13:138:C6FWNANXX:2:1205:6402:40091_1:31186922",7.6e-14
"22494","HISEQ13:138:C6FWNANXX:2:2108:14111:73316_1:85642724",7.6e-14
"22495","HISEQ13:138:C6FWNANXX:2:2103:12771:93105_1:78671921",7.7e-14
"22496","HISEQ13:138:C6FWNANXX:2:2308:14831:96436_1:133997283",7.7e-14
"22497","HISEQ13:138:C6FWNANXX:2:2314:14525:16454_1:142037954",7.7e-14
"22498","HISEQ13:138:C6FWNANXX:2:1213:19471:31884_1:43375853",7.7e-14
"22499","HISEQ13:138:C6FWNANXX:2:2307:11624:68888_1:132098080",7.7e-14
"22500","HISEQ13:138:C6FWNANXX:2:2107:2224:58891_1:83938647",7.7e-14
"22501","HISEQ13:138:C6FWNANXX:2:1310:9498:77412_1:64224266",7.7e-14
"22502","HISEQ13:138:C6FWNANXX:2:2207:16378:93923_1:108406551",7.7e-14
"22503","HISEQ13:138:C6FWNANXX:2:2210:16314:46718_1:112173481",7.7e-14
"22504","HISEQ13:138:C6FWNANXX:2:2103:8941:10476_1:77494828",7.7e-14
"22505","HISEQ13:138:C6FWNANXX:2:2112:18097:44679_1:91211614",7.7e-14
"22506","HISEQ13:138:C6FWNANXX:2:2309:14111:40316_1:134646729",7.7e-14
"22507","HISEQ13:138:C6FWNANXX:2:2208:19167:52978_1:109270553",7.7e-14
"22508","HISEQ13:138:C6FWNANXX:2:2212:12293:82045_1:115805565",7.7e-14
"22509","HISEQ13:138:C6FWNANXX:2:1112:3342:97816_1:18075984",7.8e-14
"22510","HISEQ13:138:C6FWNANXX:2:2101:13690:93486_1:75863298",7.8e-14
"22511","HISEQ13:138:C6FWNANXX:2:2110:11347:96855_1:89007622",7.8e-14
"22512","HISEQ13:138:C6FWNANXX:2:2202:6230:82965_1:101083441",7.8e-14
"22513","HISEQ13:138:C6FWNANXX:2:2215:8043:79041_1:120576947",7.8e-14
"22514","HISEQ13:138:C6FWNANXX:2:2308:12129:92140_1:133931767",7.8e-14
"22515","HISEQ13:138:C6FWNANXX:2:1115:3941:18640_1:21705242",7.8e-14
"22516","HISEQ13:138:C6FWNANXX:2:2312:1759:51047_1:139414858",7.8e-14
"22517","HISEQ13:138:C6FWNANXX:2:1312:6314:20522_1:66500748",7.8e-14
"22518","HISEQ13:138:C6FWNANXX:2:2207:14663:33619_1:107514486",7.8e-14
"22519","HISEQ13:138:C6FWNANXX:2:1101:5063:48072_1:681963",7.8e-14
"22520","HISEQ13:138:C6FWNANXX:2:1203:21258:8225_1:27802348",7.8e-14
"22521","HISEQ13:138:C6FWNANXX:2:2308:5265:25237_1:132919569",7.8e-14
"22522","HISEQ13:138:C6FWNANXX:2:2316:12946:65162_1:146124048",7.8e-14
"22523","HISEQ13:138:C6FWNANXX:2:1308:14784:40909_1:60531830",7.8e-14
"22524","HISEQ13:138:C6FWNANXX:2:1113:21147:77958_1:19381637",7.8e-14
"22525","HISEQ13:138:C6FWNANXX:2:2109:5978:64961_1:87013060",7.8e-14
"22526","HISEQ13:138:C6FWNANXX:2:2204:8234:83547_1:103920593",7.9e-14
"22527","HISEQ13:138:C6FWNANXX:2:2204:4809:13750_1:102914263",7.9e-14
"22528","HISEQ13:138:C6FWNANXX:2:1212:8352:32904_1:41773064",7.9e-14
"22529","HISEQ13:138:C6FWNANXX:2:1109:6920:89476_1:13291488",7.9e-14
"22530","HISEQ13:138:C6FWNANXX:2:1209:11222:71804_1:37709159",7.9e-14
"22531","HISEQ13:138:C6FWNANXX:2:2305:13477:48082_1:128887505",7.9e-14
"22532","HISEQ13:138:C6FWNANXX:2:2307:17062:37519_1:131634950",7.9e-14
"22533","HISEQ13:138:C6FWNANXX:2:2212:10092:58342_1:115427576",7.9e-14
"22534","HISEQ13:138:C6FWNANXX:2:1105:13075:88843_1:7168354",7.9e-14
"22535","HISEQ13:138:C6FWNANXX:2:1213:3702:8559_1:42991759",7.9e-14
"22536","HISEQ13:138:C6FWNANXX:2:1313:20389:88984_1:69266189",7.9e-14
"22537","HISEQ13:138:C6FWNANXX:2:1315:15581:83342_1:72535622",7.9e-14
"22538","HISEQ13:138:C6FWNANXX:2:2107:10846:19533_1:83358246",7.9e-14
"22539","HISEQ13:138:C6FWNANXX:2:2110:13191:31081_1:88005519",7.9e-14
"22540","HISEQ13:138:C6FWNANXX:2:2114:5458:48720_1:94430359",7.9e-14
"22541","HISEQ13:138:C6FWNANXX:2:2314:2549:86979_1:143194242",7.9e-14
"22542","HISEQ13:138:C6FWNANXX:2:1210:6257:61029_1:39090621",7.9e-14
"22543","HISEQ13:138:C6FWNANXX:2:1106:5901:63669_1:8288994",7.9e-14
"22544","HISEQ13:138:C6FWNANXX:2:2109:2626:72663_1:87129925",7.9e-14
"22545","HISEQ13:138:C6FWNANXX:2:2215:7829:6073_1:119373086",7.9e-14
"22546","HISEQ13:138:C6FWNANXX:2:1107:15988:17455_1:9095071",7.9e-14
"22547","HISEQ13:138:C6FWNANXX:2:1106:18353:34070_1:7840545",7.9e-14
"22548","HISEQ13:138:C6FWNANXX:2:2112:12812:84124_1:91834597",7.9e-14
"22549","HISEQ13:138:C6FWNANXX:2:2209:16124:9966_1:110112374",7.9e-14
"22550","HISEQ13:138:C6FWNANXX:2:2308:10035:80856_1:133761131",7.9e-14
"22551","HISEQ13:138:C6FWNANXX:2:2313:9966:90610_1:141639203",7.9e-14
"22552","HISEQ13:138:C6FWNANXX:2:2114:13881:83860_1:95005932",7.9e-14
"22553","HISEQ13:138:C6FWNANXX:2:1110:11531:25918_1:13851246",8e-14
"22554","HISEQ13:138:C6FWNANXX:2:1204:1407:33257_1:29614378",8e-14
"22555","HISEQ13:138:C6FWNANXX:2:2116:7522:40840_1:97537870",8e-14
"22556","HISEQ13:138:C6FWNANXX:2:2308:19973:75110_1:133676551",8e-14
"22557","HISEQ13:138:C6FWNANXX:2:1104:17695:31305_1:4826419",8e-14
"22558","HISEQ13:138:C6FWNANXX:2:2115:10420:40599_1:95909660",8e-14
"22559","HISEQ13:138:C6FWNANXX:2:2315:20996:58009_1:144354943",8e-14
"22560","HISEQ13:138:C6FWNANXX:2:2302:13460:32404_1:124430613",8e-14
"22561","HISEQ13:138:C6FWNANXX:2:2111:4862:49982_1:89810930",8e-14
"22562","HISEQ13:138:C6FWNANXX:2:2211:11483:95958_1:114468134",8e-14
"22563","HISEQ13:138:C6FWNANXX:2:2215:2249:35003_1:119849808",8e-14
"22564","HISEQ13:138:C6FWNANXX:2:2304:19653:73318_1:127825701",8e-14
"22565","HISEQ13:138:C6FWNANXX:2:1210:20403:71905_1:39260830",8e-14
"22566","HISEQ13:138:C6FWNANXX:2:2101:12281:71324_1:75550813",8e-14
"22567","HISEQ13:138:C6FWNANXX:2:2109:6744:21617_1:86355373",8e-14
"22568","HISEQ13:138:C6FWNANXX:2:1201:18269:2513_1:24814856",8e-14
"22569","HISEQ13:138:C6FWNANXX:2:1211:8650:55092_1:40567283",8e-14
"22570","HISEQ13:138:C6FWNANXX:2:1211:13935:23952_1:40065151",8.1e-14
"22571","HISEQ13:138:C6FWNANXX:2:1215:9630:27806_1:46616218",8.1e-14
"22572","HISEQ13:138:C6FWNANXX:2:2106:9774:53201_1:82392937",8.1e-14
"22573","HISEQ13:138:C6FWNANXX:2:2105:14783:93606_1:81536113",8.1e-14
"22574","HISEQ13:138:C6FWNANXX:2:2313:17201:71301_1:141328848",8.1e-14
"22575","HISEQ13:138:C6FWNANXX:2:1214:20816:64109_1:45560989",8.1e-14
"22576","HISEQ13:138:C6FWNANXX:2:2113:4427:56596_1:92966925",8.1e-14
"22577","HISEQ13:138:C6FWNANXX:2:2116:12027:22516_1:97235579",8.1e-14
"22578","HISEQ13:138:C6FWNANXX:2:2316:5425:73794_1:146270056",8.1e-14
"22579","HISEQ13:138:C6FWNANXX:2:2215:18429:56845_1:120211043",8.1e-14
"22580","HISEQ13:138:C6FWNANXX:2:2102:12233:7076_1:76042623",8.1e-14
"22581","HISEQ13:138:C6FWNANXX:2:1102:19954:55655_1:2254275",8.1e-14
"22582","HISEQ13:138:C6FWNANXX:2:1112:16251:24967_1:16889274",8.1e-14
"22583","HISEQ13:138:C6FWNANXX:2:1114:14504:42907_1:20449047",8.1e-14
"22584","HISEQ13:138:C6FWNANXX:2:2110:10284:80346_1:88756243",8.1e-14
"22585","HISEQ13:138:C6FWNANXX:2:2202:17630:40086_1:100476914",8.1e-14
"22586","HISEQ13:138:C6FWNANXX:2:2209:2174:39308_1:110556475",8.1e-14
"22587","HISEQ13:138:C6FWNANXX:2:2307:12353:53004_1:131864045",8.1e-14
"22588","HISEQ13:138:C6FWNANXX:2:1110:6428:72989_1:14592812",8.1e-14
"22589","HISEQ13:138:C6FWNANXX:2:2212:15542:84864_1:115850246",8.1e-14
"22590","HISEQ13:138:C6FWNANXX:2:1209:11587:38855_1:37193120",8.2e-14
"22591","HISEQ13:138:C6FWNANXX:2:1315:4042:23661_1:71507038",8.2e-14
"22592","HISEQ13:138:C6FWNANXX:2:2106:15459:68753_1:82626294",8.2e-14
"22593","HISEQ13:138:C6FWNANXX:2:1304:19576:68568_1:54934963",8.2e-14
"22594","HISEQ13:138:C6FWNANXX:2:2112:17454:71213_1:91628160",8.2e-14
"22595","HISEQ13:138:C6FWNANXX:2:1314:12642:34345_1:70012171",8.2e-14
"22596","HISEQ13:138:C6FWNANXX:2:2116:17690:32970_1:97407679",8.2e-14
"22597","HISEQ13:138:C6FWNANXX:2:2307:16848:67037_1:132073094",8.2e-14
"22598","HISEQ13:138:C6FWNANXX:2:2214:19647:28970_1:118131144",8.2e-14
"22599","HISEQ13:138:C6FWNANXX:2:2314:18407:78742_1:143062969",8.2e-14
"22600","HISEQ13:138:C6FWNANXX:2:1111:5696:74824_1:16220012",8.2e-14
"22601","HISEQ13:138:C6FWNANXX:2:1208:18828:33029_1:35573822",8.2e-14
"22602","HISEQ13:138:C6FWNANXX:2:1215:17993:93368_1:47728874",8.2e-14
"22603","HISEQ13:138:C6FWNANXX:2:1114:15496:8682_1:19875844",8.2e-14
"22604","HISEQ13:138:C6FWNANXX:2:1314:15930:52835_1:70327468",8.2e-14
"22605","HISEQ13:138:C6FWNANXX:2:2308:11097:28835_1:132976276",8.2e-14
"22606","HISEQ13:138:C6FWNANXX:2:2311:14431:81976_1:138341660",8.2e-14
"22607","HISEQ13:138:C6FWNANXX:2:1207:13282:62224_1:34503518",8.3e-14
"22608","HISEQ13:138:C6FWNANXX:2:1314:1618:50376_1:70281977",8.3e-14
"22609","HISEQ13:138:C6FWNANXX:2:2215:14862:77602_1:120553778",8.3e-14
"22610","HISEQ13:138:C6FWNANXX:2:2113:10356:49281_1:92851572",8.3e-14
"22611","HISEQ13:138:C6FWNANXX:2:1210:17527:77939_1:39354161",8.3e-14
"22612","HISEQ13:138:C6FWNANXX:2:1304:14231:23543_1:54261294",8.3e-14
"22613","HISEQ13:138:C6FWNANXX:2:2304:10703:23769_1:127114994",8.3e-14
"22614","HISEQ13:138:C6FWNANXX:2:2106:13129:86240_1:82877899",8.3e-14
"22615","HISEQ13:138:C6FWNANXX:2:1106:17830:70711_1:8398434",8.3e-14
"22616","HISEQ13:138:C6FWNANXX:2:1201:11836:64033_1:25719098",8.3e-14
"22617","HISEQ13:138:C6FWNANXX:2:1314:9424:38014_1:70075491",8.3e-14
"22618","HISEQ13:138:C6FWNANXX:2:2314:10626:36100_1:142360115",8.3e-14
"22619","HISEQ13:138:C6FWNANXX:2:1202:1598:76101_1:27345409",8.3e-14
"22620","HISEQ13:138:C6FWNANXX:2:1312:11339:69087_1:67294886",8.3e-14
"22621","HISEQ13:138:C6FWNANXX:2:2210:7172:4597_1:111531499",8.3e-14
"22622","HISEQ13:138:C6FWNANXX:2:1113:8822:72098_1:19283114",8.3e-14
"22623","HISEQ13:138:C6FWNANXX:2:1102:9327:41490_1:2042279",8.3e-14
"22624","HISEQ13:138:C6FWNANXX:2:1104:12518:9032_1:4494503",8.3e-14
"22625","HISEQ13:138:C6FWNANXX:2:2310:11700:35772_1:136092284",8.3e-14
"22626","HISEQ13:138:C6FWNANXX:2:1216:7084:78402_1:49178050",8.3e-14
"22627","HISEQ13:138:C6FWNANXX:2:2315:12301:82296_1:144750467",8.3e-14
"22628","HISEQ13:138:C6FWNANXX:2:1112:2707:15211_1:16783850",8.3e-14
"22629","HISEQ13:138:C6FWNANXX:2:1205:18481:8707_1:30719366",8.3e-14
"22630","HISEQ13:138:C6FWNANXX:2:1213:19776:20122_1:43183272",8.3e-14
"22631","HISEQ13:138:C6FWNANXX:2:1305:14512:78827_1:56571114",8.3e-14
"22632","HISEQ13:138:C6FWNANXX:2:2312:15939:74918_1:139795157",8.4e-14
"22633","HISEQ13:138:C6FWNANXX:2:1112:9837:57325_1:17414451",8.4e-14
"22634","HISEQ13:138:C6FWNANXX:2:1207:14926:73773_1:34684404",8.4e-14
"22635","HISEQ13:138:C6FWNANXX:2:1208:6051:52450_1:35867935",8.4e-14
"22636","HISEQ13:138:C6FWNANXX:2:2305:19524:99945_1:129641227",8.4e-14
"22637","HISEQ13:138:C6FWNANXX:2:2316:15776:59903_1:146036249",8.4e-14
"22638","HISEQ13:138:C6FWNANXX:2:1101:3789:10591_1:126619",8.4e-14
"22639","HISEQ13:138:C6FWNANXX:2:1107:14002:34427_1:9353627",8.4e-14
"22640","HISEQ13:138:C6FWNANXX:2:1316:18370:50388_1:73683333",8.4e-14
"22641","HISEQ13:138:C6FWNANXX:2:2102:15645:51253_1:76670572",8.4e-14
"22642","HISEQ13:138:C6FWNANXX:2:2116:16453:70555_1:98027561",8.4e-14
"22643","HISEQ13:138:C6FWNANXX:2:2206:21200:94609_1:106958705",8.4e-14
"22644","HISEQ13:138:C6FWNANXX:2:2208:17954:30498_1:108933469",8.4e-14
"22645","HISEQ13:138:C6FWNANXX:2:1316:14225:89643_1:74369123",8.4e-14
"22646","HISEQ13:138:C6FWNANXX:2:2109:18254:79850_1:87243003",8.4e-14
"22647","HISEQ13:138:C6FWNANXX:2:2212:5707:68023_1:115580226",8.4e-14
"22648","HISEQ13:138:C6FWNANXX:2:1305:14668:29121_1:55822264",8.4e-14
"22649","HISEQ13:138:C6FWNANXX:2:1106:4280:9617_1:7465283",8.4e-14
"22650","HISEQ13:138:C6FWNANXX:2:2102:19087:8191_1:76057881",8.4e-14
"22651","HISEQ13:138:C6FWNANXX:2:1201:14639:49615_1:25506014",8.4e-14
"22652","HISEQ13:138:C6FWNANXX:2:1205:11906:82070_1:31818233",8.4e-14
"22653","HISEQ13:138:C6FWNANXX:2:1207:12257:99858_1:35079513",8.4e-14
"22654","HISEQ13:138:C6FWNANXX:2:1208:8617:35011_1:35602562",8.4e-14
"22655","HISEQ13:138:C6FWNANXX:2:1306:10501:88668_1:58223997",8.4e-14
"22656","HISEQ13:138:C6FWNANXX:2:1307:15978:4301_1:58447409",8.4e-14
"22657","HISEQ13:138:C6FWNANXX:2:1315:13310:26004_1:71551466",8.4e-14
"22658","HISEQ13:138:C6FWNANXX:2:1310:20770:32840_1:63520421",8.4e-14
"22659","HISEQ13:138:C6FWNANXX:2:2206:19478:77362_1:106707165",8.4e-14
"22660","HISEQ13:138:C6FWNANXX:2:2101:18693:20539_1:74828299",8.5e-14
"22661","HISEQ13:138:C6FWNANXX:2:2108:4995:49683_1:85281826",8.5e-14
"22662","HISEQ13:138:C6FWNANXX:2:1312:19367:11392_1:66352003",8.5e-14
"22663","HISEQ13:138:C6FWNANXX:2:2102:6431:87683_1:77186931",8.5e-14
"22664","HISEQ13:138:C6FWNANXX:2:2213:19521:100753_1:117689671",8.5e-14
"22665","HISEQ13:138:C6FWNANXX:2:2214:15695:35650_1:118239969",8.5e-14
"22666","HISEQ13:138:C6FWNANXX:2:2314:14500:16469_1:142037961",8.5e-14
"22667","HISEQ13:138:C6FWNANXX:2:1208:1384:88974_1:36432498",8.5e-14
"22668","HISEQ13:138:C6FWNANXX:2:2208:18023:22570_1:108817950",8.5e-14
"22669","HISEQ13:138:C6FWNANXX:2:1306:17411:87592_1:58210121",8.5e-14
"22670","HISEQ13:138:C6FWNANXX:2:1109:2294:67683_1:12946836",8.5e-14
"22671","HISEQ13:138:C6FWNANXX:2:2304:6819:61228_1:127648365",8.5e-14
"22672","HISEQ13:138:C6FWNANXX:2:2306:3274:15003_1:129843776",8.5e-14
"22673","HISEQ13:138:C6FWNANXX:2:1207:4578:75635_1:34709085",8.5e-14
"22674","HISEQ13:138:C6FWNANXX:2:1306:19931:23010_1:57225971",8.5e-14
"22675","HISEQ13:138:C6FWNANXX:2:1312:5914:51772_1:67010391",8.5e-14
"22676","HISEQ13:138:C6FWNANXX:2:2311:19788:9295_1:137203949",8.5e-14
"22677","HISEQ13:138:C6FWNANXX:2:1314:17028:45720_1:70204700",8.5e-14
"22678","HISEQ13:138:C6FWNANXX:2:2116:16154:84784_1:98262892",8.5e-14
"22679","HISEQ13:138:C6FWNANXX:2:1116:8172:67140_1:24221072",8.5e-14
"22680","HISEQ13:138:C6FWNANXX:2:2106:17561:48102_1:82320542",8.5e-14
"22681","HISEQ13:138:C6FWNANXX:2:2214:21040:47230_1:118428430",8.5e-14
"22682","HISEQ13:138:C6FWNANXX:2:2116:18796:99405_1:98502165",8.5e-14
"22683","HISEQ13:138:C6FWNANXX:2:2304:2282:8408_1:126890045",8.5e-14
"22684","HISEQ13:138:C6FWNANXX:2:1115:4834:33734_1:21959174",8.5e-14
"22685","HISEQ13:138:C6FWNANXX:2:1201:2669:7771_1:24889369",8.5e-14
"22686","HISEQ13:138:C6FWNANXX:2:2105:15414:30766_1:80625884",8.5e-14
"22687","HISEQ13:138:C6FWNANXX:2:2206:17458:34240_1:106070029",8.5e-14
"22688","HISEQ13:138:C6FWNANXX:2:2311:14226:36936_1:137633181",8.5e-14
"22689","HISEQ13:138:C6FWNANXX:2:1313:6992:40755_1:68460831",8.6e-14
"22690","HISEQ13:138:C6FWNANXX:2:2115:14148:46533_1:96007136",8.6e-14
"22691","HISEQ13:138:C6FWNANXX:2:2214:20312:47579_1:118436400",8.6e-14
"22692","HISEQ13:138:C6FWNANXX:2:1212:6268:15889_1:41502829",8.6e-14
"22693","HISEQ13:138:C6FWNANXX:2:1109:14516:55970_1:12762590",8.6e-14
"22694","HISEQ13:138:C6FWNANXX:2:1307:17587:46942_1:59100032",8.6e-14
"22695","HISEQ13:138:C6FWNANXX:2:1103:8531:84795_1:4151024",8.6e-14
"22696","HISEQ13:138:C6FWNANXX:2:2212:18846:31234_1:114998543",8.6e-14
"22697","HISEQ13:138:C6FWNANXX:2:1208:7747:97086_1:36561975",8.6e-14
"22698","HISEQ13:138:C6FWNANXX:2:2106:10701:45081_1:82274406",8.6e-14
"22699","HISEQ13:138:C6FWNANXX:2:2211:8671:63454_1:113958277",8.6e-14
"22700","HISEQ13:138:C6FWNANXX:2:1202:1775:95362_1:27627684",8.6e-14
"22701","HISEQ13:138:C6FWNANXX:2:2209:12195:85379_1:111257902",8.7e-14
"22702","HISEQ13:138:C6FWNANXX:2:2312:17784:20642_1:138936423",8.7e-14
"22703","HISEQ13:138:C6FWNANXX:2:2108:15037:54124_1:85351531",8.7e-14
"22704","HISEQ13:138:C6FWNANXX:2:2314:9053:39350_1:142413168",8.7e-14
"22705","HISEQ13:138:C6FWNANXX:2:1204:3477:16559_1:29366199",8.7e-14
"22706","HISEQ13:138:C6FWNANXX:2:1116:5703:18194_1:23380222",8.7e-14
"22707","HISEQ13:138:C6FWNANXX:2:1215:12218:22943_1:46531019",8.7e-14
"22708","HISEQ13:138:C6FWNANXX:2:1303:16721:93540_1:53832551",8.7e-14
"22709","HISEQ13:138:C6FWNANXX:2:1307:17614:40088_1:58996663",8.7e-14
"22710","HISEQ13:138:C6FWNANXX:2:2212:10725:74396_1:115681353",8.7e-14
"22711","HISEQ13:138:C6FWNANXX:2:2304:10074:27280_1:127164372",8.7e-14
"22712","HISEQ13:138:C6FWNANXX:2:1201:15713:48473_1:25487413",8.7e-14
"22713","HISEQ13:138:C6FWNANXX:2:2115:19156:81030_1:96570076",8.7e-14
"22714","HISEQ13:138:C6FWNANXX:2:1107:10983:77931_1:10020142",8.7e-14
"22715","HISEQ13:138:C6FWNANXX:2:2108:17876:82047_1:85775922",8.8e-14
"22716","HISEQ13:138:C6FWNANXX:2:1201:16169:75030_1:25881908",8.8e-14
"22717","HISEQ13:138:C6FWNANXX:2:2212:12936:52529_1:115336837",8.8e-14
"22718","HISEQ13:138:C6FWNANXX:2:2316:19419:47964_1:145834566",8.8e-14
"22719","HISEQ13:138:C6FWNANXX:2:2305:8695:12617_1:128371807",8.8e-14
"22720","HISEQ13:138:C6FWNANXX:2:1309:7411:51677_1:62250509",8.8e-14
"22721","HISEQ13:138:C6FWNANXX:2:2215:10472:28558_1:119744350",8.8e-14
"22722","HISEQ13:138:C6FWNANXX:2:1304:20914:79656_1:55098656",8.8e-14
"22723","HISEQ13:138:C6FWNANXX:2:1205:18959:51114_1:31355064",8.8e-14
"22724","HISEQ13:138:C6FWNANXX:2:2105:14614:80471_1:81342845",8.8e-14
"22725","HISEQ13:138:C6FWNANXX:2:2311:17222:41565_1:137707713",8.8e-14
"22726","HISEQ13:138:C6FWNANXX:2:2314:10300:14529_1:142009038",8.8e-14
"22727","HISEQ13:138:C6FWNANXX:2:2216:18364:19169_1:121225427",8.8e-14
"22728","HISEQ13:138:C6FWNANXX:2:2209:8818:95861_1:111415938",8.8e-14
"22729","HISEQ13:138:C6FWNANXX:2:1113:17625:71119_1:19268086",8.9e-14
"22730","HISEQ13:138:C6FWNANXX:2:1315:16630:75562_1:72401646",8.9e-14
"22731","HISEQ13:138:C6FWNANXX:2:1309:3539:35887_1:62001362",8.9e-14
"22732","HISEQ13:138:C6FWNANXX:2:1107:8332:78719_1:10031429",8.9e-14
"22733","HISEQ13:138:C6FWNANXX:2:1110:15512:69325_1:14539516",8.9e-14
"22734","HISEQ13:138:C6FWNANXX:2:1208:11344:87141_1:36407238",8.9e-14
"22735","HISEQ13:138:C6FWNANXX:2:1101:13936:58678_1:839223",8.9e-14
"22736","HISEQ13:138:C6FWNANXX:2:1102:11142:97520_1:2874060",8.9e-14
"22737","HISEQ13:138:C6FWNANXX:2:2107:14896:22985_1:83407169",8.9e-14
"22738","HISEQ13:138:C6FWNANXX:2:2107:17939:34112_1:83574019",8.9e-14
"22739","HISEQ13:138:C6FWNANXX:2:2116:8260:58357_1:97825523",8.9e-14
"22740","HISEQ13:138:C6FWNANXX:2:2209:6216:73993_1:111081369",8.9e-14
"22741","HISEQ13:138:C6FWNANXX:2:2211:2533:47644_1:113710743",8.9e-14
"22742","HISEQ13:138:C6FWNANXX:2:2314:5276:12836_1:141979038",8.9e-14
"22743","HISEQ13:138:C6FWNANXX:2:1214:12540:70078_1:45660510",8.9e-14
"22744","HISEQ13:138:C6FWNANXX:2:1215:9567:50688_1:47000695",9e-14
"22745","HISEQ13:138:C6FWNANXX:2:1311:3268:36573_1:65149719",9e-14
"22746","HISEQ13:138:C6FWNANXX:2:2114:7103:69308_1:94769561",9e-14
"22747","HISEQ13:138:C6FWNANXX:2:1101:9159:67705_1:971787",9e-14
"22748","HISEQ13:138:C6FWNANXX:2:1209:14582:80146_1:37838427",9e-14
"22749","HISEQ13:138:C6FWNANXX:2:1216:12829:63468_1:48917965",9e-14
"22750","HISEQ13:138:C6FWNANXX:2:1308:19012:5821_1:59991030",9e-14
"22751","HISEQ13:138:C6FWNANXX:2:2107:9729:48599_1:83787735",9e-14
"22752","HISEQ13:138:C6FWNANXX:2:2116:8617:4863_1:96941159",9e-14
"22753","HISEQ13:138:C6FWNANXX:2:1306:11848:59357_1:57777888",9e-14
"22754","HISEQ13:138:C6FWNANXX:2:1314:8264:23853_1:69833323",9e-14
"22755","HISEQ13:138:C6FWNANXX:2:2116:7972:2967_1:96907558",9e-14
"22756","HISEQ13:138:C6FWNANXX:2:1112:18179:81133_1:17804708",9e-14
"22757","HISEQ13:138:C6FWNANXX:2:1102:3429:52641_1:2206779",9e-14
"22758","HISEQ13:138:C6FWNANXX:2:1211:2851:59033_1:40630557",9e-14
"22759","HISEQ13:138:C6FWNANXX:2:1303:5660:62965_1:53376096",9e-14
"22760","HISEQ13:138:C6FWNANXX:2:2107:14732:69918_1:84105195",9e-14
"22761","HISEQ13:138:C6FWNANXX:2:1216:6626:36386_1:48449109",9.1e-14
"22762","HISEQ13:138:C6FWNANXX:2:2201:4663:68129_1:99467710",9.1e-14
"22763","HISEQ13:138:C6FWNANXX:2:1312:16003:27189_1:66609454",9.1e-14
"22764","HISEQ13:138:C6FWNANXX:2:2314:20588:91816_1:143280375",9.1e-14
"22765","HISEQ13:138:C6FWNANXX:2:2308:11573:52140_1:133327616",9.1e-14
"22766","HISEQ13:138:C6FWNANXX:2:1116:19706:16400_1:23353523",9.1e-14
"22767","HISEQ13:138:C6FWNANXX:2:1215:16799:83098_1:47552653",9.1e-14
"22768","HISEQ13:138:C6FWNANXX:2:2302:17671:71694_1:124984538",9.2e-14
"22769","HISEQ13:138:C6FWNANXX:2:2116:2922:81894_1:98210397",9.2e-14
"22770","HISEQ13:138:C6FWNANXX:2:1106:3717:16017_1:7564164",9.2e-14
"22771","HISEQ13:138:C6FWNANXX:2:2111:12361:23510_1:89402817",9.2e-14
"22772","HISEQ13:138:C6FWNANXX:2:2306:20851:29415_1:130056247",9.2e-14
"22773","HISEQ13:138:C6FWNANXX:2:2314:11093:43955_1:142487651",9.2e-14
"22774","HISEQ13:138:C6FWNANXX:2:2301:3868:6852_1:122673390",9.2e-14
"22775","HISEQ13:138:C6FWNANXX:2:1212:19442:9318_1:41417049",9.2e-14
"22776","HISEQ13:138:C6FWNANXX:2:2101:9976:6208_1:74620015",9.2e-14
"22777","HISEQ13:138:C6FWNANXX:2:2303:16628:75972_1:126447332",9.2e-14
"22778","HISEQ13:138:C6FWNANXX:2:1209:14603:11231_1:36763475",9.2e-14
"22779","HISEQ13:138:C6FWNANXX:2:1309:9422:57145_1:62337652",9.2e-14
"22780","HISEQ13:138:C6FWNANXX:2:2102:9389:14992_1:76151793",9.2e-14
"22781","HISEQ13:138:C6FWNANXX:2:1102:17648:41230_1:2040088",9.2e-14
"22782","HISEQ13:138:C6FWNANXX:2:2215:10742:93885_1:120822403",9.2e-14
"22783","HISEQ13:138:C6FWNANXX:2:1115:9297:42224_1:22104064",9.2e-14
"22784","HISEQ13:138:C6FWNANXX:2:1208:13544:99152_1:36594279",9.2e-14
"22785","HISEQ13:138:C6FWNANXX:2:1210:17231:12279_1:38327228",9.2e-14
"22786","HISEQ13:138:C6FWNANXX:2:2103:14865:48254_1:78037432",9.2e-14
"22787","HISEQ13:138:C6FWNANXX:2:2110:1375:48728_1:88271908",9.2e-14
"22788","HISEQ13:138:C6FWNANXX:2:2110:17642:4599_1:87601441",9.2e-14
"22789","HISEQ13:138:C6FWNANXX:2:2111:6918:11876_1:89219384",9.2e-14
"22790","HISEQ13:138:C6FWNANXX:2:2115:5846:21284_1:95595851",9.2e-14
"22791","HISEQ13:138:C6FWNANXX:2:2201:2564:47657_1:99174316",9.2e-14
"22792","HISEQ13:138:C6FWNANXX:2:2308:10779:6396_1:132637749",9.2e-14
"22793","HISEQ13:138:C6FWNANXX:2:2315:18493:29420_1:143879395",9.2e-14
"22794","HISEQ13:138:C6FWNANXX:2:1206:17121:26201_1:32461446",9.2e-14
"22795","HISEQ13:138:C6FWNANXX:2:1315:6098:26652_1:71558452",9.2e-14
"22796","HISEQ13:138:C6FWNANXX:2:2108:13472:72182_1:85623671",9.2e-14
"22797","HISEQ13:138:C6FWNANXX:2:1310:11467:80381_1:64272110",9.2e-14
"22798","HISEQ13:138:C6FWNANXX:2:1205:10258:30978_1:31049964",9.3e-14
"22799","HISEQ13:138:C6FWNANXX:2:2213:7993:18054_1:116361344",9.3e-14
"22800","HISEQ13:138:C6FWNANXX:2:1108:11759:14140_1:10561753",9.3e-14
"22801","HISEQ13:138:C6FWNANXX:2:1104:13810:63818_1:5309654",9.3e-14
"22802","HISEQ13:138:C6FWNANXX:2:1105:3128:36289_1:6378057",9.3e-14
"22803","HISEQ13:138:C6FWNANXX:2:1114:16881:71456_1:20929321",9.3e-14
"22804","HISEQ13:138:C6FWNANXX:2:2112:19479:85275_1:91855592",9.3e-14
"22805","HISEQ13:138:C6FWNANXX:2:2116:4461:35685_1:97450203",9.3e-14
"22806","HISEQ13:138:C6FWNANXX:2:2201:11669:6278_1:98588085",9.3e-14
"22807","HISEQ13:138:C6FWNANXX:2:2305:17712:83598_1:129404365",9.3e-14
"22808","HISEQ13:138:C6FWNANXX:2:2305:12519:98779_1:129625477",9.3e-14
"22809","HISEQ13:138:C6FWNANXX:2:1311:12853:88571_1:65998630",9.3e-14
"22810","HISEQ13:138:C6FWNANXX:2:1202:4992:57342_1:27070684",9.3e-14
"22811","HISEQ13:138:C6FWNANXX:2:1208:18558:46233_1:35773298",9.3e-14
"22812","HISEQ13:138:C6FWNANXX:2:2209:1769:42097_1:110598293",9.3e-14
"22813","HISEQ13:138:C6FWNANXX:2:1210:12310:41400_1:38783186",9.3e-14
"22814","HISEQ13:138:C6FWNANXX:2:1303:11401:65668_1:53417905",9.3e-14
"22815","HISEQ13:138:C6FWNANXX:2:2104:17707:41732_1:79354507",9.3e-14
"22816","HISEQ13:138:C6FWNANXX:2:2114:20929:57273_1:94576245",9.3e-14
"22817","HISEQ13:138:C6FWNANXX:2:2315:5290:20908_1:143735614",9.3e-14
"22818","HISEQ13:138:C6FWNANXX:2:1209:19142:61116_1:37542779",9.4e-14
"22819","HISEQ13:138:C6FWNANXX:2:1215:4716:71966_1:47360009",9.4e-14
"22820","HISEQ13:138:C6FWNANXX:2:2208:3629:14746_1:108695197",9.4e-14
"22821","HISEQ13:138:C6FWNANXX:2:1303:20197:12979_1:52639216",9.4e-14
"22822","HISEQ13:138:C6FWNANXX:2:2102:9696:68876_1:76917945",9.4e-14
"22823","HISEQ13:138:C6FWNANXX:2:2313:15260:10675_1:140347332",9.4e-14
"22824","HISEQ13:138:C6FWNANXX:2:1312:1644:58822_1:67124869",9.4e-14
"22825","HISEQ13:138:C6FWNANXX:2:1107:19171:37293_1:9400270",9.4e-14
"22826","HISEQ13:138:C6FWNANXX:2:2214:10734:7390_1:117778067",9.4e-14
"22827","HISEQ13:138:C6FWNANXX:2:2309:20403:30361_1:134496393",9.4e-14
"22828","HISEQ13:138:C6FWNANXX:2:1102:10367:42242_1:2053463",9.4e-14
"22829","HISEQ13:138:C6FWNANXX:2:1111:9074:16104_1:15257995",9.4e-14
"22830","HISEQ13:138:C6FWNANXX:2:2206:19865:16936_1:105819089",9.4e-14
"22831","HISEQ13:138:C6FWNANXX:2:2316:4638:68938_1:146185900",9.4e-14
"22832","HISEQ13:138:C6FWNANXX:2:1302:8346:49736_1:51721027",9.4e-14
"22833","HISEQ13:138:C6FWNANXX:2:1309:10776:97481_1:62975736",9.4e-14
"22834","HISEQ13:138:C6FWNANXX:2:2116:10954:19139_1:97177902",9.4e-14
"22835","HISEQ13:138:C6FWNANXX:2:1209:1934:21227_1:36916214",9.4e-14
"22836","HISEQ13:138:C6FWNANXX:2:1116:9543:51134_1:23947865",9.5e-14
"22837","HISEQ13:138:C6FWNANXX:2:1214:9171:77719_1:45785949",9.5e-14
"22838","HISEQ13:138:C6FWNANXX:2:1313:2200:82301_1:69153450",9.5e-14
"22839","HISEQ13:138:C6FWNANXX:2:2210:10037:50430_1:112229981",9.5e-14
"22840","HISEQ13:138:C6FWNANXX:2:1311:17756:90619_1:66032559",9.5e-14
"22841","HISEQ13:138:C6FWNANXX:2:1107:5698:7743_1:8942752",9.5e-14
"22842","HISEQ13:138:C6FWNANXX:2:1309:12660:30266_1:61916008",9.5e-14
"22843","HISEQ13:138:C6FWNANXX:2:2104:11534:52616_1:79511679",9.5e-14
"22844","HISEQ13:138:C6FWNANXX:2:2105:15348:4445_1:80240943",9.5e-14
"22845","HISEQ13:138:C6FWNANXX:2:2213:14215:77607_1:117317575",9.5e-14
"22846","HISEQ13:138:C6FWNANXX:2:1111:18037:19057_1:15307647",9.5e-14
"22847","HISEQ13:138:C6FWNANXX:2:2116:7242:28037_1:97326185",9.5e-14
"22848","HISEQ13:138:C6FWNANXX:2:1201:19300:10245_1:24925611",9.5e-14
"22849","HISEQ13:138:C6FWNANXX:2:1111:12937:49184_1:15785997",9.5e-14
"22850","HISEQ13:138:C6FWNANXX:2:2308:17638:79395_1:133739968",9.5e-14
"22851","HISEQ13:138:C6FWNANXX:2:2312:15227:76647_1:139822864",9.5e-14
"22852","HISEQ13:138:C6FWNANXX:2:1309:19153:31120_1:61928953",9.5e-14
"22853","HISEQ13:138:C6FWNANXX:2:1114:10751:44137_1:20469452",9.5e-14
"22854","HISEQ13:138:C6FWNANXX:2:1204:13599:51734_1:29888169",9.5e-14
"22855","HISEQ13:138:C6FWNANXX:2:1103:15336:82098_1:4111296",9.5e-14
"22856","HISEQ13:138:C6FWNANXX:2:2311:7622:25277_1:137451737",9.5e-14
"22857","HISEQ13:138:C6FWNANXX:2:1107:6860:12924_1:9023656",9.5e-14
"22858","HISEQ13:138:C6FWNANXX:2:1303:11711:22851_1:52785114",9.5e-14
"22859","HISEQ13:138:C6FWNANXX:2:1303:7512:19184_1:52728706",9.5e-14
"22860","HISEQ13:138:C6FWNANXX:2:2111:11349:33213_1:89550298",9.5e-14
"22861","HISEQ13:138:C6FWNANXX:2:2114:15446:71875_1:94811930",9.5e-14
"22862","HISEQ13:138:C6FWNANXX:2:2116:14423:25662_1:97286506",9.5e-14
"22863","HISEQ13:138:C6FWNANXX:2:2116:6027:47847_1:97652477",9.5e-14
"22864","HISEQ13:138:C6FWNANXX:2:2208:7227:41668_1:109099272",9.5e-14
"22865","HISEQ13:138:C6FWNANXX:2:2301:15422:83624_1:123758106",9.5e-14
"22866","HISEQ13:138:C6FWNANXX:2:2205:5191:40404_1:104721738",9.6e-14
"22867","HISEQ13:138:C6FWNANXX:2:2208:3237:89123_1:109814258",9.6e-14
"22868","HISEQ13:138:C6FWNANXX:2:1301:15007:83840_1:50773721",9.6e-14
"22869","HISEQ13:138:C6FWNANXX:2:1308:11067:80834_1:61156770",9.6e-14
"22870","HISEQ13:138:C6FWNANXX:2:2111:19080:5319_1:89120768",9.6e-14
"22871","HISEQ13:138:C6FWNANXX:2:2206:2399:88684_1:106867464",9.6e-14
"22872","HISEQ13:138:C6FWNANXX:2:1101:2208:53118_1:755217",9.6e-14
"22873","HISEQ13:138:C6FWNANXX:2:1108:5780:58946_1:11254952",9.6e-14
"22874","HISEQ13:138:C6FWNANXX:2:1203:3612:70394_1:28714703",9.6e-14
"22875","HISEQ13:138:C6FWNANXX:2:1308:2338:16584_1:60154082",9.6e-14
"22876","HISEQ13:138:C6FWNANXX:2:1314:5529:46558_1:70219261",9.6e-14
"22877","HISEQ13:138:C6FWNANXX:2:2209:3854:87543_1:111290610",9.6e-14
"22878","HISEQ13:138:C6FWNANXX:2:2316:17104:68505_1:146184272",9.6e-14
"22879","HISEQ13:138:C6FWNANXX:2:1115:13293:3331_1:21448928",9.6e-14
"22880","HISEQ13:138:C6FWNANXX:2:1314:11575:63125_1:70500415",9.6e-14
"22881","HISEQ13:138:C6FWNANXX:2:1110:20648:37014_1:14030557",9.6e-14
"22882","HISEQ13:138:C6FWNANXX:2:1115:1528:23739_1:21789592",9.6e-14
"22883","HISEQ13:138:C6FWNANXX:2:1208:5823:20068_1:35371730",9.6e-14
"22884","HISEQ13:138:C6FWNANXX:2:2112:2624:34872_1:91056385",9.6e-14
"22885","HISEQ13:138:C6FWNANXX:2:1213:17402:79357_1:44162028",9.6e-14
"22886","HISEQ13:138:C6FWNANXX:2:1213:8935:88866_1:44317191",9.6e-14
"22887","HISEQ13:138:C6FWNANXX:2:2213:6826:99002_1:117661706",9.6e-14
"22888","HISEQ13:138:C6FWNANXX:2:2207:6263:68381_1:108026402",9.6e-14
"22889","HISEQ13:138:C6FWNANXX:2:1205:2430:37758_1:31152229",9.6e-14
"22890","HISEQ13:138:C6FWNANXX:2:2208:17437:67322_1:109488558",9.7e-14
"22891","HISEQ13:138:C6FWNANXX:2:2215:2009:5794_1:119367794",9.7e-14
"22892","HISEQ13:138:C6FWNANXX:2:1310:3024:11111_1:63172148",9.7e-14
"22893","HISEQ13:138:C6FWNANXX:2:1303:8760:3440_1:52496409",9.7e-14
"22894","HISEQ13:138:C6FWNANXX:2:2116:5897:20283_1:97197264",9.7e-14
"22895","HISEQ13:138:C6FWNANXX:2:2208:17218:95414_1:109911358",9.7e-14
"22896","HISEQ13:138:C6FWNANXX:2:2211:3901:9086_1:113109521",9.7e-14
"22897","HISEQ13:138:C6FWNANXX:2:1113:4474:78661_1:19390614",9.7e-14
"22898","HISEQ13:138:C6FWNANXX:2:2309:17197:100238_1:135561638",9.7e-14
"22899","HISEQ13:138:C6FWNANXX:2:2206:12424:18823_1:105846789",9.7e-14
"22900","HISEQ13:138:C6FWNANXX:2:1110:19826:19793_1:13758160",9.7e-14
"22901","HISEQ13:138:C6FWNANXX:2:1315:17643:85537_1:72575027",9.7e-14
"22902","HISEQ13:138:C6FWNANXX:2:1102:9973:13848_1:1638122",9.7e-14
"22903","HISEQ13:138:C6FWNANXX:2:2207:8960:43475_1:107656691",9.7e-14
"22904","HISEQ13:138:C6FWNANXX:2:2302:6596:67843_1:124929676",9.7e-14
"22905","HISEQ13:138:C6FWNANXX:2:1311:6449:76253_1:65796588",9.7e-14
"22906","HISEQ13:138:C6FWNANXX:2:1112:12305:76605_1:17729429",9.7e-14
"22907","HISEQ13:138:C6FWNANXX:2:1110:11179:56771_1:14341024",9.7e-14
"22908","HISEQ13:138:C6FWNANXX:2:1115:4207:71040_1:22593314",9.7e-14
"22909","HISEQ13:138:C6FWNANXX:2:1305:7391:43467_1:56035202",9.7e-14
"22910","HISEQ13:138:C6FWNANXX:2:2105:19247:56114_1:80992990",9.7e-14
"22911","HISEQ13:138:C6FWNANXX:2:2202:4728:55410_1:100690000",9.7e-14
"22912","HISEQ13:138:C6FWNANXX:2:2205:7289:74907_1:105221219",9.7e-14
"22913","HISEQ13:138:C6FWNANXX:2:2209:19323:20035_1:110268623",9.7e-14
"22914","HISEQ13:138:C6FWNANXX:2:1316:8225:13221_1:73032270",9.7e-14
"22915","HISEQ13:138:C6FWNANXX:2:1212:12535:24210_1:41631563",9.7e-14
"22916","HISEQ13:138:C6FWNANXX:2:1208:6259:21591_1:35394880",9.8e-14
"22917","HISEQ13:138:C6FWNANXX:2:2305:19228:97224_1:129601376",9.8e-14
"22918","HISEQ13:138:C6FWNANXX:2:2111:8873:87026_1:90429529",9.8e-14
"22919","HISEQ13:138:C6FWNANXX:2:1205:9206:52080_1:31368213",9.8e-14
"22920","HISEQ13:138:C6FWNANXX:2:1208:5170:55504_1:35917808",9.8e-14
"22921","HISEQ13:138:C6FWNANXX:2:2214:2900:91761_1:119158308",9.8e-14
"22922","HISEQ13:138:C6FWNANXX:2:1211:15034:91244_1:41148714",9.8e-14
"22923","HISEQ13:138:C6FWNANXX:2:1211:15979:84688_1:41044418",9.8e-14
"22924","HISEQ13:138:C6FWNANXX:2:2116:10751:15648_1:97119734",9.8e-14
"22925","HISEQ13:138:C6FWNANXX:2:2210:12906:35094_1:111997953",9.8e-14
"22926","HISEQ13:138:C6FWNANXX:2:2305:8182:78525_1:129329785",9.8e-14
"22927","HISEQ13:138:C6FWNANXX:2:1213:20139:29607_1:43338894",9.8e-14
"22928","HISEQ13:138:C6FWNANXX:2:1316:1310:77224_1:74148103",9.9e-14
"22929","HISEQ13:138:C6FWNANXX:2:2210:11771:71795_1:112558522",9.9e-14
"22930","HISEQ13:138:C6FWNANXX:2:2103:10210:95746_1:78707562",9.9e-14
"22931","HISEQ13:138:C6FWNANXX:2:1202:8374:94538_1:27617729",9.9e-14
"22932","HISEQ13:138:C6FWNANXX:2:2108:5351:17834_1:84804504",9.9e-14
"22933","HISEQ13:138:C6FWNANXX:2:2309:3185:14720_1:134253744",9.9e-14
"22934","HISEQ13:138:C6FWNANXX:2:1209:1562:28069_1:37024641",9.9e-14
"22935","HISEQ13:138:C6FWNANXX:2:2202:6737:56898_1:100712020",9.9e-14
"22936","HISEQ13:138:C6FWNANXX:2:2108:1472:22443_1:84870880",9.9e-14
"22937","HISEQ13:138:C6FWNANXX:2:2201:5273:41950_1:99092929",9.9e-14
"22938","HISEQ13:138:C6FWNANXX:2:2209:2544:27255_1:110375145",9.9e-14
"22939","HISEQ13:138:C6FWNANXX:2:1108:16640:92955_1:11789799",9.9e-14
"22940","HISEQ13:138:C6FWNANXX:2:2207:2650:43237_1:107651784",9.9e-14
"22941","HISEQ13:138:C6FWNANXX:2:1103:9241:23269_1:3239673",9.9e-14
"22942","HISEQ13:138:C6FWNANXX:2:2113:1814:33621_1:92598472",9.9e-14
"22943","HISEQ13:138:C6FWNANXX:2:2205:6093:87170_1:105398563",9.9e-14
"22944","HISEQ13:138:C6FWNANXX:2:2306:6421:82931_1:130840809",9.9e-14
"22945","HISEQ13:138:C6FWNANXX:2:2315:5100:8802_1:143537789",9.9e-14
"22946","HISEQ13:138:C6FWNANXX:2:1114:16303:22009_1:20102455",9.9e-14
"22947","HISEQ13:138:C6FWNANXX:2:1305:12610:13651_1:55590747",9.9e-14
"22948","HISEQ13:138:C6FWNANXX:2:1106:8925:43537_1:7983503",9.9e-14
"22949","HISEQ13:138:C6FWNANXX:2:1301:5149:2894_1:49580320",9.9e-14
"22950","HISEQ13:138:C6FWNANXX:2:2308:21274:69926_1:133597629",9.9e-14
"22951","HISEQ13:138:C6FWNANXX:2:1301:19091:61860_1:50451114",9.9e-14
"22952","HISEQ13:138:C6FWNANXX:2:1211:6719:10591_1:39850712",9.9e-14
"22953","HISEQ13:138:C6FWNANXX:2:1308:21239:90508_1:61311826",9.9e-14
"22954","HISEQ13:138:C6FWNANXX:2:2113:19530:26777_1:92494425",9.9e-14
"22955","HISEQ13:138:C6FWNANXX:2:2203:14116:32022_1:101772537",9.9e-14
"22956","HISEQ13:138:C6FWNANXX:2:2314:11420:41834_1:142454769",9.9e-14
"22957","HISEQ13:138:C6FWNANXX:2:2206:11779:57717_1:106414281",9.9e-14
"22958","HISEQ13:138:C6FWNANXX:2:2313:3561:63999_1:141204755",9.9e-14
"22959","HISEQ13:138:C6FWNANXX:2:1316:18097:62452_1:73893694",9.9e-14
"22960","HISEQ13:138:C6FWNANXX:2:1103:12065:17337_1:3150791",1e-13
"22961","HISEQ13:138:C6FWNANXX:2:2215:19814:22848_1:119650948",1e-13
"22962","HISEQ13:138:C6FWNANXX:2:1106:2857:71101_1:8403179",1e-13
"22963","HISEQ13:138:C6FWNANXX:2:2205:17699:73072_1:105197365",1e-13
"22964","HISEQ13:138:C6FWNANXX:2:1210:6438:46387_1:38860217",1e-13
"22965","HISEQ13:138:C6FWNANXX:2:2210:5856:81836_1:112709655",1e-13
"22966","HISEQ13:138:C6FWNANXX:2:1312:19918:59001_1:67132750",1e-13
"22967","HISEQ13:138:C6FWNANXX:2:2214:21050:88469_1:119104643",1e-13
"22968","HISEQ13:138:C6FWNANXX:2:1108:16713:40448_1:10968941",1e-13
"22969","HISEQ13:138:C6FWNANXX:2:2108:16637:53322_1:85340651",1e-13
"22970","HISEQ13:138:C6FWNANXX:2:1202:4862:76308_1:27349646",1e-13
"22971","HISEQ13:138:C6FWNANXX:2:2111:16442:10372_1:89198100",1e-13
"22972","HISEQ13:138:C6FWNANXX:2:2206:9791:5706_1:105652504",1e-13
"22973","HISEQ13:138:C6FWNANXX:2:2310:15353:88301_1:136898100",1e-13
"22974","HISEQ13:138:C6FWNANXX:2:1115:17226:93963_1:22984541",1e-13
"22975","HISEQ13:138:C6FWNANXX:2:1203:8460:62056_1:28594250",1e-13
"22976","HISEQ13:138:C6FWNANXX:2:2307:11350:68798_1:132098019",1e-13
"22977","HISEQ13:138:C6FWNANXX:2:2308:8549:57092_1:133402342",1e-13
"22978","HISEQ13:138:C6FWNANXX:2:1102:14351:99555_1:2904272",1e-13
"22979","HISEQ13:138:C6FWNANXX:2:1212:20528:55463_1:42141149",1e-13
"22980","HISEQ13:138:C6FWNANXX:2:2310:6607:42655_1:136195880",1e-13
"22981","HISEQ13:138:C6FWNANXX:2:1211:4813:80133_1:40968721",1e-13
"22982","HISEQ13:138:C6FWNANXX:2:1310:16482:84004_1:64332296",1e-13
"22983","HISEQ13:138:C6FWNANXX:2:2110:14937:33224_1:88036581",1e-13
"22984","HISEQ13:138:C6FWNANXX:2:2205:13673:81948_1:105324110",1e-13
"22985","HISEQ13:138:C6FWNANXX:2:2215:1915:69099_1:120410654",1e-13
"22986","HISEQ13:138:C6FWNANXX:2:2215:16636:76207_1:120529561",1e-13
"22987","HISEQ13:138:C6FWNANXX:2:2310:8652:42186_1:136188631",1e-13
"22988","HISEQ13:138:C6FWNANXX:2:1201:16636:94702_1:26168815",1e-13
"22989","HISEQ13:138:C6FWNANXX:2:2311:2512:38800_1:137662078",1e-13
"22990","HISEQ13:138:C6FWNANXX:2:2113:8094:92221_1:93536446",1e-13
"22991","HISEQ13:138:C6FWNANXX:2:2210:1729:82009_1:112712667",1e-13
"22992","HISEQ13:138:C6FWNANXX:2:1115:17841:25094_1:21818333",1e-13
"22993","HISEQ13:138:C6FWNANXX:2:1202:14379:72336_1:27292727",1e-13
"22994","HISEQ13:138:C6FWNANXX:2:1213:15131:28233_1:43313186",1e-13
"22995","HISEQ13:138:C6FWNANXX:2:1309:7174:68335_1:62516680",1e-13
"22996","HISEQ13:138:C6FWNANXX:2:2203:20823:84148_1:102516088",1e-13
"22997","HISEQ13:138:C6FWNANXX:2:2209:12406:58616_1:110850743",1e-13
"22998","HISEQ13:138:C6FWNANXX:2:1116:6783:20196_1:23414673",1e-13
"22999","HISEQ13:138:C6FWNANXX:2:1313:15247:59330_1:68770262",1e-13
"23000","HISEQ13:138:C6FWNANXX:2:2206:14904:67486_1:106558822",1e-13
"23001","HISEQ13:138:C6FWNANXX:2:2301:21263:36904_1:123100913",1e-13
"23002","HISEQ13:138:C6FWNANXX:2:1204:12150:78698_1:30288762",1e-13
"23003","HISEQ13:138:C6FWNANXX:2:1213:1541:98291_1:44472951",1e-13
"23004","HISEQ13:138:C6FWNANXX:2:2112:6507:37349_1:91096115",1e-13
"23005","HISEQ13:138:C6FWNANXX:2:2210:10662:25532_1:111852737",1e-13
"23006","HISEQ13:138:C6FWNANXX:2:1203:4129:5630_1:27762436",1e-13
"23007","HISEQ13:138:C6FWNANXX:2:1305:19212:88724_1:56718538",1e-13
"23008","HISEQ13:138:C6FWNANXX:2:2210:15853:61102_1:112395686",1e-13
"23009","HISEQ13:138:C6FWNANXX:2:2201:4417:52186_1:99238735",1e-13
"23010","HISEQ13:138:C6FWNANXX:2:1106:13835:97957_1:8812025",1e-13
"23011","HISEQ13:138:C6FWNANXX:2:2202:8758:2070_1:99934279",1e-13
"23012","HISEQ13:138:C6FWNANXX:2:1109:5150:20866_1:12208653",1e-13
"23013","HISEQ13:138:C6FWNANXX:2:1201:9873:8126_1:24894436",1e-13
"23014","HISEQ13:138:C6FWNANXX:2:1211:13764:44846_1:40402407",1e-13
"23015","HISEQ13:138:C6FWNANXX:2:2201:3274:6254_1:98586625",1e-13
"23016","HISEQ13:138:C6FWNANXX:2:2301:8011:97819_1:123958778",1e-13
"23017","HISEQ13:138:C6FWNANXX:2:1113:8657:41818_1:18782289",1e-13
"23018","HISEQ13:138:C6FWNANXX:2:1203:19270:55368_1:28496408",1e-13
"23019","HISEQ13:138:C6FWNANXX:2:2112:15514:44336_1:91207126",1e-13
"23020","HISEQ13:138:C6FWNANXX:2:2202:18236:33740_1:100384877",1e-13
"23021","HISEQ13:138:C6FWNANXX:2:2307:12543:11610_1:131249165",1e-13
"23022","HISEQ13:138:C6FWNANXX:2:2204:20398:97699_1:104124381",1e-13
"23023","HISEQ13:138:C6FWNANXX:2:2312:19695:39623_1:139236839",1e-13
"23024","HISEQ13:138:C6FWNANXX:2:2114:17643:27418_1:94089341",1e-13
"23025","HISEQ13:138:C6FWNANXX:2:2203:15653:3449_1:101362623",1e-13
"23026","HISEQ13:138:C6FWNANXX:2:1101:2734:20119_1:267754",1e-13
"23027","HISEQ13:138:C6FWNANXX:2:1106:5360:86371_1:8634987",1e-13
"23028","HISEQ13:138:C6FWNANXX:2:1116:5851:34789_1:23668246",1e-13
"23029","HISEQ13:138:C6FWNANXX:2:1208:17839:23882_1:35431285",1e-13
"23030","HISEQ13:138:C6FWNANXX:2:1304:11885:5122_1:53985151",1e-13
"23031","HISEQ13:138:C6FWNANXX:2:1304:9480:10465_1:54063507",1e-13
"23032","HISEQ13:138:C6FWNANXX:2:1308:4966:3086_1:59945645",1e-13
"23033","HISEQ13:138:C6FWNANXX:2:1214:18629:59796_1:45488658",1e-13
"23034","HISEQ13:138:C6FWNANXX:2:2214:4834:76273_1:118905629",1e-13
"23035","HISEQ13:138:C6FWNANXX:2:1308:21265:41521_1:60544496",1e-13
"23036","HISEQ13:138:C6FWNANXX:2:2302:13859:27246_1:124357198",1e-13
"23037","HISEQ13:138:C6FWNANXX:2:1204:20124:75994_1:30249536",1e-13
"23038","HISEQ13:138:C6FWNANXX:2:1114:17371:25749_1:20161179",1e-13
"23039","HISEQ13:138:C6FWNANXX:2:1209:13532:15779_1:36837393",1e-13
"23040","HISEQ13:138:C6FWNANXX:2:1306:5613:28111_1:57299721",1e-13
"23041","HISEQ13:138:C6FWNANXX:2:1312:7586:26608_1:66599460",1e-13
"23042","HISEQ13:138:C6FWNANXX:2:2316:5359:20863_1:145374862",1e-13
"23043","HISEQ13:138:C6FWNANXX:2:1215:3996:58201_1:47126804",1e-13
"23044","HISEQ13:138:C6FWNANXX:2:1315:8181:35273_1:71708596",1e-13
"23045","HISEQ13:138:C6FWNANXX:2:1110:8044:13380_1:13653083",1e-13
"23046","HISEQ13:138:C6FWNANXX:2:2303:13971:80214_1:126506914",1e-13
"23047","HISEQ13:138:C6FWNANXX:2:1115:20383:69683_1:22571698",1e-13
"23048","HISEQ13:138:C6FWNANXX:2:1311:18713:22092_1:64920475",1e-13
"23049","HISEQ13:138:C6FWNANXX:2:1315:16375:47357_1:71915981",1e-13
"23050","HISEQ13:138:C6FWNANXX:2:2106:13722:28773_1:82036184",1e-13
"23051","HISEQ13:138:C6FWNANXX:2:1114:10414:73762_1:20970236",1e-13
"23052","HISEQ13:138:C6FWNANXX:2:2104:20907:55439_1:79553003",1e-13
"23053","HISEQ13:138:C6FWNANXX:2:2107:8386:82308_1:84289928",1e-13
"23054","HISEQ13:138:C6FWNANXX:2:2303:20423:100183_1:126791996",1e-13
"23055","HISEQ13:138:C6FWNANXX:2:2316:1218:26657_1:145471015",1e-13
"23056","HISEQ13:138:C6FWNANXX:2:1102:2444:28630_1:1854115",1e-13
"23057","HISEQ13:138:C6FWNANXX:2:1213:5857:62450_1:43878029",1e-13
"23058","HISEQ13:138:C6FWNANXX:2:1201:11969:89841_1:26097765",1e-13
"23059","HISEQ13:138:C6FWNANXX:2:1210:4817:28141_1:38573720",1e-13
"23060","HISEQ13:138:C6FWNANXX:2:1309:12109:80628_1:62711616",1e-13
"23061","HISEQ13:138:C6FWNANXX:2:2114:19384:53931_1:94518738",1e-13
"23062","HISEQ13:138:C6FWNANXX:2:2301:6107:57536_1:123389597",1e-13
"23063","HISEQ13:138:C6FWNANXX:2:1316:10462:49287_1:73663947",1e-13
"23064","HISEQ13:138:C6FWNANXX:2:1215:11725:62488_1:47200994",1e-13
"23065","HISEQ13:138:C6FWNANXX:2:1311:6228:46377_1:65308152",1e-13
"23066","HISEQ13:138:C6FWNANXX:2:2115:8317:58230_1:96193254",1e-13
"23067","HISEQ13:138:C6FWNANXX:2:2202:21183:64106_1:100818062",1e-13
"23068","HISEQ13:138:C6FWNANXX:2:2207:3059:33534_1:107512184",1e-13
"23069","HISEQ13:138:C6FWNANXX:2:1112:1820:79432_1:17772514",1e-13
"23070","HISEQ13:138:C6FWNANXX:2:2213:19836:44376_1:116783410",1e-13
"23071","HISEQ13:138:C6FWNANXX:2:1104:15414:54613_1:5172073",1e-13
"23072","HISEQ13:138:C6FWNANXX:2:2216:13883:63698_1:121976183",1e-13
"23073","HISEQ13:138:C6FWNANXX:2:2202:16603:46487_1:100565122",1e-13
"23074","HISEQ13:138:C6FWNANXX:2:1215:8536:83343_1:47555108",1e-13
"23075","HISEQ13:138:C6FWNANXX:2:2212:9628:45010_1:115217969",1e-13
"23076","HISEQ13:138:C6FWNANXX:2:2304:20409:69888_1:127775812",1e-13
"23077","HISEQ13:138:C6FWNANXX:2:2104:5486:42896_1:79370257",1e-13
"23078","HISEQ13:138:C6FWNANXX:2:1313:12469:31082_1:68300053",1.1e-13
"23079","HISEQ13:138:C6FWNANXX:2:1104:16708:90401_1:5706783",1.1e-13
"23080","HISEQ13:138:C6FWNANXX:2:1203:19252:9701_1:27823968",1.1e-13
"23081","HISEQ13:138:C6FWNANXX:2:2108:2539:98678_1:86022207",1.1e-13
"23082","HISEQ13:138:C6FWNANXX:2:2115:20799:17149_1:95530258",1.1e-13
"23083","HISEQ13:138:C6FWNANXX:2:1101:8191:60411_1:864114",1.1e-13
"23084","HISEQ13:138:C6FWNANXX:2:1101:9846:56969_1:812295",1.1e-13
"23085","HISEQ13:138:C6FWNANXX:2:1112:10450:22337_1:16848733",1.1e-13
"23086","HISEQ13:138:C6FWNANXX:2:2114:1363:64296_1:94687130",1.1e-13
"23087","HISEQ13:138:C6FWNANXX:2:2203:10778:80954_1:102467891",1.1e-13
"23088","HISEQ13:138:C6FWNANXX:2:2213:15082:61974_1:117064199",1.1e-13
"23089","HISEQ13:138:C6FWNANXX:2:2314:16951:32886_1:142307947",1.1e-13
"23090","HISEQ13:138:C6FWNANXX:2:2104:3816:62716_1:79654286",1.1e-13
"23091","HISEQ13:138:C6FWNANXX:2:1314:6630:7794_1:69561882",1.1e-13
"23092","HISEQ13:138:C6FWNANXX:2:2103:17795:58332_1:78179115",1.1e-13
"23093","HISEQ13:138:C6FWNANXX:2:2315:17101:79630_1:144705996",1.1e-13
"23094","HISEQ13:138:C6FWNANXX:2:1306:17411:87592_1:58210122",1.1e-13
"23095","HISEQ13:138:C6FWNANXX:2:1115:15258:22531_1:21775521",1.1e-13
"23096","HISEQ13:138:C6FWNANXX:2:1111:20754:67242_1:16088383",1.1e-13
"23097","HISEQ13:138:C6FWNANXX:2:1115:13804:56999_1:22354548",1.1e-13
"23098","HISEQ13:138:C6FWNANXX:2:2113:9718:83995_1:93405157",1.1e-13
"23099","HISEQ13:138:C6FWNANXX:2:1103:1397:60095_1:3781785",1.1e-13
"23100","HISEQ13:138:C6FWNANXX:2:1301:3674:8476_1:49661057",1.1e-13
"23101","HISEQ13:138:C6FWNANXX:2:2116:12242:14237_1:97094844",1.1e-13
"23102","HISEQ13:138:C6FWNANXX:2:2115:3342:23503_1:95631914",1.1e-13
"23103","HISEQ13:138:C6FWNANXX:2:1305:5628:63370_1:56334972",1.1e-13
"23104","HISEQ13:138:C6FWNANXX:2:2205:3622:56777_1:104961623",1.1e-13
"23105","HISEQ13:138:C6FWNANXX:2:2208:3580:54983_1:109297471",1.1e-13
"23106","HISEQ13:138:C6FWNANXX:2:1106:9951:15150_1:7550172",1.1e-13
"23107","HISEQ13:138:C6FWNANXX:2:2112:12674:55660_1:91382437",1.1e-13
"23108","HISEQ13:138:C6FWNANXX:2:1115:3941:18640_1:21705241",1.1e-13
"23109","HISEQ13:138:C6FWNANXX:2:1116:3345:6667_1:23181932",1.1e-13
"23110","HISEQ13:138:C6FWNANXX:2:1301:16311:96609_1:50961053",1.1e-13
"23111","HISEQ13:138:C6FWNANXX:2:1301:2320:87544_1:50826061",1.1e-13
"23112","HISEQ13:138:C6FWNANXX:2:2206:17458:34240_1:106070028",1.1e-13
"23113","HISEQ13:138:C6FWNANXX:2:2207:10053:64756_1:107974995",1.1e-13
"23114","HISEQ13:138:C6FWNANXX:2:2303:11552:24842_1:125723142",1.1e-13
"23115","HISEQ13:138:C6FWNANXX:2:2303:1569:81605_1:126525894",1.1e-13
"23116","HISEQ13:138:C6FWNANXX:2:2307:12599:59930_1:131963913",1.1e-13
"23117","HISEQ13:138:C6FWNANXX:2:2308:12972:39230_1:133131516",1.1e-13
"23118","HISEQ13:138:C6FWNANXX:2:2205:8426:20528_1:104438239",1.1e-13
"23119","HISEQ13:138:C6FWNANXX:2:2306:5897:34003_1:130123359",1.1e-13
"23120","HISEQ13:138:C6FWNANXX:2:1114:6612:97213_1:21361203",1.1e-13
"23121","HISEQ13:138:C6FWNANXX:2:1116:20014:20825_1:23430476",1.1e-13
"23122","HISEQ13:138:C6FWNANXX:2:1205:2545:77736_1:31748879",1.1e-13
"23123","HISEQ13:138:C6FWNANXX:2:1206:3686:40987_1:32683231",1.1e-13
"23124","HISEQ13:138:C6FWNANXX:2:1208:2317:59839_1:35983179",1.1e-13
"23125","HISEQ13:138:C6FWNANXX:2:2102:3123:73199_1:76978015",1.1e-13
"23126","HISEQ13:138:C6FWNANXX:2:2205:17097:9390_1:104275983",1.1e-13
"23127","HISEQ13:138:C6FWNANXX:2:2305:12385:56470_1:129007942",1.1e-13
"23128","HISEQ13:138:C6FWNANXX:2:1208:11774:36065_1:35618436",1.1e-13
"23129","HISEQ13:138:C6FWNANXX:2:2315:6548:28209_1:143856424",1.1e-13
"23130","HISEQ13:138:C6FWNANXX:2:2210:12247:48098_1:112195599",1.1e-13
"23131","HISEQ13:138:C6FWNANXX:2:2216:6914:32048_1:121441406",1.1e-13
"23132","HISEQ13:138:C6FWNANXX:2:2306:16993:50167_1:130361248",1.1e-13
"23133","HISEQ13:138:C6FWNANXX:2:2110:19130:20310_1:87842822",1.1e-13
"23134","HISEQ13:138:C6FWNANXX:2:1302:15303:87666_1:52282332",1.1e-13
"23135","HISEQ13:138:C6FWNANXX:2:1312:8311:94484_1:67711336",1.1e-13
"23136","HISEQ13:138:C6FWNANXX:2:2114:8586:23964_1:94030774",1.1e-13
"23137","HISEQ13:138:C6FWNANXX:2:2213:17049:8630_1:116211752",1.1e-13
"23138","HISEQ13:138:C6FWNANXX:2:1104:5346:90849_1:5712171",1.1e-13
"23139","HISEQ13:138:C6FWNANXX:2:1213:6861:8521_1:42992433",1.1e-13
"23140","HISEQ13:138:C6FWNANXX:2:2308:1508:38142_1:133114605",1.1e-13
"23141","HISEQ13:138:C6FWNANXX:2:2211:9339:46980_1:113700306",1.1e-13
"23142","HISEQ13:138:C6FWNANXX:2:1215:15270:63672_1:47222974",1.1e-13
"23143","HISEQ13:138:C6FWNANXX:2:2210:20529:61345_1:112400328",1.1e-13
"23144","HISEQ13:138:C6FWNANXX:2:1116:19438:89576_1:24613325",1.1e-13
"23145","HISEQ13:138:C6FWNANXX:2:1214:8540:58934_1:45470015",1.1e-13
"23146","HISEQ13:138:C6FWNANXX:2:1313:13283:29201_1:68267493",1.1e-13
"23147","HISEQ13:138:C6FWNANXX:2:2306:2882:12125_1:129799549",1.1e-13
"23148","HISEQ13:138:C6FWNANXX:2:1108:10709:48945_1:11100055",1.1e-13
"23149","HISEQ13:138:C6FWNANXX:2:1203:11971:92462_1:29041405",1.1e-13
"23150","HISEQ13:138:C6FWNANXX:2:2202:3249:31832_1:100357879",1.1e-13
"23151","HISEQ13:138:C6FWNANXX:2:2206:8381:99751_1:107033914",1.1e-13
"23152","HISEQ13:138:C6FWNANXX:2:2306:11095:36274_1:130157108",1.1e-13
"23153","HISEQ13:138:C6FWNANXX:2:1315:12334:2559_1:71152793",1.1e-13
"23154","HISEQ13:138:C6FWNANXX:2:1215:7016:9621_1:46306101",1.1e-13
"23155","HISEQ13:138:C6FWNANXX:2:2204:17506:94263_1:104076548",1.1e-13
"23156","HISEQ13:138:C6FWNANXX:2:2306:6594:98906_1:131077076",1.1e-13
"23157","HISEQ13:138:C6FWNANXX:2:1309:7813:96776_1:62967227",1.1e-13
"23158","HISEQ13:138:C6FWNANXX:2:2314:3219:61447_1:142775848",1.1e-13
"23159","HISEQ13:138:C6FWNANXX:2:2311:16181:12122_1:137246354",1.1e-13
"23160","HISEQ13:138:C6FWNANXX:2:2201:14001:28125_1:98898900",1.1e-13
"23161","HISEQ13:138:C6FWNANXX:2:2204:1429:86473_1:103959199",1.1e-13
"23162","HISEQ13:138:C6FWNANXX:2:1110:8986:18540_1:13736456",1.1e-13
"23163","HISEQ13:138:C6FWNANXX:2:1212:18839:77063_1:42496860",1.1e-13
"23164","HISEQ13:138:C6FWNANXX:2:2106:21117:63718_1:82549778",1.1e-13
"23165","HISEQ13:138:C6FWNANXX:2:2314:20755:63014_1:142808032",1.1e-13
"23166","HISEQ13:138:C6FWNANXX:2:2308:17088:31190_1:133011631",1.1e-13
"23167","HISEQ13:138:C6FWNANXX:2:1204:10550:8393_1:29258649",1.1e-13
"23168","HISEQ13:138:C6FWNANXX:2:1211:19263:13481_1:39897904",1.1e-13
"23169","HISEQ13:138:C6FWNANXX:2:1215:16871:16136_1:46417783",1.1e-13
"23170","HISEQ13:138:C6FWNANXX:2:2207:16706:98916_1:108481215",1.1e-13
"23171","HISEQ13:138:C6FWNANXX:2:1112:13052:46926_1:17245167",1.1e-13
"23172","HISEQ13:138:C6FWNANXX:2:1308:18042:34052_1:60427938",1.1e-13
"23173","HISEQ13:138:C6FWNANXX:2:2304:20662:4027_1:126832005",1.1e-13
"23174","HISEQ13:138:C6FWNANXX:2:1313:13549:61160_1:68799456",1.1e-13
"23175","HISEQ13:138:C6FWNANXX:2:1209:19194:15350_1:36830808",1.1e-13
"23176","HISEQ13:138:C6FWNANXX:2:1303:2260:47709_1:53150294",1.1e-13
"23177","HISEQ13:138:C6FWNANXX:2:2312:6716:69111_1:139701057",1.1e-13
"23178","HISEQ13:138:C6FWNANXX:2:2114:5639:28617_1:94106792",1.1e-13
"23179","HISEQ13:138:C6FWNANXX:2:2315:13440:27077_1:143841422",1.1e-13
"23180","HISEQ13:138:C6FWNANXX:2:2113:6277:12691_1:92266829",1.1e-13
"23181","HISEQ13:138:C6FWNANXX:2:1112:15873:84553_1:17861240",1.1e-13
"23182","HISEQ13:138:C6FWNANXX:2:1206:11032:74630_1:33196304",1.1e-13
"23183","HISEQ13:138:C6FWNANXX:2:2105:11672:76042_1:81279883",1.1e-13
"23184","HISEQ13:138:C6FWNANXX:2:2208:10011:52933_1:109268779",1.1e-13
"23185","HISEQ13:138:C6FWNANXX:2:2306:9375:72727_1:130692157",1.1e-13
"23186","HISEQ13:138:C6FWNANXX:2:2213:20098:16993_1:116343902",1.1e-13
"23187","HISEQ13:138:C6FWNANXX:2:1111:13622:35234_1:15561244",1.1e-13
"23188","HISEQ13:138:C6FWNANXX:2:1102:9063:88147_1:2732919",1.1e-13
"23189","HISEQ13:138:C6FWNANXX:2:2104:17187:15467_1:78976665",1.1e-13
"23190","HISEQ13:138:C6FWNANXX:2:2306:7393:18435_1:129892751",1.1e-13
"23191","HISEQ13:138:C6FWNANXX:2:1115:16315:47554_1:22197778",1.1e-13
"23192","HISEQ13:138:C6FWNANXX:2:2303:16561:23778_1:125710075",1.1e-13
"23193","HISEQ13:138:C6FWNANXX:2:2306:3000:68853_1:130635425",1.1e-13
"23194","HISEQ13:138:C6FWNANXX:2:2314:11958:56861_1:142702984",1.1e-13
"23195","HISEQ13:138:C6FWNANXX:2:2106:2157:36163_1:82140228",1.1e-13
"23196","HISEQ13:138:C6FWNANXX:2:2111:17862:60566_1:89986078",1.1e-13
"23197","HISEQ13:138:C6FWNANXX:2:2203:11470:9106_1:101443460",1.1e-13
"23198","HISEQ13:138:C6FWNANXX:2:2314:6416:48815_1:142569576",1.1e-13
"23199","HISEQ13:138:C6FWNANXX:2:1211:12324:94696_1:41205355",1.1e-13
"23200","HISEQ13:138:C6FWNANXX:2:2316:7012:71291_1:146228345",1.1e-13
"23201","HISEQ13:138:C6FWNANXX:2:1209:13383:84853_1:37912946",1.1e-13
"23202","HISEQ13:138:C6FWNANXX:2:2206:8974:97508_1:107001095",1.1e-13
"23203","HISEQ13:138:C6FWNANXX:2:1101:13936:58678_1:839224",1.1e-13
"23204","HISEQ13:138:C6FWNANXX:2:1213:19600:63360_1:43897549",1.1e-13
"23205","HISEQ13:138:C6FWNANXX:2:2211:4242:63304_1:113957408",1.1e-13
"23206","HISEQ13:138:C6FWNANXX:2:2307:4587:8649_1:131203437",1.1e-13
"23207","HISEQ13:138:C6FWNANXX:2:1213:7312:68295_1:43977879",1.1e-13
"23208","HISEQ13:138:C6FWNANXX:2:2115:7190:97787_1:96844179",1.1e-13
"23209","HISEQ13:138:C6FWNANXX:2:1211:9348:73672_1:40865638",1.1e-13
"23210","HISEQ13:138:C6FWNANXX:2:1211:3511:91684_1:41154501",1.1e-13
"23211","HISEQ13:138:C6FWNANXX:2:1309:15546:19941_1:61751549",1.1e-13
"23212","HISEQ13:138:C6FWNANXX:2:2108:13198:57445_1:85399857",1.1e-13
"23213","HISEQ13:138:C6FWNANXX:2:1109:11150:26797_1:12304567",1.1e-13
"23214","HISEQ13:138:C6FWNANXX:2:1310:4798:56269_1:63892261",1.1e-13
"23215","HISEQ13:138:C6FWNANXX:2:2109:6664:24265_1:86397291",1.1e-13
"23216","HISEQ13:138:C6FWNANXX:2:1111:15168:28453_1:15453864",1.1e-13
"23217","HISEQ13:138:C6FWNANXX:2:1314:18785:45735_1:70205038",1.1e-13
"23218","HISEQ13:138:C6FWNANXX:2:1315:10455:29281_1:71606167",1.1e-13
"23219","HISEQ13:138:C6FWNANXX:2:2103:6029:2160_1:77377223",1.1e-13
"23220","HISEQ13:138:C6FWNANXX:2:1114:20480:20622_1:20078188",1.1e-13
"23221","HISEQ13:138:C6FWNANXX:2:1312:15112:83918_1:67539387",1.1e-13
"23222","HISEQ13:138:C6FWNANXX:2:1305:11883:24035_1:55747453",1.1e-13
"23223","HISEQ13:138:C6FWNANXX:2:1306:17343:7388_1:56985105",1.1e-13
"23224","HISEQ13:138:C6FWNANXX:2:1310:5953:3513_1:63053437",1.1e-13
"23225","HISEQ13:138:C6FWNANXX:2:1314:6856:66713_1:70559013",1.1e-13
"23226","HISEQ13:138:C6FWNANXX:2:2311:14019:56344_1:137937901",1.1e-13
"23227","HISEQ13:138:C6FWNANXX:2:1102:20557:60400_1:2324579",1.1e-13
"23228","HISEQ13:138:C6FWNANXX:2:1109:2285:84896_1:13219719",1.1e-13
"23229","HISEQ13:138:C6FWNANXX:2:1104:10362:78158_1:5522053",1.1e-13
"23230","HISEQ13:138:C6FWNANXX:2:1111:15508:67757_1:16099846",1.1e-13
"23231","HISEQ13:138:C6FWNANXX:2:1106:15478:78694_1:8519700",1.1e-13
"23232","HISEQ13:138:C6FWNANXX:2:1116:15953:24361_1:23489984",1.1e-13
"23233","HISEQ13:138:C6FWNANXX:2:2113:14468:6647_1:92172797",1.1e-13
"23234","HISEQ13:138:C6FWNANXX:2:2307:7138:3538_1:131129292",1.1e-13
"23235","HISEQ13:138:C6FWNANXX:2:1104:17202:46718_1:5053542",1.1e-13
"23236","HISEQ13:138:C6FWNANXX:2:2313:14773:35843_1:140753311",1.1e-13
"23237","HISEQ13:138:C6FWNANXX:2:1214:6922:31310_1:45007457",1.1e-13
"23238","HISEQ13:138:C6FWNANXX:2:1304:12474:17514_1:54171945",1.1e-13
"23239","HISEQ13:138:C6FWNANXX:2:2216:2459:42577_1:121617724",1.1e-13
"23240","HISEQ13:138:C6FWNANXX:2:2301:18651:45469_1:123219701",1.1e-13
"23241","HISEQ13:138:C6FWNANXX:2:2311:19198:18488_1:137344381",1.1e-13
"23242","HISEQ13:138:C6FWNANXX:2:2314:15264:29782_1:142258194",1.1e-13
"23243","HISEQ13:138:C6FWNANXX:2:2311:21173:68607_1:138132887",1.1e-13
"23244","HISEQ13:138:C6FWNANXX:2:2208:6077:20521_1:108785791",1.1e-13
"23245","HISEQ13:138:C6FWNANXX:2:2301:12020:47685_1:123250179",1.1e-13
"23246","HISEQ13:138:C6FWNANXX:2:2304:17853:89221_1:128051177",1.1e-13
"23247","HISEQ13:138:C6FWNANXX:2:2315:17427:46289_1:144160191",1.1e-13
"23248","HISEQ13:138:C6FWNANXX:2:1108:4595:39861_1:10958826",1.1e-13
"23249","HISEQ13:138:C6FWNANXX:2:2105:15414:30766_1:80625885",1.1e-13
"23250","HISEQ13:138:C6FWNANXX:2:2202:19004:96668_1:101283007",1.1e-13
"23251","HISEQ13:138:C6FWNANXX:2:2203:4526:10075_1:101456313",1.1e-13
"23252","HISEQ13:138:C6FWNANXX:2:2205:5089:76144_1:105239056",1.1e-13
"23253","HISEQ13:138:C6FWNANXX:2:2210:18303:15638_1:111701188",1.1e-13
"23254","HISEQ13:138:C6FWNANXX:2:2301:3859:96590_1:123940487",1.1e-13
"23255","HISEQ13:138:C6FWNANXX:2:2307:13682:23087_1:131419326",1.1e-13
"23256","HISEQ13:138:C6FWNANXX:2:2315:18578:60734_1:144395734",1.1e-13
"23257","HISEQ13:138:C6FWNANXX:2:1107:17261:35932_1:9377061",1.1e-13
"23258","HISEQ13:138:C6FWNANXX:2:1205:19063:2142_1:30621895",1.1e-13
"23259","HISEQ13:138:C6FWNANXX:2:2208:17218:95414_1:109911357",1.1e-13
"23260","HISEQ13:138:C6FWNANXX:2:1305:2975:29296_1:55823743",1.1e-13
"23261","HISEQ13:138:C6FWNANXX:2:1103:1700:73677_1:3982895",1.1e-13
"23262","HISEQ13:138:C6FWNANXX:2:1113:10068:74434_1:19320706",1.1e-13
"23263","HISEQ13:138:C6FWNANXX:2:2208:17219:77794_1:109647308",1.1e-13
"23264","HISEQ13:138:C6FWNANXX:2:2107:11092:84204_1:84317293",1.1e-13
"23265","HISEQ13:138:C6FWNANXX:2:2211:18743:24914_1:113357351",1.1e-13
"23266","HISEQ13:138:C6FWNANXX:2:1314:15828:34324_1:70012836",1.1e-13
"23267","HISEQ13:138:C6FWNANXX:2:2110:13009:42135_1:88173827",1.1e-13
"23268","HISEQ13:138:C6FWNANXX:2:1113:19153:55377_1:19007178",1.1e-13
"23269","HISEQ13:138:C6FWNANXX:2:1108:19412:12169_1:10532573",1.1e-13
"23270","HISEQ13:138:C6FWNANXX:2:2302:15462:52009_1:124708438",1.1e-13
"23271","HISEQ13:138:C6FWNANXX:2:2306:13525:2839_1:129666209",1.1e-13
"23272","HISEQ13:138:C6FWNANXX:2:2203:2951:30576_1:101749081",1.2e-13
"23273","HISEQ13:138:C6FWNANXX:2:1105:5161:43549_1:6487420",1.2e-13
"23274","HISEQ13:138:C6FWNANXX:2:1311:16876:94666_1:66097469",1.2e-13
"23275","HISEQ13:138:C6FWNANXX:2:1101:18470:61202_1:876988",1.2e-13
"23276","HISEQ13:138:C6FWNANXX:2:2101:5069:92535_1:75850924",1.2e-13
"23277","HISEQ13:138:C6FWNANXX:2:1208:18562:44360_1:35746234",1.2e-13
"23278","HISEQ13:138:C6FWNANXX:2:1308:19389:16406_1:60153545",1.2e-13
"23279","HISEQ13:138:C6FWNANXX:2:2307:20551:82038_1:132296498",1.2e-13
"23280","HISEQ13:138:C6FWNANXX:2:1104:12198:93486_1:5751040",1.2e-13
"23281","HISEQ13:138:C6FWNANXX:2:2111:10042:68383_1:90111789",1.2e-13
"23282","HISEQ13:138:C6FWNANXX:2:1110:17078:93290_1:14915314",1.2e-13
"23283","HISEQ13:138:C6FWNANXX:2:1102:14059:53868_1:2227402",1.2e-13
"23284","HISEQ13:138:C6FWNANXX:2:2316:11403:39411_1:145689508",1.2e-13
"23285","HISEQ13:138:C6FWNANXX:2:2201:9307:100589_1:99929626",1.2e-13
"23286","HISEQ13:138:C6FWNANXX:2:1110:1428:93301_1:14912173",1.2e-13
"23287","HISEQ13:138:C6FWNANXX:2:1311:19064:43836_1:65270760",1.2e-13
"23288","HISEQ13:138:C6FWNANXX:2:2309:4841:77073_1:135207654",1.2e-13
"23289","HISEQ13:138:C6FWNANXX:2:1107:4129:33997_1:9344301",1.2e-13
"23290","HISEQ13:138:C6FWNANXX:2:1115:2912:75253_1:22664744",1.2e-13
"23291","HISEQ13:138:C6FWNANXX:2:1103:20924:98220_1:4349339",1.2e-13
"23292","HISEQ13:138:C6FWNANXX:2:1207:20775:90572_1:34940914",1.2e-13
"23293","HISEQ13:138:C6FWNANXX:2:2112:1967:15647_1:90782747",1.2e-13
"23294","HISEQ13:138:C6FWNANXX:2:2110:3671:25857_1:87923587",1.2e-13
"23295","HISEQ13:138:C6FWNANXX:2:2316:2667:60464_1:146041857",1.2e-13
"23296","HISEQ13:138:C6FWNANXX:2:1112:3682:33941_1:17032675",1.2e-13
"23297","HISEQ13:138:C6FWNANXX:2:1307:17845:58545_1:59281329",1.2e-13
"23298","HISEQ13:138:C6FWNANXX:2:1312:9789:18517_1:66469098",1.2e-13
"23299","HISEQ13:138:C6FWNANXX:2:2113:15409:21746_1:92410336",1.2e-13
"23300","HISEQ13:138:C6FWNANXX:2:2307:12889:80148_1:132265686",1.2e-13
"23301","HISEQ13:138:C6FWNANXX:2:2211:14423:22347_1:113317180",1.2e-13
"23302","HISEQ13:138:C6FWNANXX:2:1208:16487:10217_1:35219945",1.2e-13
"23303","HISEQ13:138:C6FWNANXX:2:1215:8492:74650_1:47406792",1.2e-13
"23304","HISEQ13:138:C6FWNANXX:2:1307:5578:93090_1:59809996",1.2e-13
"23305","HISEQ13:138:C6FWNANXX:2:2106:15704:64399_1:82559661",1.2e-13
"23306","HISEQ13:138:C6FWNANXX:2:2315:21266:36674_1:143999890",1.2e-13
"23307","HISEQ13:138:C6FWNANXX:2:2313:6424:41269_1:140840914",1.2e-13
"23308","HISEQ13:138:C6FWNANXX:2:1116:14881:67242_1:24222591",1.2e-13
"23309","HISEQ13:138:C6FWNANXX:2:1106:15648:27866_1:7745739",1.2e-13
"23310","HISEQ13:138:C6FWNANXX:2:2213:13033:59210_1:117020035",1.2e-13
"23311","HISEQ13:138:C6FWNANXX:2:1111:1729:52473_1:15836652",1.2e-13
"23312","HISEQ13:138:C6FWNANXX:2:2209:15173:69069_1:111011370",1.2e-13
"23313","HISEQ13:138:C6FWNANXX:2:1206:12466:89022_1:33414453",1.2e-13
"23314","HISEQ13:138:C6FWNANXX:2:1214:1878:82439_1:45864498",1.2e-13
"23315","HISEQ13:138:C6FWNANXX:2:1312:5339:6333_1:66267514",1.2e-13
"23316","HISEQ13:138:C6FWNANXX:2:2304:11702:9060_1:126902643",1.2e-13
"23317","HISEQ13:138:C6FWNANXX:2:1209:5636:41527_1:37234817",1.2e-13
"23318","HISEQ13:138:C6FWNANXX:2:1211:12456:16515_1:39948593",1.2e-13
"23319","HISEQ13:138:C6FWNANXX:2:1306:10922:88708_1:58224090",1.2e-13
"23320","HISEQ13:138:C6FWNANXX:2:2103:11873:20004_1:77634018",1.2e-13
"23321","HISEQ13:138:C6FWNANXX:2:2203:15496:82511_1:102493647",1.2e-13
"23322","HISEQ13:138:C6FWNANXX:2:2108:17832:41374_1:85160237",1.2e-13
"23323","HISEQ13:138:C6FWNANXX:2:1206:17867:13180_1:32267109",1.2e-13
"23324","HISEQ13:138:C6FWNANXX:2:1106:2462:45758_1:8016740",1.2e-13
"23325","HISEQ13:138:C6FWNANXX:2:1303:11029:26269_1:52837322",1.2e-13
"23326","HISEQ13:138:C6FWNANXX:2:1302:19252:88765_1:52301182",1.2e-13
"23327","HISEQ13:138:C6FWNANXX:2:2312:4624:92779_1:140080291",1.2e-13
"23328","HISEQ13:138:C6FWNANXX:2:1109:16281:27415_1:12313789",1.2e-13
"23329","HISEQ13:138:C6FWNANXX:2:2102:10477:54051_1:76708881",1.2e-13
"23330","HISEQ13:138:C6FWNANXX:2:1207:4310:49094_1:34305043",1.2e-13
"23331","HISEQ13:138:C6FWNANXX:2:1208:4522:25527_1:35456081",1.2e-13
"23332","HISEQ13:138:C6FWNANXX:2:1301:13419:51830_1:50302209",1.2e-13
"23333","HISEQ13:138:C6FWNANXX:2:2203:8582:92938_1:102639089",1.2e-13
"23334","HISEQ13:138:C6FWNANXX:2:1206:21360:74735_1:33198208",1.2e-13
"23335","HISEQ13:138:C6FWNANXX:2:1207:8016:16447_1:33810245",1.2e-13
"23336","HISEQ13:138:C6FWNANXX:2:1216:3250:73387_1:49090092",1.2e-13
"23337","HISEQ13:138:C6FWNANXX:2:2112:3885:49271_1:91282897",1.2e-13
"23338","HISEQ13:138:C6FWNANXX:2:1102:4772:90867_1:2773214",1.2e-13
"23339","HISEQ13:138:C6FWNANXX:2:2304:19775:37724_1:127312578",1.2e-13
"23340","HISEQ13:138:C6FWNANXX:2:2316:14510:26146_1:145465459",1.2e-13
"23341","HISEQ13:138:C6FWNANXX:2:1207:9120:5281_1:33642717",1.2e-13
"23342","HISEQ13:138:C6FWNANXX:2:1102:19817:59562_1:2313326",1.2e-13
"23343","HISEQ13:138:C6FWNANXX:2:1310:8104:53836_1:63853330",1.2e-13
"23344","HISEQ13:138:C6FWNANXX:2:2206:15795:21036_1:105879948",1.2e-13
"23345","HISEQ13:138:C6FWNANXX:2:1104:9345:32639_1:4843278",1.2e-13
"23346","HISEQ13:138:C6FWNANXX:2:2203:13304:24697_1:101665137",1.2e-13
"23347","HISEQ13:138:C6FWNANXX:2:1109:3263:10769_1:12051429",1.2e-13
"23348","HISEQ13:138:C6FWNANXX:2:2301:18228:78417_1:123684324",1.2e-13
"23349","HISEQ13:138:C6FWNANXX:2:1215:17399:44329_1:46896974",1.2e-13
"23350","HISEQ13:138:C6FWNANXX:2:2314:3919:39942_1:142420338",1.2e-13
"23351","HISEQ13:138:C6FWNANXX:2:1303:18231:12060_1:52627601",1.2e-13
"23352","HISEQ13:138:C6FWNANXX:2:2113:4766:33071_1:92591144",1.2e-13
"23353","HISEQ13:138:C6FWNANXX:2:2207:20910:54257_1:107820973",1.2e-13
"23354","HISEQ13:138:C6FWNANXX:2:1108:20605:33794_1:10868414",1.2e-13
"23355","HISEQ13:138:C6FWNANXX:2:1314:19400:18094_1:69737622",1.2e-13
"23356","HISEQ13:138:C6FWNANXX:2:2309:8840:100216_1:135560076",1.2e-13
"23357","HISEQ13:138:C6FWNANXX:2:1110:6139:11127_1:13616871",1.2e-13
"23358","HISEQ13:138:C6FWNANXX:2:1301:14890:16503_1:49784839",1.2e-13
"23359","HISEQ13:138:C6FWNANXX:2:2313:15632:34292_1:140728981",1.2e-13
"23360","HISEQ13:138:C6FWNANXX:2:2107:13355:29967_1:83510506",1.2e-13
"23361","HISEQ13:138:C6FWNANXX:2:1209:5292:26241_1:36994371",1.2e-13
"23362","HISEQ13:138:C6FWNANXX:2:2106:18953:91672_1:82960178",1.2e-13
"23363","HISEQ13:138:C6FWNANXX:2:1115:10188:19514_1:21723639",1.2e-13
"23364","HISEQ13:138:C6FWNANXX:2:2303:11303:37471_1:125900664",1.2e-13
"23365","HISEQ13:138:C6FWNANXX:2:2210:2542:80894_1:112693637",1.2e-13
"23366","HISEQ13:138:C6FWNANXX:2:1308:6857:84873_1:61219051",1.2e-13
"23367","HISEQ13:138:C6FWNANXX:2:1313:11681:16118_1:68050879",1.2e-13
"23368","HISEQ13:138:C6FWNANXX:2:1206:7390:27868_1:32486086",1.2e-13
"23369","HISEQ13:138:C6FWNANXX:2:2113:19666:20810_1:92399516",1.2e-13
"23370","HISEQ13:138:C6FWNANXX:2:1107:7257:89055_1:10192685",1.2e-13
"23371","HISEQ13:138:C6FWNANXX:2:1205:14800:67975_1:31603868",1.2e-13
"23372","HISEQ13:138:C6FWNANXX:2:2105:5992:19954_1:80464382",1.2e-13
"23373","HISEQ13:138:C6FWNANXX:2:2205:4341:65664_1:105087375",1.2e-13
"23374","HISEQ13:138:C6FWNANXX:2:1212:20376:22102_1:41601019",1.2e-13
"23375","HISEQ13:138:C6FWNANXX:2:2212:18205:76143_1:115710795",1.2e-13
"23376","HISEQ13:138:C6FWNANXX:2:2303:2942:17144_1:125611660",1.2e-13
"23377","HISEQ13:138:C6FWNANXX:2:1109:15605:46915_1:12619873",1.2e-13
"23378","HISEQ13:138:C6FWNANXX:2:2110:17133:71029_1:88616699",1.2e-13
"23379","HISEQ13:138:C6FWNANXX:2:2203:13184:9084_1:101443802",1.2e-13
"23380","HISEQ13:138:C6FWNANXX:2:1211:6776:91821_1:41159255",1.2e-13
"23381","HISEQ13:138:C6FWNANXX:2:1310:13059:19459_1:63304422",1.2e-13
"23382","HISEQ13:138:C6FWNANXX:2:1310:3081:25453_1:63397343",1.2e-13
"23383","HISEQ13:138:C6FWNANXX:2:2114:3635:96368_1:95206560",1.2e-13
"23384","HISEQ13:138:C6FWNANXX:2:1107:11200:85661_1:10139780",1.2e-13
"23385","HISEQ13:138:C6FWNANXX:2:2202:5143:80243_1:101044317",1.2e-13
"23386","HISEQ13:138:C6FWNANXX:2:2104:11892:95794_1:80133793",1.2e-13
"23387","HISEQ13:138:C6FWNANXX:2:1206:15301:88066_1:33399770",1.2e-13
"23388","HISEQ13:138:C6FWNANXX:2:1313:15953:56755_1:68728997",1.2e-13
"23389","HISEQ13:138:C6FWNANXX:2:1214:12068:99781_1:46160646",1.2e-13
"23390","HISEQ13:138:C6FWNANXX:2:2305:11355:21532_1:128502836",1.2e-13
"23391","HISEQ13:138:C6FWNANXX:2:1112:14912:91520_1:17975750",1.2e-13
"23392","HISEQ13:138:C6FWNANXX:2:1115:19677:75244_1:22664152",1.2e-13
"23393","HISEQ13:138:C6FWNANXX:2:1306:5811:68226_1:57910562",1.2e-13
"23394","HISEQ13:138:C6FWNANXX:2:2104:17707:41732_1:79354508",1.2e-13
"23395","HISEQ13:138:C6FWNANXX:2:2213:19520:74380_1:117266359",1.2e-13
"23396","HISEQ13:138:C6FWNANXX:2:2216:3559:54028_1:121812491",1.2e-13
"23397","HISEQ13:138:C6FWNANXX:2:2103:12681:98332_1:78747602",1.2e-13
"23398","HISEQ13:138:C6FWNANXX:2:1101:20014:83028_1:1202212",1.2e-13
"23399","HISEQ13:138:C6FWNANXX:2:2209:8947:62990_1:110914948",1.2e-13
"23400","HISEQ13:138:C6FWNANXX:2:2212:9589:62022_1:115486128",1.2e-13
"23401","HISEQ13:138:C6FWNANXX:2:2307:20784:11458_1:131246946",1.2e-13
"23402","HISEQ13:138:C6FWNANXX:2:1103:19373:14262_1:3107317",1.2e-13
"23403","HISEQ13:138:C6FWNANXX:2:1313:6793:16169_1:68049907",1.2e-13
"23404","HISEQ13:138:C6FWNANXX:2:2108:9236:76743_1:85690872",1.2e-13
"23405","HISEQ13:138:C6FWNANXX:2:2213:12776:34201_1:116617847",1.2e-13
"23406","HISEQ13:138:C6FWNANXX:2:2215:20175:75680_1:120522059",1.2e-13
"23407","HISEQ13:138:C6FWNANXX:2:2211:12149:71039_1:114079350",1.2e-13
"23408","HISEQ13:138:C6FWNANXX:2:1202:8122:82986_1:27445691",1.2e-13
"23409","HISEQ13:138:C6FWNANXX:2:2210:17588:51563_1:112250651",1.2e-13
"23410","HISEQ13:138:C6FWNANXX:2:1208:16943:81969_1:36326766",1.3e-13
"23411","HISEQ13:138:C6FWNANXX:2:2204:16228:14690_1:102930445",1.3e-13
"23412","HISEQ13:138:C6FWNANXX:2:2213:4589:98686_1:117653181",1.3e-13
"23413","HISEQ13:138:C6FWNANXX:2:1214:5030:33984_1:45049377",1.3e-13
"23414","HISEQ13:138:C6FWNANXX:2:1110:4015:23719_1:13814186",1.3e-13
"23415","HISEQ13:138:C6FWNANXX:2:2107:13808:63562_1:84011823",1.3e-13
"23416","HISEQ13:138:C6FWNANXX:2:1208:6366:51480_1:35852229",1.3e-13
"23417","HISEQ13:138:C6FWNANXX:2:1310:12824:87169_1:64379483",1.3e-13
"23418","HISEQ13:138:C6FWNANXX:2:2113:11979:85277_1:93429456",1.3e-13
"23419","HISEQ13:138:C6FWNANXX:2:2115:4686:60709_1:96233332",1.3e-13
"23420","HISEQ13:138:C6FWNANXX:2:1104:18469:44761_1:5027695",1.3e-13
"23421","HISEQ13:138:C6FWNANXX:2:2303:5306:27354_1:125757719",1.3e-13
"23422","HISEQ13:138:C6FWNANXX:2:1103:1503:8668_1:3018910",1.3e-13
"23423","HISEQ13:138:C6FWNANXX:2:2116:5604:39256_1:97512448",1.3e-13
"23424","HISEQ13:138:C6FWNANXX:2:2207:14981:94421_1:108413848",1.3e-13
"23425","HISEQ13:138:C6FWNANXX:2:2213:18612:60075_1:117037005",1.3e-13
"23426","HISEQ13:138:C6FWNANXX:2:2101:15401:39090_1:75092296",1.3e-13
"23427","HISEQ13:138:C6FWNANXX:2:1213:11427:7320_1:42973253",1.3e-13
"23428","HISEQ13:138:C6FWNANXX:2:2205:5191:40404_1:104721739",1.3e-13
"23429","HISEQ13:138:C6FWNANXX:2:2215:6347:51906_1:120125252",1.3e-13
"23430","HISEQ13:138:C6FWNANXX:2:2308:20993:70050_1:133601309",1.3e-13
"23431","HISEQ13:138:C6FWNANXX:2:1103:14903:2362_1:2928612",1.3e-13
"23432","HISEQ13:138:C6FWNANXX:2:1304:10711:43520_1:54558140",1.3e-13
"23433","HISEQ13:138:C6FWNANXX:2:1311:17421:85174_1:65942440",1.3e-13
"23434","HISEQ13:138:C6FWNANXX:2:2311:9493:94982_1:138546010",1.3e-13
"23435","HISEQ13:138:C6FWNANXX:2:2212:20466:18424_1:114796316",1.3e-13
"23436","HISEQ13:138:C6FWNANXX:2:2208:10596:23377_1:108827689",1.3e-13
"23437","HISEQ13:138:C6FWNANXX:2:2212:9325:17576_1:114782139",1.3e-13
"23438","HISEQ13:138:C6FWNANXX:2:2314:12800:51356_1:142612092",1.3e-13
"23439","HISEQ13:138:C6FWNANXX:2:1110:4015:69220_1:14533181",1.3e-13
"23440","HISEQ13:138:C6FWNANXX:2:1209:8426:47374_1:37324850",1.3e-13
"23441","HISEQ13:138:C6FWNANXX:2:2205:8829:43199_1:104762576",1.3e-13
"23442","HISEQ13:138:C6FWNANXX:2:2101:15353:83458_1:75722063",1.3e-13
"23443","HISEQ13:138:C6FWNANXX:2:2101:3378:90386_1:75818679",1.3e-13
"23444","HISEQ13:138:C6FWNANXX:2:1109:5749:84021_1:13208270",1.3e-13
"23445","HISEQ13:138:C6FWNANXX:2:1111:9814:21040_1:15338028",1.3e-13
"23446","HISEQ13:138:C6FWNANXX:2:1213:19376:17180_1:43134677",1.3e-13
"23447","HISEQ13:138:C6FWNANXX:2:2215:7304:91599_1:120784353",1.3e-13
"23448","HISEQ13:138:C6FWNANXX:2:2304:18185:6189_1:126860649",1.3e-13
"23449","HISEQ13:138:C6FWNANXX:2:1214:9000:59199_1:45474323",1.3e-13
"23450","HISEQ13:138:C6FWNANXX:2:2215:3828:56932_1:120207981",1.3e-13
"23451","HISEQ13:138:C6FWNANXX:2:1314:11889:100422_1:71134777",1.3e-13
"23452","HISEQ13:138:C6FWNANXX:2:2206:6797:78064_1:106715834",1.3e-13
"23453","HISEQ13:138:C6FWNANXX:2:2216:2891:67276_1:122037359",1.3e-13
"23454","HISEQ13:138:C6FWNANXX:2:2309:14279:32707_1:134529113",1.3e-13
"23455","HISEQ13:138:C6FWNANXX:2:1101:16326:54031_1:772616",1.3e-13
"23456","HISEQ13:138:C6FWNANXX:2:1108:2542:76822_1:11536528",1.3e-13
"23457","HISEQ13:138:C6FWNANXX:2:2104:5954:34047_1:79244320",1.3e-13
"23458","HISEQ13:138:C6FWNANXX:2:1114:8990:18571_1:20042120",1.3e-13
"23459","HISEQ13:138:C6FWNANXX:2:1312:15308:68036_1:67279233",1.3e-13
"23460","HISEQ13:138:C6FWNANXX:2:2316:4477:35397_1:145620253",1.3e-13
"23461","HISEQ13:138:C6FWNANXX:2:1102:17277:74224_1:2527218",1.3e-13
"23462","HISEQ13:138:C6FWNANXX:2:1113:11494:46026_1:18852398",1.3e-13
"23463","HISEQ13:138:C6FWNANXX:2:1201:20036:55527_1:25595541",1.3e-13
"23464","HISEQ13:138:C6FWNANXX:2:1209:20848:11079_1:36764703",1.3e-13
"23465","HISEQ13:138:C6FWNANXX:2:1214:6126:47889_1:45285133",1.3e-13
"23466","HISEQ13:138:C6FWNANXX:2:1313:6349:35122_1:68364778",1.3e-13
"23467","HISEQ13:138:C6FWNANXX:2:2210:7464:53487_1:112275527",1.3e-13
"23468","HISEQ13:138:C6FWNANXX:2:2212:17988:49016_1:115282524",1.3e-13
"23469","HISEQ13:138:C6FWNANXX:2:2304:2280:77099_1:127876285",1.3e-13
"23470","HISEQ13:138:C6FWNANXX:2:2308:12952:27933_1:132961804",1.3e-13
"23471","HISEQ13:138:C6FWNANXX:2:1305:3869:38157_1:55955018",1.3e-13
"23472","HISEQ13:138:C6FWNANXX:2:1214:4383:80449_1:45831120",1.3e-13
"23473","HISEQ13:138:C6FWNANXX:2:2104:10252:49177_1:79460975",1.3e-13
"23474","HISEQ13:138:C6FWNANXX:2:1108:2034:51643_1:11141163",1.3e-13
"23475","HISEQ13:138:C6FWNANXX:2:1213:2736:12846_1:43061442",1.3e-13
"23476","HISEQ13:138:C6FWNANXX:2:2213:6169:31344_1:116572099",1.3e-13
"23477","HISEQ13:138:C6FWNANXX:2:1109:16921:2896_1:11928848",1.3e-13
"23478","HISEQ13:138:C6FWNANXX:2:1210:10554:100251_1:39706109",1.3e-13
"23479","HISEQ13:138:C6FWNANXX:2:2207:2716:12123_1:107196785",1.3e-13
"23480","HISEQ13:138:C6FWNANXX:2:1104:5321:20323_1:4659548",1.3e-13
"23481","HISEQ13:138:C6FWNANXX:2:1303:16705:11641_1:52619826",1.3e-13
"23482","HISEQ13:138:C6FWNANXX:2:2206:4341:47784_1:106269525",1.3e-13
"23483","HISEQ13:138:C6FWNANXX:2:1213:13442:5759_1:42948843",1.3e-13
"23484","HISEQ13:138:C6FWNANXX:2:2201:8174:56760_1:99306689",1.3e-13
"23485","HISEQ13:138:C6FWNANXX:2:1304:8658:62817_1:54846954",1.3e-13
"23486","HISEQ13:138:C6FWNANXX:2:2301:5332:56142_1:123368317",1.3e-13
"23487","HISEQ13:138:C6FWNANXX:2:1307:5995:79056_1:59595342",1.3e-13
"23488","HISEQ13:138:C6FWNANXX:2:1315:10602:49857_1:71957744",1.3e-13
"23489","HISEQ13:138:C6FWNANXX:2:2115:18609:10262_1:95419279",1.3e-13
"23490","HISEQ13:138:C6FWNANXX:2:1303:18986:62697_1:53374824",1.3e-13
"23491","HISEQ13:138:C6FWNANXX:2:1212:16379:3239_1:41327054",1.3e-13
"23492","HISEQ13:138:C6FWNANXX:2:2313:3971:64522_1:141216975",1.3e-13
"23493","HISEQ13:138:C6FWNANXX:2:1308:20974:77284_1:61103105",1.3e-13
"23494","HISEQ13:138:C6FWNANXX:2:1204:8979:89574_1:30451445",1.3e-13
"23495","HISEQ13:138:C6FWNANXX:2:1315:6012:69579_1:72297498",1.3e-13
"23496","HISEQ13:138:C6FWNANXX:2:1314:17615:39544_1:70102769",1.3e-13
"23497","HISEQ13:138:C6FWNANXX:2:2104:12009:95008_1:80123253",1.3e-13
"23498","HISEQ13:138:C6FWNANXX:2:1108:19582:24253_1:10721597",1.3e-13
"23499","HISEQ13:138:C6FWNANXX:2:1202:15763:90120_1:27553360",1.3e-13
"23500","HISEQ13:138:C6FWNANXX:2:1211:19525:65665_1:40739033",1.3e-13
"23501","HISEQ13:138:C6FWNANXX:2:2314:2418:93193_1:143297356",1.3e-13
"23502","HISEQ13:138:C6FWNANXX:2:1307:19362:58925_1:59285606",1.3e-13
"23503","HISEQ13:138:C6FWNANXX:2:1315:6511:78372_1:72447062",1.3e-13
"23504","HISEQ13:138:C6FWNANXX:2:2301:14571:3647_1:122629058",1.3e-13
"23505","HISEQ13:138:C6FWNANXX:2:2302:5101:94435_1:125305997",1.3e-13
"23506","HISEQ13:138:C6FWNANXX:2:2305:11100:33504_1:128675926",1.3e-13
"23507","HISEQ13:138:C6FWNANXX:2:1105:19778:72309_1:6920816",1.3e-13
"23508","HISEQ13:138:C6FWNANXX:2:1313:14381:20139_1:68117682",1.3e-13
"23509","HISEQ13:138:C6FWNANXX:2:2311:6575:64829_1:138070332",1.3e-13
"23510","HISEQ13:138:C6FWNANXX:2:1316:10299:35015_1:73414417",1.3e-13
"23511","HISEQ13:138:C6FWNANXX:2:2203:20186:61034_1:102187281",1.3e-13
"23512","HISEQ13:138:C6FWNANXX:2:1303:7787:67214_1:53439361",1.3e-13
"23513","HISEQ13:138:C6FWNANXX:2:1107:13210:15428_1:9063692",1.3e-13
"23514","HISEQ13:138:C6FWNANXX:2:2305:2246:91264_1:129514177",1.3e-13
"23515","HISEQ13:138:C6FWNANXX:2:2115:12167:60371_1:96230872",1.3e-13
"23516","HISEQ13:138:C6FWNANXX:2:2205:19569:95763_1:105528299",1.3e-13
"23517","HISEQ13:138:C6FWNANXX:2:2210:3500:40327_1:112076023",1.3e-13
"23518","HISEQ13:138:C6FWNANXX:2:1302:4406:79195_1:52155020",1.3e-13
"23519","HISEQ13:138:C6FWNANXX:2:1116:20066:90345_1:24626337",1.3e-13
"23520","HISEQ13:138:C6FWNANXX:2:1201:15795:88931_1:26083434",1.3e-13
"23521","HISEQ13:138:C6FWNANXX:2:1205:20922:57435_1:31448469",1.3e-13
"23522","HISEQ13:138:C6FWNANXX:2:1211:20236:91914_1:41162008",1.3e-13
"23523","HISEQ13:138:C6FWNANXX:2:2308:20129:51125_1:133314208",1.3e-13
"23524","HISEQ13:138:C6FWNANXX:2:2215:8643:40958_1:119945882",1.3e-13
"23525","HISEQ13:138:C6FWNANXX:2:1305:9069:20487_1:55690822",1.3e-13
"23526","HISEQ13:138:C6FWNANXX:2:1108:11994:41184_1:10979668",1.3e-13
"23527","HISEQ13:138:C6FWNANXX:2:1107:11429:64474_1:9813289",1.3e-13
"23528","HISEQ13:138:C6FWNANXX:2:1207:13282:62224_1:34503517",1.3e-13
"23529","HISEQ13:138:C6FWNANXX:2:1311:6839:7660_1:64684996",1.3e-13
"23530","HISEQ13:138:C6FWNANXX:2:1113:20764:17896_1:18390824",1.3e-13
"23531","HISEQ13:138:C6FWNANXX:2:1210:12642:14670_1:38362093",1.3e-13
"23532","HISEQ13:138:C6FWNANXX:2:1212:12916:41922_1:41919421",1.3e-13
"23533","HISEQ13:138:C6FWNANXX:2:1216:14716:21048_1:48186824",1.3e-13
"23534","HISEQ13:138:C6FWNANXX:2:2115:11806:96420_1:96820154",1.3e-13
"23535","HISEQ13:138:C6FWNANXX:2:2213:3299:22958_1:116435678",1.3e-13
"23536","HISEQ13:138:C6FWNANXX:2:2104:11918:86042_1:79994538",1.3e-13
"23537","HISEQ13:138:C6FWNANXX:2:2208:14201:4588_1:108548544",1.3e-13
"23538","HISEQ13:138:C6FWNANXX:2:2310:1754:33763_1:136059646",1.3e-13
"23539","HISEQ13:138:C6FWNANXX:2:1204:15645:17142_1:29375778",1.3e-13
"23540","HISEQ13:138:C6FWNANXX:2:1113:16339:56505_1:19027153",1.3e-13
"23541","HISEQ13:138:C6FWNANXX:2:2109:16857:54921_1:86862146",1.3e-13
"23542","HISEQ13:138:C6FWNANXX:2:2216:6413:72074_1:122118877",1.3e-13
"23543","HISEQ13:138:C6FWNANXX:2:2301:13739:76829_1:123662779",1.3e-13
"23544","HISEQ13:138:C6FWNANXX:2:2303:2942:17144_1:125611659",1.3e-13
"23545","HISEQ13:138:C6FWNANXX:2:1308:14236:40485_1:60523907",1.3e-13
"23546","HISEQ13:138:C6FWNANXX:2:2314:19711:14267_1:142006765",1.3e-13
"23547","HISEQ13:138:C6FWNANXX:2:1115:18146:21966_1:21763499",1.4e-13
"23548","HISEQ13:138:C6FWNANXX:2:1315:20595:60169_1:72136129",1.4e-13
"23549","HISEQ13:138:C6FWNANXX:2:2104:17344:31311_1:79206957",1.4e-13
"23550","HISEQ13:138:C6FWNANXX:2:1214:9877:52719_1:45365711",1.4e-13
"23551","HISEQ13:138:C6FWNANXX:2:1211:17042:89745_1:41125018",1.4e-13
"23552","HISEQ13:138:C6FWNANXX:2:1309:21014:70267_1:62551158",1.4e-13
"23553","HISEQ13:138:C6FWNANXX:2:2208:16561:37198_1:109033719",1.4e-13
"23554","HISEQ13:138:C6FWNANXX:2:2316:10439:52171_1:145903756",1.4e-13
"23555","HISEQ13:138:C6FWNANXX:2:1310:14571:34214_1:63539287",1.4e-13
"23556","HISEQ13:138:C6FWNANXX:2:1215:11907:81961_1:47530332",1.4e-13
"23557","HISEQ13:138:C6FWNANXX:2:1116:12717:80726_1:24455823",1.4e-13
"23558","HISEQ13:138:C6FWNANXX:2:1113:12694:30801_1:18602434",1.4e-13
"23559","HISEQ13:138:C6FWNANXX:2:1311:5524:51593_1:65393592",1.4e-13
"23560","HISEQ13:138:C6FWNANXX:2:2207:18746:63990_1:107961513",1.4e-13
"23561","HISEQ13:138:C6FWNANXX:2:2314:12136:66658_1:142864143",1.4e-13
"23562","HISEQ13:138:C6FWNANXX:2:2314:2864:3378_1:141824643",1.4e-13
"23563","HISEQ13:138:C6FWNANXX:2:1116:20738:51412_1:23954593",1.4e-13
"23564","HISEQ13:138:C6FWNANXX:2:1303:13443:18053_1:52715181",1.4e-13
"23565","HISEQ13:138:C6FWNANXX:2:1310:9550:36447_1:63574276",1.4e-13
"23566","HISEQ13:138:C6FWNANXX:2:2313:8964:22249_1:140529838",1.4e-13
"23567","HISEQ13:138:C6FWNANXX:2:2111:15885:90855_1:90496585",1.4e-13
"23568","HISEQ13:138:C6FWNANXX:2:2215:5359:22532_1:119643776",1.4e-13
"23569","HISEQ13:138:C6FWNANXX:2:2208:11014:20687_1:108786787",1.4e-13
"23570","HISEQ13:138:C6FWNANXX:2:1313:10233:93570_1:69342650",1.4e-13
"23571","HISEQ13:138:C6FWNANXX:2:1116:14125:83445_1:24504283",1.4e-13
"23572","HISEQ13:138:C6FWNANXX:2:1313:10369:89806_1:69280754",1.4e-13
"23573","HISEQ13:138:C6FWNANXX:2:2208:15059:6557_1:108578343",1.4e-13
"23574","HISEQ13:138:C6FWNANXX:2:1210:13490:45851_1:38853793",1.4e-13
"23575","HISEQ13:138:C6FWNANXX:2:1201:8436:93832_1:26156196",1.4e-13
"23576","HISEQ13:138:C6FWNANXX:2:1207:18194:47285_1:34280929",1.4e-13
"23577","HISEQ13:138:C6FWNANXX:2:1212:8542:4703_1:41348428",1.4e-13
"23578","HISEQ13:138:C6FWNANXX:2:2103:2528:51861_1:78084717",1.4e-13
"23579","HISEQ13:138:C6FWNANXX:2:2107:18254:52755_1:83853085",1.4e-13
"23580","HISEQ13:138:C6FWNANXX:2:1115:7793:34634_1:21976815",1.4e-13
"23581","HISEQ13:138:C6FWNANXX:2:1206:8632:58446_1:32949896",1.4e-13
"23582","HISEQ13:138:C6FWNANXX:2:1307:14411:68307_1:59431400",1.4e-13
"23583","HISEQ13:138:C6FWNANXX:2:2206:4804:5970_1:105655288",1.4e-13
"23584","HISEQ13:138:C6FWNANXX:2:1114:8990:18571_1:20042121",1.4e-13
"23585","HISEQ13:138:C6FWNANXX:2:1311:20344:82733_1:65902112",1.4e-13
"23586","HISEQ13:138:C6FWNANXX:2:2106:4030:80076_1:82789037",1.4e-13
"23587","HISEQ13:138:C6FWNANXX:2:2114:18968:96015_1:95205659",1.4e-13
"23588","HISEQ13:138:C6FWNANXX:2:2116:7779:56062_1:97788208",1.4e-13
"23589","HISEQ13:138:C6FWNANXX:2:1107:8011:79967_1:10050527",1.4e-13
"23590","HISEQ13:138:C6FWNANXX:2:2203:18308:97216_1:102701979",1.4e-13
"23591","HISEQ13:138:C6FWNANXX:2:1113:2431:58870_1:19061562",1.4e-13
"23592","HISEQ13:138:C6FWNANXX:2:1208:6948:57932_1:35953057",1.4e-13
"23593","HISEQ13:138:C6FWNANXX:2:1213:4606:56132_1:43774268",1.4e-13
"23594","HISEQ13:138:C6FWNANXX:2:2104:3505:79853_1:79903617",1.4e-13
"23595","HISEQ13:138:C6FWNANXX:2:2112:15749:81591_1:91795231",1.4e-13
"23596","HISEQ13:138:C6FWNANXX:2:1213:13429:69006_1:43991666",1.4e-13
"23597","HISEQ13:138:C6FWNANXX:2:1111:3536:91175_1:16515152",1.4e-13
"23598","HISEQ13:138:C6FWNANXX:2:1116:17453:95863_1:24718766",1.4e-13
"23599","HISEQ13:138:C6FWNANXX:2:2314:12724:29768_1:142257691",1.4e-13
"23600","HISEQ13:138:C6FWNANXX:2:1206:11532:94861_1:33501066",1.4e-13
"23601","HISEQ13:138:C6FWNANXX:2:1207:1935:16813_1:33816534",1.4e-13
"23602","HISEQ13:138:C6FWNANXX:2:1316:18647:85410_1:74295901",1.4e-13
"23603","HISEQ13:138:C6FWNANXX:2:2204:14115:31319_1:103171497",1.4e-13
"23604","HISEQ13:138:C6FWNANXX:2:2311:3993:82097_1:138343479",1.4e-13
"23605","HISEQ13:138:C6FWNANXX:2:1104:12575:47862_1:5071321",1.4e-13
"23606","HISEQ13:138:C6FWNANXX:2:1113:5486:79824_1:19411561",1.4e-13
"23607","HISEQ13:138:C6FWNANXX:2:1116:4625:66898_1:24215988",1.4e-13
"23608","HISEQ13:138:C6FWNANXX:2:1308:17532:44332_1:60586851",1.4e-13
"23609","HISEQ13:138:C6FWNANXX:2:1311:8131:84258_1:65928249",1.4e-13
"23610","HISEQ13:138:C6FWNANXX:2:2111:10022:25416_1:89429295",1.4e-13
"23611","HISEQ13:138:C6FWNANXX:2:2307:8237:86858_1:132365235",1.4e-13
"23612","HISEQ13:138:C6FWNANXX:2:2311:7981:84491_1:138379881",1.4e-13
"23613","HISEQ13:138:C6FWNANXX:2:1113:8133:80208_1:19416342",1.4e-13
"23614","HISEQ13:138:C6FWNANXX:2:1315:9908:49263_1:71949055",1.4e-13
"23615","HISEQ13:138:C6FWNANXX:2:2115:19326:21900_1:95606725",1.4e-13
"23616","HISEQ13:138:C6FWNANXX:2:1102:8346:59817_1:2314823",1.4e-13
"23617","HISEQ13:138:C6FWNANXX:2:1207:14586:70367_1:34630502",1.4e-13
"23618","HISEQ13:138:C6FWNANXX:2:1312:13097:19759_1:66490041",1.4e-13
"23619","HISEQ13:138:C6FWNANXX:2:2201:9343:4450_1:98558779",1.4e-13
"23620","HISEQ13:138:C6FWNANXX:2:2205:18186:15170_1:104359905",1.4e-13
"23621","HISEQ13:138:C6FWNANXX:2:2311:1532:5257_1:137137597",1.4e-13
"23622","HISEQ13:138:C6FWNANXX:2:1212:4428:78782_1:42522405",1.4e-13
"23623","HISEQ13:138:C6FWNANXX:2:2209:12552:60847_1:110885098",1.4e-13
"23624","HISEQ13:138:C6FWNANXX:2:2306:20562:56296_1:130454073",1.4e-13
"23625","HISEQ13:138:C6FWNANXX:2:1314:9974:100573_1:71138475",1.4e-13
"23626","HISEQ13:138:C6FWNANXX:2:2312:2614:58354_1:139530352",1.4e-13
"23627","HISEQ13:138:C6FWNANXX:2:1116:7328:4727_1:23148130",1.4e-13
"23628","HISEQ13:138:C6FWNANXX:2:1314:14325:47707_1:70238155",1.4e-13
"23629","HISEQ13:138:C6FWNANXX:2:1101:2668:12121_1:148734",1.4e-13
"23630","HISEQ13:138:C6FWNANXX:2:2311:12868:9016_1:137198753",1.4e-13
"23631","HISEQ13:138:C6FWNANXX:2:1115:2844:66512_1:22517631",1.4e-13
"23632","HISEQ13:138:C6FWNANXX:2:1302:17044:73646_1:52075703",1.4e-13
"23633","HISEQ13:138:C6FWNANXX:2:1316:19398:10674_1:72991238",1.4e-13
"23634","HISEQ13:138:C6FWNANXX:2:1301:2967:54165_1:50333616",1.4e-13
"23635","HISEQ13:138:C6FWNANXX:2:1212:11016:58772_1:42196530",1.4e-13
"23636","HISEQ13:138:C6FWNANXX:2:1312:19110:8179_1:66299322",1.4e-13
"23637","HISEQ13:138:C6FWNANXX:2:2115:10519:40956_1:95913837",1.4e-13
"23638","HISEQ13:138:C6FWNANXX:2:1109:6048:87313_1:13259381",1.4e-13
"23639","HISEQ13:138:C6FWNANXX:2:1206:21006:99799_1:33578489",1.4e-13
"23640","HISEQ13:138:C6FWNANXX:2:1301:13122:5622_1:49622155",1.4e-13
"23641","HISEQ13:138:C6FWNANXX:2:2307:7900:73201_1:132160687",1.4e-13
"23642","HISEQ13:138:C6FWNANXX:2:2106:17217:40591_1:82209008",1.4e-13
"23643","HISEQ13:138:C6FWNANXX:2:1204:13661:13796_1:29329369",1.4e-13
"23644","HISEQ13:138:C6FWNANXX:2:2204:7580:88634_1:103992413",1.4e-13
"23645","HISEQ13:138:C6FWNANXX:2:2213:19546:94172_1:117583666",1.4e-13
"23646","HISEQ13:138:C6FWNANXX:2:1212:6904:95979_1:42802469",1.4e-13
"23647","HISEQ13:138:C6FWNANXX:2:1213:20792:88160_1:44307067",1.4e-13
"23648","HISEQ13:138:C6FWNANXX:2:1104:11864:46882_1:5056234",1.4e-13
"23649","HISEQ13:138:C6FWNANXX:2:2116:2021:28873_1:97337747",1.4e-13
"23650","HISEQ13:138:C6FWNANXX:2:2206:4341:47784_1:106269526",1.4e-13
"23651","HISEQ13:138:C6FWNANXX:2:2213:1984:99245_1:117660779",1.4e-13
"23652","HISEQ13:138:C6FWNANXX:2:1109:1790:74854_1:13060959",1.4e-13
"23653","HISEQ13:138:C6FWNANXX:2:1206:2611:6947_1:32169177",1.4e-13
"23654","HISEQ13:138:C6FWNANXX:2:1316:15405:89934_1:74373820",1.4e-13
"23655","HISEQ13:138:C6FWNANXX:2:1211:5485:59975_1:40643277",1.4e-13
"23656","HISEQ13:138:C6FWNANXX:2:2111:6946:20596_1:89355161",1.4e-13
"23657","HISEQ13:138:C6FWNANXX:2:1112:5747:48016_1:17263834",1.4e-13
"23658","HISEQ13:138:C6FWNANXX:2:1314:8052:54873_1:70359606",1.4e-13
"23659","HISEQ13:138:C6FWNANXX:2:1109:5754:12297_1:12075439",1.4e-13
"23660","HISEQ13:138:C6FWNANXX:2:1110:18410:69632_1:14544020",1.4e-13
"23661","HISEQ13:138:C6FWNANXX:2:2202:13590:100177_1:101332744",1.4e-13
"23662","HISEQ13:138:C6FWNANXX:2:2204:1905:11986_1:102890606",1.4e-13
"23663","HISEQ13:138:C6FWNANXX:2:2216:9866:50061_1:121746228",1.4e-13
"23664","HISEQ13:138:C6FWNANXX:2:1107:12611:63396_1:9798161",1.4e-13
"23665","HISEQ13:138:C6FWNANXX:2:1216:4912:14099_1:48064287",1.4e-13
"23666","HISEQ13:138:C6FWNANXX:2:1103:4220:81182_1:4094216",1.4e-13
"23667","HISEQ13:138:C6FWNANXX:2:1104:19992:76754_1:5505574",1.4e-13
"23668","HISEQ13:138:C6FWNANXX:2:1201:15713:48473_1:25487414",1.4e-13
"23669","HISEQ13:138:C6FWNANXX:2:1309:4251:47799_1:62190429",1.4e-13
"23670","HISEQ13:138:C6FWNANXX:2:2311:8546:81756_1:138340569",1.4e-13
"23671","HISEQ13:138:C6FWNANXX:2:1303:8051:41400_1:53059014",1.4e-13
"23672","HISEQ13:138:C6FWNANXX:2:2108:13623:25255_1:84918037",1.4e-13
"23673","HISEQ13:138:C6FWNANXX:2:1102:2501:77370_1:2572782",1.4e-13
"23674","HISEQ13:138:C6FWNANXX:2:1113:8657:41818_1:18782288",1.4e-13
"23675","HISEQ13:138:C6FWNANXX:2:1212:9051:23739_1:41622693",1.4e-13
"23676","HISEQ13:138:C6FWNANXX:2:2110:10625:91491_1:88924715",1.4e-13
"23677","HISEQ13:138:C6FWNANXX:2:2312:20204:60144_1:139561299",1.4e-13
"23678","HISEQ13:138:C6FWNANXX:2:1204:17429:8793_1:29266627",1.4e-13
"23679","HISEQ13:138:C6FWNANXX:2:2206:6955:57248_1:106406037",1.4e-13
"23680","HISEQ13:138:C6FWNANXX:2:2116:3303:3020_1:96910645",1.4e-13
"23681","HISEQ13:138:C6FWNANXX:2:1205:8025:17048_1:30845203",1.4e-13
"23682","HISEQ13:138:C6FWNANXX:2:1112:11924:92531_1:17991203",1.4e-13
"23683","HISEQ13:138:C6FWNANXX:2:1315:5924:38911_1:71768023",1.4e-13
"23684","HISEQ13:138:C6FWNANXX:2:2110:18467:87914_1:88872412",1.4e-13
"23685","HISEQ13:138:C6FWNANXX:2:2113:3858:46025_1:92798189",1.4e-13
"23686","HISEQ13:138:C6FWNANXX:2:2315:3982:25082_1:143806314",1.4e-13
"23687","HISEQ13:138:C6FWNANXX:2:1102:19660:55801_1:2258020",1.4e-13
"23688","HISEQ13:138:C6FWNANXX:2:1212:10506:10698_1:41432072",1.4e-13
"23689","HISEQ13:138:C6FWNANXX:2:2203:13874:51679_1:102051251",1.4e-13
"23690","HISEQ13:138:C6FWNANXX:2:1309:17372:35368_1:61996119",1.4e-13
"23691","HISEQ13:138:C6FWNANXX:2:1101:14755:83186_1:1201335",1.4e-13
"23692","HISEQ13:138:C6FWNANXX:2:1108:11544:41124_1:10979606",1.4e-13
"23693","HISEQ13:138:C6FWNANXX:2:2202:17218:86565_1:101139135",1.4e-13
"23694","HISEQ13:138:C6FWNANXX:2:1116:10747:17797_1:23377060",1.4e-13
"23695","HISEQ13:138:C6FWNANXX:2:1211:19950:43820_1:40387780",1.4e-13
"23696","HISEQ13:138:C6FWNANXX:2:1305:11455:54835_1:56209255",1.4e-13
"23697","HISEQ13:138:C6FWNANXX:2:1312:4903:3840_1:66226487",1.4e-13
"23698","HISEQ13:138:C6FWNANXX:2:2202:19408:87580_1:101153711",1.4e-13
"23699","HISEQ13:138:C6FWNANXX:2:2312:14529:68631_1:139694607",1.4e-13
"23700","HISEQ13:138:C6FWNANXX:2:1203:17361:46807_1:28372145",1.4e-13
"23701","HISEQ13:138:C6FWNANXX:2:1315:15799:49211_1:71946036",1.4e-13
"23702","HISEQ13:138:C6FWNANXX:2:2105:7641:96151_1:81570903",1.4e-13
"23703","HISEQ13:138:C6FWNANXX:2:2216:18531:97005_1:122544542",1.4e-13
"23704","HISEQ13:138:C6FWNANXX:2:2311:5743:43712_1:137736655",1.4e-13
"23705","HISEQ13:138:C6FWNANXX:2:1208:7396:3127_1:35110959",1.4e-13
"23706","HISEQ13:138:C6FWNANXX:2:1104:6869:12663_1:4544457",1.5e-13
"23707","HISEQ13:138:C6FWNANXX:2:1104:8033:19165_1:4641436",1.5e-13
"23708","HISEQ13:138:C6FWNANXX:2:2106:1695:4043_1:81670395",1.5e-13
"23709","HISEQ13:138:C6FWNANXX:2:2203:4748:44946_1:101953811",1.5e-13
"23710","HISEQ13:138:C6FWNANXX:2:2305:20540:13801_1:128392086",1.5e-13
"23711","HISEQ13:138:C6FWNANXX:2:1302:10324:90082_1:52317623",1.5e-13
"23712","HISEQ13:138:C6FWNANXX:2:1310:14202:72495_1:64146896",1.5e-13
"23713","HISEQ13:138:C6FWNANXX:2:2105:17469:32585_1:80651378",1.5e-13
"23714","HISEQ13:138:C6FWNANXX:2:2312:20018:9188_1:138754557",1.5e-13
"23715","HISEQ13:138:C6FWNANXX:2:1106:19403:75191_1:8467201",1.5e-13
"23716","HISEQ13:138:C6FWNANXX:2:1105:4702:24084_1:6194414",1.5e-13
"23717","HISEQ13:138:C6FWNANXX:2:1310:20691:22564_1:63357408",1.5e-13
"23718","HISEQ13:138:C6FWNANXX:2:1202:12324:90025_1:27552660",1.5e-13
"23719","HISEQ13:138:C6FWNANXX:2:1203:9833:17272_1:27936799",1.5e-13
"23720","HISEQ13:138:C6FWNANXX:2:1207:1673:92654_1:34967698",1.5e-13
"23721","HISEQ13:138:C6FWNANXX:2:1302:10324:90082_1:52317622",1.5e-13
"23722","HISEQ13:138:C6FWNANXX:2:1312:8311:41284_1:66839671",1.5e-13
"23723","HISEQ13:138:C6FWNANXX:2:2209:3625:25834_1:110352407",1.5e-13
"23724","HISEQ13:138:C6FWNANXX:2:2113:20559:47349_1:92821503",1.5e-13
"23725","HISEQ13:138:C6FWNANXX:2:2306:3646:52234_1:130388635",1.5e-13
"23726","HISEQ13:138:C6FWNANXX:2:1209:13368:86675_1:37940232",1.5e-13
"23727","HISEQ13:138:C6FWNANXX:2:1116:3223:21315_1:23435494",1.5e-13
"23728","HISEQ13:138:C6FWNANXX:2:2305:15118:87739_1:129461958",1.5e-13
"23729","HISEQ13:138:C6FWNANXX:2:1316:20338:97264_1:74504170",1.5e-13
"23730","HISEQ13:138:C6FWNANXX:2:2104:5238:32966_1:79226065",1.5e-13
"23731","HISEQ13:138:C6FWNANXX:2:2112:3437:50532_1:91302319",1.5e-13
"23732","HISEQ13:138:C6FWNANXX:2:2316:10839:95358_1:146633602",1.5e-13
"23733","HISEQ13:138:C6FWNANXX:2:1106:17948:84774_1:8614767",1.5e-13
"23734","HISEQ13:138:C6FWNANXX:2:1301:18227:56798_1:50376895",1.5e-13
"23735","HISEQ13:138:C6FWNANXX:2:2101:2924:96004_1:75900552",1.5e-13
"23736","HISEQ13:138:C6FWNANXX:2:2315:12113:71470_1:144569968",1.5e-13
"23737","HISEQ13:138:C6FWNANXX:2:1314:9451:91813_1:70989354",1.5e-13
"23738","HISEQ13:138:C6FWNANXX:2:1115:4834:33734_1:21959173",1.5e-13
"23739","HISEQ13:138:C6FWNANXX:2:2111:3683:41211_1:89672570",1.5e-13
"23740","HISEQ13:138:C6FWNANXX:2:1209:9233:85720_1:37923783",1.5e-13
"23741","HISEQ13:138:C6FWNANXX:2:1102:17201:83519_1:2667662",1.5e-13
"23742","HISEQ13:138:C6FWNANXX:2:2108:13495:46924_1:85241911",1.5e-13
"23743","HISEQ13:138:C6FWNANXX:2:2206:4459:24014_1:105921547",1.5e-13
"23744","HISEQ13:138:C6FWNANXX:2:1305:4495:68475_1:56409473",1.5e-13
"23745","HISEQ13:138:C6FWNANXX:2:2105:12439:45463_1:80835855",1.5e-13
"23746","HISEQ13:138:C6FWNANXX:2:2312:17168:9339_1:138757946",1.5e-13
"23747","HISEQ13:138:C6FWNANXX:2:1302:17713:95359_1:52396825",1.5e-13
"23748","HISEQ13:138:C6FWNANXX:2:1304:13449:27520_1:54320381",1.5e-13
"23749","HISEQ13:138:C6FWNANXX:2:2105:19114:77640_1:81303236",1.5e-13
"23750","HISEQ13:138:C6FWNANXX:2:1106:10332:31203_1:7793869",1.5e-13
"23751","HISEQ13:138:C6FWNANXX:2:1216:2380:43811_1:48577940",1.5e-13
"23752","HISEQ13:138:C6FWNANXX:2:1113:3156:25846_1:18518698",1.5e-13
"23753","HISEQ13:138:C6FWNANXX:2:2111:6749:91767_1:90511799",1.5e-13
"23754","HISEQ13:138:C6FWNANXX:2:2212:20045:90568_1:115943095",1.5e-13
"23755","HISEQ13:138:C6FWNANXX:2:2304:16943:57169_1:127592365",1.5e-13
"23756","HISEQ13:138:C6FWNANXX:2:2305:6446:76125_1:129293210",1.5e-13
"23757","HISEQ13:138:C6FWNANXX:2:2205:8086:23436_1:104478099",1.5e-13
"23758","HISEQ13:138:C6FWNANXX:2:1212:10759:45290_1:41976604",1.5e-13
"23759","HISEQ13:138:C6FWNANXX:2:2210:7374:39000_1:112057717",1.5e-13
"23760","HISEQ13:138:C6FWNANXX:2:2212:2925:36030_1:115074929",1.5e-13
"23761","HISEQ13:138:C6FWNANXX:2:1104:19291:5839_1:4447526",1.5e-13
"23762","HISEQ13:138:C6FWNANXX:2:1316:17424:67269_1:73980754",1.5e-13
"23763","HISEQ13:138:C6FWNANXX:2:2214:19059:29073_1:118135068",1.5e-13
"23764","HISEQ13:138:C6FWNANXX:2:1102:15451:88690_1:2741590",1.5e-13
"23765","HISEQ13:138:C6FWNANXX:2:1104:2560:97776_1:5816219",1.5e-13
"23766","HISEQ13:138:C6FWNANXX:2:1204:21072:90388_1:30465028",1.5e-13
"23767","HISEQ13:138:C6FWNANXX:2:1205:21192:61978_1:31515666",1.5e-13
"23768","HISEQ13:138:C6FWNANXX:2:2305:4263:84645_1:129416498",1.5e-13
"23769","HISEQ13:138:C6FWNANXX:2:2211:18677:36910_1:113545494",1.5e-13
"23770","HISEQ13:138:C6FWNANXX:2:1206:10263:45458_1:32752734",1.5e-13
"23771","HISEQ13:138:C6FWNANXX:2:1209:7803:45244_1:37289433",1.5e-13
"23772","HISEQ13:138:C6FWNANXX:2:1306:10379:77258_1:58053104",1.5e-13
"23773","HISEQ13:138:C6FWNANXX:2:1202:10675:10675_1:26386279",1.5e-13
"23774","HISEQ13:138:C6FWNANXX:2:1116:17818:13938_1:23309859",1.5e-13
"23775","HISEQ13:138:C6FWNANXX:2:1203:7872:43125_1:28315614",1.5e-13
"23776","HISEQ13:138:C6FWNANXX:2:2110:15336:18899_1:87818806",1.5e-13
"23777","HISEQ13:138:C6FWNANXX:2:2115:16789:39203_1:95886665",1.5e-13
"23778","HISEQ13:138:C6FWNANXX:2:2116:19690:78937_1:98163609",1.5e-13
"23779","HISEQ13:138:C6FWNANXX:2:2116:18260:75999_1:98113763",1.5e-13
"23780","HISEQ13:138:C6FWNANXX:2:1103:15205:5338_1:2973584",1.5e-13
"23781","HISEQ13:138:C6FWNANXX:2:2111:8618:21307_1:89366859",1.5e-13
"23782","HISEQ13:138:C6FWNANXX:2:1304:6987:10021_1:54059256",1.5e-13
"23783","HISEQ13:138:C6FWNANXX:2:1115:9564:33694_1:21960150",1.5e-13
"23784","HISEQ13:138:C6FWNANXX:2:2210:1632:7080_1:111568353",1.5e-13
"23785","HISEQ13:138:C6FWNANXX:2:1216:5963:84844_1:49292007",1.5e-13
"23786","HISEQ13:138:C6FWNANXX:2:2214:11130:20871_1:117999257",1.5e-13
"23787","HISEQ13:138:C6FWNANXX:2:2216:3877:44946_1:121656217",1.5e-13
"23788","HISEQ13:138:C6FWNANXX:2:2308:2263:96689_1:133998611",1.5e-13
"23789","HISEQ13:138:C6FWNANXX:2:2308:3673:60696_1:133453996",1.5e-13
"23790","HISEQ13:138:C6FWNANXX:2:1101:1630:60250_1:859340",1.5e-13
"23791","HISEQ13:138:C6FWNANXX:2:1204:18049:69239_1:30148655",1.5e-13
"23792","HISEQ13:138:C6FWNANXX:2:1210:15784:63399_1:39127301",1.5e-13
"23793","HISEQ13:138:C6FWNANXX:2:1211:19511:83134_1:41020732",1.5e-13
"23794","HISEQ13:138:C6FWNANXX:2:1212:8747:24427_1:41634739",1.5e-13
"23795","HISEQ13:138:C6FWNANXX:2:1314:3930:27607_1:69896106",1.5e-13
"23796","HISEQ13:138:C6FWNANXX:2:2102:4635:16102_1:76168720",1.5e-13
"23797","HISEQ13:138:C6FWNANXX:2:2103:8907:26650_1:77726345",1.5e-13
"23798","HISEQ13:138:C6FWNANXX:2:2113:21026:97607_1:93628317",1.5e-13
"23799","HISEQ13:138:C6FWNANXX:2:1203:12972:69049_1:28697832",1.5e-13
"23800","HISEQ13:138:C6FWNANXX:2:1313:15164:63262_1:68836940",1.5e-13
"23801","HISEQ13:138:C6FWNANXX:2:1206:13063:64273_1:33041330",1.5e-13
"23802","HISEQ13:138:C6FWNANXX:2:2107:6096:65351_1:84036708",1.5e-13
"23803","HISEQ13:138:C6FWNANXX:2:2202:8239:46846_1:100570712",1.5e-13
"23804","HISEQ13:138:C6FWNANXX:2:2113:5602:20393_1:92389203",1.5e-13
"23805","HISEQ13:138:C6FWNANXX:2:2214:3511:30212_1:118148196",1.5e-13
"23806","HISEQ13:138:C6FWNANXX:2:1204:9697:2000_1:29166760",1.5e-13
"23807","HISEQ13:138:C6FWNANXX:2:1206:7889:29056_1:32505096",1.5e-13
"23808","HISEQ13:138:C6FWNANXX:2:1215:4118:83272_1:47554138",1.5e-13
"23809","HISEQ13:138:C6FWNANXX:2:1314:15882:54289_1:70352764",1.5e-13
"23810","HISEQ13:138:C6FWNANXX:2:2304:6819:61228_1:127648364",1.5e-13
"23811","HISEQ13:138:C6FWNANXX:2:2308:2322:66762_1:133548519",1.5e-13
"23812","HISEQ13:138:C6FWNANXX:2:2114:10824:49684_1:94447872",1.5e-13
"23813","HISEQ13:138:C6FWNANXX:2:2303:7509:61615_1:126244305",1.5e-13
"23814","HISEQ13:138:C6FWNANXX:2:1102:2296:77498_1:2572770",1.5e-13
"23815","HISEQ13:138:C6FWNANXX:2:2113:13775:8162_1:92196698",1.5e-13
"23816","HISEQ13:138:C6FWNANXX:2:1215:20922:91386_1:47695042",1.5e-13
"23817","HISEQ13:138:C6FWNANXX:2:2106:2922:61405_1:82513110",1.5e-13
"23818","HISEQ13:138:C6FWNANXX:2:2115:11772:54965_1:96140905",1.5e-13
"23819","HISEQ13:138:C6FWNANXX:2:2315:15691:7224_1:143510885",1.5e-13
"23820","HISEQ13:138:C6FWNANXX:2:2315:19508:42597_1:144099391",1.5e-13
"23821","HISEQ13:138:C6FWNANXX:2:1106:2857:71101_1:8403178",1.5e-13
"23822","HISEQ13:138:C6FWNANXX:2:2205:17699:73072_1:105197366",1.5e-13
"23823","HISEQ13:138:C6FWNANXX:2:1304:6214:18793_1:54189395",1.5e-13
"23824","HISEQ13:138:C6FWNANXX:2:1310:16482:84004_1:64332297",1.5e-13
"23825","HISEQ13:138:C6FWNANXX:2:2309:16942:74257_1:135167923",1.5e-13
"23826","HISEQ13:138:C6FWNANXX:2:1305:12318:97795_1:56857465",1.5e-13
"23827","HISEQ13:138:C6FWNANXX:2:1310:12792:21180_1:63332191",1.5e-13
"23828","HISEQ13:138:C6FWNANXX:2:2108:19266:28331_1:84963922",1.5e-13
"23829","HISEQ13:138:C6FWNANXX:2:1111:17838:22731_1:15363542",1.5e-13
"23830","HISEQ13:138:C6FWNANXX:2:1204:20110:2637_1:29178256",1.5e-13
"23831","HISEQ13:138:C6FWNANXX:2:2105:19714:74998_1:81263697",1.5e-13
"23832","HISEQ13:138:C6FWNANXX:2:2210:17312:65603_1:112465153",1.5e-13
"23833","HISEQ13:138:C6FWNANXX:2:1111:12528:67115_1:16086346",1.5e-13
"23834","HISEQ13:138:C6FWNANXX:2:2213:21207:47075_1:116827071",1.5e-13
"23835","HISEQ13:138:C6FWNANXX:2:1104:2292:54728_1:5169690",1.5e-13
"23836","HISEQ13:138:C6FWNANXX:2:2113:6869:9218_1:92211137",1.5e-13
"23837","HISEQ13:138:C6FWNANXX:2:2303:4187:65922_1:126303815",1.5e-13
"23838","HISEQ13:138:C6FWNANXX:2:1315:20225:18253_1:71421748",1.5e-13
"23839","HISEQ13:138:C6FWNANXX:2:1115:15407:62404_1:22448095",1.5e-13
"23840","HISEQ13:138:C6FWNANXX:2:2208:10326:34174_1:108987724",1.6e-13
"23841","HISEQ13:138:C6FWNANXX:2:1304:9083:77821_1:55070709",1.6e-13
"23842","HISEQ13:138:C6FWNANXX:2:2209:20303:72505_1:111065209",1.6e-13
"23843","HISEQ13:138:C6FWNANXX:2:2310:4190:85750_1:136856737",1.6e-13
"23844","HISEQ13:138:C6FWNANXX:2:2311:6391:97435_1:138585000",1.6e-13
"23845","HISEQ13:138:C6FWNANXX:2:1114:16111:54102_1:20638537",1.6e-13
"23846","HISEQ13:138:C6FWNANXX:2:1111:5386:37955_1:15603565",1.6e-13
"23847","HISEQ13:138:C6FWNANXX:2:1107:14973:3677_1:8882987",1.6e-13
"23848","HISEQ13:138:C6FWNANXX:2:1202:10792:23868_1:26581018",1.6e-13
"23849","HISEQ13:138:C6FWNANXX:2:1305:1676:5614_1:55467905",1.6e-13
"23850","HISEQ13:138:C6FWNANXX:2:2214:18276:68924_1:118785171",1.6e-13
"23851","HISEQ13:138:C6FWNANXX:2:1101:1473:74955_1:1076485",1.6e-13
"23852","HISEQ13:138:C6FWNANXX:2:1109:19849:48923_1:12652336",1.6e-13
"23853","HISEQ13:138:C6FWNANXX:2:1111:11312:68228_1:16103107",1.6e-13
"23854","HISEQ13:138:C6FWNANXX:2:2215:5670:19243_1:119585934",1.6e-13
"23855","HISEQ13:138:C6FWNANXX:2:2314:18825:63706_1:142815865",1.6e-13
"23856","HISEQ13:138:C6FWNANXX:2:1216:8146:56621_1:48799580",1.6e-13
"23857","HISEQ13:138:C6FWNANXX:2:1208:12129:61784_1:36016398",1.6e-13
"23858","HISEQ13:138:C6FWNANXX:2:2307:9917:34224_1:131581677",1.6e-13
"23859","HISEQ13:138:C6FWNANXX:2:1108:17957:34433_1:10875779",1.6e-13
"23860","HISEQ13:138:C6FWNANXX:2:2113:5760:60224_1:93023122",1.6e-13
"23861","HISEQ13:138:C6FWNANXX:2:2108:4627:96857_1:85996263",1.6e-13
"23862","HISEQ13:138:C6FWNANXX:2:2313:15891:100453_1:141798594",1.6e-13
"23863","HISEQ13:138:C6FWNANXX:2:2304:14799:17238_1:127018510",1.6e-13
"23864","HISEQ13:138:C6FWNANXX:2:1209:13972:48341_1:37341766",1.6e-13
"23865","HISEQ13:138:C6FWNANXX:2:1102:3257:49905_1:2166265",1.6e-13
"23866","HISEQ13:138:C6FWNANXX:2:1308:18042:34052_1:60427939",1.6e-13
"23867","HISEQ13:138:C6FWNANXX:2:2110:14278:28509_1:87967521",1.6e-13
"23868","HISEQ13:138:C6FWNANXX:2:1108:12334:25172_1:10731823",1.6e-13
"23869","HISEQ13:138:C6FWNANXX:2:2206:11773:78293_1:106720275",1.6e-13
"23870","HISEQ13:138:C6FWNANXX:2:2211:8941:15229_1:113203247",1.6e-13
"23871","HISEQ13:138:C6FWNANXX:2:1202:4960:82575_1:27441453",1.6e-13
"23872","HISEQ13:138:C6FWNANXX:2:2104:6789:69747_1:79755920",1.6e-13
"23873","HISEQ13:138:C6FWNANXX:2:2113:5931:21367_1:92404488",1.6e-13
"23874","HISEQ13:138:C6FWNANXX:2:1110:3687:75475_1:14631269",1.6e-13
"23875","HISEQ13:138:C6FWNANXX:2:1114:18014:7130_1:19851321",1.6e-13
"23876","HISEQ13:138:C6FWNANXX:2:2106:13187:60722_1:82503864",1.6e-13
"23877","HISEQ13:138:C6FWNANXX:2:2203:4723:27610_1:101706074",1.6e-13
"23878","HISEQ13:138:C6FWNANXX:2:2101:2768:8437_1:74650873",1.6e-13
"23879","HISEQ13:138:C6FWNANXX:2:2303:19194:46337_1:126030615",1.6e-13
"23880","HISEQ13:138:C6FWNANXX:2:2306:12095:19706_1:129911733",1.6e-13
"23881","HISEQ13:138:C6FWNANXX:2:1111:1622:93572_1:16561695",1.6e-13
"23882","HISEQ13:138:C6FWNANXX:2:1114:6612:97213_1:21361202",1.6e-13
"23883","HISEQ13:138:C6FWNANXX:2:1213:13718:89217_1:44322274",1.6e-13
"23884","HISEQ13:138:C6FWNANXX:2:1307:2431:82086_1:59641161",1.6e-13
"23885","HISEQ13:138:C6FWNANXX:2:2115:4515:56714_1:96167981",1.6e-13
"23886","HISEQ13:138:C6FWNANXX:2:1312:20647:21759_1:66524912",1.6e-13
"23887","HISEQ13:138:C6FWNANXX:2:2215:11619:7506_1:119398292",1.6e-13
"23888","HISEQ13:138:C6FWNANXX:2:1110:4942:7164_1:13553841",1.6e-13
"23889","HISEQ13:138:C6FWNANXX:2:1205:12442:68308_1:31610847",1.6e-13
"23890","HISEQ13:138:C6FWNANXX:2:1213:7505:91519_1:44362026",1.6e-13
"23891","HISEQ13:138:C6FWNANXX:2:1216:1951:30905_1:48352750",1.6e-13
"23892","HISEQ13:138:C6FWNANXX:2:2206:3132:58169_1:106419997",1.6e-13
"23893","HISEQ13:138:C6FWNANXX:2:2213:14524:43039_1:116762248",1.6e-13
"23894","HISEQ13:138:C6FWNANXX:2:2311:12129:12663_1:137253432",1.6e-13
"23895","HISEQ13:138:C6FWNANXX:2:1107:8926:72661_1:9939415",1.6e-13
"23896","HISEQ13:138:C6FWNANXX:2:1214:13322:68143_1:45626916",1.6e-13
"23897","HISEQ13:138:C6FWNANXX:2:1304:11905:27676_1:54320150",1.6e-13
"23898","HISEQ13:138:C6FWNANXX:2:2202:8547:12811_1:100088169",1.6e-13
"23899","HISEQ13:138:C6FWNANXX:2:2308:5052:86037_1:133839145",1.6e-13
"23900","HISEQ13:138:C6FWNANXX:2:1107:3913:96590_1:10307042",1.6e-13
"23901","HISEQ13:138:C6FWNANXX:2:1207:14651:40484_1:34173486",1.6e-13
"23902","HISEQ13:138:C6FWNANXX:2:1310:7207:12665_1:63196606",1.6e-13
"23903","HISEQ13:138:C6FWNANXX:2:1309:17069:49071_1:62212872",1.6e-13
"23904","HISEQ13:138:C6FWNANXX:2:1315:5644:65832_1:72232217",1.6e-13
"23905","HISEQ13:138:C6FWNANXX:2:2101:13445:46981_1:75202685",1.6e-13
"23906","HISEQ13:138:C6FWNANXX:2:1216:4580:37441_1:48466086",1.6e-13
"23907","HISEQ13:138:C6FWNANXX:2:1211:14582:45266_1:40410506",1.6e-13
"23908","HISEQ13:138:C6FWNANXX:2:1310:9643:79537_1:64259769",1.6e-13
"23909","HISEQ13:138:C6FWNANXX:2:2111:10022:25416_1:89429294",1.6e-13
"23910","HISEQ13:138:C6FWNANXX:2:2112:14618:77060_1:91723256",1.6e-13
"23911","HISEQ13:138:C6FWNANXX:2:2207:17154:89348_1:108339966",1.6e-13
"23912","HISEQ13:138:C6FWNANXX:2:2212:11443:94387_1:116001431",1.6e-13
"23913","HISEQ13:138:C6FWNANXX:2:1103:6558:32332_1:3372818",1.6e-13
"23914","HISEQ13:138:C6FWNANXX:2:2201:13617:42675_1:99105110",1.6e-13
"23915","HISEQ13:138:C6FWNANXX:2:2305:9011:57038_1:129018294",1.6e-13
"23916","HISEQ13:138:C6FWNANXX:2:2315:17687:41571_1:144081959",1.6e-13
"23917","HISEQ13:138:C6FWNANXX:2:1316:8760:57856_1:73812756",1.6e-13
"23918","HISEQ13:138:C6FWNANXX:2:2103:4945:26514_1:77725624",1.6e-13
"23919","HISEQ13:138:C6FWNANXX:2:1315:16181:18575_1:71425066",1.6e-13
"23920","HISEQ13:138:C6FWNANXX:2:2104:2685:7981_1:78866019",1.6e-13
"23921","HISEQ13:138:C6FWNANXX:2:1105:19570:40486_1:6441448",1.6e-13
"23922","HISEQ13:138:C6FWNANXX:2:1204:10818:83346_1:30359319",1.6e-13
"23923","HISEQ13:138:C6FWNANXX:2:2115:15225:96080_1:96816835",1.6e-13
"23924","HISEQ13:138:C6FWNANXX:2:2201:8046:38418_1:99043920",1.6e-13
"23925","HISEQ13:138:C6FWNANXX:2:1109:12431:43281_1:12564156",1.6e-13
"23926","HISEQ13:138:C6FWNANXX:2:1210:3012:9307_1:38277218",1.6e-13
"23927","HISEQ13:138:C6FWNANXX:2:2203:12118:49070_1:102015160",1.6e-13
"23928","HISEQ13:138:C6FWNANXX:2:2302:14244:45705_1:124616446",1.6e-13
"23929","HISEQ13:138:C6FWNANXX:2:2302:16674:45029_1:124609844",1.6e-13
"23930","HISEQ13:138:C6FWNANXX:2:1207:17020:89201_1:34917210",1.6e-13
"23931","HISEQ13:138:C6FWNANXX:2:2207:3051:38827_1:107589078",1.6e-13
"23932","HISEQ13:138:C6FWNANXX:2:1109:14776:13233_1:12089109",1.6e-13
"23933","HISEQ13:138:C6FWNANXX:2:2211:2600:12952_1:113167212",1.6e-13
"23934","HISEQ13:138:C6FWNANXX:2:2302:5101:94435_1:125305996",1.6e-13
"23935","HISEQ13:138:C6FWNANXX:2:1313:7743:54833_1:68693744",1.6e-13
"23936","HISEQ13:138:C6FWNANXX:2:2208:7781:43344_1:109125808",1.6e-13
"23937","HISEQ13:138:C6FWNANXX:2:2302:3358:78951_1:125085628",1.6e-13
"23938","HISEQ13:138:C6FWNANXX:2:1114:14720:32921_1:20281818",1.6e-13
"23939","HISEQ13:138:C6FWNANXX:2:1308:11998:78602_1:61120951",1.6e-13
"23940","HISEQ13:138:C6FWNANXX:2:1102:10655:86982_1:2714572",1.6e-13
"23941","HISEQ13:138:C6FWNANXX:2:2114:16844:62988_1:94665652",1.6e-13
"23942","HISEQ13:138:C6FWNANXX:2:2312:16749:94161_1:140102684",1.6e-13
"23943","HISEQ13:138:C6FWNANXX:2:1102:9607:35192_1:1950781",1.7e-13
"23944","HISEQ13:138:C6FWNANXX:2:1216:13850:70683_1:49044236",1.7e-13
"23945","HISEQ13:138:C6FWNANXX:2:1305:10452:80787_1:56600479",1.7e-13
"23946","HISEQ13:138:C6FWNANXX:2:1309:10578:64466_1:62453689",1.7e-13
"23947","HISEQ13:138:C6FWNANXX:2:2115:7412:67024_1:96340063",1.7e-13
"23948","HISEQ13:138:C6FWNANXX:2:2207:5809:65306_1:107981770",1.7e-13
"23949","HISEQ13:138:C6FWNANXX:2:2206:16043:26489_1:105956867",1.7e-13
"23950","HISEQ13:138:C6FWNANXX:2:1205:6529:39010_1:31171820",1.7e-13
"23951","HISEQ13:138:C6FWNANXX:2:2213:15384:73449_1:117249649",1.7e-13
"23952","HISEQ13:138:C6FWNANXX:2:1209:20674:66859_1:37632707",1.7e-13
"23953","HISEQ13:138:C6FWNANXX:2:1215:10417:7431_1:46268278",1.7e-13
"23954","HISEQ13:138:C6FWNANXX:2:2116:7812:11628_1:97052553",1.7e-13
"23955","HISEQ13:138:C6FWNANXX:2:1115:5740:31793_1:21929675",1.7e-13
"23956","HISEQ13:138:C6FWNANXX:2:2316:5170:88510_1:146519454",1.7e-13
"23957","HISEQ13:138:C6FWNANXX:2:2313:18885:99123_1:141778582",1.7e-13
"23958","HISEQ13:138:C6FWNANXX:2:2111:19033:14737_1:89264360",1.7e-13
"23959","HISEQ13:138:C6FWNANXX:2:2116:3759:22753_1:97238015",1.7e-13
"23960","HISEQ13:138:C6FWNANXX:2:2206:20117:46788_1:106257637",1.7e-13
"23961","HISEQ13:138:C6FWNANXX:2:1311:12566:28893_1:65026873",1.7e-13
"23962","HISEQ13:138:C6FWNANXX:2:2115:3693:27679_1:95697096",1.7e-13
"23963","HISEQ13:138:C6FWNANXX:2:1113:4496:29093_1:18572112",1.7e-13
"23964","HISEQ13:138:C6FWNANXX:2:2102:7593:97227_1:77322757",1.7e-13
"23965","HISEQ13:138:C6FWNANXX:2:2207:9520:6993_1:107120905",1.7e-13
"23966","HISEQ13:138:C6FWNANXX:2:1213:17523:70885_1:44021847",1.7e-13
"23967","HISEQ13:138:C6FWNANXX:2:1106:6468:60517_1:8242631",1.7e-13
"23968","HISEQ13:138:C6FWNANXX:2:1206:18859:22622_1:32408960",1.7e-13
"23969","HISEQ13:138:C6FWNANXX:2:2209:12083:76788_1:111128240",1.7e-13
"23970","HISEQ13:138:C6FWNANXX:2:2210:19376:99852_1:112987067",1.7e-13
"23971","HISEQ13:138:C6FWNANXX:2:2313:12975:69441_1:141295669",1.7e-13
"23972","HISEQ13:138:C6FWNANXX:2:1210:21116:31430_1:38627581",1.7e-13
"23973","HISEQ13:138:C6FWNANXX:2:2103:10210:95746_1:78707563",1.7e-13
"23974","HISEQ13:138:C6FWNANXX:2:2102:9038:78905_1:77061848",1.7e-13
"23975","HISEQ13:138:C6FWNANXX:2:2308:9868:94927_1:133973322",1.7e-13
"23976","HISEQ13:138:C6FWNANXX:2:1310:3975:55504_1:63880113",1.7e-13
"23977","HISEQ13:138:C6FWNANXX:2:1306:7545:6981_1:56975634",1.7e-13
"23978","HISEQ13:138:C6FWNANXX:2:2306:15655:69289_1:130645259",1.7e-13
"23979","HISEQ13:138:C6FWNANXX:2:2310:5021:28782_1:135983517",1.7e-13
"23980","HISEQ13:138:C6FWNANXX:2:2312:19174:48143_1:139370739",1.7e-13
"23981","HISEQ13:138:C6FWNANXX:2:2314:18586:14459_1:142006615",1.7e-13
"23982","HISEQ13:138:C6FWNANXX:2:2207:12706:11186_1:107183934",1.7e-13
"23983","HISEQ13:138:C6FWNANXX:2:1114:15381:21878_1:20098037",1.7e-13
"23984","HISEQ13:138:C6FWNANXX:2:2112:20020:2601_1:90690562",1.7e-13
"23985","HISEQ13:138:C6FWNANXX:2:2116:20793:71221_1:98036650",1.7e-13
"23986","HISEQ13:138:C6FWNANXX:2:1214:16113:45474_1:45245175",1.7e-13
"23987","HISEQ13:138:C6FWNANXX:2:2201:6520:81712_1:99659874",1.7e-13
"23988","HISEQ13:138:C6FWNANXX:2:1215:4769:74357_1:47401793",1.7e-13
"23989","HISEQ13:138:C6FWNANXX:2:1308:12493:92915_1:61345268",1.7e-13
"23990","HISEQ13:138:C6FWNANXX:2:1310:8987:61827_1:63980136",1.7e-13
"23991","HISEQ13:138:C6FWNANXX:2:2105:18743:75240_1:81267063",1.7e-13
"23992","HISEQ13:138:C6FWNANXX:2:2310:11979:92152_1:136954606",1.7e-13
"23993","HISEQ13:138:C6FWNANXX:2:2307:5350:56996_1:131917998",1.7e-13
"23994","HISEQ13:138:C6FWNANXX:2:1212:6162:99775_1:42867065",1.7e-13
"23995","HISEQ13:138:C6FWNANXX:2:1302:9728:9800_1:51137270",1.7e-13
"23996","HISEQ13:138:C6FWNANXX:2:2110:6039:25293_1:87916360",1.7e-13
"23997","HISEQ13:138:C6FWNANXX:2:2205:17231:90926_1:105455176",1.7e-13
"23998","HISEQ13:138:C6FWNANXX:2:2109:16338:29184_1:86470732",1.7e-13
"23999","HISEQ13:138:C6FWNANXX:2:2307:6759:80587_1:132271782",1.7e-13
"24000","HISEQ13:138:C6FWNANXX:2:1210:19573:68592_1:39209122",1.7e-13
"24001","HISEQ13:138:C6FWNANXX:2:1315:10729:4594_1:71186456",1.7e-13
"24002","HISEQ13:138:C6FWNANXX:2:2311:17553:34892_1:137602519",1.7e-13
"24003","HISEQ13:138:C6FWNANXX:2:1201:19812:96198_1:26191545",1.7e-13
"24004","HISEQ13:138:C6FWNANXX:2:1202:6529:99701_1:27691665",1.7e-13
"24005","HISEQ13:138:C6FWNANXX:2:2212:5244:23324_1:114873395",1.7e-13
"24006","HISEQ13:138:C6FWNANXX:2:2214:11126:34943_1:118226849",1.7e-13
"24007","HISEQ13:138:C6FWNANXX:2:1114:4975:49119_1:20552160",1.7e-13
"24008","HISEQ13:138:C6FWNANXX:2:1202:5607:3121_1:26274874",1.7e-13
"24009","HISEQ13:138:C6FWNANXX:2:1315:15965:88364_1:72622707",1.7e-13
"24010","HISEQ13:138:C6FWNANXX:2:1204:6759:32949_1:29608118",1.7e-13
"24011","HISEQ13:138:C6FWNANXX:2:1214:13020:56428_1:45429210",1.7e-13
"24012","HISEQ13:138:C6FWNANXX:2:1114:16866:55634_1:20664147",1.7e-13
"24013","HISEQ13:138:C6FWNANXX:2:2305:13565:93449_1:129545496",1.7e-13
"24014","HISEQ13:138:C6FWNANXX:2:2116:20588:67835_1:97983746",1.7e-13
"24015","HISEQ13:138:C6FWNANXX:2:2202:6737:56898_1:100712019",1.7e-13
"24016","HISEQ13:138:C6FWNANXX:2:1105:18209:18061_1:6106947",1.7e-13
"24017","HISEQ13:138:C6FWNANXX:2:1214:5697:51434_1:45343710",1.7e-13
"24018","HISEQ13:138:C6FWNANXX:2:1307:19255:66722_1:59405249",1.7e-13
"24019","HISEQ13:138:C6FWNANXX:2:2207:1361:51277_1:107772976",1.7e-13
"24020","HISEQ13:138:C6FWNANXX:2:1106:4636:83125_1:8585655",1.7e-13
"24021","HISEQ13:138:C6FWNANXX:2:1214:16266:14113_1:44720568",1.7e-13
"24022","HISEQ13:138:C6FWNANXX:2:1112:20152:36749_1:17080979",1.7e-13
"24023","HISEQ13:138:C6FWNANXX:2:1110:17582:82637_1:14747290",1.7e-13
"24024","HISEQ13:138:C6FWNANXX:2:2207:9147:67969_1:108019449",1.7e-13
"24025","HISEQ13:138:C6FWNANXX:2:1115:17389:76763_1:22693442",1.7e-13
"24026","HISEQ13:138:C6FWNANXX:2:2101:19702:82975_1:75715673",1.7e-13
"24027","HISEQ13:138:C6FWNANXX:2:2105:4828:65486_1:81123954",1.7e-13
"24028","HISEQ13:138:C6FWNANXX:2:1216:2520:68240_1:48998357",1.7e-13
"24029","HISEQ13:138:C6FWNANXX:2:1114:8870:52357_1:20607513",1.7e-13
"24030","HISEQ13:138:C6FWNANXX:2:1303:14785:74221_1:53543137",1.7e-13
"24031","HISEQ13:138:C6FWNANXX:2:2202:15786:69400_1:100892094",1.7e-13
"24032","HISEQ13:138:C6FWNANXX:2:1206:12374:24671_1:32437869",1.7e-13
"24033","HISEQ13:138:C6FWNANXX:2:1212:5702:33042_1:41776387",1.7e-13
"24034","HISEQ13:138:C6FWNANXX:2:1306:13162:15350_1:57106621",1.7e-13
"24035","HISEQ13:138:C6FWNANXX:2:1306:6422:11478_1:57044048",1.7e-13
"24036","HISEQ13:138:C6FWNANXX:2:2107:11555:55979_1:83896268",1.7e-13
"24037","HISEQ13:138:C6FWNANXX:2:2108:14653:33478_1:85038481",1.7e-13
"24038","HISEQ13:138:C6FWNANXX:2:2313:14035:40995_1:140834482",1.7e-13
"24039","HISEQ13:138:C6FWNANXX:2:1306:11710:87617_1:58209043",1.7e-13
"24040","HISEQ13:138:C6FWNANXX:2:2116:15535:22976_1:97240490",1.7e-13
"24041","HISEQ13:138:C6FWNANXX:2:2216:8361:27413_1:121361711",1.7e-13
"24042","HISEQ13:138:C6FWNANXX:2:1313:2748:100233_1:69450160",1.7e-13
"24043","HISEQ13:138:C6FWNANXX:2:2309:12596:87980_1:135373241",1.7e-13
"24044","HISEQ13:138:C6FWNANXX:2:1109:3763:13965_1:12098891",1.7e-13
"24045","HISEQ13:138:C6FWNANXX:2:2311:4906:24229_1:137431842",1.7e-13
"24046","HISEQ13:138:C6FWNANXX:2:1206:5824:63993_1:33032662",1.7e-13
"24047","HISEQ13:138:C6FWNANXX:2:1215:1731:18774_1:46460933",1.7e-13
"24048","HISEQ13:138:C6FWNANXX:2:1210:4995:86154_1:39481407",1.7e-13
"24049","HISEQ13:138:C6FWNANXX:2:1306:3868:75254_1:58021199",1.8e-13
"24050","HISEQ13:138:C6FWNANXX:2:2114:2662:7459_1:93762489",1.8e-13
"24051","HISEQ13:138:C6FWNANXX:2:2203:19835:97345_1:102705698",1.8e-13
"24052","HISEQ13:138:C6FWNANXX:2:2109:2318:56175_1:86878364",1.8e-13
"24053","HISEQ13:138:C6FWNANXX:2:2214:17074:33931_1:118211700",1.8e-13
"24054","HISEQ13:138:C6FWNANXX:2:2203:20123:92969_1:102641158",1.8e-13
"24055","HISEQ13:138:C6FWNANXX:2:1102:9609:96453_1:2855259",1.8e-13
"24056","HISEQ13:138:C6FWNANXX:2:1103:8055:25813_1:3276922",1.8e-13
"24057","HISEQ13:138:C6FWNANXX:2:1212:18210:34268_1:41799310",1.8e-13
"24058","HISEQ13:138:C6FWNANXX:2:2213:7017:14282_1:116301644",1.8e-13
"24059","HISEQ13:138:C6FWNANXX:2:2203:9578:24368_1:101661099",1.8e-13
"24060","HISEQ13:138:C6FWNANXX:2:2309:11389:60572_1:134954696",1.8e-13
"24061","HISEQ13:138:C6FWNANXX:2:1210:13586:77756_1:39353434",1.8e-13
"24062","HISEQ13:138:C6FWNANXX:2:2213:18394:23178_1:116442486",1.8e-13
"24063","HISEQ13:138:C6FWNANXX:2:1312:17742:29626_1:66650312",1.8e-13
"24064","HISEQ13:138:C6FWNANXX:2:1110:12561:20489_1:13764683",1.8e-13
"24065","HISEQ13:138:C6FWNANXX:2:2110:1767:44743_1:88210161",1.8e-13
"24066","HISEQ13:138:C6FWNANXX:2:2301:19735:78457_1:123684552",1.8e-13
"24067","HISEQ13:138:C6FWNANXX:2:1110:17315:31961_1:13947113",1.8e-13
"24068","HISEQ13:138:C6FWNANXX:2:2107:4132:32200_1:83542159",1.8e-13
"24069","HISEQ13:138:C6FWNANXX:2:2216:13983:61206_1:121933431",1.8e-13
"24070","HISEQ13:138:C6FWNANXX:2:1107:11568:56425_1:9691140",1.8e-13
"24071","HISEQ13:138:C6FWNANXX:2:1107:3751:22188_1:9165654",1.8e-13
"24072","HISEQ13:138:C6FWNANXX:2:2308:3764:90240_1:133899779",1.8e-13
"24073","HISEQ13:138:C6FWNANXX:2:2216:18305:69444_1:122074960",1.8e-13
"24074","HISEQ13:138:C6FWNANXX:2:1309:20737:11239_1:61615255",1.8e-13
"24075","HISEQ13:138:C6FWNANXX:2:2101:7182:57128_1:75347105",1.8e-13
"24076","HISEQ13:138:C6FWNANXX:2:2116:6684:50728_1:97698164",1.8e-13
"24077","HISEQ13:138:C6FWNANXX:2:1107:14845:83101_1:10101537",1.8e-13
"24078","HISEQ13:138:C6FWNANXX:2:1304:10131:44483_1:54569469",1.8e-13
"24079","HISEQ13:138:C6FWNANXX:2:2101:16781:71166_1:75548063",1.8e-13
"24080","HISEQ13:138:C6FWNANXX:2:1310:13556:38783_1:63614923",1.8e-13
"24081","HISEQ13:138:C6FWNANXX:2:1201:18294:45718_1:25448097",1.8e-13
"24082","HISEQ13:138:C6FWNANXX:2:2311:14348:57435_1:137953766",1.8e-13
"24083","HISEQ13:138:C6FWNANXX:2:1205:18959:51114_1:31355063",1.8e-13
"24084","HISEQ13:138:C6FWNANXX:2:2314:12428:74302_1:142992133",1.8e-13
"24085","HISEQ13:138:C6FWNANXX:2:1108:5007:78159_1:11556413",1.8e-13
"24086","HISEQ13:138:C6FWNANXX:2:2202:2007:71457_1:100918065",1.8e-13
"24087","HISEQ13:138:C6FWNANXX:2:1215:6616:88428_1:47640139",1.8e-13
"24088","HISEQ13:138:C6FWNANXX:2:1301:15508:96595_1:50960899",1.8e-13
"24089","HISEQ13:138:C6FWNANXX:2:1304:3768:6165_1:53998567",1.8e-13
"24090","HISEQ13:138:C6FWNANXX:2:2309:2280:31361_1:134507935",1.8e-13
"24091","HISEQ13:138:C6FWNANXX:2:1106:19975:3357_1:7373566",1.8e-13
"24092","HISEQ13:138:C6FWNANXX:2:2210:1940:32560_1:111957305",1.8e-13
"24093","HISEQ13:138:C6FWNANXX:2:1107:14074:73277_1:9951868",1.8e-13
"24094","HISEQ13:138:C6FWNANXX:2:1208:14423:75754_1:36233273",1.8e-13
"24095","HISEQ13:138:C6FWNANXX:2:2101:10293:46949_1:75202137",1.8e-13
"24096","HISEQ13:138:C6FWNANXX:2:2313:4753:21117_1:140512826",1.8e-13
"24097","HISEQ13:138:C6FWNANXX:2:2303:9099:13827_1:125566843",1.8e-13
"24098","HISEQ13:138:C6FWNANXX:2:1115:12626:70335_1:22582617",1.8e-13
"24099","HISEQ13:138:C6FWNANXX:2:1311:17327:24985_1:64964021",1.8e-13
"24100","HISEQ13:138:C6FWNANXX:2:1214:4861:2871_1:44530500",1.8e-13
"24101","HISEQ13:138:C6FWNANXX:2:1208:6192:27787_1:35490727",1.8e-13
"24102","HISEQ13:138:C6FWNANXX:2:2115:8317:58230_1:96193255",1.8e-13
"24103","HISEQ13:138:C6FWNANXX:2:2116:5831:81619_1:98206910",1.8e-13
"24104","HISEQ13:138:C6FWNANXX:2:1109:10059:41899_1:12540433",1.8e-13
"24105","HISEQ13:138:C6FWNANXX:2:1311:6063:9365_1:64713141",1.8e-13
"24106","HISEQ13:138:C6FWNANXX:2:2108:4926:25618_1:84920135",1.8e-13
"24107","HISEQ13:138:C6FWNANXX:2:2209:6675:13093_1:110159562",1.8e-13
"24108","HISEQ13:138:C6FWNANXX:2:1202:20963:91906_1:27579847",1.8e-13
"24109","HISEQ13:138:C6FWNANXX:2:1212:18704:90874_1:42722874",1.8e-13
"24110","HISEQ13:138:C6FWNANXX:2:1314:1386:86896_1:70902586",1.8e-13
"24111","HISEQ13:138:C6FWNANXX:2:2108:19232:31473_1:85009021",1.8e-13
"24112","HISEQ13:138:C6FWNANXX:2:1214:19072:34273_1:45060715",1.8e-13
"24113","HISEQ13:138:C6FWNANXX:2:2105:9257:96020_1:81571182",1.8e-13
"24114","HISEQ13:138:C6FWNANXX:2:2215:14147:45600_1:120024478",1.8e-13
"24115","HISEQ13:138:C6FWNANXX:2:2310:12898:39979_1:136154991",1.8e-13
"24116","HISEQ13:138:C6FWNANXX:2:2313:9156:7337_1:140293703",1.8e-13
"24117","HISEQ13:138:C6FWNANXX:2:1116:11193:33607_1:23647821",1.8e-13
"24118","HISEQ13:138:C6FWNANXX:2:1205:7273:33680_1:31090167",1.8e-13
"24119","HISEQ13:138:C6FWNANXX:2:1206:15330:88678_1:33407315",1.8e-13
"24120","HISEQ13:138:C6FWNANXX:2:1214:10304:68537_1:45634848",1.8e-13
"24121","HISEQ13:138:C6FWNANXX:2:2103:3850:21438_1:77650410",1.8e-13
"24122","HISEQ13:138:C6FWNANXX:2:2204:16352:48678_1:103419196",1.8e-13
"24123","HISEQ13:138:C6FWNANXX:2:2211:2429:47788_1:113714557",1.8e-13
"24124","HISEQ13:138:C6FWNANXX:2:2211:5468:44104_1:113656416",1.8e-13
"24125","HISEQ13:138:C6FWNANXX:2:2110:1767:44743_1:88210162",1.8e-13
"24126","HISEQ13:138:C6FWNANXX:2:2310:5994:87844_1:136888474",1.8e-13
"24127","HISEQ13:138:C6FWNANXX:2:1109:21025:3745_1:11941167",1.8e-13
"24128","HISEQ13:138:C6FWNANXX:2:1210:3453:48985_1:38898483",1.8e-13
"24129","HISEQ13:138:C6FWNANXX:2:1104:15828:97690_1:5815053",1.8e-13
"24130","HISEQ13:138:C6FWNANXX:2:1210:5118:70060_1:39230135",1.8e-13
"24131","HISEQ13:138:C6FWNANXX:2:1310:9967:84266_1:64334878",1.8e-13
"24132","HISEQ13:138:C6FWNANXX:2:2212:19267:85251_1:115859057",1.8e-13
"24133","HISEQ13:138:C6FWNANXX:2:1202:20409:13068_1:26424521",1.8e-13
"24134","HISEQ13:138:C6FWNANXX:2:1204:13456:31458_1:29586867",1.8e-13
"24135","HISEQ13:138:C6FWNANXX:2:1302:6657:37977_1:51548160",1.8e-13
"24136","HISEQ13:138:C6FWNANXX:2:1307:1434:17876_1:58651458",1.8e-13
"24137","HISEQ13:138:C6FWNANXX:2:2213:2923:54264_1:116941142",1.8e-13
"24138","HISEQ13:138:C6FWNANXX:2:1203:3883:20549_1:27983450",1.8e-13
"24139","HISEQ13:138:C6FWNANXX:2:1312:5247:39753_1:66814551",1.8e-13
"24140","HISEQ13:138:C6FWNANXX:2:2111:12511:78121_1:90275698",1.8e-13
"24141","HISEQ13:138:C6FWNANXX:2:2103:11003:86209_1:78572310",1.8e-13
"24142","HISEQ13:138:C6FWNANXX:2:2314:19457:67081_1:142873827",1.8e-13
"24143","HISEQ13:138:C6FWNANXX:2:2106:4132:89212_1:82920240",1.8e-13
"24144","HISEQ13:138:C6FWNANXX:2:2208:16290:84245_1:109741546",1.8e-13
"24145","HISEQ13:138:C6FWNANXX:2:2308:2792:24171_1:132904053",1.8e-13
"24146","HISEQ13:138:C6FWNANXX:2:1101:6408:7628_1:82832",1.8e-13
"24147","HISEQ13:138:C6FWNANXX:2:1112:11916:74497_1:17692274",1.8e-13
"24148","HISEQ13:138:C6FWNANXX:2:2307:19106:64530_1:132036012",1.8e-13
"24149","HISEQ13:138:C6FWNANXX:2:1208:17220:70158_1:36145201",1.8e-13
"24150","HISEQ13:138:C6FWNANXX:2:2114:11346:97640_1:95228733",1.8e-13
"24151","HISEQ13:138:C6FWNANXX:2:2304:7426:49016_1:127474948",1.8e-13
"24152","HISEQ13:138:C6FWNANXX:2:1101:14493:20194_1:269871",1.9e-13
"24153","HISEQ13:138:C6FWNANXX:2:1115:16826:28046_1:21868794",1.9e-13
"24154","HISEQ13:138:C6FWNANXX:2:2202:8621:70990_1:100912068",1.9e-13
"24155","HISEQ13:138:C6FWNANXX:2:1109:4086:63970_1:12887329",1.9e-13
"24156","HISEQ13:138:C6FWNANXX:2:1201:3463:33047_1:25261458",1.9e-13
"24157","HISEQ13:138:C6FWNANXX:2:2109:17476:62270_1:86976759",1.9e-13
"24158","HISEQ13:138:C6FWNANXX:2:2306:13485:33373_1:130113621",1.9e-13
"24159","HISEQ13:138:C6FWNANXX:2:1209:12039:16145_1:36840958",1.9e-13
"24160","HISEQ13:138:C6FWNANXX:2:2309:12963:99376_1:135549508",1.9e-13
"24161","HISEQ13:138:C6FWNANXX:2:1208:5183:30682_1:35532882",1.9e-13
"24162","HISEQ13:138:C6FWNANXX:2:1214:10959:50440_1:45328213",1.9e-13
"24163","HISEQ13:138:C6FWNANXX:2:2206:6956:21118_1:105878350",1.9e-13
"24164","HISEQ13:138:C6FWNANXX:2:2211:4968:79156_1:114203094",1.9e-13
"24165","HISEQ13:138:C6FWNANXX:2:2303:6166:88808_1:126629353",1.9e-13
"24166","HISEQ13:138:C6FWNANXX:2:1206:14838:31267_1:32540794",1.9e-13
"24167","HISEQ13:138:C6FWNANXX:2:1215:11725:62488_1:47200995",1.9e-13
"24168","HISEQ13:138:C6FWNANXX:2:1115:7662:60258_1:22412234",1.9e-13
"24169","HISEQ13:138:C6FWNANXX:2:2216:20508:25029_1:121326353",1.9e-13
"24170","HISEQ13:138:C6FWNANXX:2:2214:12958:76010_1:118903207",1.9e-13
"24171","HISEQ13:138:C6FWNANXX:2:2101:3819:93221_1:75857815",1.9e-13
"24172","HISEQ13:138:C6FWNANXX:2:1113:6186:83894_1:19478476",1.9e-13
"24173","HISEQ13:138:C6FWNANXX:2:1114:9774:41783_1:20431410",1.9e-13
"24174","HISEQ13:138:C6FWNANXX:2:1310:8411:83298_1:64319038",1.9e-13
"24175","HISEQ13:138:C6FWNANXX:2:2201:20503:47441_1:99173963",1.9e-13
"24176","HISEQ13:138:C6FWNANXX:2:2313:9711:59205_1:141128850",1.9e-13
"24177","HISEQ13:138:C6FWNANXX:2:1105:3201:50726_1:6592534",1.9e-13
"24178","HISEQ13:138:C6FWNANXX:2:1313:18107:70622_1:68959874",1.9e-13
"24179","HISEQ13:138:C6FWNANXX:2:1114:20985:14883_1:19981689",1.9e-13
"24180","HISEQ13:138:C6FWNANXX:2:1303:4692:13168_1:52640032",1.9e-13
"24181","HISEQ13:138:C6FWNANXX:2:1107:2372:90055_1:10206993",1.9e-13
"24182","HISEQ13:138:C6FWNANXX:2:2206:20001:43013_1:106202453",1.9e-13
"24183","HISEQ13:138:C6FWNANXX:2:1310:14732:24157_1:63379878",1.9e-13
"24184","HISEQ13:138:C6FWNANXX:2:1215:16975:61834_1:47193571",1.9e-13
"24185","HISEQ13:138:C6FWNANXX:2:2210:4894:95553_1:112919211",1.9e-13
"24186","HISEQ13:138:C6FWNANXX:2:2110:12884:96154_1:88996343",1.9e-13
"24187","HISEQ13:138:C6FWNANXX:2:2116:4318:76297_1:98119122",1.9e-13
"24188","HISEQ13:138:C6FWNANXX:2:2302:19404:38004_1:124512274",1.9e-13
"24189","HISEQ13:138:C6FWNANXX:2:1116:14827:48527_1:23906263",1.9e-13
"24190","HISEQ13:138:C6FWNANXX:2:1310:10685:64820_1:64027642",1.9e-13
"24191","HISEQ13:138:C6FWNANXX:2:2202:6781:49189_1:100602160",1.9e-13
"24192","HISEQ13:138:C6FWNANXX:2:1306:16358:87759_1:58213672",1.9e-13
"24193","HISEQ13:138:C6FWNANXX:2:2305:3709:79856_1:129347146",1.9e-13
"24194","HISEQ13:138:C6FWNANXX:2:1105:18988:59137_1:6722458",1.9e-13
"24195","HISEQ13:138:C6FWNANXX:2:2305:19888:59262_1:129052741",1.9e-13
"24196","HISEQ13:138:C6FWNANXX:2:1104:9983:78002_1:5521930",1.9e-13
"24197","HISEQ13:138:C6FWNANXX:2:1314:10463:88017_1:70925997",1.9e-13
"24198","HISEQ13:138:C6FWNANXX:2:1115:2786:93601_1:22977147",1.9e-13
"24199","HISEQ13:138:C6FWNANXX:2:2214:3786:55401_1:118559954",1.9e-13
"24200","HISEQ13:138:C6FWNANXX:2:1107:2322:31136_1:9302064",1.9e-13
"24201","HISEQ13:138:C6FWNANXX:2:2202:6230:82965_1:101083440",1.9e-13
"24202","HISEQ13:138:C6FWNANXX:2:1116:19035:43653_1:23821619",1.9e-13
"24203","HISEQ13:138:C6FWNANXX:2:2202:14031:34640_1:100398446",1.9e-13
"24204","HISEQ13:138:C6FWNANXX:2:1108:8025:12636_1:10537812",1.9e-13
"24205","HISEQ13:138:C6FWNANXX:2:1209:18097:96472_1:38094433",1.9e-13
"24206","HISEQ13:138:C6FWNANXX:2:1309:15958:44213_1:62133451",1.9e-13
"24207","HISEQ13:138:C6FWNANXX:2:1310:2095:57825_1:63915840",1.9e-13
"24208","HISEQ13:138:C6FWNANXX:2:2102:8291:85249_1:77151714",1.9e-13
"24209","HISEQ13:138:C6FWNANXX:2:2207:7167:19433_1:107304352",1.9e-13
"24210","HISEQ13:138:C6FWNANXX:2:1303:12413:88695_1:53757464",1.9e-13
"24211","HISEQ13:138:C6FWNANXX:2:1308:11395:30390_1:60367975",1.9e-13
"24212","HISEQ13:138:C6FWNANXX:2:2314:20560:93027_1:143301096",1.9e-13
"24213","HISEQ13:138:C6FWNANXX:2:2103:4471:11469_1:77508140",1.9e-13
"24214","HISEQ13:138:C6FWNANXX:2:1103:7844:9819_1:3038834",1.9e-13
"24215","HISEQ13:138:C6FWNANXX:2:1208:16487:10217_1:35219944",1.9e-13
"24216","HISEQ13:138:C6FWNANXX:2:1215:16469:66751_1:47278454",1.9e-13
"24217","HISEQ13:138:C6FWNANXX:2:1307:14604:94971_1:59838686",1.9e-13
"24218","HISEQ13:138:C6FWNANXX:2:2316:11876:21743_1:145388898",1.9e-13
"24219","HISEQ13:138:C6FWNANXX:2:1204:18407:71021_1:30178862",1.9e-13
"24220","HISEQ13:138:C6FWNANXX:2:1301:14297:58485_1:50398370",1.9e-13
"24221","HISEQ13:138:C6FWNANXX:2:1308:10536:37856_1:60484727",1.9e-13
"24222","HISEQ13:138:C6FWNANXX:2:2114:20757:69368_1:94772494",1.9e-13
"24223","HISEQ13:138:C6FWNANXX:2:2306:3773:46363_1:130303607",1.9e-13
"24224","HISEQ13:138:C6FWNANXX:2:1313:12187:68346_1:68920438",1.9e-13
"24225","HISEQ13:138:C6FWNANXX:2:2106:17553:43120_1:82246006",1.9e-13
"24226","HISEQ13:138:C6FWNANXX:2:2109:12232:84610_1:87314228",1.9e-13
"24227","HISEQ13:138:C6FWNANXX:2:2307:16411:25447_1:131453060",1.9e-13
"24228","HISEQ13:138:C6FWNANXX:2:1108:2500:58768_1:11254246",1.9e-13
"24229","HISEQ13:138:C6FWNANXX:2:1214:11071:16738_1:44761153",1.9e-13
"24230","HISEQ13:138:C6FWNANXX:2:2311:21108:33519_1:137583676",1.9e-13
"24231","HISEQ13:138:C6FWNANXX:2:2308:8642:94187_1:133961645",1.9e-13
"24232","HISEQ13:138:C6FWNANXX:2:1104:11421:29063_1:4791287",1.9e-13
"24233","HISEQ13:138:C6FWNANXX:2:2305:6267:18985_1:128461753",1.9e-13
"24234","HISEQ13:138:C6FWNANXX:2:2116:18436:22241_1:97228729",1.9e-13
"24235","HISEQ13:138:C6FWNANXX:2:2311:9256:65352_1:138078853",1.9e-13
"24236","HISEQ13:138:C6FWNANXX:2:2101:2589:37379_1:75065180",1.9e-13
"24237","HISEQ13:138:C6FWNANXX:2:2205:9669:81715_1:105319817",1.9e-13
"24238","HISEQ13:138:C6FWNANXX:2:2212:8780:96146_1:116028561",1.9e-13
"24239","HISEQ13:138:C6FWNANXX:2:2101:3297:42616_1:75140316",1.9e-13
"24240","HISEQ13:138:C6FWNANXX:2:2102:10343:58463_1:76769354",1.9e-13
"24241","HISEQ13:138:C6FWNANXX:2:2306:2010:17432_1:129877080",1.9e-13
"24242","HISEQ13:138:C6FWNANXX:2:1312:9438:74539_1:67384660",1.9e-13
"24243","HISEQ13:138:C6FWNANXX:2:2106:4580:41493_1:82217728",1.9e-13
"24244","HISEQ13:138:C6FWNANXX:2:1304:15265:50813_1:54668135",1.9e-13
"24245","HISEQ13:138:C6FWNANXX:2:2205:4480:73128_1:105194980",1.9e-13
"24246","HISEQ13:138:C6FWNANXX:2:2211:13937:60382_1:113912420",1.9e-13
"24247","HISEQ13:138:C6FWNANXX:2:1207:7177:50187_1:34320596",1.9e-13
"24248","HISEQ13:138:C6FWNANXX:2:1315:20225:18253_1:71421747",1.9e-13
"24249","HISEQ13:138:C6FWNANXX:2:2109:10975:3463_1:86078560",1.9e-13
"24250","HISEQ13:138:C6FWNANXX:2:2303:9256:23756_1:125708751",2e-13
"24251","HISEQ13:138:C6FWNANXX:2:1309:17283:37233_1:62024142",2e-13
"24252","HISEQ13:138:C6FWNANXX:2:2106:17510:42038_1:82231136",2e-13
"24253","HISEQ13:138:C6FWNANXX:2:2112:16462:22838_1:90871427",2e-13
"24254","HISEQ13:138:C6FWNANXX:2:2212:11422:54769_1:115371891",2e-13
"24255","HISEQ13:138:C6FWNANXX:2:2301:11946:65190_1:123496406",2e-13
"24256","HISEQ13:138:C6FWNANXX:2:1106:11366:91861_1:8719501",2e-13
"24257","HISEQ13:138:C6FWNANXX:2:1107:5553:37231_1:9393756",2e-13
"24258","HISEQ13:138:C6FWNANXX:2:1204:2033:3296_1:29185976",2e-13
"24259","HISEQ13:138:C6FWNANXX:2:1202:2027:11997_1:26402839",2e-13
"24260","HISEQ13:138:C6FWNANXX:2:2202:8401:79171_1:101030679",2e-13
"24261","HISEQ13:138:C6FWNANXX:2:1108:5456:81692_1:11611453",2e-13
"24262","HISEQ13:138:C6FWNANXX:2:1204:18451:65162_1:30089127",2e-13
"24263","HISEQ13:138:C6FWNANXX:2:1214:9877:52719_1:45365710",2e-13
"24264","HISEQ13:138:C6FWNANXX:2:1315:3406:56204_1:72063924",2e-13
"24265","HISEQ13:138:C6FWNANXX:2:2109:10153:64246_1:87002392",2e-13
"24266","HISEQ13:138:C6FWNANXX:2:2210:19386:18762_1:111751259",2e-13
"24267","HISEQ13:138:C6FWNANXX:2:2213:9345:66119_1:117131520",2e-13
"24268","HISEQ13:138:C6FWNANXX:2:2316:12232:16841_1:145308976",2e-13
"24269","HISEQ13:138:C6FWNANXX:2:1108:12115:25283_1:10735609",2e-13
"24270","HISEQ13:138:C6FWNANXX:2:1113:15202:98114_1:19717998",2e-13
"24271","HISEQ13:138:C6FWNANXX:2:1210:3840:52174_1:38949708",2e-13
"24272","HISEQ13:138:C6FWNANXX:2:2313:20576:4439_1:140248161",2e-13
"24273","HISEQ13:138:C6FWNANXX:2:2212:2291:44136_1:115200830",2e-13
"24274","HISEQ13:138:C6FWNANXX:2:2105:20641:52411_1:80939325",2e-13
"24275","HISEQ13:138:C6FWNANXX:2:1104:6671:38742_1:4932236",2e-13
"24276","HISEQ13:138:C6FWNANXX:2:2302:4573:28092_1:124369624",2e-13
"24277","HISEQ13:138:C6FWNANXX:2:2309:10171:33459_1:134539893",2e-13
"24278","HISEQ13:138:C6FWNANXX:2:1110:5315:2694_1:13482925",2e-13
"24279","HISEQ13:138:C6FWNANXX:2:2306:2389:83460_1:130847367",2e-13
"24280","HISEQ13:138:C6FWNANXX:2:2304:11395:14789_1:126985346",2e-13
"24281","HISEQ13:138:C6FWNANXX:2:2312:2943:25076_1:139004651",2e-13
"24282","HISEQ13:138:C6FWNANXX:2:2312:5663:92606_1:140076467",2e-13
"24283","HISEQ13:138:C6FWNANXX:2:1113:5700:54203_1:18983576",2e-13
"24284","HISEQ13:138:C6FWNANXX:2:1209:18097:96472_1:38094434",2e-13
"24285","HISEQ13:138:C6FWNANXX:2:2102:8291:85249_1:77151713",2e-13
"24286","HISEQ13:138:C6FWNANXX:2:2303:9856:96499_1:126736777",2e-13
"24287","HISEQ13:138:C6FWNANXX:2:2215:7960:93141_1:120809304",2e-13
"24288","HISEQ13:138:C6FWNANXX:2:2109:10913:75470_1:87173677",2e-13
"24289","HISEQ13:138:C6FWNANXX:2:2206:5529:8844_1:105699332",2e-13
"24290","HISEQ13:138:C6FWNANXX:2:1215:16453:53622_1:47053030",2e-13
"24291","HISEQ13:138:C6FWNANXX:2:2111:3335:54226_1:89877909",2e-13
"24292","HISEQ13:138:C6FWNANXX:2:2309:16800:27825_1:134458030",2e-13
"24293","HISEQ13:138:C6FWNANXX:2:1110:3499:14805_1:13675596",2e-13
"24294","HISEQ13:138:C6FWNANXX:2:2215:9020:14728_1:119513356",2e-13
"24295","HISEQ13:138:C6FWNANXX:2:2207:13808:54682_1:107823430",2e-13
"24296","HISEQ13:138:C6FWNANXX:2:2111:14456:41253_1:89678617",2e-13
"24297","HISEQ13:138:C6FWNANXX:2:2106:2936:96892_1:83035109",2e-13
"24298","HISEQ13:138:C6FWNANXX:2:1302:18688:66268_1:51969533",2e-13
"24299","HISEQ13:138:C6FWNANXX:2:1205:2855:68670_1:31612842",2e-13
"24300","HISEQ13:138:C6FWNANXX:2:1307:16822:71522_1:59482030",2e-13
"24301","HISEQ13:138:C6FWNANXX:2:2102:13080:44945_1:76578386",2e-13
"24302","HISEQ13:138:C6FWNANXX:2:2209:6250:19262_1:110254416",2e-13
"24303","HISEQ13:138:C6FWNANXX:2:1208:14505:46237_1:35772570",2e-13
"24304","HISEQ13:138:C6FWNANXX:2:1303:14841:23668_1:52796950",2e-13
"24305","HISEQ13:138:C6FWNANXX:2:1311:14137:11713_1:64750984",2e-13
"24306","HISEQ13:138:C6FWNANXX:2:2306:13817:40640_1:130220408",2e-13
"24307","HISEQ13:138:C6FWNANXX:2:1102:7217:34390_1:1939275",2e-13
"24308","HISEQ13:138:C6FWNANXX:2:1310:13166:63484_1:64004510",2e-13
"24309","HISEQ13:138:C6FWNANXX:2:1205:11876:21566_1:30913105",2e-13
"24310","HISEQ13:138:C6FWNANXX:2:1114:12775:26828_1:20181219",2e-13
"24311","HISEQ13:138:C6FWNANXX:2:1312:11625:63916_1:67209065",2.1e-13
"24312","HISEQ13:138:C6FWNANXX:2:2116:20588:67835_1:97983747",2.1e-13
"24313","HISEQ13:138:C6FWNANXX:2:2210:8395:2802_1:111505433",2.1e-13
"24314","HISEQ13:138:C6FWNANXX:2:2214:17312:23666_1:118045345",2.1e-13
"24315","HISEQ13:138:C6FWNANXX:2:2315:2395:42212_1:144087337",2.1e-13
"24316","HISEQ13:138:C6FWNANXX:2:2202:15233:64748_1:100824051",2.1e-13
"24317","HISEQ13:138:C6FWNANXX:2:1115:2219:34407_1:21971439",2.1e-13
"24318","HISEQ13:138:C6FWNANXX:2:1315:15907:67070_1:72256405",2.1e-13
"24319","HISEQ13:138:C6FWNANXX:2:2211:11761:97260_1:114491754",2.1e-13
"24320","HISEQ13:138:C6FWNANXX:2:1109:5244:76530_1:13089577",2.1e-13
"24321","HISEQ13:138:C6FWNANXX:2:1214:18234:23815_1:44884625",2.1e-13
"24322","HISEQ13:138:C6FWNANXX:2:2301:14062:34831_1:123071404",2.1e-13
"24323","HISEQ13:138:C6FWNANXX:2:1306:20123:26073_1:57272116",2.1e-13
"24324","HISEQ13:138:C6FWNANXX:2:2316:13451:48493_1:145841763",2.1e-13
"24325","HISEQ13:138:C6FWNANXX:2:1104:11671:45036_1:5030200",2.1e-13
"24326","HISEQ13:138:C6FWNANXX:2:2305:15732:47734_1:128880713",2.1e-13
"24327","HISEQ13:138:C6FWNANXX:2:1305:12862:67624_1:56399737",2.1e-13
"24328","HISEQ13:138:C6FWNANXX:2:2304:5111:50896_1:127499811",2.1e-13
"24329","HISEQ13:138:C6FWNANXX:2:1214:16757:31707_1:45013807",2.1e-13
"24330","HISEQ13:138:C6FWNANXX:2:2204:8160:43816_1:103349190",2.1e-13
"24331","HISEQ13:138:C6FWNANXX:2:2311:6973:78992_1:138292684",2.1e-13
"24332","HISEQ13:138:C6FWNANXX:2:2316:15776:59903_1:146036248",2.1e-13
"24333","HISEQ13:138:C6FWNANXX:2:2313:6424:41269_1:140840913",2.1e-13
"24334","HISEQ13:138:C6FWNANXX:2:1310:5715:39432_1:63621340",2.1e-13
"24335","HISEQ13:138:C6FWNANXX:2:2214:9498:38619_1:118287379",2.1e-13
"24336","HISEQ13:138:C6FWNANXX:2:2115:8643:73782_1:96449964",2.1e-13
"24337","HISEQ13:138:C6FWNANXX:2:2208:16788:27412_1:108888679",2.1e-13
"24338","HISEQ13:138:C6FWNANXX:2:1303:11950:52205_1:53218162",2.1e-13
"24339","HISEQ13:138:C6FWNANXX:2:1108:9080:39565_1:10955870",2.1e-13
"24340","HISEQ13:138:C6FWNANXX:2:2112:16163:79108_1:91755388",2.1e-13
"24341","HISEQ13:138:C6FWNANXX:2:1303:5194:50152_1:53187455",2.1e-13
"24342","HISEQ13:138:C6FWNANXX:2:1103:20891:65928_1:3871288",2.1e-13
"24343","HISEQ13:138:C6FWNANXX:2:1112:16360:67083_1:17573894",2.1e-13
"24344","HISEQ13:138:C6FWNANXX:2:1309:19543:90994_1:62875588",2.1e-13
"24345","HISEQ13:138:C6FWNANXX:2:2216:8906:14410_1:121144522",2.1e-13
"24346","HISEQ13:138:C6FWNANXX:2:2313:11824:83753_1:141530772",2.1e-13
"24347","HISEQ13:138:C6FWNANXX:2:1115:2502:98638_1:23063080",2.1e-13
"24348","HISEQ13:138:C6FWNANXX:2:1302:9012:2827_1:51033866",2.1e-13
"24349","HISEQ13:138:C6FWNANXX:2:2213:20642:44856_1:116791559",2.1e-13
"24350","HISEQ13:138:C6FWNANXX:2:2314:6808:8561_1:141910120",2.1e-13
"24351","HISEQ13:138:C6FWNANXX:2:1105:7837:13096_1:6030080",2.1e-13
"24352","HISEQ13:138:C6FWNANXX:2:1311:9407:94538_1:66095846",2.1e-13
"24353","HISEQ13:138:C6FWNANXX:2:1116:8861:8170_1:23208939",2.1e-13
"24354","HISEQ13:138:C6FWNANXX:2:1214:12347:18855_1:44799025",2.1e-13
"24355","HISEQ13:138:C6FWNANXX:2:1214:8915:42816_1:45201555",2.1e-13
"24356","HISEQ13:138:C6FWNANXX:2:2203:19560:95130_1:102673461",2.1e-13
"24357","HISEQ13:138:C6FWNANXX:2:2203:2876:13927_1:101510051",2.1e-13
"24358","HISEQ13:138:C6FWNANXX:2:1209:20797:71143_1:37699568",2.1e-13
"24359","HISEQ13:138:C6FWNANXX:2:1201:11969:89841_1:26097764",2.1e-13
"24360","HISEQ13:138:C6FWNANXX:2:1306:11710:87617_1:58209044",2.1e-13
"24361","HISEQ13:138:C6FWNANXX:2:1316:17753:11017_1:72999635",2.1e-13
"24362","HISEQ13:138:C6FWNANXX:2:2101:19153:91764_1:75842803",2.1e-13
"24363","HISEQ13:138:C6FWNANXX:2:2111:17862:60566_1:89986079",2.1e-13
"24364","HISEQ13:138:C6FWNANXX:2:2116:13107:34894_1:97439506",2.1e-13
"24365","HISEQ13:138:C6FWNANXX:2:2303:14041:27496_1:125759172",2.1e-13
"24366","HISEQ13:138:C6FWNANXX:2:2303:9441:72623_1:126399781",2.1e-13
"24367","HISEQ13:138:C6FWNANXX:2:2314:6416:48815_1:142569575",2.1e-13
"24368","HISEQ13:138:C6FWNANXX:2:1201:10239:27974_1:25185263",2.1e-13
"24369","HISEQ13:138:C6FWNANXX:2:1306:7060:89816_1:58242357",2.1e-13
"24370","HISEQ13:138:C6FWNANXX:2:2203:14892:93194_1:102643685",2.1e-13
"24371","HISEQ13:138:C6FWNANXX:2:2215:20020:80675_1:120604511",2.1e-13
"24372","HISEQ13:138:C6FWNANXX:2:1111:10252:6577_1:15106560",2.1e-13
"24373","HISEQ13:138:C6FWNANXX:2:1114:2571:63025_1:20787536",2.1e-13
"24374","HISEQ13:138:C6FWNANXX:2:2103:17071:84525_1:78551891",2.1e-13
"24375","HISEQ13:138:C6FWNANXX:2:2109:5378:61690_1:86963323",2.1e-13
"24376","HISEQ13:138:C6FWNANXX:2:2207:17154:89348_1:108339967",2.1e-13
"24377","HISEQ13:138:C6FWNANXX:2:2313:4010:94067_1:141693578",2.1e-13
"24378","HISEQ13:138:C6FWNANXX:2:2314:1666:21915_1:142125144",2.1e-13
"24379","HISEQ13:138:C6FWNANXX:2:2314:8574:70489_1:142925654",2.1e-13
"24380","HISEQ13:138:C6FWNANXX:2:2304:9560:58623_1:127613090",2.1e-13
"24381","HISEQ13:138:C6FWNANXX:2:1114:17182:60185_1:20740240",2.1e-13
"24382","HISEQ13:138:C6FWNANXX:2:1305:12344:97813_1:56857474",2.2e-13
"24383","HISEQ13:138:C6FWNANXX:2:2201:12048:94555_1:99844949",2.2e-13
"24384","HISEQ13:138:C6FWNANXX:2:2211:19204:12251_1:113162573",2.2e-13
"24385","HISEQ13:138:C6FWNANXX:2:2107:11293:23915_1:83421405",2.2e-13
"24386","HISEQ13:138:C6FWNANXX:2:1104:12985:22525_1:4694722",2.2e-13
"24387","HISEQ13:138:C6FWNANXX:2:2116:19003:20950_1:97207990",2.2e-13
"24388","HISEQ13:138:C6FWNANXX:2:2205:6254:91459_1:105460291",2.2e-13
"24389","HISEQ13:138:C6FWNANXX:2:1209:14198:75073_1:37760914",2.2e-13
"24390","HISEQ13:138:C6FWNANXX:2:2113:8605:68113_1:93151600",2.2e-13
"24391","HISEQ13:138:C6FWNANXX:2:2204:10890:41336_1:103313975",2.2e-13
"24392","HISEQ13:138:C6FWNANXX:2:2204:16228:14690_1:102930446",2.2e-13
"24393","HISEQ13:138:C6FWNANXX:2:1212:19002:87832_1:42673520",2.2e-13
"24394","HISEQ13:138:C6FWNANXX:2:1202:16592:18091_1:26497374",2.2e-13
"24395","HISEQ13:138:C6FWNANXX:2:2101:11529:67542_1:75497353",2.2e-13
"24396","HISEQ13:138:C6FWNANXX:2:2311:9067:79272_1:138300990",2.2e-13
"24397","HISEQ13:138:C6FWNANXX:2:2313:13841:17608_1:140458725",2.2e-13
"24398","HISEQ13:138:C6FWNANXX:2:1205:15687:8088_1:30711406",2.2e-13
"24399","HISEQ13:138:C6FWNANXX:2:2301:8541:86221_1:123791948",2.2e-13
"24400","HISEQ13:138:C6FWNANXX:2:1110:17678:25662_1:13848441",2.2e-13
"24401","HISEQ13:138:C6FWNANXX:2:1306:14664:47947_1:57602483",2.2e-13
"24402","HISEQ13:138:C6FWNANXX:2:1205:8274:55862_1:31423418",2.2e-13
"24403","HISEQ13:138:C6FWNANXX:2:2316:14442:94396_1:146616715",2.2e-13
"24404","HISEQ13:138:C6FWNANXX:2:1107:17394:19575_1:9129737",2.2e-13
"24405","HISEQ13:138:C6FWNANXX:2:2310:2317:97810_1:137041278",2.2e-13
"24406","HISEQ13:138:C6FWNANXX:2:2314:4642:19448_1:142084753",2.2e-13
"24407","HISEQ13:138:C6FWNANXX:2:1301:9679:77519_1:50680950",2.2e-13
"24408","HISEQ13:138:C6FWNANXX:2:1313:14736:18492_1:68088982",2.2e-13
"24409","HISEQ13:138:C6FWNANXX:2:2207:20511:64668_1:107973206",2.2e-13
"24410","HISEQ13:138:C6FWNANXX:2:2306:2010:17432_1:129877079",2.2e-13
"24411","HISEQ13:138:C6FWNANXX:2:2214:15318:90051_1:119132389",2.2e-13
"24412","HISEQ13:138:C6FWNANXX:2:2302:4766:97313_1:125348761",2.2e-13
"24413","HISEQ13:138:C6FWNANXX:2:1103:2129:9726_1:3034176",2.2e-13
"24414","HISEQ13:138:C6FWNANXX:2:1315:19216:51947_1:71994013",2.2e-13
"24415","HISEQ13:138:C6FWNANXX:2:2307:18347:91381_1:132433826",2.2e-13
"24416","HISEQ13:138:C6FWNANXX:2:1115:18533:8209_1:21530682",2.2e-13
"24417","HISEQ13:138:C6FWNANXX:2:2110:20293:96811_1:89009414",2.2e-13
"24418","HISEQ13:138:C6FWNANXX:2:2112:11211:30737_1:90992032",2.2e-13
"24419","HISEQ13:138:C6FWNANXX:2:1310:4689:10277_1:63160675",2.2e-13
"24420","HISEQ13:138:C6FWNANXX:2:2109:4113:65894_1:87027903",2.2e-13
"24421","HISEQ13:138:C6FWNANXX:2:2113:9717:3343_1:92119957",2.2e-13
"24422","HISEQ13:138:C6FWNANXX:2:1102:8346:59817_1:2314822",2.2e-13
"24423","HISEQ13:138:C6FWNANXX:2:1106:18639:15046_1:7551840",2.2e-13
"24424","HISEQ13:138:C6FWNANXX:2:1306:10528:99107_1:58384040",2.2e-13
"24425","HISEQ13:138:C6FWNANXX:2:2105:17253:34969_1:80683706",2.2e-13
"24426","HISEQ13:138:C6FWNANXX:2:2301:11016:20391_1:122865803",2.2e-13
"24427","HISEQ13:138:C6FWNANXX:2:2301:16693:68452_1:123543359",2.2e-13
"24428","HISEQ13:138:C6FWNANXX:2:1111:11971:27095_1:15433446",2.2e-13
"24429","HISEQ13:138:C6FWNANXX:2:1214:2087:98899_1:46141596",2.2e-13
"24430","HISEQ13:138:C6FWNANXX:2:1214:8599:97479_1:46117764",2.2e-13
"24431","HISEQ13:138:C6FWNANXX:2:1307:17383:36322_1:58939040",2.2e-13
"24432","HISEQ13:138:C6FWNANXX:2:1311:17750:2446_1:64602043",2.2e-13
"24433","HISEQ13:138:C6FWNANXX:2:1116:20127:10556_1:23254504",2.2e-13
"24434","HISEQ13:138:C6FWNANXX:2:2314:10661:33618_1:142319033",2.2e-13
"24435","HISEQ13:138:C6FWNANXX:2:1113:1952:6146_1:18193436",2.2e-13
"24436","HISEQ13:138:C6FWNANXX:2:2204:2234:14808_1:102931492",2.2e-13
"24437","HISEQ13:138:C6FWNANXX:2:1208:2681:69098_1:36126902",2.2e-13
"24438","HISEQ13:138:C6FWNANXX:2:1210:11069:53514_1:38974320",2.2e-13
"24439","HISEQ13:138:C6FWNANXX:2:1211:7964:71832_1:40837138",2.2e-13
"24440","HISEQ13:138:C6FWNANXX:2:2110:16494:66405_1:88545101",2.2e-13
"24441","HISEQ13:138:C6FWNANXX:2:2208:5962:82669_1:109716923",2.2e-13
"24442","HISEQ13:138:C6FWNANXX:2:2313:11153:71968_1:141335869",2.2e-13
"24443","HISEQ13:138:C6FWNANXX:2:2105:19096:50508_1:80913515",2.2e-13
"24444","HISEQ13:138:C6FWNANXX:2:1103:2529:93838_1:4283274",2.2e-13
"24445","HISEQ13:138:C6FWNANXX:2:1212:2444:55729_1:42141529",2.2e-13
"24446","HISEQ13:138:C6FWNANXX:2:1309:11685:36674_1:62014936",2.2e-13
"24447","HISEQ13:138:C6FWNANXX:2:2305:19572:11089_1:128352165",2.2e-13
"24448","HISEQ13:138:C6FWNANXX:2:2305:20775:13196_1:128381239",2.2e-13
"24449","HISEQ13:138:C6FWNANXX:2:1316:16199:100241_1:74550589",2.2e-13
"24450","HISEQ13:138:C6FWNANXX:2:2101:9638:71752_1:75557544",2.2e-13
"24451","HISEQ13:138:C6FWNANXX:2:2106:14219:75886_1:82729452",2.2e-13
"24452","HISEQ13:138:C6FWNANXX:2:2212:7741:31674_1:115004177",2.2e-13
"24453","HISEQ13:138:C6FWNANXX:2:2314:1306:68065_1:142886746",2.2e-13
"24454","HISEQ13:138:C6FWNANXX:2:1205:10399:91183_1:31952337",2.2e-13
"24455","HISEQ13:138:C6FWNANXX:2:1104:4875:70305_1:5405143",2.2e-13
"24456","HISEQ13:138:C6FWNANXX:2:1208:18562:44360_1:35746235",2.2e-13
"24457","HISEQ13:138:C6FWNANXX:2:1202:19543:31790_1:26700031",2.2e-13
"24458","HISEQ13:138:C6FWNANXX:2:1311:20286:74009_1:65762178",2.2e-13
"24459","HISEQ13:138:C6FWNANXX:2:2106:16514:63125_1:82541717",2.2e-13
"24460","HISEQ13:138:C6FWNANXX:2:1105:8056:84026_1:7095775",2.2e-13
"24461","HISEQ13:138:C6FWNANXX:2:1214:11572:88721_1:45970960",2.2e-13
"24462","HISEQ13:138:C6FWNANXX:2:1104:12985:22525_1:4694723",2.2e-13
"24463","HISEQ13:138:C6FWNANXX:2:1103:16526:8536_1:3021724",2.2e-13
"24464","HISEQ13:138:C6FWNANXX:2:1315:4093:57209_1:72081463",2.2e-13
"24465","HISEQ13:138:C6FWNANXX:2:2304:1751:86377_1:128009193",2.2e-13
"24466","HISEQ13:138:C6FWNANXX:2:1115:5367:57671_1:22365422",2.2e-13
"24467","HISEQ13:138:C6FWNANXX:2:2102:9052:94056_1:77280229",2.2e-13
"24468","HISEQ13:138:C6FWNANXX:2:2113:20151:59228_1:93010187",2.2e-13
"24469","HISEQ13:138:C6FWNANXX:2:2212:11634:48215_1:115265500",2.2e-13
"24470","HISEQ13:138:C6FWNANXX:2:2215:9121:58981_1:120242571",2.2e-13
"24471","HISEQ13:138:C6FWNANXX:2:1215:21250:92369_1:47712323",2.2e-13
"24472","HISEQ13:138:C6FWNANXX:2:2301:19558:83703_1:123758867",2.2e-13
"24473","HISEQ13:138:C6FWNANXX:2:1204:13364:14829_1:29342712",2.2e-13
"24474","HISEQ13:138:C6FWNANXX:2:2310:15592:21847_1:135877070",2.2e-13
"24475","HISEQ13:138:C6FWNANXX:2:2104:4913:32337_1:79218899",2.2e-13
"24476","HISEQ13:138:C6FWNANXX:2:2108:19708:20770_1:84851785",2.2e-13
"24477","HISEQ13:138:C6FWNANXX:2:1108:14004:21404_1:10673948",2.2e-13
"24478","HISEQ13:138:C6FWNANXX:2:1109:5176:99761_1:13456720",2.3e-13
"24479","HISEQ13:138:C6FWNANXX:2:2105:6024:92662_1:81520015",2.3e-13
"24480","HISEQ13:138:C6FWNANXX:2:2106:6598:92087_1:82965205",2.3e-13
"24481","HISEQ13:138:C6FWNANXX:2:2216:19211:74319_1:122160040",2.3e-13
"24482","HISEQ13:138:C6FWNANXX:2:1109:4369:90931_1:13314484",2.3e-13
"24483","HISEQ13:138:C6FWNANXX:2:2210:14312:90610_1:112845307",2.3e-13
"24484","HISEQ13:138:C6FWNANXX:2:1214:7487:71548_1:45684613",2.3e-13
"24485","HISEQ13:138:C6FWNANXX:2:2205:19507:39134_1:104706410",2.3e-13
"24486","HISEQ13:138:C6FWNANXX:2:2301:15126:69739_1:123560444",2.3e-13
"24487","HISEQ13:138:C6FWNANXX:2:2301:20776:75258_1:123642392",2.3e-13
"24488","HISEQ13:138:C6FWNANXX:2:2107:6379:86236_1:84346813",2.3e-13
"24489","HISEQ13:138:C6FWNANXX:2:2207:17866:55420_1:107835447",2.3e-13
"24490","HISEQ13:138:C6FWNANXX:2:1208:17763:41283_1:35700021",2.3e-13
"24491","HISEQ13:138:C6FWNANXX:2:2110:16475:67176_1:88556240",2.3e-13
"24492","HISEQ13:138:C6FWNANXX:2:1108:12295:81497_1:11608977",2.3e-13
"24493","HISEQ13:138:C6FWNANXX:2:2102:4461:17466_1:76186239",2.3e-13
"24494","HISEQ13:138:C6FWNANXX:2:2311:3855:35493_1:137607937",2.3e-13
"24495","HISEQ13:138:C6FWNANXX:2:2315:7555:64752_1:144463068",2.3e-13
"24496","HISEQ13:138:C6FWNANXX:2:2102:9008:41173_1:76524453",2.3e-13
"24497","HISEQ13:138:C6FWNANXX:2:1102:14066:72080_1:2497282",2.3e-13
"24498","HISEQ13:138:C6FWNANXX:2:1102:15007:90400_1:2767581",2.3e-13
"24499","HISEQ13:138:C6FWNANXX:2:1109:11642:78435_1:13118899",2.3e-13
"24500","HISEQ13:138:C6FWNANXX:2:1113:2473:46556_1:18858814",2.3e-13
"24501","HISEQ13:138:C6FWNANXX:2:2109:15506:38490_1:86610254",2.3e-13
"24502","HISEQ13:138:C6FWNANXX:2:2115:7207:93451_1:96769160",2.3e-13
"24503","HISEQ13:138:C6FWNANXX:2:2215:18722:30317_1:119774708",2.3e-13
"24504","HISEQ13:138:C6FWNANXX:2:2103:12360:16652_1:77584657",2.3e-13
"24505","HISEQ13:138:C6FWNANXX:2:1111:16186:5155_1:15083702",2.3e-13
"24506","HISEQ13:138:C6FWNANXX:2:1315:14920:28797_1:71598715",2.3e-13
"24507","HISEQ13:138:C6FWNANXX:2:2204:17526:5626_1:102805826",2.3e-13
"24508","HISEQ13:138:C6FWNANXX:2:2110:15340:71774_1:88627818",2.3e-13
"24509","HISEQ13:138:C6FWNANXX:2:2112:7847:85559_1:91857167",2.3e-13
"24510","HISEQ13:138:C6FWNANXX:2:1115:7662:60258_1:22412235",2.3e-13
"24511","HISEQ13:138:C6FWNANXX:2:1116:18991:89234_1:24604545",2.3e-13
"24512","HISEQ13:138:C6FWNANXX:2:2109:15506:38490_1:86610255",2.3e-13
"24513","HISEQ13:138:C6FWNANXX:2:2207:8997:87052_1:108305569",2.3e-13
"24514","HISEQ13:138:C6FWNANXX:2:1302:11202:9003_1:51126372",2.3e-13
"24515","HISEQ13:138:C6FWNANXX:2:1314:10075:27437_1:69893213",2.3e-13
"24516","HISEQ13:138:C6FWNANXX:2:2212:6727:87346_1:115888624",2.3e-13
"24517","HISEQ13:138:C6FWNANXX:2:2213:7017:14282_1:116301645",2.3e-13
"24518","HISEQ13:138:C6FWNANXX:2:2309:2364:85259_1:135333035",2.3e-13
"24519","HISEQ13:138:C6FWNANXX:2:1314:1386:86896_1:70902587",2.3e-13
"24520","HISEQ13:138:C6FWNANXX:2:1306:7265:34507_1:57399126",2.3e-13
"24521","HISEQ13:138:C6FWNANXX:2:1110:13327:18688_1:13737471",2.3e-13
"24522","HISEQ13:138:C6FWNANXX:2:1316:19158:51949_1:73709941",2.3e-13
"24523","HISEQ13:138:C6FWNANXX:2:2103:13509:39286_1:77909015",2.3e-13
"24524","HISEQ13:138:C6FWNANXX:2:2201:5748:99798_1:99918176",2.3e-13
"24525","HISEQ13:138:C6FWNANXX:2:2212:13898:84431_1:115842005",2.3e-13
"24526","HISEQ13:138:C6FWNANXX:2:2314:19262:93948_1:143313036",2.3e-13
"24527","HISEQ13:138:C6FWNANXX:2:1108:11753:8037_1:10469260",2.3e-13
"24528","HISEQ13:138:C6FWNANXX:2:1302:3827:57857_1:51841773",2.3e-13
"24529","HISEQ13:138:C6FWNANXX:2:2215:20668:43216_1:119985459",2.3e-13
"24530","HISEQ13:138:C6FWNANXX:2:1314:13102:21366_1:69791912",2.3e-13
"24531","HISEQ13:138:C6FWNANXX:2:1316:6610:100013_1:74548433",2.3e-13
"24532","HISEQ13:138:C6FWNANXX:2:2207:15199:93977_1:108406298",2.3e-13
"24533","HISEQ13:138:C6FWNANXX:2:2314:9766:22074_1:142130820",2.3e-13
"24534","HISEQ13:138:C6FWNANXX:2:1210:18071:34075_1:38670635",2.3e-13
"24535","HISEQ13:138:C6FWNANXX:2:1306:12869:79022_1:58079782",2.3e-13
"24536","HISEQ13:138:C6FWNANXX:2:1309:18061:24644_1:61826836",2.3e-13
"24537","HISEQ13:138:C6FWNANXX:2:2113:13209:53194_1:92912851",2.3e-13
"24538","HISEQ13:138:C6FWNANXX:2:2210:20087:9303_1:111606212",2.3e-13
"24539","HISEQ13:138:C6FWNANXX:2:2306:16549:62777_1:130548949",2.3e-13
"24540","HISEQ13:138:C6FWNANXX:2:2208:16521:95505_1:109915168",2.3e-13
"24541","HISEQ13:138:C6FWNANXX:2:1316:15605:7561_1:72937630",2.3e-13
"24542","HISEQ13:138:C6FWNANXX:2:1309:3709:26605_1:61855313",2.3e-13
"24543","HISEQ13:138:C6FWNANXX:2:2315:1193:76232_1:144645077",2.3e-13
"24544","HISEQ13:138:C6FWNANXX:2:1208:10476:29082_1:35510924",2.3e-13
"24545","HISEQ13:138:C6FWNANXX:2:1204:6828:64956_1:30083312",2.3e-13
"24546","HISEQ13:138:C6FWNANXX:2:1210:10716:48640_1:38895949",2.3e-13
"24547","HISEQ13:138:C6FWNANXX:2:2101:4268:5038_1:74604578",2.3e-13
"24548","HISEQ13:138:C6FWNANXX:2:2115:4820:67190_1:96339549",2.3e-13
"24549","HISEQ13:138:C6FWNANXX:2:2202:13746:4058_1:99964101",2.3e-13
"24550","HISEQ13:138:C6FWNANXX:2:2203:15101:99499_1:102733124",2.3e-13
"24551","HISEQ13:138:C6FWNANXX:2:1216:9295:80287_1:49213592",2.3e-13
"24552","HISEQ13:138:C6FWNANXX:2:1112:8552:5339_1:16733529",2.4e-13
"24553","HISEQ13:138:C6FWNANXX:2:1301:1813:27694_1:49945030",2.4e-13
"24554","HISEQ13:138:C6FWNANXX:2:2109:7615:99931_1:87544537",2.4e-13
"24555","HISEQ13:138:C6FWNANXX:2:1116:5233:37447_1:23710964",2.4e-13
"24556","HISEQ13:138:C6FWNANXX:2:1204:3949:56834_1:29964838",2.4e-13
"24557","HISEQ13:138:C6FWNANXX:2:1212:13679:16859_1:41518608",2.4e-13
"24558","HISEQ13:138:C6FWNANXX:2:2109:11506:86713_1:87344157",2.4e-13
"24559","HISEQ13:138:C6FWNANXX:2:2306:4398:77056_1:130757433",2.4e-13
"24560","HISEQ13:138:C6FWNANXX:2:1203:19252:9701_1:27823967",2.4e-13
"24561","HISEQ13:138:C6FWNANXX:2:1208:3858:50692_1:35839883",2.4e-13
"24562","HISEQ13:138:C6FWNANXX:2:2213:5093:74118_1:117259461",2.4e-13
"24563","HISEQ13:138:C6FWNANXX:2:2113:16148:13879_1:92288340",2.4e-13
"24564","HISEQ13:138:C6FWNANXX:2:2315:18228:17097_1:143676121",2.4e-13
"24565","HISEQ13:138:C6FWNANXX:2:1114:19744:58918_1:20719623",2.4e-13
"24566","HISEQ13:138:C6FWNANXX:2:1201:13316:67924_1:25775199",2.4e-13
"24567","HISEQ13:138:C6FWNANXX:2:2111:19522:54142_1:89881221",2.4e-13
"24568","HISEQ13:138:C6FWNANXX:2:1311:1778:56919_1:65478300",2.4e-13
"24569","HISEQ13:138:C6FWNANXX:2:2205:5089:76144_1:105239057",2.4e-13
"24570","HISEQ13:138:C6FWNANXX:2:2304:8194:95546_1:128143246",2.4e-13
"24571","HISEQ13:138:C6FWNANXX:2:1107:1824:47871_1:9558427",2.4e-13
"24572","HISEQ13:138:C6FWNANXX:2:2104:18611:71097_1:79779639",2.4e-13
"24573","HISEQ13:138:C6FWNANXX:2:1314:10463:88017_1:70925998",2.4e-13
"24574","HISEQ13:138:C6FWNANXX:2:2308:2263:96689_1:133998610",2.4e-13
"24575","HISEQ13:138:C6FWNANXX:2:1303:17490:19931_1:52741430",2.4e-13
"24576","HISEQ13:138:C6FWNANXX:2:2307:5434:50342_1:131822066",2.4e-13
"24577","HISEQ13:138:C6FWNANXX:2:1115:13266:41435_1:22092259",2.4e-13
"24578","HISEQ13:138:C6FWNANXX:2:1302:18812:39944_1:51579430",2.4e-13
"24579","HISEQ13:138:C6FWNANXX:2:2312:6283:22751_1:138969567",2.4e-13
"24580","HISEQ13:138:C6FWNANXX:2:1213:2496:61041_1:43856550",2.4e-13
"24581","HISEQ13:138:C6FWNANXX:2:1205:16503:38734_1:31166303",2.4e-13
"24582","HISEQ13:138:C6FWNANXX:2:1206:10853:46152_1:32764184",2.4e-13
"24583","HISEQ13:138:C6FWNANXX:2:2211:9753:41548_1:113618205",2.4e-13
"24584","HISEQ13:138:C6FWNANXX:2:2301:1866:8396_1:122694348",2.4e-13
"24585","HISEQ13:138:C6FWNANXX:2:1205:8274:55862_1:31423417",2.4e-13
"24586","HISEQ13:138:C6FWNANXX:2:1203:8080:92339_1:29040689",2.4e-13
"24587","HISEQ13:138:C6FWNANXX:2:1303:13369:57339_1:53296272",2.4e-13
"24588","HISEQ13:138:C6FWNANXX:2:2102:6442:79475_1:77068500",2.4e-13
"24589","HISEQ13:138:C6FWNANXX:2:1105:19058:94470_1:7252868",2.4e-13
"24590","HISEQ13:138:C6FWNANXX:2:1108:20570:56304_1:11218923",2.4e-13
"24591","HISEQ13:138:C6FWNANXX:2:2105:19192:72022_1:81223017",2.4e-13
"24592","HISEQ13:138:C6FWNANXX:2:1311:17756:90619_1:66032558",2.4e-13
"24593","HISEQ13:138:C6FWNANXX:2:1107:13968:93551_1:10262808",2.4e-13
"24594","HISEQ13:138:C6FWNANXX:2:2311:5628:20508_1:137376751",2.4e-13
"24595","HISEQ13:138:C6FWNANXX:2:2314:7752:85678_1:143174745",2.4e-13
"24596","HISEQ13:138:C6FWNANXX:2:1116:11081:96936_1:24734903",2.4e-13
"24597","HISEQ13:138:C6FWNANXX:2:1214:14237:11566_1:44678160",2.4e-13
"24598","HISEQ13:138:C6FWNANXX:2:1208:13989:65861_1:36078463",2.4e-13
"24599","HISEQ13:138:C6FWNANXX:2:2203:3747:94909_1:102666936",2.4e-13
"24600","HISEQ13:138:C6FWNANXX:2:1306:15286:28380_1:57305478",2.4e-13
"24601","HISEQ13:138:C6FWNANXX:2:2116:12204:25357_1:97281754",2.4e-13
"24602","HISEQ13:138:C6FWNANXX:2:2308:1508:38142_1:133114604",2.4e-13
"24603","HISEQ13:138:C6FWNANXX:2:1312:14766:8610_1:66306563",2.4e-13
"24604","HISEQ13:138:C6FWNANXX:2:1302:17610:24074_1:51347811",2.4e-13
"24605","HISEQ13:138:C6FWNANXX:2:2301:13213:8462_1:122696393",2.4e-13
"24606","HISEQ13:138:C6FWNANXX:2:1102:17086:43998_1:2080562",2.4e-13
"24607","HISEQ13:138:C6FWNANXX:2:1110:11641:98897_1:15001220",2.4e-13
"24608","HISEQ13:138:C6FWNANXX:2:1111:8370:35247_1:15560120",2.4e-13
"24609","HISEQ13:138:C6FWNANXX:2:1114:8443:97076_1:21361549",2.4e-13
"24610","HISEQ13:138:C6FWNANXX:2:1212:3960:72002_1:42412032",2.4e-13
"24611","HISEQ13:138:C6FWNANXX:2:1315:17441:39183_1:71774773",2.4e-13
"24612","HISEQ13:138:C6FWNANXX:2:2110:18969:18317_1:87811681",2.4e-13
"24613","HISEQ13:138:C6FWNANXX:2:2208:9267:71918_1:109555175",2.4e-13
"24614","HISEQ13:138:C6FWNANXX:2:2313:18851:25441_1:140584077",2.4e-13
"24615","HISEQ13:138:C6FWNANXX:2:1111:13879:11396_1:15182973",2.4e-13
"24616","HISEQ13:138:C6FWNANXX:2:2314:11134:14584_1:142009195",2.4e-13
"24617","HISEQ13:138:C6FWNANXX:2:1214:19125:2944_1:44533560",2.4e-13
"24618","HISEQ13:138:C6FWNANXX:2:1302:4194:88773_1:52298403",2.4e-13
"24619","HISEQ13:138:C6FWNANXX:2:2111:4590:22927_1:89389827",2.4e-13
"24620","HISEQ13:138:C6FWNANXX:2:2111:6233:45232_1:89736355",2.4e-13
"24621","HISEQ13:138:C6FWNANXX:2:1106:6662:32802_1:7819507",2.4e-13
"24622","HISEQ13:138:C6FWNANXX:2:1306:13146:43229_1:57529790",2.4e-13
"24623","HISEQ13:138:C6FWNANXX:2:2105:1505:28303_1:80587019",2.4e-13
"24624","HISEQ13:138:C6FWNANXX:2:1204:19531:69049_1:30148895",2.4e-13
"24625","HISEQ13:138:C6FWNANXX:2:1109:2598:6429_1:11980781",2.4e-13
"24626","HISEQ13:138:C6FWNANXX:2:1307:3216:27027_1:58794153",2.4e-13
"24627","HISEQ13:138:C6FWNANXX:2:2211:8075:97794_1:114498833",2.4e-13
"24628","HISEQ13:138:C6FWNANXX:2:2215:2863:56196_1:120195140",2.4e-13
"24629","HISEQ13:138:C6FWNANXX:2:2307:5800:28103_1:131492235",2.4e-13
"24630","HISEQ13:138:C6FWNANXX:2:2208:6652:6163_1:108569558",2.4e-13
"24631","HISEQ13:138:C6FWNANXX:2:2311:8764:49118_1:137823322",2.4e-13
"24632","HISEQ13:138:C6FWNANXX:2:2113:15477:92533_1:93546023",2.4e-13
"24633","HISEQ13:138:C6FWNANXX:2:1114:18710:43258_1:20458382",2.4e-13
"24634","HISEQ13:138:C6FWNANXX:2:1313:12756:13922_1:68014269",2.4e-13
"24635","HISEQ13:138:C6FWNANXX:2:1304:14562:87052_1:55210118",2.5e-13
"24636","HISEQ13:138:C6FWNANXX:2:1305:19625:49347_1:56127434",2.5e-13
"24637","HISEQ13:138:C6FWNANXX:2:1101:10703:47415_1:671943",2.5e-13
"24638","HISEQ13:138:C6FWNANXX:2:1113:13233:84946_1:19496430",2.5e-13
"24639","HISEQ13:138:C6FWNANXX:2:1316:7245:54893_1:73759740",2.5e-13
"24640","HISEQ13:138:C6FWNANXX:2:2111:14878:79821_1:90306262",2.5e-13
"24641","HISEQ13:138:C6FWNANXX:2:2309:2364:85259_1:135333036",2.5e-13
"24642","HISEQ13:138:C6FWNANXX:2:2311:16329:40444_1:137688076",2.5e-13
"24643","HISEQ13:138:C6FWNANXX:2:1308:20509:19789_1:60207446",2.5e-13
"24644","HISEQ13:138:C6FWNANXX:2:2114:12807:27332_1:94088363",2.5e-13
"24645","HISEQ13:138:C6FWNANXX:2:2109:18491:94558_1:87467065",2.5e-13
"24646","HISEQ13:138:C6FWNANXX:2:1201:20730:59381_1:25650849",2.5e-13
"24647","HISEQ13:138:C6FWNANXX:2:1203:2783:65435_1:28641002",2.5e-13
"24648","HISEQ13:138:C6FWNANXX:2:2104:2829:83822_1:79960881",2.5e-13
"24649","HISEQ13:138:C6FWNANXX:2:2111:11841:100325_1:90669012",2.5e-13
"24650","HISEQ13:138:C6FWNANXX:2:2304:7629:98515_1:128186669",2.5e-13
"24651","HISEQ13:138:C6FWNANXX:2:1305:13093:88865_1:56721191",2.5e-13
"24652","HISEQ13:138:C6FWNANXX:2:2101:2884:89328_1:75804185",2.5e-13
"24653","HISEQ13:138:C6FWNANXX:2:2105:4416:86081_1:81424976",2.5e-13
"24654","HISEQ13:138:C6FWNANXX:2:2201:8108:62628_1:99389730",2.5e-13
"24655","HISEQ13:138:C6FWNANXX:2:2203:5148:41894_1:101910530",2.5e-13
"24656","HISEQ13:138:C6FWNANXX:2:2112:15395:94073_1:91992525",2.5e-13
"24657","HISEQ13:138:C6FWNANXX:2:1116:17942:57499_1:24056216",2.5e-13
"24658","HISEQ13:138:C6FWNANXX:2:2103:6380:47288_1:78021715",2.5e-13
"24659","HISEQ13:138:C6FWNANXX:2:2312:9292:95767_1:140128874",2.5e-13
"24660","HISEQ13:138:C6FWNANXX:2:1111:14466:11659_1:15187262",2.5e-13
"24661","HISEQ13:138:C6FWNANXX:2:2107:11496:82681_1:84294325",2.5e-13
"24662","HISEQ13:138:C6FWNANXX:2:2111:4003:27229_1:89455281",2.5e-13
"24663","HISEQ13:138:C6FWNANXX:2:1211:19480:38480_1:40299551",2.5e-13
"24664","HISEQ13:138:C6FWNANXX:2:2110:13600:23783_1:87894983",2.5e-13
"24665","HISEQ13:138:C6FWNANXX:2:1212:6022:97861_1:42834924",2.5e-13
"24666","HISEQ13:138:C6FWNANXX:2:1311:14667:11784_1:64755197",2.5e-13
"24667","HISEQ13:138:C6FWNANXX:2:1313:13181:97650_1:69410729",2.5e-13
"24668","HISEQ13:138:C6FWNANXX:2:1316:20711:83152_1:74257848",2.5e-13
"24669","HISEQ13:138:C6FWNANXX:2:1114:3263:51758_1:20597901",2.5e-13
"24670","HISEQ13:138:C6FWNANXX:2:1214:1654:10892_1:44662799",2.5e-13
"24671","HISEQ13:138:C6FWNANXX:2:1313:2714:88941_1:69262465",2.5e-13
"24672","HISEQ13:138:C6FWNANXX:2:2110:2727:62771_1:88488865",2.5e-13
"24673","HISEQ13:138:C6FWNANXX:2:2115:13755:59562_1:96218998",2.5e-13
"24674","HISEQ13:138:C6FWNANXX:2:2211:9802:71874_1:114090683",2.5e-13
"24675","HISEQ13:138:C6FWNANXX:2:1311:5223:85171_1:65939932",2.5e-13
"24676","HISEQ13:138:C6FWNANXX:2:2310:18380:88619_1:136902663",2.5e-13
"24677","HISEQ13:138:C6FWNANXX:2:1110:14609:42036_1:14108072",2.5e-13
"24678","HISEQ13:138:C6FWNANXX:2:1110:16088:53553_1:14290737",2.5e-13
"24679","HISEQ13:138:C6FWNANXX:2:2215:20143:25312_1:119692211",2.5e-13
"24680","HISEQ13:138:C6FWNANXX:2:1207:6682:96323_1:35025450",2.5e-13
"24681","HISEQ13:138:C6FWNANXX:2:2113:14451:7838_1:92192773",2.5e-13
"24682","HISEQ13:138:C6FWNANXX:2:1110:8284:58579_1:14368301",2.5e-13
"24683","HISEQ13:138:C6FWNANXX:2:1207:15221:84129_1:34841076",2.5e-13
"24684","HISEQ13:138:C6FWNANXX:2:1101:15930:72229_1:1039082",2.5e-13
"24685","HISEQ13:138:C6FWNANXX:2:1101:8464:30480_1:420444",2.5e-13
"24686","HISEQ13:138:C6FWNANXX:2:2113:16072:69345_1:93173144",2.5e-13
"24687","HISEQ13:138:C6FWNANXX:2:1106:18099:34964_1:7852081",2.5e-13
"24688","HISEQ13:138:C6FWNANXX:2:1207:2603:87329_1:34887804",2.5e-13
"24689","HISEQ13:138:C6FWNANXX:2:2207:14264:10437_1:107173103",2.5e-13
"24690","HISEQ13:138:C6FWNANXX:2:2316:4546:59305_1:146025328",2.5e-13
"24691","HISEQ13:138:C6FWNANXX:2:2105:15938:6630_1:80273882",2.5e-13
"24692","HISEQ13:138:C6FWNANXX:2:2110:9618:96633_1:89003344",2.5e-13
"24693","HISEQ13:138:C6FWNANXX:2:2103:12260:89594_1:78622444",2.5e-13
"24694","HISEQ13:138:C6FWNANXX:2:2211:3029:32825_1:113479862",2.5e-13
"24695","HISEQ13:138:C6FWNANXX:2:2104:15765:27732_1:79152730",2.5e-13
"24696","HISEQ13:138:C6FWNANXX:2:1211:20417:61320_1:40670826",2.5e-13
"24697","HISEQ13:138:C6FWNANXX:2:1313:4609:38929_1:68427108",2.5e-13
"24698","HISEQ13:138:C6FWNANXX:2:2204:2861:54337_1:103499542",2.5e-13
"24699","HISEQ13:138:C6FWNANXX:2:1108:18920:28663_1:10787159",2.5e-13
"24700","HISEQ13:138:C6FWNANXX:2:2205:2956:66716_1:105101493",2.5e-13
"24701","HISEQ13:138:C6FWNANXX:2:1209:20529:30445_1:37063162",2.5e-13
"24702","HISEQ13:138:C6FWNANXX:2:1304:7497:6237_1:53999217",2.5e-13
"24703","HISEQ13:138:C6FWNANXX:2:1309:6421:52909_1:62269893",2.5e-13
"24704","HISEQ13:138:C6FWNANXX:2:1312:8697:46752_1:66929068",2.5e-13
"24705","HISEQ13:138:C6FWNANXX:2:2202:12109:27940_1:100302492",2.5e-13
"24706","HISEQ13:138:C6FWNANXX:2:2204:20259:51047_1:103455970",2.5e-13
"24707","HISEQ13:138:C6FWNANXX:2:2207:2673:16340_1:107259235",2.5e-13
"24708","HISEQ13:138:C6FWNANXX:2:1105:18022:12075_1:6016862",2.5e-13
"24709","HISEQ13:138:C6FWNANXX:2:1209:17046:85455_1:37921429",2.5e-13
"24710","HISEQ13:138:C6FWNANXX:2:1303:17872:22212_1:52775051",2.5e-13
"24711","HISEQ13:138:C6FWNANXX:2:1101:21106:77477_1:1117040",2.6e-13
"24712","HISEQ13:138:C6FWNANXX:2:1101:2220:56428_1:803464",2.6e-13
"24713","HISEQ13:138:C6FWNANXX:2:1102:4702:88060_1:2732086",2.6e-13
"24714","HISEQ13:138:C6FWNANXX:2:2104:11918:86042_1:79994537",2.6e-13
"24715","HISEQ13:138:C6FWNANXX:2:2105:6131:12774_1:80363005",2.6e-13
"24716","HISEQ13:138:C6FWNANXX:2:2105:9827:95814_1:81567722",2.6e-13
"24717","HISEQ13:138:C6FWNANXX:2:2202:17227:53186_1:100660746",2.6e-13
"24718","HISEQ13:138:C6FWNANXX:2:1105:6858:76463_1:6978592",2.6e-13
"24719","HISEQ13:138:C6FWNANXX:2:1107:9926:4046_1:8889617",2.6e-13
"24720","HISEQ13:138:C6FWNANXX:2:1312:18885:59804_1:67144939",2.6e-13
"24721","HISEQ13:138:C6FWNANXX:2:2315:15291:14028_1:143625743",2.6e-13
"24722","HISEQ13:138:C6FWNANXX:2:2307:13749:10160_1:131227217",2.6e-13
"24723","HISEQ13:138:C6FWNANXX:2:1111:16078:56373_1:15905266",2.6e-13
"24724","HISEQ13:138:C6FWNANXX:2:1307:17628:15822_1:58623991",2.6e-13
"24725","HISEQ13:138:C6FWNANXX:2:2114:11146:41063_1:94309909",2.6e-13
"24726","HISEQ13:138:C6FWNANXX:2:2116:18452:60397_1:97860079",2.6e-13
"24727","HISEQ13:138:C6FWNANXX:2:1214:11273:99255_1:46152109",2.6e-13
"24728","HISEQ13:138:C6FWNANXX:2:2214:6099:51365_1:118494714",2.6e-13
"24729","HISEQ13:138:C6FWNANXX:2:1204:20538:56856_1:29968006",2.6e-13
"24730","HISEQ13:138:C6FWNANXX:2:1101:10356:42516_1:601634",2.6e-13
"24731","HISEQ13:138:C6FWNANXX:2:1211:8012:68520_1:40785040",2.6e-13
"24732","HISEQ13:138:C6FWNANXX:2:2308:3263:76851_1:133699747",2.6e-13
"24733","HISEQ13:138:C6FWNANXX:2:1115:10426:59863_1:22404335",2.6e-13
"24734","HISEQ13:138:C6FWNANXX:2:1313:20389:88984_1:69266190",2.6e-13
"24735","HISEQ13:138:C6FWNANXX:2:2110:6805:3870_1:87587621",2.6e-13
"24736","HISEQ13:138:C6FWNANXX:2:2213:8085:7902_1:116197884",2.6e-13
"24737","HISEQ13:138:C6FWNANXX:2:2106:2671:73457_1:82690234",2.6e-13
"24738","HISEQ13:138:C6FWNANXX:2:2207:14657:100188_1:108499126",2.6e-13
"24739","HISEQ13:138:C6FWNANXX:2:1301:19563:99199_1:50998482",2.6e-13
"24740","HISEQ13:138:C6FWNANXX:2:2313:14975:5811_1:140271105",2.6e-13
"24741","HISEQ13:138:C6FWNANXX:2:1111:15608:80375_1:16321153",2.6e-13
"24742","HISEQ13:138:C6FWNANXX:2:1308:5416:66387_1:60927196",2.6e-13
"24743","HISEQ13:138:C6FWNANXX:2:2316:10608:7056_1:145143339",2.6e-13
"24744","HISEQ13:138:C6FWNANXX:2:1111:10007:73643_1:16198752",2.6e-13
"24745","HISEQ13:138:C6FWNANXX:2:1213:10517:33099_1:43394602",2.6e-13
"24746","HISEQ13:138:C6FWNANXX:2:2301:2006:11702_1:122740023",2.6e-13
"24747","HISEQ13:138:C6FWNANXX:2:1203:8733:55478_1:28494431",2.6e-13
"24748","HISEQ13:138:C6FWNANXX:2:1307:1725:20127_1:58686525",2.6e-13
"24749","HISEQ13:138:C6FWNANXX:2:2101:5322:60823_1:75399846",2.6e-13
"24750","HISEQ13:138:C6FWNANXX:2:2312:6677:83742_1:139933329",2.6e-13
"24751","HISEQ13:138:C6FWNANXX:2:2315:21065:57319_1:144342803",2.6e-13
"24752","HISEQ13:138:C6FWNANXX:2:1108:12422:89684_1:11738661",2.6e-13
"24753","HISEQ13:138:C6FWNANXX:2:1211:5492:58830_1:40627033",2.6e-13
"24754","HISEQ13:138:C6FWNANXX:2:1303:18150:3683_1:52501765",2.6e-13
"24755","HISEQ13:138:C6FWNANXX:2:2207:19388:68843_1:108036085",2.6e-13
"24756","HISEQ13:138:C6FWNANXX:2:1206:15301:88066_1:33399769",2.6e-13
"24757","HISEQ13:138:C6FWNANXX:2:1312:6390:97264_1:67760237",2.6e-13
"24758","HISEQ13:138:C6FWNANXX:2:1107:21073:63859_1:9807420",2.6e-13
"24759","HISEQ13:138:C6FWNANXX:2:2108:10630:18396_1:84812886",2.6e-13
"24760","HISEQ13:138:C6FWNANXX:2:1103:15182:35496_1:3418792",2.6e-13
"24761","HISEQ13:138:C6FWNANXX:2:1311:13008:71922_1:65723814",2.6e-13
"24762","HISEQ13:138:C6FWNANXX:2:2214:2961:24064_1:118050443",2.6e-13
"24763","HISEQ13:138:C6FWNANXX:2:1210:8106:64503_1:39145430",2.6e-13
"24764","HISEQ13:138:C6FWNANXX:2:2216:3353:96963_1:122537095",2.6e-13
"24765","HISEQ13:138:C6FWNANXX:2:2216:3353:96963_1:122537096",2.6e-13
"24766","HISEQ13:138:C6FWNANXX:2:2302:19433:75121_1:125035197",2.6e-13
"24767","HISEQ13:138:C6FWNANXX:2:1315:16510:85898_1:72579185",2.6e-13
"24768","HISEQ13:138:C6FWNANXX:2:2103:9016:67752_1:78311847",2.6e-13
"24769","HISEQ13:138:C6FWNANXX:2:1102:9704:9476_1:1571346",2.6e-13
"24770","HISEQ13:138:C6FWNANXX:2:1307:16739:18697_1:58666113",2.6e-13
"24771","HISEQ13:138:C6FWNANXX:2:1202:12206:60098_1:27112232",2.6e-13
"24772","HISEQ13:138:C6FWNANXX:2:2115:20907:66561_1:96334611",2.6e-13
"24773","HISEQ13:138:C6FWNANXX:2:1307:13992:34809_1:58915261",2.6e-13
"24774","HISEQ13:138:C6FWNANXX:2:2101:17347:73630_1:75583777",2.6e-13
"24775","HISEQ13:138:C6FWNANXX:2:2210:4678:73810_1:112587306",2.6e-13
"24776","HISEQ13:138:C6FWNANXX:2:1215:3631:74797_1:47410101",2.6e-13
"24777","HISEQ13:138:C6FWNANXX:2:2113:1814:33621_1:92598473",2.6e-13
"24778","HISEQ13:138:C6FWNANXX:2:2309:11389:60572_1:134954695",2.6e-13
"24779","HISEQ13:138:C6FWNANXX:2:1305:3124:78872_1:56568844",2.6e-13
"24780","HISEQ13:138:C6FWNANXX:2:1114:14571:38140_1:20369694",2.6e-13
"24781","HISEQ13:138:C6FWNANXX:2:2207:15842:58149_1:107875847",2.6e-13
"24782","HISEQ13:138:C6FWNANXX:2:1214:20419:49237_1:45309029",2.6e-13
"24783","HISEQ13:138:C6FWNANXX:2:2215:14862:71341_1:120450906",2.6e-13
"24784","HISEQ13:138:C6FWNANXX:2:2302:8338:74316_1:125022423",2.6e-13
"24785","HISEQ13:138:C6FWNANXX:2:1216:10420:69931_1:49030622",2.6e-13
"24786","HISEQ13:138:C6FWNANXX:2:2212:13252:54376_1:115364477",2.6e-13
"24787","HISEQ13:138:C6FWNANXX:2:2212:8080:87588_1:115892784",2.6e-13
"24788","HISEQ13:138:C6FWNANXX:2:2216:4372:44446_1:121647872",2.6e-13
"24789","HISEQ13:138:C6FWNANXX:2:1106:18572:61176_1:8252779",2.6e-13
"24790","HISEQ13:138:C6FWNANXX:2:1107:16084:20274_1:9141046",2.6e-13
"24791","HISEQ13:138:C6FWNANXX:2:1207:17697:60733_1:34481589",2.6e-13
"24792","HISEQ13:138:C6FWNANXX:2:1216:1833:28317_1:48309582",2.6e-13
"24793","HISEQ13:138:C6FWNANXX:2:1312:19042:47205_1:66935271",2.6e-13
"24794","HISEQ13:138:C6FWNANXX:2:2204:6445:71700_1:103748089",2.6e-13
"24795","HISEQ13:138:C6FWNANXX:2:2106:15167:22932_1:81948567",2.6e-13
"24796","HISEQ13:138:C6FWNANXX:2:2115:7327:32272_1:95774719",2.7e-13
"24797","HISEQ13:138:C6FWNANXX:2:2101:14936:41621_1:75128296",2.7e-13
"24798","HISEQ13:138:C6FWNANXX:2:1204:3217:51961_1:29889953",2.7e-13
"24799","HISEQ13:138:C6FWNANXX:2:2216:11578:28564_1:121383547",2.7e-13
"24800","HISEQ13:138:C6FWNANXX:2:1316:21203:61709_1:73880884",2.7e-13
"24801","HISEQ13:138:C6FWNANXX:2:1108:13358:28155_1:10778365",2.7e-13
"24802","HISEQ13:138:C6FWNANXX:2:1209:14665:66874_1:37631547",2.7e-13
"24803","HISEQ13:138:C6FWNANXX:2:2206:3841:32350_1:106041660",2.7e-13
"24804","HISEQ13:138:C6FWNANXX:2:1207:3332:52859_1:34361583",2.7e-13
"24805","HISEQ13:138:C6FWNANXX:2:1110:17444:47816_1:14199705",2.7e-13
"24806","HISEQ13:138:C6FWNANXX:2:1203:9679:65228_1:28638659",2.7e-13
"24807","HISEQ13:138:C6FWNANXX:2:2109:9379:39827_1:86632276",2.7e-13
"24808","HISEQ13:138:C6FWNANXX:2:1110:3377:90433_1:14866373",2.7e-13
"24809","HISEQ13:138:C6FWNANXX:2:1213:2624:13326_1:43069706",2.7e-13
"24810","HISEQ13:138:C6FWNANXX:2:1301:6272:62346_1:50456165",2.7e-13
"24811","HISEQ13:138:C6FWNANXX:2:1312:17209:55731_1:67074532",2.7e-13
"24812","HISEQ13:138:C6FWNANXX:2:1207:6166:41311_1:34187413",2.7e-13
"24813","HISEQ13:138:C6FWNANXX:2:2102:2793:74876_1:77003108",2.7e-13
"24814","HISEQ13:138:C6FWNANXX:2:1107:19439:49566_1:9589047",2.7e-13
"24815","HISEQ13:138:C6FWNANXX:2:1115:11566:17729_1:21690187",2.7e-13
"24816","HISEQ13:138:C6FWNANXX:2:1201:10383:67393_1:25766968",2.7e-13
"24817","HISEQ13:138:C6FWNANXX:2:1207:7570:71724_1:34648161",2.7e-13
"24818","HISEQ13:138:C6FWNANXX:2:1311:5497:75297_1:65779752",2.7e-13
"24819","HISEQ13:138:C6FWNANXX:2:2311:18596:16561_1:137316933",2.7e-13
"24820","HISEQ13:138:C6FWNANXX:2:2316:13552:43740_1:145761383",2.7e-13
"24821","HISEQ13:138:C6FWNANXX:2:1310:4733:62157_1:63983301",2.7e-13
"24822","HISEQ13:138:C6FWNANXX:2:2114:14555:98307_1:95241567",2.7e-13
"24823","HISEQ13:138:C6FWNANXX:2:2101:19616:82107_1:75705034",2.7e-13
"24824","HISEQ13:138:C6FWNANXX:2:1108:17226:30446_1:10813820",2.7e-13
"24825","HISEQ13:138:C6FWNANXX:2:1306:4309:14779_1:57097326",2.7e-13
"24826","HISEQ13:138:C6FWNANXX:2:2216:17393:83031_1:122308069",2.7e-13
"24827","HISEQ13:138:C6FWNANXX:2:1113:15554:31432_1:18611446",2.7e-13
"24828","HISEQ13:138:C6FWNANXX:2:1301:13067:70853_1:50582224",2.7e-13
"24829","HISEQ13:138:C6FWNANXX:2:2202:18767:22718_1:100229545",2.7e-13
"24830","HISEQ13:138:C6FWNANXX:2:2212:8688:62303_1:115489867",2.7e-13
"24831","HISEQ13:138:C6FWNANXX:2:2312:2044:29309_1:139071787",2.7e-13
"24832","HISEQ13:138:C6FWNANXX:2:2209:16072:40945_1:110582078",2.7e-13
"24833","HISEQ13:138:C6FWNANXX:2:1210:1650:52977_1:38960916",2.7e-13
"24834","HISEQ13:138:C6FWNANXX:2:2111:16907:51074_1:89833176",2.7e-13
"24835","HISEQ13:138:C6FWNANXX:2:2114:2999:29837_1:94126284",2.7e-13
"24836","HISEQ13:138:C6FWNANXX:2:1110:7782:34604_1:13988252",2.7e-13
"24837","HISEQ13:138:C6FWNANXX:2:1305:14318:4097_1:55447620",2.7e-13
"24838","HISEQ13:138:C6FWNANXX:2:1303:2198:23515_1:52794643",2.7e-13
"24839","HISEQ13:138:C6FWNANXX:2:1106:9523:56478_1:8177920",2.7e-13
"24840","HISEQ13:138:C6FWNANXX:2:1113:19558:88551_1:19560419",2.7e-13
"24841","HISEQ13:138:C6FWNANXX:2:2103:5461:78602_1:78464047",2.7e-13
"24842","HISEQ13:138:C6FWNANXX:2:1313:11240:2809_1:67832306",2.7e-13
"24843","HISEQ13:138:C6FWNANXX:2:1201:7543:75644_1:25887702",2.7e-13
"24844","HISEQ13:138:C6FWNANXX:2:2214:14962:26521_1:118093612",2.7e-13
"24845","HISEQ13:138:C6FWNANXX:2:1113:2368:9240_1:18242884",2.8e-13
"24846","HISEQ13:138:C6FWNANXX:2:2106:5357:66884_1:82594930",2.8e-13
"24847","HISEQ13:138:C6FWNANXX:2:2211:20445:59029_1:113894168",2.8e-13
"24848","HISEQ13:138:C6FWNANXX:2:2215:19778:69468_1:120418708",2.8e-13
"24849","HISEQ13:138:C6FWNANXX:2:1111:6515:99965_1:16682220",2.8e-13
"24850","HISEQ13:138:C6FWNANXX:2:1316:18583:96485_1:74486263",2.8e-13
"24851","HISEQ13:138:C6FWNANXX:2:2308:2803:82152_1:133778872",2.8e-13
"24852","HISEQ13:138:C6FWNANXX:2:2213:11860:50163_1:116874102",2.8e-13
"24853","HISEQ13:138:C6FWNANXX:2:1103:5923:78614_1:4057553",2.8e-13
"24854","HISEQ13:138:C6FWNANXX:2:1109:8744:98309_1:13434223",2.8e-13
"24855","HISEQ13:138:C6FWNANXX:2:2201:14024:40472_1:99073171",2.8e-13
"24856","HISEQ13:138:C6FWNANXX:2:2310:5521:5833_1:135629025",2.8e-13
"24857","HISEQ13:138:C6FWNANXX:2:2313:20078:82573_1:141512107",2.8e-13
"24858","HISEQ13:138:C6FWNANXX:2:1201:11397:17655_1:25035114",2.8e-13
"24859","HISEQ13:138:C6FWNANXX:2:1214:1484:9062_1:44634033",2.8e-13
"24860","HISEQ13:138:C6FWNANXX:2:2104:3469:47267_1:79434641",2.8e-13
"24861","HISEQ13:138:C6FWNANXX:2:1105:16654:14767_1:6057845",2.8e-13
"24862","HISEQ13:138:C6FWNANXX:2:2106:13741:27938_1:82021677",2.8e-13
"24863","HISEQ13:138:C6FWNANXX:2:1205:21457:16971_1:30843968",2.8e-13
"24864","HISEQ13:138:C6FWNANXX:2:1314:4351:94551_1:71034212",2.8e-13
"24865","HISEQ13:138:C6FWNANXX:2:1315:17524:53717_1:72023861",2.8e-13
"24866","HISEQ13:138:C6FWNANXX:2:1105:8522:92429_1:7220355",2.8e-13
"24867","HISEQ13:138:C6FWNANXX:2:2109:8169:8365_1:86153839",2.8e-13
"24868","HISEQ13:138:C6FWNANXX:2:1104:10076:36851_1:4906995",2.8e-13
"24869","HISEQ13:138:C6FWNANXX:2:2212:11362:75548_1:115701427",2.8e-13
"24870","HISEQ13:138:C6FWNANXX:2:2104:20052:49647_1:79469942",2.8e-13
"24871","HISEQ13:138:C6FWNANXX:2:1110:12656:37444_1:14032877",2.8e-13
"24872","HISEQ13:138:C6FWNANXX:2:1312:4287:27313_1:66611094",2.8e-13
"24873","HISEQ13:138:C6FWNANXX:2:1103:11295:61728_1:3806393",2.8e-13
"24874","HISEQ13:138:C6FWNANXX:2:1203:16951:18274_1:27952704",2.8e-13
"24875","HISEQ13:138:C6FWNANXX:2:2115:8825:96636_1:96823735",2.8e-13
"24876","HISEQ13:138:C6FWNANXX:2:2207:12801:45202_1:107683472",2.8e-13
"24877","HISEQ13:138:C6FWNANXX:2:2213:5059:94784_1:117593062",2.8e-13
"24878","HISEQ13:138:C6FWNANXX:2:1115:16440:90311_1:22924279",2.8e-13
"24879","HISEQ13:138:C6FWNANXX:2:2211:11212:56184_1:113845718",2.8e-13
"24880","HISEQ13:138:C6FWNANXX:2:1203:11134:91608_1:29030214",2.8e-13
"24881","HISEQ13:138:C6FWNANXX:2:2307:12386:24278_1:131437362",2.8e-13
"24882","HISEQ13:138:C6FWNANXX:2:2309:1929:24426_1:134401778",2.8e-13
"24883","HISEQ13:138:C6FWNANXX:2:2306:3417:50447_1:130362471",2.8e-13
"24884","HISEQ13:138:C6FWNANXX:2:1214:9255:28234_1:44953528",2.8e-13
"24885","HISEQ13:138:C6FWNANXX:2:2303:8291:39657_1:125931897",2.8e-13
"24886","HISEQ13:138:C6FWNANXX:2:2308:6304:56088_1:133386512",2.8e-13
"24887","HISEQ13:138:C6FWNANXX:2:1113:5207:24426_1:18494060",2.8e-13
"24888","HISEQ13:138:C6FWNANXX:2:1311:6347:45875_1:65300077",2.8e-13
"24889","HISEQ13:138:C6FWNANXX:2:1110:12621:32112_1:13950111",2.8e-13
"24890","HISEQ13:138:C6FWNANXX:2:1110:9910:31394_1:13937820",2.8e-13
"24891","HISEQ13:138:C6FWNANXX:2:1213:7946:48464_1:43646443",2.8e-13
"24892","HISEQ13:138:C6FWNANXX:2:1215:1527:83276_1:47553651",2.8e-13
"24893","HISEQ13:138:C6FWNANXX:2:2212:19926:23721_1:114880242",2.8e-13
"24894","HISEQ13:138:C6FWNANXX:2:2314:18098:50992_1:142604969",2.8e-13
"24895","HISEQ13:138:C6FWNANXX:2:1204:19872:85988_1:30398045",2.8e-13
"24896","HISEQ13:138:C6FWNANXX:2:1212:14665:55892_1:42148343",2.8e-13
"24897","HISEQ13:138:C6FWNANXX:2:2111:1478:36335_1:89598447",2.8e-13
"24898","HISEQ13:138:C6FWNANXX:2:1207:12130:31636_1:34041382",2.8e-13
"24899","HISEQ13:138:C6FWNANXX:2:1214:17875:9180_1:44637369",2.8e-13
"24900","HISEQ13:138:C6FWNANXX:2:1309:4311:32911_1:61953869",2.8e-13
"24901","HISEQ13:138:C6FWNANXX:2:2204:19799:71778_1:103754170",2.8e-13
"24902","HISEQ13:138:C6FWNANXX:2:1106:11054:33358_1:7828066",2.8e-13
"24903","HISEQ13:138:C6FWNANXX:2:2215:10223:34148_1:119834939",2.8e-13
"24904","HISEQ13:138:C6FWNANXX:2:2303:8012:52664_1:126116890",2.8e-13
"24905","HISEQ13:138:C6FWNANXX:2:2307:2355:57687_1:131928609",2.8e-13
"24906","HISEQ13:138:C6FWNANXX:2:1107:20697:94489_1:10275720",2.8e-13
"24907","HISEQ13:138:C6FWNANXX:2:1216:9588:21297_1:48190083",2.8e-13
"24908","HISEQ13:138:C6FWNANXX:2:1316:8451:63033_1:73904487",2.8e-13
"24909","HISEQ13:138:C6FWNANXX:2:2306:20255:71055_1:130671944",2.8e-13
"24910","HISEQ13:138:C6FWNANXX:2:1311:8911:90046_1:66022488",2.9e-13
"24911","HISEQ13:138:C6FWNANXX:2:1206:4408:4142_1:32127792",2.9e-13
"24912","HISEQ13:138:C6FWNANXX:2:2211:4950:56875_1:113855994",2.9e-13
"24913","HISEQ13:138:C6FWNANXX:2:2308:3309:9971_1:132689148",2.9e-13
"24914","HISEQ13:138:C6FWNANXX:2:1214:12123:7083_1:44603154",2.9e-13
"24915","HISEQ13:138:C6FWNANXX:2:1314:18903:49728_1:70273201",2.9e-13
"24916","HISEQ13:138:C6FWNANXX:2:2209:2589:13595_1:110166298",2.9e-13
"24917","HISEQ13:138:C6FWNANXX:2:2214:17312:23666_1:118045346",2.9e-13
"24918","HISEQ13:138:C6FWNANXX:2:1104:8731:56610_1:5200348",2.9e-13
"24919","HISEQ13:138:C6FWNANXX:2:1207:4147:85131_1:34854115",2.9e-13
"24920","HISEQ13:138:C6FWNANXX:2:1214:16266:26817_1:44934287",2.9e-13
"24921","HISEQ13:138:C6FWNANXX:2:2207:16936:3106_1:107066738",2.9e-13
"24922","HISEQ13:138:C6FWNANXX:2:1201:12309:24612_1:25137991",2.9e-13
"24923","HISEQ13:138:C6FWNANXX:2:2201:14955:15504_1:98720437",2.9e-13
"24924","HISEQ13:138:C6FWNANXX:2:2116:5604:39256_1:97512449",2.9e-13
"24925","HISEQ13:138:C6FWNANXX:2:2115:11095:7091_1:95364668",2.9e-13
"24926","HISEQ13:138:C6FWNANXX:2:2307:13782:29065_1:131508739",2.9e-13
"24927","HISEQ13:138:C6FWNANXX:2:1115:17295:31097_1:21919350",2.9e-13
"24928","HISEQ13:138:C6FWNANXX:2:1208:1345:86616_1:36397382",2.9e-13
"24929","HISEQ13:138:C6FWNANXX:2:2111:4750:31468_1:89521679",2.9e-13
"24930","HISEQ13:138:C6FWNANXX:2:2208:8710:28032_1:108898025",2.9e-13
"24931","HISEQ13:138:C6FWNANXX:2:2206:18975:97525_1:107002863",2.9e-13
"24932","HISEQ13:138:C6FWNANXX:2:1309:20944:94623_1:62934585",2.9e-13
"24933","HISEQ13:138:C6FWNANXX:2:2201:4987:52000_1:99235357",2.9e-13
"24934","HISEQ13:138:C6FWNANXX:2:2313:19706:79801_1:141467267",2.9e-13
"24935","HISEQ13:138:C6FWNANXX:2:1303:19594:87629_1:53743719",2.9e-13
"24936","HISEQ13:138:C6FWNANXX:2:2310:17448:48524_1:136289968",2.9e-13
"24937","HISEQ13:138:C6FWNANXX:2:1301:2344:80133_1:50716207",2.9e-13
"24938","HISEQ13:138:C6FWNANXX:2:1209:6532:78124_1:37806056",2.9e-13
"24939","HISEQ13:138:C6FWNANXX:2:1116:18848:74245_1:24344456",2.9e-13
"24940","HISEQ13:138:C6FWNANXX:2:2103:7271:85458_1:78560813",2.9e-13
"24941","HISEQ13:138:C6FWNANXX:2:2211:15617:70816_1:114076096",2.9e-13
"24942","HISEQ13:138:C6FWNANXX:2:2309:17948:7155_1:134142179",2.9e-13
"24943","HISEQ13:138:C6FWNANXX:2:2314:19387:98284_1:143387109",2.9e-13
"24944","HISEQ13:138:C6FWNANXX:2:2303:10415:20579_1:125662867",2.9e-13
"24945","HISEQ13:138:C6FWNANXX:2:1212:16048:38614_1:41867695",2.9e-13
"24946","HISEQ13:138:C6FWNANXX:2:1301:6160:63780_1:50478120",2.9e-13
"24947","HISEQ13:138:C6FWNANXX:2:2213:19248:34207_1:116619023",2.9e-13
"24948","HISEQ13:138:C6FWNANXX:2:2303:8291:39657_1:125931896",2.9e-13
"24949","HISEQ13:138:C6FWNANXX:2:1114:17341:75243_1:20992650",2.9e-13
"24950","HISEQ13:138:C6FWNANXX:2:1210:14116:85369_1:39471488",2.9e-13
"24951","HISEQ13:138:C6FWNANXX:2:1315:10717:20580_1:71457575",2.9e-13
"24952","HISEQ13:138:C6FWNANXX:2:2103:12236:93116_1:78671760",2.9e-13
"24953","HISEQ13:138:C6FWNANXX:2:1101:19579:68386_1:984835",2.9e-13
"24954","HISEQ13:138:C6FWNANXX:2:1306:2319:42429_1:57516138",2.9e-13
"24955","HISEQ13:138:C6FWNANXX:2:1310:15232:90706_1:64435479",2.9e-13
"24956","HISEQ13:138:C6FWNANXX:2:2308:16470:18698_1:132823889",2.9e-13
"24957","HISEQ13:138:C6FWNANXX:2:1208:17094:92275_1:36489871",2.9e-13
"24958","HISEQ13:138:C6FWNANXX:2:2101:7176:27687_1:74927074",2.9e-13
"24959","HISEQ13:138:C6FWNANXX:2:2115:6574:89048_1:96699224",2.9e-13
"24960","HISEQ13:138:C6FWNANXX:2:1113:15178:38997_1:18734473",2.9e-13
"24961","HISEQ13:138:C6FWNANXX:2:2116:4610:16409_1:97131136",2.9e-13
"24962","HISEQ13:138:C6FWNANXX:2:2302:6532:35034_1:124467809",2.9e-13
"24963","HISEQ13:138:C6FWNANXX:2:1112:2210:90495_1:17952592",2.9e-13
"24964","HISEQ13:138:C6FWNANXX:2:1112:5717:37118_1:17086049",2.9e-13
"24965","HISEQ13:138:C6FWNANXX:2:1209:16328:29399_1:37046813",2.9e-13
"24966","HISEQ13:138:C6FWNANXX:2:2213:16534:72906_1:117241836",2.9e-13
"24967","HISEQ13:138:C6FWNANXX:2:2205:20408:15532_1:104367694",2.9e-13
"24968","HISEQ13:138:C6FWNANXX:2:1102:2756:64690_1:2383964",2.9e-13
"24969","HISEQ13:138:C6FWNANXX:2:1106:7945:8682_1:7450581",2.9e-13
"24970","HISEQ13:138:C6FWNANXX:2:1307:15629:79045_1:59597200",2.9e-13
"24971","HISEQ13:138:C6FWNANXX:2:1309:17637:95388_1:62945774",2.9e-13
"24972","HISEQ13:138:C6FWNANXX:2:2212:3895:9353_1:114660791",2.9e-13
"24973","HISEQ13:138:C6FWNANXX:2:1108:2864:90046_1:11744446",2.9e-13
"24974","HISEQ13:138:C6FWNANXX:2:2214:14796:77335_1:118924052",2.9e-13
"24975","HISEQ13:138:C6FWNANXX:2:2313:12223:14860_1:140414253",2.9e-13
"24976","HISEQ13:138:C6FWNANXX:2:2304:14091:24517_1:127126309",2.9e-13
"24977","HISEQ13:138:C6FWNANXX:2:1215:18714:88614_1:47647159",2.9e-13
"24978","HISEQ13:138:C6FWNANXX:2:1105:8868:10087_1:5984388",3e-13
"24979","HISEQ13:138:C6FWNANXX:2:1202:8464:60121_1:27111500",3e-13
"24980","HISEQ13:138:C6FWNANXX:2:1216:9873:51813_1:48717477",3e-13
"24981","HISEQ13:138:C6FWNANXX:2:1312:8599:98144_1:67772972",3e-13
"24982","HISEQ13:138:C6FWNANXX:2:1315:19395:76899_1:72423948",3e-13
"24983","HISEQ13:138:C6FWNANXX:2:1311:19166:2261_1:64602304",3e-13
"24984","HISEQ13:138:C6FWNANXX:2:2101:11468:30973_1:74974585",3e-13
"24985","HISEQ13:138:C6FWNANXX:2:2201:5638:97529_1:99886276",3e-13
"24986","HISEQ13:138:C6FWNANXX:2:2202:1446:11325_1:100065948",3e-13
"24987","HISEQ13:138:C6FWNANXX:2:1204:9705:6407_1:29230843",3e-13
"24988","HISEQ13:138:C6FWNANXX:2:2209:11382:5823_1:110051159",3e-13
"24989","HISEQ13:138:C6FWNANXX:2:2116:16549:43633_1:97584872",3e-13
"24990","HISEQ13:138:C6FWNANXX:2:2110:9783:26170_1:87928632",3e-13
"24991","HISEQ13:138:C6FWNANXX:2:1201:12506:63618_1:25711909",3e-13
"24992","HISEQ13:138:C6FWNANXX:2:1215:12522:27750_1:46616863",3e-13
"24993","HISEQ13:138:C6FWNANXX:2:2108:19733:27517_1:84952736",3e-13
"24994","HISEQ13:138:C6FWNANXX:2:1112:2210:90495_1:17952591",3e-13
"24995","HISEQ13:138:C6FWNANXX:2:1113:15808:14263_1:18332079",3e-13
"24996","HISEQ13:138:C6FWNANXX:2:2216:17607:64328_1:121989430",3e-13
"24997","HISEQ13:138:C6FWNANXX:2:2304:12526:34926_1:127272579",3e-13
"24998","HISEQ13:138:C6FWNANXX:2:2210:19143:50676_1:112235424",3e-13
"24999","HISEQ13:138:C6FWNANXX:2:1209:20983:54898_1:37444810",3e-13
"25000","HISEQ13:138:C6FWNANXX:2:2110:15698:38832_1:88124869",3e-13
"25001","HISEQ13:138:C6FWNANXX:2:2110:15698:38832_1:88124870",3e-13
"25002","HISEQ13:138:C6FWNANXX:2:1115:2227:34614_1:21975569",3e-13
"25003","HISEQ13:138:C6FWNANXX:2:1311:15936:93050_1:66072862",3e-13
"25004","HISEQ13:138:C6FWNANXX:2:2307:7622:24312_1:131436488",3e-13
"25005","HISEQ13:138:C6FWNANXX:2:1301:5431:36321_1:50074041",3e-13
"25006","HISEQ13:138:C6FWNANXX:2:1303:7012:59378_1:53324821",3e-13
"25007","HISEQ13:138:C6FWNANXX:2:2312:1928:65183_1:139636508",3e-13
"25008","HISEQ13:138:C6FWNANXX:2:2212:3231:24285_1:114888670",3e-13
"25009","HISEQ13:138:C6FWNANXX:2:2103:9727:37137_1:77876378",3e-13
"25010","HISEQ13:138:C6FWNANXX:2:1107:7069:40802_1:9452007",3e-13
"25011","HISEQ13:138:C6FWNANXX:2:1313:18107:70622_1:68959875",3e-13
"25012","HISEQ13:138:C6FWNANXX:2:2209:13299:96694_1:111428505",3e-13
"25013","HISEQ13:138:C6FWNANXX:2:1108:14340:60868_1:11287950",3e-13
"25014","HISEQ13:138:C6FWNANXX:2:2215:6706:53964_1:120158427",3e-13
"25015","HISEQ13:138:C6FWNANXX:2:1204:6584:16916_1:29370423",3e-13
"25016","HISEQ13:138:C6FWNANXX:2:1209:10969:41367_1:37231976",3e-13
"25017","HISEQ13:138:C6FWNANXX:2:2101:14052:88306_1:75792253",3e-13
"25018","HISEQ13:138:C6FWNANXX:2:1104:21361:52595_1:5143273",3e-13
"25019","HISEQ13:138:C6FWNANXX:2:2207:3697:14498_1:107230225",3e-13
"25020","HISEQ13:138:C6FWNANXX:2:2310:14374:32178_1:136035154",3e-13
"25021","HISEQ13:138:C6FWNANXX:2:1310:7552:81651_1:64291084",3e-13
"25022","HISEQ13:138:C6FWNANXX:2:2316:18042:47083_1:145821511",3e-13
"25023","HISEQ13:138:C6FWNANXX:2:2210:1892:93852_1:112891246",3e-13
"25024","HISEQ13:138:C6FWNANXX:2:1101:12392:29514_1:409989",3e-13
"25025","HISEQ13:138:C6FWNANXX:2:1210:8956:44665_1:38833179",3e-13
"25026","HISEQ13:138:C6FWNANXX:2:1313:9232:60999_1:68794082",3e-13
"25027","HISEQ13:138:C6FWNANXX:2:1314:12643:94875_1:71040408",3e-13
"25028","HISEQ13:138:C6FWNANXX:2:2108:2256:4975_1:84609626",3e-13
"25029","HISEQ13:138:C6FWNANXX:2:2214:10245:58225_1:118606556",3e-13
"25030","HISEQ13:138:C6FWNANXX:2:2214:21050:88469_1:119104642",3e-13
"25031","HISEQ13:138:C6FWNANXX:2:1112:1889:33389_1:17024336",3e-13
"25032","HISEQ13:138:C6FWNANXX:2:1212:14328:25574_1:41655970",3e-13
"25033","HISEQ13:138:C6FWNANXX:2:2312:8471:53181_1:139448003",3e-13
"25034","HISEQ13:138:C6FWNANXX:2:2312:8493:53183_1:139448006",3e-13
"25035","HISEQ13:138:C6FWNANXX:2:1114:18489:16117_1:20002088",3e-13
"25036","HISEQ13:138:C6FWNANXX:2:2304:16592:17799_1:127029570",3e-13
"25037","HISEQ13:138:C6FWNANXX:2:2308:10875:7455_1:132653048",3e-13
"25038","HISEQ13:138:C6FWNANXX:2:2215:18588:40462_1:119939668",3e-13
"25039","HISEQ13:138:C6FWNANXX:2:1112:4829:36246_1:17069701",3e-13
"25040","HISEQ13:138:C6FWNANXX:2:2113:17970:30419_1:92549756",3e-13
"25041","HISEQ13:138:C6FWNANXX:2:2315:7458:58439_1:144356286",3e-13
"25042","HISEQ13:138:C6FWNANXX:2:2201:1295:14251_1:98700378",3e-13
"25043","HISEQ13:138:C6FWNANXX:2:1101:7849:56466_1:804600",3e-13
"25044","HISEQ13:138:C6FWNANXX:2:1201:16025:73330_1:25856336",3.1e-13
"25045","HISEQ13:138:C6FWNANXX:2:1207:18396:84331_1:34845497",3.1e-13
"25046","HISEQ13:138:C6FWNANXX:2:2109:3310:4050_1:86088340",3.1e-13
"25047","HISEQ13:138:C6FWNANXX:2:2105:6355:10620_1:80330427",3.1e-13
"25048","HISEQ13:138:C6FWNANXX:2:1212:3951:19368_1:41553608",3.1e-13
"25049","HISEQ13:138:C6FWNANXX:2:1214:14217:6736_1:44595292",3.1e-13
"25050","HISEQ13:138:C6FWNANXX:2:2109:15398:88359_1:87371859",3.1e-13
"25051","HISEQ13:138:C6FWNANXX:2:2303:16837:78625_1:126486291",3.1e-13
"25052","HISEQ13:138:C6FWNANXX:2:2307:10137:95395_1:132491257",3.1e-13
"25053","HISEQ13:138:C6FWNANXX:2:2314:1262:18661_1:142071860",3.1e-13
"25054","HISEQ13:138:C6FWNANXX:2:2315:14762:44791_1:144135202",3.1e-13
"25055","HISEQ13:138:C6FWNANXX:2:1116:16139:2596_1:23115502",3.1e-13
"25056","HISEQ13:138:C6FWNANXX:2:2114:19170:31931_1:94161907",3.1e-13
"25057","HISEQ13:138:C6FWNANXX:2:2314:19387:98284_1:143387108",3.1e-13
"25058","HISEQ13:138:C6FWNANXX:2:2312:11851:88440_1:140010027",3.1e-13
"25059","HISEQ13:138:C6FWNANXX:2:1313:16155:70429_1:68955136",3.1e-13
"25060","HISEQ13:138:C6FWNANXX:2:1313:20649:62527_1:68825585",3.1e-13
"25061","HISEQ13:138:C6FWNANXX:2:2207:16138:21625_1:107338877",3.1e-13
"25062","HISEQ13:138:C6FWNANXX:2:2312:18003:41623_1:139268035",3.1e-13
"25063","HISEQ13:138:C6FWNANXX:2:1215:11985:16504_1:46425057",3.1e-13
"25064","HISEQ13:138:C6FWNANXX:2:2210:17805:19188_1:111755005",3.1e-13
"25065","HISEQ13:138:C6FWNANXX:2:1311:12971:85936_1:65953680",3.1e-13
"25066","HISEQ13:138:C6FWNANXX:2:2102:21003:98186_1:77339187",3.1e-13
"25067","HISEQ13:138:C6FWNANXX:2:1114:13004:98126_1:21379462",3.1e-13
"25068","HISEQ13:138:C6FWNANXX:2:1114:6113:34864_1:20313813",3.1e-13
"25069","HISEQ13:138:C6FWNANXX:2:1105:6354:92698_1:7223735",3.1e-13
"25070","HISEQ13:138:C6FWNANXX:2:1315:3927:23831_1:71511221",3.1e-13
"25071","HISEQ13:138:C6FWNANXX:2:2208:12799:46649_1:109175655",3.1e-13
"25072","HISEQ13:138:C6FWNANXX:2:2308:14212:17122_1:132800654",3.1e-13
"25073","HISEQ13:138:C6FWNANXX:2:2308:1994:79134_1:133733226",3.1e-13
"25074","HISEQ13:138:C6FWNANXX:2:1108:7435:3993_1:10402047",3.1e-13
"25075","HISEQ13:138:C6FWNANXX:2:1111:2012:88662_1:16467972",3.1e-13
"25076","HISEQ13:138:C6FWNANXX:2:1102:6073:31586_1:1899064",3.1e-13
"25077","HISEQ13:138:C6FWNANXX:2:2204:5050:5315_1:102800083",3.1e-13
"25078","HISEQ13:138:C6FWNANXX:2:2216:3131:98628_1:122566575",3.1e-13
"25079","HISEQ13:138:C6FWNANXX:2:1304:6900:90245_1:55253367",3.1e-13
"25080","HISEQ13:138:C6FWNANXX:2:1310:17812:22301_1:63352990",3.1e-13
"25081","HISEQ13:138:C6FWNANXX:2:2110:8127:95884_1:88991566",3.1e-13
"25082","HISEQ13:138:C6FWNANXX:2:1214:8599:97479_1:46117765",3.1e-13
"25083","HISEQ13:138:C6FWNANXX:2:1303:5194:50152_1:53187454",3.1e-13
"25084","HISEQ13:138:C6FWNANXX:2:1313:12397:94443_1:69355664",3.1e-13
"25085","HISEQ13:138:C6FWNANXX:2:1313:19236:77277_1:69073173",3.1e-13
"25086","HISEQ13:138:C6FWNANXX:2:2105:16010:33948_1:80669215",3.1e-13
"25087","HISEQ13:138:C6FWNANXX:2:2111:4594:60797_1:89987338",3.1e-13
"25088","HISEQ13:138:C6FWNANXX:2:2112:5291:31903_1:91010367",3.1e-13
"25089","HISEQ13:138:C6FWNANXX:2:2211:12914:32142_1:113469884",3.1e-13
"25090","HISEQ13:138:C6FWNANXX:2:2314:9867:15788_1:142028884",3.1e-13
"25091","HISEQ13:138:C6FWNANXX:2:1206:21360:74735_1:33198209",3.1e-13
"25092","HISEQ13:138:C6FWNANXX:2:2204:3032:64001_1:103640045",3.1e-13
"25093","HISEQ13:138:C6FWNANXX:2:1313:6699:14882_1:68029390",3.1e-13
"25094","HISEQ13:138:C6FWNANXX:2:2211:20445:59029_1:113894169",3.1e-13
"25095","HISEQ13:138:C6FWNANXX:2:2309:5537:89410_1:135394603",3.1e-13
"25096","HISEQ13:138:C6FWNANXX:2:2216:18502:21542_1:121266861",3.1e-13
"25097","HISEQ13:138:C6FWNANXX:2:1201:11159:96762_1:26201020",3.1e-13
"25098","HISEQ13:138:C6FWNANXX:2:2108:10165:67474_1:85551112",3.1e-13
"25099","HISEQ13:138:C6FWNANXX:2:2214:2984:81515_1:118990635",3.1e-13
"25100","HISEQ13:138:C6FWNANXX:2:1314:19929:40496_1:70116128",3.1e-13
"25101","HISEQ13:138:C6FWNANXX:2:2316:13324:98450_1:146685432",3.1e-13
"25102","HISEQ13:138:C6FWNANXX:2:2116:3664:96853_1:98457477",3.1e-13
"25103","HISEQ13:138:C6FWNANXX:2:1206:1920:89447_1:33416244",3.1e-13
"25104","HISEQ13:138:C6FWNANXX:2:1211:3101:34112_1:40227942",3.1e-13
"25105","HISEQ13:138:C6FWNANXX:2:1307:11115:35260_1:58922485",3.1e-13
"25106","HISEQ13:138:C6FWNANXX:2:2109:11365:29225_1:86469775",3.1e-13
"25107","HISEQ13:138:C6FWNANXX:2:2205:15086:88433_1:105418304",3.1e-13
"25108","HISEQ13:138:C6FWNANXX:2:2316:3380:70628_1:146214965",3.1e-13
"25109","HISEQ13:138:C6FWNANXX:2:2212:11923:38432_1:115112576",3.1e-13
"25110","HISEQ13:138:C6FWNANXX:2:2309:4307:30209_1:134489411",3.1e-13
"25111","HISEQ13:138:C6FWNANXX:2:2107:8759:72490_1:84141360",3.1e-13
"25112","HISEQ13:138:C6FWNANXX:2:1306:3665:32420_1:57364937",3.1e-13
"25113","HISEQ13:138:C6FWNANXX:2:1107:15037:43801_1:9499572",3.1e-13
"25114","HISEQ13:138:C6FWNANXX:2:1303:15477:50951_1:53200252",3.1e-13
"25115","HISEQ13:138:C6FWNANXX:2:1105:17380:89338_1:7176877",3.1e-13
"25116","HISEQ13:138:C6FWNANXX:2:2110:8127:95884_1:88991565",3.1e-13
"25117","HISEQ13:138:C6FWNANXX:2:2111:19963:19895_1:89346035",3.1e-13
"25118","HISEQ13:138:C6FWNANXX:2:2304:3307:9567_1:126908483",3.1e-13
"25119","HISEQ13:138:C6FWNANXX:2:1115:9435:64750_1:22489220",3.1e-13
"25120","HISEQ13:138:C6FWNANXX:2:1202:5075:97844_1:27665534",3.1e-13
"25121","HISEQ13:138:C6FWNANXX:2:1207:5618:40099_1:34167885",3.1e-13
"25122","HISEQ13:138:C6FWNANXX:2:1208:20159:88987_1:36436007",3.1e-13
"25123","HISEQ13:138:C6FWNANXX:2:1307:18963:50398_1:59154025",3.1e-13
"25124","HISEQ13:138:C6FWNANXX:2:1107:18713:54351_1:9661952",3.1e-13
"25125","HISEQ13:138:C6FWNANXX:2:1111:18600:44579_1:15714341",3.1e-13
"25126","HISEQ13:138:C6FWNANXX:2:2209:7200:54117_1:110781331",3.1e-13
"25127","HISEQ13:138:C6FWNANXX:2:1314:13847:5784_1:69529303",3.1e-13
"25128","HISEQ13:138:C6FWNANXX:2:2103:18643:22990_1:77674332",3.1e-13
"25129","HISEQ13:138:C6FWNANXX:2:2304:14690:56709_1:127584877",3.1e-13
"25130","HISEQ13:138:C6FWNANXX:2:2309:10793:93997_1:135464681",3.1e-13
"25131","HISEQ13:138:C6FWNANXX:2:1303:9022:72203_1:53512996",3.1e-13
"25132","HISEQ13:138:C6FWNANXX:2:2314:12544:27222_1:142212830",3.1e-13
"25133","HISEQ13:138:C6FWNANXX:2:1309:13884:67972_1:62510059",3.1e-13
"25134","HISEQ13:138:C6FWNANXX:2:1309:15132:68809_1:62526199",3.1e-13
"25135","HISEQ13:138:C6FWNANXX:2:2103:6299:50360_1:78064095",3.1e-13
"25136","HISEQ13:138:C6FWNANXX:2:2215:19590:49000_1:120082726",3.1e-13
"25137","HISEQ13:138:C6FWNANXX:2:1302:6612:48167_1:51698508",3.2e-13
"25138","HISEQ13:138:C6FWNANXX:2:2102:7821:67832_1:76903699",3.2e-13
"25139","HISEQ13:138:C6FWNANXX:2:2103:5818:46779_1:78014697",3.2e-13
"25140","HISEQ13:138:C6FWNANXX:2:2116:6858:47802_1:97652607",3.2e-13
"25141","HISEQ13:138:C6FWNANXX:2:2112:14351:21694_1:90850454",3.2e-13
"25142","HISEQ13:138:C6FWNANXX:2:1115:5964:9043_1:21545069",3.2e-13
"25143","HISEQ13:138:C6FWNANXX:2:1205:6943:14738_1:30807384",3.2e-13
"25144","HISEQ13:138:C6FWNANXX:2:1206:4248:42550_1:32709784",3.2e-13
"25145","HISEQ13:138:C6FWNANXX:2:2207:3140:98503_1:108474889",3.2e-13
"25146","HISEQ13:138:C6FWNANXX:2:2310:8467:93306_1:136972263",3.2e-13
"25147","HISEQ13:138:C6FWNANXX:2:2314:20023:71425_1:142944574",3.2e-13
"25148","HISEQ13:138:C6FWNANXX:2:1311:6911:8579_1:64701215",3.2e-13
"25149","HISEQ13:138:C6FWNANXX:2:2214:19333:84641_1:119043036",3.2e-13
"25150","HISEQ13:138:C6FWNANXX:2:1315:17150:99512_1:72819315",3.2e-13
"25151","HISEQ13:138:C6FWNANXX:2:1104:10459:9224_1:4494126",3.2e-13
"25152","HISEQ13:138:C6FWNANXX:2:1303:9495:66585_1:53432275",3.2e-13
"25153","HISEQ13:138:C6FWNANXX:2:1115:13419:100682_1:23099328",3.2e-13
"25154","HISEQ13:138:C6FWNANXX:2:1107:13000:8801_1:8963434",3.2e-13
"25155","HISEQ13:138:C6FWNANXX:2:1314:5622:46322_1:70214923",3.2e-13
"25156","HISEQ13:138:C6FWNANXX:2:2308:7247:32350_1:133028451",3.2e-13
"25157","HISEQ13:138:C6FWNANXX:2:1101:19003:36977_1:518461",3.2e-13
"25158","HISEQ13:138:C6FWNANXX:2:2313:9759:82823_1:141514073",3.2e-13
"25159","HISEQ13:138:C6FWNANXX:2:2308:2668:4436_1:132606760",3.2e-13
"25160","HISEQ13:138:C6FWNANXX:2:1116:3016:33484_1:23641984",3.2e-13
"25161","HISEQ13:138:C6FWNANXX:2:2204:13932:2649_1:102762783",3.2e-13
"25162","HISEQ13:138:C6FWNANXX:2:2305:3734:32701_1:128659684",3.2e-13
"25163","HISEQ13:138:C6FWNANXX:2:2308:12426:62802_1:133489803",3.2e-13
"25164","HISEQ13:138:C6FWNANXX:2:1107:18915:71449_1:9922383",3.2e-13
"25165","HISEQ13:138:C6FWNANXX:2:1107:19432:12253_1:9018380",3.2e-13
"25166","HISEQ13:138:C6FWNANXX:2:1303:20922:65286_1:53415957",3.2e-13
"25167","HISEQ13:138:C6FWNANXX:2:1312:11831:35808_1:66750966",3.2e-13
"25168","HISEQ13:138:C6FWNANXX:2:1203:3477:58498_1:28537782",3.2e-13
"25169","HISEQ13:138:C6FWNANXX:2:1103:2812:2582_1:2930092",3.2e-13
"25170","HISEQ13:138:C6FWNANXX:2:1115:18210:96432_1:23027829",3.2e-13
"25171","HISEQ13:138:C6FWNANXX:2:1303:14206:30939_1:52904388",3.2e-13
"25172","HISEQ13:138:C6FWNANXX:2:2206:9674:73558_1:106650073",3.2e-13
"25173","HISEQ13:138:C6FWNANXX:2:2209:8783:83372_1:111226952",3.2e-13
"25174","HISEQ13:138:C6FWNANXX:2:2101:19651:92922_1:75857184",3.2e-13
"25175","HISEQ13:138:C6FWNANXX:2:1303:19367:30564_1:52901595",3.2e-13
"25176","HISEQ13:138:C6FWNANXX:2:1316:11577:61587_1:73878755",3.2e-13
"25177","HISEQ13:138:C6FWNANXX:2:2214:14892:6705_1:117766589",3.2e-13
"25178","HISEQ13:138:C6FWNANXX:2:2316:20324:57164_1:145990692",3.2e-13
"25179","HISEQ13:138:C6FWNANXX:2:1116:20899:33438_1:23645743",3.2e-13
"25180","HISEQ13:138:C6FWNANXX:2:2313:20469:8681_1:140316165",3.2e-13
"25181","HISEQ13:138:C6FWNANXX:2:1203:6279:15675_1:27910227",3.2e-13
"25182","HISEQ13:138:C6FWNANXX:2:2314:12276:72980_1:142967456",3.2e-13
"25183","HISEQ13:138:C6FWNANXX:2:1111:3907:54492_1:15869562",3.2e-13
"25184","HISEQ13:138:C6FWNANXX:2:1209:14182:76605_1:37784197",3.2e-13
"25185","HISEQ13:138:C6FWNANXX:2:2208:20098:80124_1:109681894",3.2e-13
"25186","HISEQ13:138:C6FWNANXX:2:1208:9580:47414_1:35790735",3.2e-13
"25187","HISEQ13:138:C6FWNANXX:2:1309:11110:45850_1:62159614",3.2e-13
"25188","HISEQ13:138:C6FWNANXX:2:1316:18519:65443_1:73946148",3.2e-13
"25189","HISEQ13:138:C6FWNANXX:2:1216:12828:12555_1:48039892",3.2e-13
"25190","HISEQ13:138:C6FWNANXX:2:2205:15273:83794_1:105353587",3.2e-13
"25191","HISEQ13:138:C6FWNANXX:2:2108:13623:25255_1:84918038",3.2e-13
"25192","HISEQ13:138:C6FWNANXX:2:1116:5851:34789_1:23668247",3.2e-13
"25193","HISEQ13:138:C6FWNANXX:2:1313:7501:83256_1:69171231",3.2e-13
"25194","HISEQ13:138:C6FWNANXX:2:2212:14497:19877_1:114819449",3.2e-13
"25195","HISEQ13:138:C6FWNANXX:2:1206:1715:96558_1:33525973",3.2e-13
"25196","HISEQ13:138:C6FWNANXX:2:1102:9607:35192_1:1950782",3.2e-13
"25197","HISEQ13:138:C6FWNANXX:2:1204:3217:51961_1:29889952",3.2e-13
"25198","HISEQ13:138:C6FWNANXX:2:2114:17068:10253_1:93813888",3.2e-13
"25199","HISEQ13:138:C6FWNANXX:2:2212:10335:75509_1:115701228",3.2e-13
"25200","HISEQ13:138:C6FWNANXX:2:2310:6121:49206_1:136295480",3.2e-13
"25201","HISEQ13:138:C6FWNANXX:2:2205:13782:44105_1:104777855",3.2e-13
"25202","HISEQ13:138:C6FWNANXX:2:1104:10135:63783_1:5308933",3.3e-13
"25203","HISEQ13:138:C6FWNANXX:2:1303:1781:38373_1:53013409",3.3e-13
"25204","HISEQ13:138:C6FWNANXX:2:2106:13599:98048_1:83055746",3.3e-13
"25205","HISEQ13:138:C6FWNANXX:2:2301:6799:50544_1:123291086",3.3e-13
"25206","HISEQ13:138:C6FWNANXX:2:1302:8974:50816_1:51739641",3.3e-13
"25207","HISEQ13:138:C6FWNANXX:2:1311:15935:77676_1:65819000",3.3e-13
"25208","HISEQ13:138:C6FWNANXX:2:2104:7756:50888_1:79485722",3.3e-13
"25209","HISEQ13:138:C6FWNANXX:2:2303:8667:74514_1:126428078",3.3e-13
"25210","HISEQ13:138:C6FWNANXX:2:1103:7844:9819_1:3038835",3.3e-13
"25211","HISEQ13:138:C6FWNANXX:2:1212:11541:2882_1:41322108",3.3e-13
"25212","HISEQ13:138:C6FWNANXX:2:1103:8707:92427_1:4262122",3.3e-13
"25213","HISEQ13:138:C6FWNANXX:2:1104:20069:85759_1:5639954",3.3e-13
"25214","HISEQ13:138:C6FWNANXX:2:1205:4517:63051_1:31531274",3.3e-13
"25215","HISEQ13:138:C6FWNANXX:2:1302:5007:98069_1:52436080",3.3e-13
"25216","HISEQ13:138:C6FWNANXX:2:2101:19214:38729_1:75085909",3.3e-13
"25217","HISEQ13:138:C6FWNANXX:2:2110:15579:22698_1:87876530",3.3e-13
"25218","HISEQ13:138:C6FWNANXX:2:2214:6073:44224_1:118376321",3.3e-13
"25219","HISEQ13:138:C6FWNANXX:2:2214:6073:44224_1:118376322",3.3e-13
"25220","HISEQ13:138:C6FWNANXX:2:2213:3161:71031_1:117210976",3.3e-13
"25221","HISEQ13:138:C6FWNANXX:2:1301:13074:17075_1:49791768",3.3e-13
"25222","HISEQ13:138:C6FWNANXX:2:1108:20522:98552_1:11880455",3.3e-13
"25223","HISEQ13:138:C6FWNANXX:2:1202:12407:75394_1:27336421",3.3e-13
"25224","HISEQ13:138:C6FWNANXX:2:1310:18041:100139_1:64584978",3.3e-13
"25225","HISEQ13:138:C6FWNANXX:2:2312:4175:28658_1:139060344",3.3e-13
"25226","HISEQ13:138:C6FWNANXX:2:1105:4266:34365_1:6348061",3.3e-13
"25227","HISEQ13:138:C6FWNANXX:2:1306:2139:39759_1:57478427",3.3e-13
"25228","HISEQ13:138:C6FWNANXX:2:2315:19309:22792_1:143771725",3.3e-13
"25229","HISEQ13:138:C6FWNANXX:2:2114:16475:61998_1:94649051",3.3e-13
"25230","HISEQ13:138:C6FWNANXX:2:1210:4995:86154_1:39481406",3.3e-13
"25231","HISEQ13:138:C6FWNANXX:2:2314:14963:91028_1:143266763",3.3e-13
"25232","HISEQ13:138:C6FWNANXX:2:2110:21208:35448_1:88072578",3.3e-13
"25233","HISEQ13:138:C6FWNANXX:2:2306:18915:52596_1:130398707",3.3e-13
"25234","HISEQ13:138:C6FWNANXX:2:2107:20872:9256_1:83207800",3.3e-13
"25235","HISEQ13:138:C6FWNANXX:2:2109:16356:37253_1:86595320",3.3e-13
"25236","HISEQ13:138:C6FWNANXX:2:1107:9047:65007_1:9824403",3.3e-13
"25237","HISEQ13:138:C6FWNANXX:2:1213:11955:17350_1:43137244",3.3e-13
"25238","HISEQ13:138:C6FWNANXX:2:2211:17254:33887_1:113498444",3.3e-13
"25239","HISEQ13:138:C6FWNANXX:2:1313:3731:46099_1:68547064",3.3e-13
"25240","HISEQ13:138:C6FWNANXX:2:1204:16413:13715_1:29326677",3.3e-13
"25241","HISEQ13:138:C6FWNANXX:2:1305:15898:52998_1:56180018",3.3e-13
"25242","HISEQ13:138:C6FWNANXX:2:1310:17048:75540_1:64198347",3.3e-13
"25243","HISEQ13:138:C6FWNANXX:2:1115:21010:85958_1:22848028",3.3e-13
"25244","HISEQ13:138:C6FWNANXX:2:1309:2264:9335_1:61584214",3.3e-13
"25245","HISEQ13:138:C6FWNANXX:2:1313:4540:8990_1:67930489",3.3e-13
"25246","HISEQ13:138:C6FWNANXX:2:1316:20776:68271_1:73999135",3.3e-13
"25247","HISEQ13:138:C6FWNANXX:2:1109:17826:14151_1:12105459",3.3e-13
"25248","HISEQ13:138:C6FWNANXX:2:2114:5458:48720_1:94430360",3.3e-13
"25249","HISEQ13:138:C6FWNANXX:2:2205:13007:53034_1:104909056",3.3e-13
"25250","HISEQ13:138:C6FWNANXX:2:2206:20845:60766_1:106463621",3.3e-13
"25251","HISEQ13:138:C6FWNANXX:2:2210:12906:35094_1:111997954",3.3e-13
"25252","HISEQ13:138:C6FWNANXX:2:2101:13084:89801_1:75813270",3.3e-13
"25253","HISEQ13:138:C6FWNANXX:2:1214:18686:40610_1:45165989",3.3e-13
"25254","HISEQ13:138:C6FWNANXX:2:1111:7473:83823_1:16382522",3.3e-13
"25255","HISEQ13:138:C6FWNANXX:2:1311:5503:16759_1:64834145",3.3e-13
"25256","HISEQ13:138:C6FWNANXX:2:1312:16964:73364_1:67365872",3.3e-13
"25257","HISEQ13:138:C6FWNANXX:2:2207:1964:23248_1:107358091",3.3e-13
"25258","HISEQ13:138:C6FWNANXX:2:1113:14134:33755_1:18652028",3.3e-13
"25259","HISEQ13:138:C6FWNANXX:2:1213:5632:9947_1:43012833",3.3e-13
"25260","HISEQ13:138:C6FWNANXX:2:1212:19279:6756_1:41383337",3.3e-13
"25261","HISEQ13:138:C6FWNANXX:2:2205:9256:60832_1:105019250",3.3e-13
"25262","HISEQ13:138:C6FWNANXX:2:2116:11354:2781_1:96908260",3.3e-13
"25263","HISEQ13:138:C6FWNANXX:2:1116:18995:2109_1:23107476",3.3e-13
"25264","HISEQ13:138:C6FWNANXX:2:1204:9284:4980_1:29209281",3.3e-13
"25265","HISEQ13:138:C6FWNANXX:2:1307:20126:25858_1:58778451",3.3e-13
"25266","HISEQ13:138:C6FWNANXX:2:2205:7992:16477_1:104376226",3.3e-13
"25267","HISEQ13:138:C6FWNANXX:2:2303:4791:34547_1:125860255",3.3e-13
"25268","HISEQ13:138:C6FWNANXX:2:2101:2341:14970_1:74743709",3.3e-13
"25269","HISEQ13:138:C6FWNANXX:2:2213:16338:70827_1:117209614",3.3e-13
"25270","HISEQ13:138:C6FWNANXX:2:1206:20177:65534_1:33061577",3.3e-13
"25271","HISEQ13:138:C6FWNANXX:2:2114:20231:93940_1:95169326",3.3e-13
"25272","HISEQ13:138:C6FWNANXX:2:2303:14877:40970_1:125951255",3.3e-13
"25273","HISEQ13:138:C6FWNANXX:2:2315:1995:5511_1:143483488",3.3e-13
"25274","HISEQ13:138:C6FWNANXX:2:1315:8708:72348_1:72344471",3.4e-13
"25275","HISEQ13:138:C6FWNANXX:2:1216:11326:92374_1:49420833",3.4e-13
"25276","HISEQ13:138:C6FWNANXX:2:2108:3805:76259_1:85686061",3.4e-13
"25277","HISEQ13:138:C6FWNANXX:2:2212:6524:58052_1:115422862",3.4e-13
"25278","HISEQ13:138:C6FWNANXX:2:1110:18321:37327_1:14034021",3.4e-13
"25279","HISEQ13:138:C6FWNANXX:2:1114:8346:83665_1:21133225",3.4e-13
"25280","HISEQ13:138:C6FWNANXX:2:1314:12094:85985_1:70887934",3.4e-13
"25281","HISEQ13:138:C6FWNANXX:2:1310:17076:12398_1:63194690",3.4e-13
"25282","HISEQ13:138:C6FWNANXX:2:2206:2722:44470_1:106217624",3.4e-13
"25283","HISEQ13:138:C6FWNANXX:2:1107:4708:61564_1:9770057",3.4e-13
"25284","HISEQ13:138:C6FWNANXX:2:2208:15641:12833_1:108671360",3.4e-13
"25285","HISEQ13:138:C6FWNANXX:2:1115:4109:62836_1:22454030",3.4e-13
"25286","HISEQ13:138:C6FWNANXX:2:1303:11319:100537_1:53935787",3.4e-13
"25287","HISEQ13:138:C6FWNANXX:2:1304:16179:37362_1:54465586",3.4e-13
"25288","HISEQ13:138:C6FWNANXX:2:1302:19678:17447_1:51249443",3.4e-13
"25289","HISEQ13:138:C6FWNANXX:2:2110:15398:37618_1:88105787",3.4e-13
"25290","HISEQ13:138:C6FWNANXX:2:2302:14287:34278_1:124458611",3.4e-13
"25291","HISEQ13:138:C6FWNANXX:2:2211:2670:25269_1:113362043",3.4e-13
"25292","HISEQ13:138:C6FWNANXX:2:1309:18137:9288_1:61587287",3.4e-13
"25293","HISEQ13:138:C6FWNANXX:2:1115:6293:62789_1:22454496",3.4e-13
"25294","HISEQ13:138:C6FWNANXX:2:2209:19819:43348_1:110620570",3.4e-13
"25295","HISEQ13:138:C6FWNANXX:2:2316:11309:65265_1:146127980",3.4e-13
"25296","HISEQ13:138:C6FWNANXX:2:1104:7921:44982_1:5025799",3.4e-13
"25297","HISEQ13:138:C6FWNANXX:2:1109:9985:64358_1:12896534",3.4e-13
"25298","HISEQ13:138:C6FWNANXX:2:1206:14925:90433_1:33433896",3.4e-13
"25299","HISEQ13:138:C6FWNANXX:2:1311:6641:41523_1:65231566",3.4e-13
"25300","HISEQ13:138:C6FWNANXX:2:2202:9192:77107_1:101002164",3.4e-13
"25301","HISEQ13:138:C6FWNANXX:2:2209:13299:96694_1:111428504",3.4e-13
"25302","HISEQ13:138:C6FWNANXX:2:2114:3195:65919_1:94711862",3.4e-13
"25303","HISEQ13:138:C6FWNANXX:2:1301:19099:11229_1:49704904",3.4e-13
"25304","HISEQ13:138:C6FWNANXX:2:1310:11723:60744_1:63961151",3.4e-13
"25305","HISEQ13:138:C6FWNANXX:2:1106:1717:87129_1:8645797",3.4e-13
"25306","HISEQ13:138:C6FWNANXX:2:1204:11819:15029_1:29345884",3.4e-13
"25307","HISEQ13:138:C6FWNANXX:2:2106:2940:39969_1:82195362",3.4e-13
"25308","HISEQ13:138:C6FWNANXX:2:2307:6144:92509_1:132450017",3.4e-13
"25309","HISEQ13:138:C6FWNANXX:2:2105:5615:61268_1:81065896",3.4e-13
"25310","HISEQ13:138:C6FWNANXX:2:1111:5100:51876_1:15829285",3.5e-13
"25311","HISEQ13:138:C6FWNANXX:2:2307:9844:90375_1:132417192",3.5e-13
"25312","HISEQ13:138:C6FWNANXX:2:2216:8344:74006_1:122153502",3.5e-13
"25313","HISEQ13:138:C6FWNANXX:2:2304:17010:100384_1:128213307",3.5e-13
"25314","HISEQ13:138:C6FWNANXX:2:1316:11271:71462_1:74049620",3.5e-13
"25315","HISEQ13:138:C6FWNANXX:2:1213:20043:18445_1:43154964",3.5e-13
"25316","HISEQ13:138:C6FWNANXX:2:1311:12853:88571_1:65998629",3.5e-13
"25317","HISEQ13:138:C6FWNANXX:2:2212:17419:28547_1:114958887",3.5e-13
"25318","HISEQ13:138:C6FWNANXX:2:2114:8269:34143_1:94196335",3.5e-13
"25319","HISEQ13:138:C6FWNANXX:2:2107:8636:55287_1:83888291",3.5e-13
"25320","HISEQ13:138:C6FWNANXX:2:2111:5030:49962_1:89810979",3.5e-13
"25321","HISEQ13:138:C6FWNANXX:2:2201:20959:73369_1:99545346",3.5e-13
"25322","HISEQ13:138:C6FWNANXX:2:1109:19824:90705_1:13313623",3.5e-13
"25323","HISEQ13:138:C6FWNANXX:2:1304:3441:49255_1:54643214",3.5e-13
"25324","HISEQ13:138:C6FWNANXX:2:1203:10329:37306_1:28231119",3.5e-13
"25325","HISEQ13:138:C6FWNANXX:2:1106:5399:36994_1:7879981",3.5e-13
"25326","HISEQ13:138:C6FWNANXX:2:1307:17426:99963_1:59915957",3.5e-13
"25327","HISEQ13:138:C6FWNANXX:2:1311:6017:38189_1:65174844",3.5e-13
"25328","HISEQ13:138:C6FWNANXX:2:2215:10567:34089_1:119835054",3.5e-13
"25329","HISEQ13:138:C6FWNANXX:2:2310:10169:63062_1:136511647",3.5e-13
"25330","HISEQ13:138:C6FWNANXX:2:2105:16894:45777_1:80844059",3.5e-13
"25331","HISEQ13:138:C6FWNANXX:2:1211:12771:99560_1:41287547",3.5e-13
"25332","HISEQ13:138:C6FWNANXX:2:1201:4803:85693_1:26033770",3.5e-13
"25333","HISEQ13:138:C6FWNANXX:2:1215:6827:51387_1:47012625",3.5e-13
"25334","HISEQ13:138:C6FWNANXX:2:2116:14269:63916_1:97916567",3.5e-13
"25335","HISEQ13:138:C6FWNANXX:2:2204:12894:62427_1:103616920",3.5e-13
"25336","HISEQ13:138:C6FWNANXX:2:2314:3759:97322_1:143367429",3.5e-13
"25337","HISEQ13:138:C6FWNANXX:2:1104:16692:40467_1:4960174",3.5e-13
"25338","HISEQ13:138:C6FWNANXX:2:1202:2148:16820_1:26476189",3.5e-13
"25339","HISEQ13:138:C6FWNANXX:2:1216:4094:21773_1:48197625",3.5e-13
"25340","HISEQ13:138:C6FWNANXX:2:2109:4505:21081_1:86347137",3.5e-13
"25341","HISEQ13:138:C6FWNANXX:2:2206:5465:74285_1:106660303",3.5e-13
"25342","HISEQ13:138:C6FWNANXX:2:1308:3194:75366_1:61068032",3.5e-13
"25343","HISEQ13:138:C6FWNANXX:2:1311:11227:25466_1:64970543",3.5e-13
"25344","HISEQ13:138:C6FWNANXX:2:2111:12293:47590_1:89776989",3.5e-13
"25345","HISEQ13:138:C6FWNANXX:2:2116:10954:19139_1:97177903",3.5e-13
"25346","HISEQ13:138:C6FWNANXX:2:2207:15710:14382_1:107232366",3.5e-13
"25347","HISEQ13:138:C6FWNANXX:2:2212:17933:72126_1:115646457",3.5e-13
"25348","HISEQ13:138:C6FWNANXX:2:1205:8198:40525_1:31194626",3.5e-13
"25349","HISEQ13:138:C6FWNANXX:2:1310:14571:34214_1:63539288",3.5e-13
"25350","HISEQ13:138:C6FWNANXX:2:2106:9792:94310_1:82999189",3.5e-13
"25351","HISEQ13:138:C6FWNANXX:2:2107:9935:93014_1:84451607",3.5e-13
"25352","HISEQ13:138:C6FWNANXX:2:2209:17793:58422_1:110848003",3.5e-13
"25353","HISEQ13:138:C6FWNANXX:2:2311:4683:9531_1:137204834",3.5e-13
"25354","HISEQ13:138:C6FWNANXX:2:2104:14418:29976_1:79185073",3.5e-13
"25355","HISEQ13:138:C6FWNANXX:2:1113:5314:47645_1:18875703",3.5e-13
"25356","HISEQ13:138:C6FWNANXX:2:2204:2134:64202_1:103639915",3.5e-13
"25357","HISEQ13:138:C6FWNANXX:2:2209:16238:61275_1:110893582",3.5e-13
"25358","HISEQ13:138:C6FWNANXX:2:1312:13547:22756_1:66539976",3.5e-13
"25359","HISEQ13:138:C6FWNANXX:2:2214:6349:45795_1:118404741",3.5e-13
"25360","HISEQ13:138:C6FWNANXX:2:2308:12469:75254_1:133678877",3.5e-13
"25361","HISEQ13:138:C6FWNANXX:2:1302:17078:77617_1:52135169",3.5e-13
"25362","HISEQ13:138:C6FWNANXX:2:1111:17571:94416_1:16579714",3.5e-13
"25363","HISEQ13:138:C6FWNANXX:2:1314:17250:100688_1:71139983",3.5e-13
"25364","HISEQ13:138:C6FWNANXX:2:2103:12800:8236_1:77463655",3.5e-13
"25365","HISEQ13:138:C6FWNANXX:2:2303:20612:5169_1:125443980",3.5e-13
"25366","HISEQ13:138:C6FWNANXX:2:1115:18566:23523_1:21793155",3.5e-13
"25367","HISEQ13:138:C6FWNANXX:2:2209:2089:8068_1:110083177",3.5e-13
"25368","HISEQ13:138:C6FWNANXX:2:1216:4247:94669_1:49457293",3.5e-13
"25369","HISEQ13:138:C6FWNANXX:2:2101:11540:64460_1:75450881",3.5e-13
"25370","HISEQ13:138:C6FWNANXX:2:2213:11860:50163_1:116874103",3.5e-13
"25371","HISEQ13:138:C6FWNANXX:2:1305:14462:49948_1:56134120",3.5e-13
"25372","HISEQ13:138:C6FWNANXX:2:2305:10870:43207_1:128814261",3.5e-13
"25373","HISEQ13:138:C6FWNANXX:2:1103:12160:36117_1:3429241",3.5e-13
"25374","HISEQ13:138:C6FWNANXX:2:1105:11106:81912_1:7062601",3.5e-13
"25375","HISEQ13:138:C6FWNANXX:2:1111:10641:17991_1:15286197",3.5e-13
"25376","HISEQ13:138:C6FWNANXX:2:1210:1755:43153_1:38808391",3.5e-13
"25377","HISEQ13:138:C6FWNANXX:2:1307:6514:51089_1:59163290",3.5e-13
"25378","HISEQ13:138:C6FWNANXX:2:1308:11682:89584_1:61294656",3.5e-13
"25379","HISEQ13:138:C6FWNANXX:2:2105:5421:43951_1:80812699",3.5e-13
"25380","HISEQ13:138:C6FWNANXX:2:2212:15497:9506_1:114666638",3.5e-13
"25381","HISEQ13:138:C6FWNANXX:2:1212:2349:56675_1:42158036",3.5e-13
"25382","HISEQ13:138:C6FWNANXX:2:1212:9680:87735_1:42667508",3.5e-13
"25383","HISEQ13:138:C6FWNANXX:2:2305:5303:26994_1:128576762",3.5e-13
"25384","HISEQ13:138:C6FWNANXX:2:1216:12050:24248_1:48238339",3.6e-13
"25385","HISEQ13:138:C6FWNANXX:2:1209:4207:93902_1:38052205",3.6e-13
"25386","HISEQ13:138:C6FWNANXX:2:1303:9718:69095_1:53468990",3.6e-13
"25387","HISEQ13:138:C6FWNANXX:2:1316:17200:11072_1:72999474",3.6e-13
"25388","HISEQ13:138:C6FWNANXX:2:2202:8622:9364_1:100038648",3.6e-13
"25389","HISEQ13:138:C6FWNANXX:2:1303:17673:96836_1:53881582",3.6e-13
"25390","HISEQ13:138:C6FWNANXX:2:2212:8080:87588_1:115892783",3.6e-13
"25391","HISEQ13:138:C6FWNANXX:2:1111:4823:50588_1:15808643",3.6e-13
"25392","HISEQ13:138:C6FWNANXX:2:2204:16882:20650_1:103017949",3.6e-13
"25393","HISEQ13:138:C6FWNANXX:2:2203:11860:12678_1:101493472",3.6e-13
"25394","HISEQ13:138:C6FWNANXX:2:2107:16331:84378_1:84322141",3.6e-13
"25395","HISEQ13:138:C6FWNANXX:2:1214:9269:95312_1:46084072",3.6e-13
"25396","HISEQ13:138:C6FWNANXX:2:1308:4525:23576_1:60262343",3.6e-13
"25397","HISEQ13:138:C6FWNANXX:2:2301:7112:83430_1:123753348",3.6e-13
"25398","HISEQ13:138:C6FWNANXX:2:1108:12534:7024_1:10453794",3.6e-13
"25399","HISEQ13:138:C6FWNANXX:2:1108:7434:62541_1:11313673",3.6e-13
"25400","HISEQ13:138:C6FWNANXX:2:2207:20910:54257_1:107820974",3.6e-13
"25401","HISEQ13:138:C6FWNANXX:2:2309:5732:27054_1:134444477",3.6e-13
"25402","HISEQ13:138:C6FWNANXX:2:1204:1798:13614_1:29324419",3.6e-13
"25403","HISEQ13:138:C6FWNANXX:2:1301:6304:100301_1:51014224",3.6e-13
"25404","HISEQ13:138:C6FWNANXX:2:2214:4393:41778_1:118339348",3.6e-13
"25405","HISEQ13:138:C6FWNANXX:2:2215:3478:43536_1:119989966",3.6e-13
"25406","HISEQ13:138:C6FWNANXX:2:1315:15169:83214_1:72531220",3.6e-13
"25407","HISEQ13:138:C6FWNANXX:2:2212:6356:44608_1:115209412",3.6e-13
"25408","HISEQ13:138:C6FWNANXX:2:1209:6232:5595_1:36676145",3.6e-13
"25409","HISEQ13:138:C6FWNANXX:2:1313:5783:59320_1:68768301",3.6e-13
"25410","HISEQ13:138:C6FWNANXX:2:1207:6289:4134_1:33623123",3.6e-13
"25411","HISEQ13:138:C6FWNANXX:2:2207:14396:40152_1:107609395",3.6e-13
"25412","HISEQ13:138:C6FWNANXX:2:1114:16639:24778_1:20148408",3.6e-13
"25413","HISEQ13:138:C6FWNANXX:2:1207:17806:84224_1:34841627",3.6e-13
"25414","HISEQ13:138:C6FWNANXX:2:1304:6339:74290_1:55017893",3.6e-13
"25415","HISEQ13:138:C6FWNANXX:2:1201:7543:75644_1:25887703",3.6e-13
"25416","HISEQ13:138:C6FWNANXX:2:1206:14724:73972_1:33185668",3.6e-13
"25417","HISEQ13:138:C6FWNANXX:2:1304:13477:28915_1:54338853",3.6e-13
"25418","HISEQ13:138:C6FWNANXX:2:1206:21460:47375_1:32785002",3.6e-13
"25419","HISEQ13:138:C6FWNANXX:2:1207:2614:27518_1:33979009",3.6e-13
"25420","HISEQ13:138:C6FWNANXX:2:1308:11558:57072_1:60783876",3.6e-13
"25421","HISEQ13:138:C6FWNANXX:2:2311:17593:63730_1:138052656",3.6e-13
"25422","HISEQ13:138:C6FWNANXX:2:2111:20449:20365_1:89354036",3.6e-13
"25423","HISEQ13:138:C6FWNANXX:2:2112:15514:44336_1:91207125",3.6e-13
"25424","HISEQ13:138:C6FWNANXX:2:2211:6992:60309_1:113911047",3.6e-13
"25425","HISEQ13:138:C6FWNANXX:2:1310:3007:46387_1:63732113",3.6e-13
"25426","HISEQ13:138:C6FWNANXX:2:1208:6192:27787_1:35490728",3.6e-13
"25427","HISEQ13:138:C6FWNANXX:2:1308:11001:56580_1:60775933",3.6e-13
"25428","HISEQ13:138:C6FWNANXX:2:1304:14833:34542_1:54424468",3.6e-13
"25429","HISEQ13:138:C6FWNANXX:2:1316:9788:33468_1:73384030",3.6e-13
"25430","HISEQ13:138:C6FWNANXX:2:2112:6265:61750_1:91475762",3.6e-13
"25431","HISEQ13:138:C6FWNANXX:2:1312:1665:52850_1:67025945",3.6e-13
"25432","HISEQ13:138:C6FWNANXX:2:1115:9345:74715_1:22653673",3.7e-13
"25433","HISEQ13:138:C6FWNANXX:2:1116:14369:14203_1:23313426",3.7e-13
"25434","HISEQ13:138:C6FWNANXX:2:2110:3922:63793_1:88504564",3.7e-13
"25435","HISEQ13:138:C6FWNANXX:2:2116:3075:33941_1:97421065",3.7e-13
"25436","HISEQ13:138:C6FWNANXX:2:1304:10995:73349_1:55003914",3.7e-13
"25437","HISEQ13:138:C6FWNANXX:2:1307:11662:68781_1:59438491",3.7e-13
"25438","HISEQ13:138:C6FWNANXX:2:1206:4608:63902_1:33032376",3.7e-13
"25439","HISEQ13:138:C6FWNANXX:2:1211:3690:38407_1:40296425",3.7e-13
"25440","HISEQ13:138:C6FWNANXX:2:2208:7047:81715_1:109702173",3.7e-13
"25441","HISEQ13:138:C6FWNANXX:2:1211:15772:10751_1:39856538",3.7e-13
"25442","HISEQ13:138:C6FWNANXX:2:1305:21244:36054_1:55928098",3.7e-13
"25443","HISEQ13:138:C6FWNANXX:2:2103:1985:32761_1:77814596",3.7e-13
"25444","HISEQ13:138:C6FWNANXX:2:2207:13011:8107_1:107140012",3.7e-13
"25445","HISEQ13:138:C6FWNANXX:2:2305:16167:32653_1:128662007",3.7e-13
"25446","HISEQ13:138:C6FWNANXX:2:2314:13929:83656_1:143143787",3.7e-13
"25447","HISEQ13:138:C6FWNANXX:2:2316:15491:51204_1:145888315",3.7e-13
"25448","HISEQ13:138:C6FWNANXX:2:1304:9546:76986_1:55056268",3.7e-13
"25449","HISEQ13:138:C6FWNANXX:2:2308:2792:24171_1:132904054",3.7e-13
"25450","HISEQ13:138:C6FWNANXX:2:1110:11456:100606_1:15028565",3.7e-13
"25451","HISEQ13:138:C6FWNANXX:2:1210:5202:93551_1:39599025",3.7e-13
"25452","HISEQ13:138:C6FWNANXX:2:2311:10564:33342_1:137577627",3.7e-13
"25453","HISEQ13:138:C6FWNANXX:2:2212:11633:84905_1:115849477",3.7e-13
"25454","HISEQ13:138:C6FWNANXX:2:1113:6753:99924_1:19745382",3.7e-13
"25455","HISEQ13:138:C6FWNANXX:2:1106:8803:85752_1:8628015",3.7e-13
"25456","HISEQ13:138:C6FWNANXX:2:1105:12072:61550_1:6758302",3.7e-13
"25457","HISEQ13:138:C6FWNANXX:2:1304:8291:28483_1:54330573",3.7e-13
"25458","HISEQ13:138:C6FWNANXX:2:1305:1479:16225_1:55625929",3.7e-13
"25459","HISEQ13:138:C6FWNANXX:2:2314:16702:51122_1:142608686",3.7e-13
"25460","HISEQ13:138:C6FWNANXX:2:2308:16647:29093_1:132981114",3.7e-13
"25461","HISEQ13:138:C6FWNANXX:2:1207:15741:83157_1:34825670",3.7e-13
"25462","HISEQ13:138:C6FWNANXX:2:1315:3925:6320_1:71214908",3.7e-13
"25463","HISEQ13:138:C6FWNANXX:2:1207:2614:27518_1:33979010",3.7e-13
"25464","HISEQ13:138:C6FWNANXX:2:2111:16944:3109_1:89085964",3.7e-13
"25465","HISEQ13:138:C6FWNANXX:2:1111:1705:41369_1:15658700",3.7e-13
"25466","HISEQ13:138:C6FWNANXX:2:1113:6953:19970_1:18420464",3.7e-13
"25467","HISEQ13:138:C6FWNANXX:2:1213:6675:11833_1:43045974",3.7e-13
"25468","HISEQ13:138:C6FWNANXX:2:1203:14897:44583_1:28339067",3.7e-13
"25469","HISEQ13:138:C6FWNANXX:2:2101:15795:65517_1:75469480",3.7e-13
"25470","HISEQ13:138:C6FWNANXX:2:2104:6824:71935_1:79788247",3.7e-13
"25471","HISEQ13:138:C6FWNANXX:2:2308:18867:82210_1:133781943",3.7e-13
"25472","HISEQ13:138:C6FWNANXX:2:1203:19313:28412_1:28100772",3.7e-13
"25473","HISEQ13:138:C6FWNANXX:2:2212:9965:54584_1:115367714",3.7e-13
"25474","HISEQ13:138:C6FWNANXX:2:2315:6421:95716_1:144970145",3.7e-13
"25475","HISEQ13:138:C6FWNANXX:2:1115:14008:14449_1:21636543",3.7e-13
"25476","HISEQ13:138:C6FWNANXX:2:2216:14867:26295_1:121346186",3.7e-13
"25477","HISEQ13:138:C6FWNANXX:2:1103:17745:56835_1:3737055",3.7e-13
"25478","HISEQ13:138:C6FWNANXX:2:1107:19246:80519_1:10064103",3.7e-13
"25479","HISEQ13:138:C6FWNANXX:2:1314:8930:95907_1:71056757",3.7e-13
"25480","HISEQ13:138:C6FWNANXX:2:2314:8011:29568_1:142252667",3.7e-13
"25481","HISEQ13:138:C6FWNANXX:2:1316:11391:38903_1:73479481",3.7e-13
"25482","HISEQ13:138:C6FWNANXX:2:2316:14320:69031_1:146192204",3.7e-13
"25483","HISEQ13:138:C6FWNANXX:2:2204:14645:23882_1:103064390",3.7e-13
"25484","HISEQ13:138:C6FWNANXX:2:2215:7849:73360_1:120482492",3.7e-13
"25485","HISEQ13:138:C6FWNANXX:2:1111:10232:25309_1:15405584",3.7e-13
"25486","HISEQ13:138:C6FWNANXX:2:2215:13857:73943_1:120491890",3.7e-13
"25487","HISEQ13:138:C6FWNANXX:2:1102:5951:65428_1:2395723",3.7e-13
"25488","HISEQ13:138:C6FWNANXX:2:1304:13575:63379_1:54855389",3.7e-13
"25489","HISEQ13:138:C6FWNANXX:2:2211:13793:21976_1:113309041",3.7e-13
"25490","HISEQ13:138:C6FWNANXX:2:2313:8646:10725_1:140345899",3.7e-13
"25491","HISEQ13:138:C6FWNANXX:2:2308:12426:62802_1:133489804",3.7e-13
"25492","HISEQ13:138:C6FWNANXX:2:2308:17412:45730_1:133230265",3.7e-13
"25493","HISEQ13:138:C6FWNANXX:2:2304:11362:11800_1:126942201",3.8e-13
"25494","HISEQ13:138:C6FWNANXX:2:1214:15511:7639_1:44612184",3.8e-13
"25495","HISEQ13:138:C6FWNANXX:2:2102:13970:90709_1:77230982",3.8e-13
"25496","HISEQ13:138:C6FWNANXX:2:2103:4671:51610_1:78081465",3.8e-13
"25497","HISEQ13:138:C6FWNANXX:2:1109:14365:7450_1:11998858",3.8e-13
"25498","HISEQ13:138:C6FWNANXX:2:2214:19669:54264_1:118546696",3.8e-13
"25499","HISEQ13:138:C6FWNANXX:2:1206:11219:48698_1:32802143",3.8e-13
"25500","HISEQ13:138:C6FWNANXX:2:1110:5654:97610_1:14980759",3.8e-13
"25501","HISEQ13:138:C6FWNANXX:2:2112:15487:23854_1:90887531",3.8e-13
"25502","HISEQ13:138:C6FWNANXX:2:2205:9495:88173_1:105413598",3.8e-13
"25503","HISEQ13:138:C6FWNANXX:2:2316:15292:19283_1:145351976",3.8e-13
"25504","HISEQ13:138:C6FWNANXX:2:2316:16938:40924_1:145716085",3.8e-13
"25505","HISEQ13:138:C6FWNANXX:2:1110:17936:9203_1:13587780",3.8e-13
"25506","HISEQ13:138:C6FWNANXX:2:1313:9254:70731_1:68958010",3.8e-13
"25507","HISEQ13:138:C6FWNANXX:2:2211:1772:77553_1:114179049",3.8e-13
"25508","HISEQ13:138:C6FWNANXX:2:1212:12941:35653_1:41818322",3.8e-13
"25509","HISEQ13:138:C6FWNANXX:2:1204:18451:65162_1:30089126",3.8e-13
"25510","HISEQ13:138:C6FWNANXX:2:1216:6418:82439_1:49248624",3.8e-13
"25511","HISEQ13:138:C6FWNANXX:2:1308:12493:92915_1:61345269",3.8e-13
"25512","HISEQ13:138:C6FWNANXX:2:2106:19031:24284_1:81971308",3.8e-13
"25513","HISEQ13:138:C6FWNANXX:2:1105:17662:66244_1:6826683",3.8e-13
"25514","HISEQ13:138:C6FWNANXX:2:1108:20629:76437_1:11532294",3.8e-13
"25515","HISEQ13:138:C6FWNANXX:2:1113:12589:62053_1:19117609",3.8e-13
"25516","HISEQ13:138:C6FWNANXX:2:2204:19184:8883_1:102852227",3.8e-13
"25517","HISEQ13:138:C6FWNANXX:2:2304:14799:49523_1:127483360",3.8e-13
"25518","HISEQ13:138:C6FWNANXX:2:2313:14339:78509_1:141445790",3.8e-13
"25519","HISEQ13:138:C6FWNANXX:2:1111:18081:88538_1:16471705",3.8e-13
"25520","HISEQ13:138:C6FWNANXX:2:1208:3526:97536_1:36569114",3.8e-13
"25521","HISEQ13:138:C6FWNANXX:2:2107:13420:76832_1:84209200",3.8e-13
"25522","HISEQ13:138:C6FWNANXX:2:1110:9820:64743_1:14463725",3.8e-13
"25523","HISEQ13:138:C6FWNANXX:2:2102:4968:93211_1:77264937",3.8e-13
"25524","HISEQ13:138:C6FWNANXX:2:2101:12361:92756_1:75855841",3.8e-13
"25525","HISEQ13:138:C6FWNANXX:2:1109:9019:67752_1:12952127",3.8e-13
"25526","HISEQ13:138:C6FWNANXX:2:1115:7285:44112_1:22137521",3.8e-13
"25527","HISEQ13:138:C6FWNANXX:2:1215:12218:22943_1:46531020",3.8e-13
"25528","HISEQ13:138:C6FWNANXX:2:1212:9926:29707_1:41720503",3.8e-13
"25529","HISEQ13:138:C6FWNANXX:2:1113:9832:6271_1:18199141",3.8e-13
"25530","HISEQ13:138:C6FWNANXX:2:1308:9808:49282_1:60662970",3.8e-13
"25531","HISEQ13:138:C6FWNANXX:2:2112:14464:96889_1:92035817",3.8e-13
"25532","HISEQ13:138:C6FWNANXX:2:2204:19378:82520_1:103908054",3.8e-13
"25533","HISEQ13:138:C6FWNANXX:2:1205:20653:29878_1:31037165",3.8e-13
"25534","HISEQ13:138:C6FWNANXX:2:1315:4056:40164_1:71788997",3.8e-13
"25535","HISEQ13:138:C6FWNANXX:2:2101:15590:73091_1:75576368",3.8e-13
"25536","HISEQ13:138:C6FWNANXX:2:1307:15261:2431_1:58416507",3.9e-13
"25537","HISEQ13:138:C6FWNANXX:2:1304:20446:22533_1:54247452",3.9e-13
"25538","HISEQ13:138:C6FWNANXX:2:2212:19848:88895_1:115915007",3.9e-13
"25539","HISEQ13:138:C6FWNANXX:2:1114:10426:78384_1:21045743",3.9e-13
"25540","HISEQ13:138:C6FWNANXX:2:1104:8860:33346_1:4854422",3.9e-13
"25541","HISEQ13:138:C6FWNANXX:2:1101:7880:9207_1:105202",3.9e-13
"25542","HISEQ13:138:C6FWNANXX:2:2215:9657:52374_1:120134262",3.9e-13
"25543","HISEQ13:138:C6FWNANXX:2:1114:14020:87056_1:21193646",3.9e-13
"25544","HISEQ13:138:C6FWNANXX:2:1315:20398:40312_1:71796624",3.9e-13
"25545","HISEQ13:138:C6FWNANXX:2:2207:12906:13275_1:107216922",3.9e-13
"25546","HISEQ13:138:C6FWNANXX:2:2213:10586:44989_1:116789593",3.9e-13
"25547","HISEQ13:138:C6FWNANXX:2:2312:12576:86738_1:139982375",3.9e-13
"25548","HISEQ13:138:C6FWNANXX:2:1101:10512:85837_1:1241072",3.9e-13
"25549","HISEQ13:138:C6FWNANXX:2:1102:17026:59600_1:2312847",3.9e-13
"25550","HISEQ13:138:C6FWNANXX:2:1212:19351:90452_1:42714997",3.9e-13
"25551","HISEQ13:138:C6FWNANXX:2:2110:16637:39568_1:88136462",3.9e-13
"25552","HISEQ13:138:C6FWNANXX:2:1205:17883:51572_1:31362390",3.9e-13
"25553","HISEQ13:138:C6FWNANXX:2:1303:19403:99506_1:53922533",3.9e-13
"25554","HISEQ13:138:C6FWNANXX:2:1114:16416:48809_1:20550452",3.9e-13
"25555","HISEQ13:138:C6FWNANXX:2:1206:5558:99238_1:33564372",3.9e-13
"25556","HISEQ13:138:C6FWNANXX:2:1312:10288:99103_1:67789710",3.9e-13
"25557","HISEQ13:138:C6FWNANXX:2:1213:20560:76143_1:44108963",3.9e-13
"25558","HISEQ13:138:C6FWNANXX:2:1314:8518:30538_1:69947724",3.9e-13
"25559","HISEQ13:138:C6FWNANXX:2:1306:2281:22924_1:57218873",3.9e-13
"25560","HISEQ13:138:C6FWNANXX:2:1207:14454:78008_1:34748924",3.9e-13
"25561","HISEQ13:138:C6FWNANXX:2:1111:10849:91424_1:16521261",3.9e-13
"25562","HISEQ13:138:C6FWNANXX:2:1111:6605:12413_1:15197776",3.9e-13
"25563","HISEQ13:138:C6FWNANXX:2:1113:18085:6544_1:18205071",3.9e-13
"25564","HISEQ13:138:C6FWNANXX:2:1214:18234:23815_1:44884624",3.9e-13
"25565","HISEQ13:138:C6FWNANXX:2:2204:5674:25370_1:103083908",3.9e-13
"25566","HISEQ13:138:C6FWNANXX:2:2301:14062:34831_1:123071405",3.9e-13
"25567","HISEQ13:138:C6FWNANXX:2:2311:21255:9567_1:137208117",3.9e-13
"25568","HISEQ13:138:C6FWNANXX:2:1106:6138:61664_1:8258122",3.9e-13
"25569","HISEQ13:138:C6FWNANXX:2:1115:3990:57430_1:22360919",3.9e-13
"25570","HISEQ13:138:C6FWNANXX:2:1202:12263:99453_1:27689034",3.9e-13
"25571","HISEQ13:138:C6FWNANXX:2:1301:11869:5205_1:49614743",3.9e-13
"25572","HISEQ13:138:C6FWNANXX:2:1303:9701:83822_1:53686603",3.9e-13
"25573","HISEQ13:138:C6FWNANXX:2:2303:20733:85854_1:126589464",3.9e-13
"25574","HISEQ13:138:C6FWNANXX:2:2310:7181:19846_1:135844148",3.9e-13
"25575","HISEQ13:138:C6FWNANXX:2:1104:6887:44274_1:5017928",3.9e-13
"25576","HISEQ13:138:C6FWNANXX:2:1213:19376:17180_1:43134676",3.9e-13
"25577","HISEQ13:138:C6FWNANXX:2:1106:10332:31203_1:7793870",3.9e-13
"25578","HISEQ13:138:C6FWNANXX:2:1108:10886:96907_1:11851395",3.9e-13
"25579","HISEQ13:138:C6FWNANXX:2:1209:7303:5658_1:36676396",3.9e-13
"25580","HISEQ13:138:C6FWNANXX:2:2305:13477:48082_1:128887506",3.9e-13
"25581","HISEQ13:138:C6FWNANXX:2:1104:16627:12311_1:4542590",3.9e-13
"25582","HISEQ13:138:C6FWNANXX:2:1205:14380:60020_1:31487923",3.9e-13
"25583","HISEQ13:138:C6FWNANXX:2:2301:19265:3856_1:122633377",3.9e-13
"25584","HISEQ13:138:C6FWNANXX:2:2101:18959:49458_1:75238744",3.9e-13
"25585","HISEQ13:138:C6FWNANXX:2:1105:11127:10948_1:5996339",3.9e-13
"25586","HISEQ13:138:C6FWNANXX:2:2105:14927:64026_1:81107783",3.9e-13
"25587","HISEQ13:138:C6FWNANXX:2:2201:9078:83039_1:99681936",3.9e-13
"25588","HISEQ13:138:C6FWNANXX:2:2216:11369:46894_1:121691173",3.9e-13
"25589","HISEQ13:138:C6FWNANXX:2:1108:12729:50175_1:11119879",3.9e-13
"25590","HISEQ13:138:C6FWNANXX:2:1206:20750:84016_1:33340267",3.9e-13
"25591","HISEQ13:138:C6FWNANXX:2:2109:16923:31340_1:86504412",3.9e-13
"25592","HISEQ13:138:C6FWNANXX:2:1201:8758:88712_1:26078548",3.9e-13
"25593","HISEQ13:138:C6FWNANXX:2:2113:1915:89695_1:93495636",3.9e-13
"25594","HISEQ13:138:C6FWNANXX:2:1315:15126:16228_1:71382815",4e-13
"25595","HISEQ13:138:C6FWNANXX:2:2111:8215:74261_1:90211610",4e-13
"25596","HISEQ13:138:C6FWNANXX:2:1216:2083:76843_1:49150988",4e-13
"25597","HISEQ13:138:C6FWNANXX:2:1302:4406:79195_1:52155019",4e-13
"25598","HISEQ13:138:C6FWNANXX:2:1210:4376:7753_1:38253938",4e-13
"25599","HISEQ13:138:C6FWNANXX:2:2210:3981:22678_1:111805601",4e-13
"25600","HISEQ13:138:C6FWNANXX:2:1204:1951:33475_1:29614491",4e-13
"25601","HISEQ13:138:C6FWNANXX:2:2116:20112:13592_1:97088302",4e-13
"25602","HISEQ13:138:C6FWNANXX:2:2116:8906:34851_1:97438657",4e-13
"25603","HISEQ13:138:C6FWNANXX:2:2301:10664:4043_1:122635263",4e-13
"25604","HISEQ13:138:C6FWNANXX:2:2103:15367:68386_1:78320091",4e-13
"25605","HISEQ13:138:C6FWNANXX:2:2208:16358:18549_1:108757749",4e-13
"25606","HISEQ13:138:C6FWNANXX:2:2214:11781:46625_1:118418152",4e-13
"25607","HISEQ13:138:C6FWNANXX:2:1115:20640:47710_1:22198713",4e-13
"25608","HISEQ13:138:C6FWNANXX:2:2109:8697:99663_1:87541037",4e-13
"25609","HISEQ13:138:C6FWNANXX:2:2205:16575:90758_1:105455034",4e-13
"25610","HISEQ13:138:C6FWNANXX:2:2302:4816:65400_1:124893796",4e-13
"25611","HISEQ13:138:C6FWNANXX:2:1103:5993:92690_1:4265324",4e-13
"25612","HISEQ13:138:C6FWNANXX:2:2216:20948:13740_1:121134390",4e-13
"25613","HISEQ13:138:C6FWNANXX:2:2104:17850:5104_1:78828868",4e-13
"25614","HISEQ13:138:C6FWNANXX:2:2206:19316:14007_1:105778484",4e-13
"25615","HISEQ13:138:C6FWNANXX:2:2210:2806:46641_1:112170967",4e-13
"25616","HISEQ13:138:C6FWNANXX:2:1308:16704:38991_1:60501078",4e-13
"25617","HISEQ13:138:C6FWNANXX:2:2203:20084:68534_1:102295187",4e-13
"25618","HISEQ13:138:C6FWNANXX:2:2213:12476:67372_1:117152207",4e-13
"25619","HISEQ13:138:C6FWNANXX:2:1311:11156:84942_1:65937114",4e-13
"25620","HISEQ13:138:C6FWNANXX:2:2214:5831:50888_1:118486627",4e-13
"25621","HISEQ13:138:C6FWNANXX:2:2215:20733:88317_1:120733130",4e-13
"25622","HISEQ13:138:C6FWNANXX:2:2109:20851:95742_1:87483002",4e-13
"25623","HISEQ13:138:C6FWNANXX:2:1205:18606:38427_1:31162987",4e-13
"25624","HISEQ13:138:C6FWNANXX:2:1206:6467:73767_1:33184076",4e-13
"25625","HISEQ13:138:C6FWNANXX:2:1303:15419:55136_1:53263079",4e-13
"25626","HISEQ13:138:C6FWNANXX:2:2109:17339:55091_1:86866046",4e-13
"25627","HISEQ13:138:C6FWNANXX:2:2207:2057:43799_1:107662778",4e-13
"25628","HISEQ13:138:C6FWNANXX:2:1106:11461:97928_1:8811536",4e-13
"25629","HISEQ13:138:C6FWNANXX:2:1203:4492:15061_1:27902475",4e-13
"25630","HISEQ13:138:C6FWNANXX:2:2111:12437:95527_1:90578769",4e-13
"25631","HISEQ13:138:C6FWNANXX:2:2204:9488:74864_1:103795116",4e-13
"25632","HISEQ13:138:C6FWNANXX:2:2215:10852:58256_1:120234549",4e-13
"25633","HISEQ13:138:C6FWNANXX:2:2308:3621:99666_1:134044246",4e-13
"25634","HISEQ13:138:C6FWNANXX:2:2103:4063:44601_1:77982142",4e-13
"25635","HISEQ13:138:C6FWNANXX:2:1306:3848:3720_1:56925259",4e-13
"25636","HISEQ13:138:C6FWNANXX:2:2108:19027:99240_1:86032950",4e-13
"25637","HISEQ13:138:C6FWNANXX:2:2213:4418:67562_1:117154496",4e-13
"25638","HISEQ13:138:C6FWNANXX:2:2305:11397:98371_1:129618163",4e-13
"25639","HISEQ13:138:C6FWNANXX:2:2312:3307:67902_1:139680398",4e-13
"25640","HISEQ13:138:C6FWNANXX:2:2312:15435:53745_1:139457482",4e-13
"25641","HISEQ13:138:C6FWNANXX:2:1312:18274:62664_1:67190116",4e-13
"25642","HISEQ13:138:C6FWNANXX:2:1214:13710:30888_1:45000558",4e-13
"25643","HISEQ13:138:C6FWNANXX:2:2109:13046:41464_1:86655809",4e-13
"25644","HISEQ13:138:C6FWNANXX:2:2211:6978:76014_1:114156493",4e-13
"25645","HISEQ13:138:C6FWNANXX:2:1115:11055:35092_1:21985932",4.1e-13
"25646","HISEQ13:138:C6FWNANXX:2:1301:15892:30916_1:49995057",4.1e-13
"25647","HISEQ13:138:C6FWNANXX:2:1103:5310:11311_1:3060261",4.1e-13
"25648","HISEQ13:138:C6FWNANXX:2:2113:16879:34336_1:92613657",4.1e-13
"25649","HISEQ13:138:C6FWNANXX:2:1306:7569:37251_1:57440814",4.1e-13
"25650","HISEQ13:138:C6FWNANXX:2:2203:7159:66937_1:102267777",4.1e-13
"25651","HISEQ13:138:C6FWNANXX:2:1308:10463:76730_1:61089416",4.1e-13
"25652","HISEQ13:138:C6FWNANXX:2:2312:6677:83742_1:139933328",4.1e-13
"25653","HISEQ13:138:C6FWNANXX:2:2103:17307:84065_1:78544730",4.1e-13
"25654","HISEQ13:138:C6FWNANXX:2:1112:18510:24720_1:16885793",4.1e-13
"25655","HISEQ13:138:C6FWNANXX:2:2308:10430:13665_1:132747402",4.1e-13
"25656","HISEQ13:138:C6FWNANXX:2:1211:20317:75515_1:40899602",4.1e-13
"25657","HISEQ13:138:C6FWNANXX:2:2212:19375:73099_1:115662900",4.1e-13
"25658","HISEQ13:138:C6FWNANXX:2:2213:12421:95725_1:117606582",4.1e-13
"25659","HISEQ13:138:C6FWNANXX:2:2216:16303:72414_1:122125278",4.1e-13
"25660","HISEQ13:138:C6FWNANXX:2:2316:10969:12243_1:145228542",4.1e-13
"25661","HISEQ13:138:C6FWNANXX:2:1104:14657:11744_1:4531507",4.1e-13
"25662","HISEQ13:138:C6FWNANXX:2:2304:18343:93881_1:128119931",4.1e-13
"25663","HISEQ13:138:C6FWNANXX:2:2316:8188:95815_1:146641653",4.1e-13
"25664","HISEQ13:138:C6FWNANXX:2:2113:16988:56630_1:92969520",4.1e-13
"25665","HISEQ13:138:C6FWNANXX:2:2113:17136:11709_1:92253220",4.1e-13
"25666","HISEQ13:138:C6FWNANXX:2:2213:3944:18348_1:116364481",4.1e-13
"25667","HISEQ13:138:C6FWNANXX:2:1102:6924:70431_1:2469931",4.1e-13
"25668","HISEQ13:138:C6FWNANXX:2:1107:17092:44545_1:9511503",4.1e-13
"25669","HISEQ13:138:C6FWNANXX:2:1312:2315:17435_1:66447245",4.1e-13
"25670","HISEQ13:138:C6FWNANXX:2:2104:10868:47543_1:79439509",4.1e-13
"25671","HISEQ13:138:C6FWNANXX:2:2205:15726:68675_1:105132036",4.1e-13
"25672","HISEQ13:138:C6FWNANXX:2:1205:4195:39312_1:31175214",4.1e-13
"25673","HISEQ13:138:C6FWNANXX:2:1208:17839:23882_1:35431284",4.1e-13
"25674","HISEQ13:138:C6FWNANXX:2:1302:17044:73646_1:52075704",4.1e-13
"25675","HISEQ13:138:C6FWNANXX:2:1308:4966:3086_1:59945646",4.1e-13
"25676","HISEQ13:138:C6FWNANXX:2:2305:11739:46271_1:128861835",4.1e-13
"25677","HISEQ13:138:C6FWNANXX:2:2315:12113:71470_1:144569967",4.1e-13
"25678","HISEQ13:138:C6FWNANXX:2:1216:12658:4678_1:47901460",4.1e-13
"25679","HISEQ13:138:C6FWNANXX:2:1111:16359:14101_1:15227888",4.1e-13
"25680","HISEQ13:138:C6FWNANXX:2:1210:2679:49677_1:38910140",4.1e-13
"25681","HISEQ13:138:C6FWNANXX:2:1312:1597:73854_1:67371034",4.1e-13
"25682","HISEQ13:138:C6FWNANXX:2:2307:7315:91616_1:132435332",4.1e-13
"25683","HISEQ13:138:C6FWNANXX:2:1314:15019:86406_1:70897071",4.1e-13
"25684","HISEQ13:138:C6FWNANXX:2:1112:10276:91746_1:17974850",4.1e-13
"25685","HISEQ13:138:C6FWNANXX:2:1316:16737:60333_1:73858208",4.1e-13
"25686","HISEQ13:138:C6FWNANXX:2:1211:19525:65665_1:40739032",4.1e-13
"25687","HISEQ13:138:C6FWNANXX:2:2301:10170:29416_1:122992861",4.1e-13
"25688","HISEQ13:138:C6FWNANXX:2:1212:19490:32269_1:41767230",4.1e-13
"25689","HISEQ13:138:C6FWNANXX:2:1314:14707:18922_1:69749357",4.1e-13
"25690","HISEQ13:138:C6FWNANXX:2:2106:18536:97068_1:83041770",4.1e-13
"25691","HISEQ13:138:C6FWNANXX:2:1216:20859:85459_1:49303811",4.1e-13
"25692","HISEQ13:138:C6FWNANXX:2:2302:14834:93314_1:125293426",4.1e-13
"25693","HISEQ13:138:C6FWNANXX:2:2103:17684:21444_1:77652991",4.1e-13
"25694","HISEQ13:138:C6FWNANXX:2:2203:19447:85019_1:102530004",4.1e-13
"25695","HISEQ13:138:C6FWNANXX:2:1106:16539:53553_1:8137333",4.1e-13
"25696","HISEQ13:138:C6FWNANXX:2:2115:11556:65664_1:96316207",4.1e-13
"25697","HISEQ13:138:C6FWNANXX:2:2202:18359:87240_1:101146358",4.1e-13
"25698","HISEQ13:138:C6FWNANXX:2:1301:6210:11567_1:49709896",4.2e-13
"25699","HISEQ13:138:C6FWNANXX:2:1316:14639:40464_1:73506518",4.2e-13
"25700","HISEQ13:138:C6FWNANXX:2:1103:19080:48889_1:3618514",4.2e-13
"25701","HISEQ13:138:C6FWNANXX:2:1215:8492:74650_1:47406793",4.2e-13
"25702","HISEQ13:138:C6FWNANXX:2:2111:19456:29888_1:89501236",4.2e-13
"25703","HISEQ13:138:C6FWNANXX:2:1105:16644:95713_1:7271782",4.2e-13
"25704","HISEQ13:138:C6FWNANXX:2:1312:14943:48673_1:66959068",4.2e-13
"25705","HISEQ13:138:C6FWNANXX:2:2104:13987:71608_1:79785986",4.2e-13
"25706","HISEQ13:138:C6FWNANXX:2:2211:9213:76860_1:114168762",4.2e-13
"25707","HISEQ13:138:C6FWNANXX:2:1210:9168:83595_1:39443121",4.2e-13
"25708","HISEQ13:138:C6FWNANXX:2:1306:16610:14386_1:57092094",4.2e-13
"25709","HISEQ13:138:C6FWNANXX:2:2105:3768:75538_1:81271467",4.2e-13
"25710","HISEQ13:138:C6FWNANXX:2:2113:17116:3335_1:92121438",4.2e-13
"25711","HISEQ13:138:C6FWNANXX:2:2304:18836:36253_1:127295032",4.2e-13
"25712","HISEQ13:138:C6FWNANXX:2:1115:18425:98998_1:23070872",4.2e-13
"25713","HISEQ13:138:C6FWNANXX:2:1212:21006:51512_1:42080171",4.2e-13
"25714","HISEQ13:138:C6FWNANXX:2:1309:7411:51677_1:62250508",4.2e-13
"25715","HISEQ13:138:C6FWNANXX:2:2102:2325:70786_1:76945353",4.2e-13
"25716","HISEQ13:138:C6FWNANXX:2:1311:5011:81555_1:65882540",4.2e-13
"25717","HISEQ13:138:C6FWNANXX:2:1314:5787:99958_1:71124836",4.2e-13
"25718","HISEQ13:138:C6FWNANXX:2:2214:1330:12856_1:117866047",4.2e-13
"25719","HISEQ13:138:C6FWNANXX:2:1211:8057:71615_1:40833272",4.2e-13
"25720","HISEQ13:138:C6FWNANXX:2:1301:5078:66179_1:50510831",4.2e-13
"25721","HISEQ13:138:C6FWNANXX:2:2212:19168:12598_1:114710043",4.2e-13
"25722","HISEQ13:138:C6FWNANXX:2:1112:13036:74151_1:17688453",4.2e-13
"25723","HISEQ13:138:C6FWNANXX:2:1115:20722:46498_1:22177598",4.2e-13
"25724","HISEQ13:138:C6FWNANXX:2:1102:7217:34390_1:1939276",4.2e-13
"25725","HISEQ13:138:C6FWNANXX:2:1304:18838:26264_1:54302927",4.2e-13
"25726","HISEQ13:138:C6FWNANXX:2:2304:19695:25157_1:127134405",4.2e-13
"25727","HISEQ13:138:C6FWNANXX:2:2104:15990:43553_1:79382939",4.2e-13
"25728","HISEQ13:138:C6FWNANXX:2:2112:3602:36322_1:91079888",4.2e-13
"25729","HISEQ13:138:C6FWNANXX:2:2216:18840:90067_1:122427342",4.2e-13
"25730","HISEQ13:138:C6FWNANXX:2:1112:16505:83420_1:17840853",4.2e-13
"25731","HISEQ13:138:C6FWNANXX:2:2213:19072:43827_1:116775394",4.2e-13
"25732","HISEQ13:138:C6FWNANXX:2:2314:5607:28229_1:142227361",4.2e-13
"25733","HISEQ13:138:C6FWNANXX:2:2302:7422:92683_1:125281274",4.2e-13
"25734","HISEQ13:138:C6FWNANXX:2:1201:5960:97970_1:26214519",4.2e-13
"25735","HISEQ13:138:C6FWNANXX:2:1314:13869:26353_1:69876868",4.2e-13
"25736","HISEQ13:138:C6FWNANXX:2:1314:6519:58815_1:70427118",4.2e-13
"25737","HISEQ13:138:C6FWNANXX:2:1203:20176:12074_1:27860959",4.2e-13
"25738","HISEQ13:138:C6FWNANXX:2:1208:20605:12479_1:35255408",4.2e-13
"25739","HISEQ13:138:C6FWNANXX:2:2106:18500:66692_1:82593716",4.2e-13
"25740","HISEQ13:138:C6FWNANXX:2:2201:18322:48072_1:99184254",4.2e-13
"25741","HISEQ13:138:C6FWNANXX:2:2204:3528:27338_1:103111960",4.2e-13
"25742","HISEQ13:138:C6FWNANXX:2:2205:15322:26324_1:104521755",4.2e-13
"25743","HISEQ13:138:C6FWNANXX:2:2101:13672:40345_1:75110020",4.2e-13
"25744","HISEQ13:138:C6FWNANXX:2:2314:9073:27243_1:142212147",4.2e-13
"25745","HISEQ13:138:C6FWNANXX:2:2107:10846:19533_1:83358245",4.2e-13
"25746","HISEQ13:138:C6FWNANXX:2:2205:1888:50668_1:104870832",4.2e-13
"25747","HISEQ13:138:C6FWNANXX:2:2210:19386:18762_1:111751260",4.2e-13
"25748","HISEQ13:138:C6FWNANXX:2:1113:6961:50942_1:18930473",4.2e-13
"25749","HISEQ13:138:C6FWNANXX:2:1102:15940:16969_1:1683759",4.3e-13
"25750","HISEQ13:138:C6FWNANXX:2:1116:2281:12393_1:23280728",4.3e-13
"25751","HISEQ13:138:C6FWNANXX:2:1213:12460:62401_1:43879432",4.3e-13
"25752","HISEQ13:138:C6FWNANXX:2:1308:1495:46337_1:60614680",4.3e-13
"25753","HISEQ13:138:C6FWNANXX:2:1312:3865:49388_1:66968802",4.3e-13
"25754","HISEQ13:138:C6FWNANXX:2:2316:3214:8617_1:145167243",4.3e-13
"25755","HISEQ13:138:C6FWNANXX:2:1311:6606:87058_1:65972742",4.3e-13
"25756","HISEQ13:138:C6FWNANXX:2:2112:16848:24226_1:90891783",4.3e-13
"25757","HISEQ13:138:C6FWNANXX:2:2102:10343:58463_1:76769355",4.3e-13
"25758","HISEQ13:138:C6FWNANXX:2:1205:12842:63238_1:31532868",4.3e-13
"25759","HISEQ13:138:C6FWNANXX:2:1305:21109:60015_1:56289239",4.3e-13
"25760","HISEQ13:138:C6FWNANXX:2:1309:2355:33377_1:61961366",4.3e-13
"25761","HISEQ13:138:C6FWNANXX:2:2106:7759:81014_1:82804405",4.3e-13
"25762","HISEQ13:138:C6FWNANXX:2:2213:9621:68735_1:117171821",4.3e-13
"25763","HISEQ13:138:C6FWNANXX:2:1304:1832:80964_1:55113903",4.3e-13
"25764","HISEQ13:138:C6FWNANXX:2:2205:5412:6467_1:104230245",4.3e-13
"25765","HISEQ13:138:C6FWNANXX:2:1109:19124:75110_1:13068521",4.3e-13
"25766","HISEQ13:138:C6FWNANXX:2:1214:19093:10816_1:44666639",4.3e-13
"25767","HISEQ13:138:C6FWNANXX:2:1305:14498:70389_1:56442224",4.3e-13
"25768","HISEQ13:138:C6FWNANXX:2:2205:20725:51134_1:104881383",4.3e-13
"25769","HISEQ13:138:C6FWNANXX:2:2111:19799:97431_1:90612834",4.3e-13
"25770","HISEQ13:138:C6FWNANXX:2:2205:17433:37846_1:104687802",4.3e-13
"25771","HISEQ13:138:C6FWNANXX:2:2212:19363:12248_1:114702940",4.3e-13
"25772","HISEQ13:138:C6FWNANXX:2:2312:2347:84305_1:139944375",4.3e-13
"25773","HISEQ13:138:C6FWNANXX:2:2313:15118:43477_1:140875266",4.3e-13
"25774","HISEQ13:138:C6FWNANXX:2:1107:18617:59365_1:9738465",4.3e-13
"25775","HISEQ13:138:C6FWNANXX:2:1211:18411:78710_1:40947033",4.3e-13
"25776","HISEQ13:138:C6FWNANXX:2:1103:5773:32032_1:3368995",4.3e-13
"25777","HISEQ13:138:C6FWNANXX:2:2301:8978:10210_1:122720158",4.3e-13
"25778","HISEQ13:138:C6FWNANXX:2:1115:8852:3505_1:21452096",4.3e-13
"25779","HISEQ13:138:C6FWNANXX:2:1101:10044:22514_1:305994",4.3e-13
"25780","HISEQ13:138:C6FWNANXX:2:2311:11248:47459_1:137796357",4.3e-13
"25781","HISEQ13:138:C6FWNANXX:2:2307:16320:95886_1:132499558",4.3e-13
"25782","HISEQ13:138:C6FWNANXX:2:1315:13999:56137_1:72066154",4.3e-13
"25783","HISEQ13:138:C6FWNANXX:2:1305:13594:82411_1:56623662",4.3e-13
"25784","HISEQ13:138:C6FWNANXX:2:2101:6396:17329_1:74780005",4.3e-13
"25785","HISEQ13:138:C6FWNANXX:2:2107:15017:67796_1:84075734",4.3e-13
"25786","HISEQ13:138:C6FWNANXX:2:2113:7616:16948_1:92334311",4.3e-13
"25787","HISEQ13:138:C6FWNANXX:2:2204:13337:48031_1:103411459",4.3e-13
"25788","HISEQ13:138:C6FWNANXX:2:2311:19694:15793_1:137305392",4.3e-13
"25789","HISEQ13:138:C6FWNANXX:2:1210:21433:10508_1:38300530",4.3e-13
"25790","HISEQ13:138:C6FWNANXX:2:2114:9097:31166_1:94147950",4.3e-13
"25791","HISEQ13:138:C6FWNANXX:2:2304:7310:76872_1:127873642",4.3e-13
"25792","HISEQ13:138:C6FWNANXX:2:2210:1323:13003_1:111659816",4.3e-13
"25793","HISEQ13:138:C6FWNANXX:2:1306:1539:63329_1:57836810",4.3e-13
"25794","HISEQ13:138:C6FWNANXX:2:1215:3709:62634_1:47203478",4.3e-13
"25795","HISEQ13:138:C6FWNANXX:2:1110:10825:79556_1:14698958",4.3e-13
"25796","HISEQ13:138:C6FWNANXX:2:1116:13436:10597_1:23253040",4.3e-13
"25797","HISEQ13:138:C6FWNANXX:2:2102:2447:86524_1:77171948",4.3e-13
"25798","HISEQ13:138:C6FWNANXX:2:2102:3592:16417_1:76172065",4.3e-13
"25799","HISEQ13:138:C6FWNANXX:2:2306:13843:20774_1:129930176",4.3e-13
"25800","HISEQ13:138:C6FWNANXX:2:1215:4650:26051_1:46584763",4.4e-13
"25801","HISEQ13:138:C6FWNANXX:2:2314:20068:94730_1:143325734",4.4e-13
"25802","HISEQ13:138:C6FWNANXX:2:1315:4093:57209_1:72081462",4.4e-13
"25803","HISEQ13:138:C6FWNANXX:2:1107:5765:85518_1:10138662",4.4e-13
"25804","HISEQ13:138:C6FWNANXX:2:1111:4678:73824_1:16201974",4.4e-13
"25805","HISEQ13:138:C6FWNANXX:2:2210:2012:18686_1:111744192",4.4e-13
"25806","HISEQ13:138:C6FWNANXX:2:2216:13618:15242_1:121158051",4.4e-13
"25807","HISEQ13:138:C6FWNANXX:2:2301:3288:68592_1:123544485",4.4e-13
"25808","HISEQ13:138:C6FWNANXX:2:2313:15628:37460_1:140777684",4.4e-13
"25809","HISEQ13:138:C6FWNANXX:2:2107:20112:88787_1:84390088",4.4e-13
"25810","HISEQ13:138:C6FWNANXX:2:1207:2817:14026_1:33775256",4.4e-13
"25811","HISEQ13:138:C6FWNANXX:2:1210:7947:12239_1:38321423",4.4e-13
"25812","HISEQ13:138:C6FWNANXX:2:1214:6189:36078_1:45087520",4.4e-13
"25813","HISEQ13:138:C6FWNANXX:2:2108:18610:6757_1:84642289",4.4e-13
"25814","HISEQ13:138:C6FWNANXX:2:1213:9240:76699_1:44114900",4.4e-13
"25815","HISEQ13:138:C6FWNANXX:2:2213:13033:59210_1:117020034",4.4e-13
"25816","HISEQ13:138:C6FWNANXX:2:2108:20236:26164_1:84930247",4.4e-13
"25817","HISEQ13:138:C6FWNANXX:2:2304:3127:29536_1:127195566",4.4e-13
"25818","HISEQ13:138:C6FWNANXX:2:1208:2334:91158_1:36467602",4.4e-13
"25819","HISEQ13:138:C6FWNANXX:2:1306:6428:8384_1:56998065",4.4e-13
"25820","HISEQ13:138:C6FWNANXX:2:2110:13851:53182_1:88342701",4.4e-13
"25821","HISEQ13:138:C6FWNANXX:2:2302:2141:84379_1:125163594",4.4e-13
"25822","HISEQ13:138:C6FWNANXX:2:1106:16891:56547_1:8183062",4.4e-13
"25823","HISEQ13:138:C6FWNANXX:2:1109:5345:61068_1:12844263",4.4e-13
"25824","HISEQ13:138:C6FWNANXX:2:2107:11293:23915_1:83421404",4.4e-13
"25825","HISEQ13:138:C6FWNANXX:2:2211:16672:84363_1:114288227",4.4e-13
"25826","HISEQ13:138:C6FWNANXX:2:1306:9472:46670_1:57582128",4.4e-13
"25827","HISEQ13:138:C6FWNANXX:2:1107:12390:92044_1:10239652",4.4e-13
"25828","HISEQ13:138:C6FWNANXX:2:1208:17160:60116_1:35989965",4.4e-13
"25829","HISEQ13:138:C6FWNANXX:2:2202:6857:3226_1:99948471",4.4e-13
"25830","HISEQ13:138:C6FWNANXX:2:1301:4698:28439_1:49956270",4.4e-13
"25831","HISEQ13:138:C6FWNANXX:2:2104:4435:60588_1:79625090",4.4e-13
"25832","HISEQ13:138:C6FWNANXX:2:1110:7197:61283_1:14411523",4.4e-13
"25833","HISEQ13:138:C6FWNANXX:2:2201:8658:49145_1:99196566",4.4e-13
"25834","HISEQ13:138:C6FWNANXX:2:1207:9431:92967_1:34973047",4.4e-13
"25835","HISEQ13:138:C6FWNANXX:2:2302:3025:90872_1:125255984",4.4e-13
"25836","HISEQ13:138:C6FWNANXX:2:2309:5513:69857_1:135097035",4.4e-13
"25837","HISEQ13:138:C6FWNANXX:2:2115:3419:30675_1:95745657",4.4e-13
"25838","HISEQ13:138:C6FWNANXX:2:2303:11899:28509_1:125776431",4.4e-13
"25839","HISEQ13:138:C6FWNANXX:2:2214:10911:80921_1:118980046",4.4e-13
"25840","HISEQ13:138:C6FWNANXX:2:2314:19711:14267_1:142006764",4.4e-13
"25841","HISEQ13:138:C6FWNANXX:2:1308:8820:9380_1:60043740",4.4e-13
"25842","HISEQ13:138:C6FWNANXX:2:2314:6140:48498_1:142561285",4.4e-13
"25843","HISEQ13:138:C6FWNANXX:2:1212:11135:39268_1:41878759",4.4e-13
"25844","HISEQ13:138:C6FWNANXX:2:1107:2629:45330_1:9520237",4.4e-13
"25845","HISEQ13:138:C6FWNANXX:2:1304:18121:80688_1:55113215",4.4e-13
"25846","HISEQ13:138:C6FWNANXX:2:2107:4306:63642_1:84010017",4.4e-13
"25847","HISEQ13:138:C6FWNANXX:2:2206:18132:63993_1:106507465",4.4e-13
"25848","HISEQ13:138:C6FWNANXX:2:1203:8473:38731_1:28249226",4.4e-13
"25849","HISEQ13:138:C6FWNANXX:2:1212:13590:81514_1:42569426",4.4e-13
"25850","HISEQ13:138:C6FWNANXX:2:2216:8746:83791_1:122318870",4.4e-13
"25851","HISEQ13:138:C6FWNANXX:2:1312:10264:48587_1:66958130",4.5e-13
"25852","HISEQ13:138:C6FWNANXX:2:2301:7513:45358_1:123217732",4.5e-13
"25853","HISEQ13:138:C6FWNANXX:2:1209:4027:93957_1:38052219",4.5e-13
"25854","HISEQ13:138:C6FWNANXX:2:1314:7250:17170_1:69717885",4.5e-13
"25855","HISEQ13:138:C6FWNANXX:2:1211:12273:57840_1:40612158",4.5e-13
"25856","HISEQ13:138:C6FWNANXX:2:2113:11574:25539_1:92472829",4.5e-13
"25857","HISEQ13:138:C6FWNANXX:2:2116:3965:73883_1:98078022",4.5e-13
"25858","HISEQ13:138:C6FWNANXX:2:1106:21320:31887_1:7807080",4.5e-13
"25859","HISEQ13:138:C6FWNANXX:2:1313:18908:2899_1:67833895",4.5e-13
"25860","HISEQ13:138:C6FWNANXX:2:1315:20926:53493_1:72020310",4.5e-13
"25861","HISEQ13:138:C6FWNANXX:2:1111:20754:67242_1:16088382",4.5e-13
"25862","HISEQ13:138:C6FWNANXX:2:1208:12604:52081_1:35865155",4.5e-13
"25863","HISEQ13:138:C6FWNANXX:2:1309:18503:16699_1:61701164",4.5e-13
"25864","HISEQ13:138:C6FWNANXX:2:1214:15750:30314_1:44992595",4.5e-13
"25865","HISEQ13:138:C6FWNANXX:2:1102:17585:74583_1:2534746",4.5e-13
"25866","HISEQ13:138:C6FWNANXX:2:1310:20993:21655_1:63341812",4.5e-13
"25867","HISEQ13:138:C6FWNANXX:2:1314:4519:78092_1:70754147",4.5e-13
"25868","HISEQ13:138:C6FWNANXX:2:1202:15127:45922_1:26904061",4.5e-13
"25869","HISEQ13:138:C6FWNANXX:2:2208:20674:63316_1:109428923",4.5e-13
"25870","HISEQ13:138:C6FWNANXX:2:2315:14126:43458_1:144110664",4.5e-13
"25871","HISEQ13:138:C6FWNANXX:2:1309:14080:53752_1:62287302",4.5e-13
"25872","HISEQ13:138:C6FWNANXX:2:2314:8649:27543_1:142220017",4.5e-13
"25873","HISEQ13:138:C6FWNANXX:2:1102:16278:55310_1:2250012",4.5e-13
"25874","HISEQ13:138:C6FWNANXX:2:1211:13935:23952_1:40065152",4.5e-13
"25875","HISEQ13:138:C6FWNANXX:2:1215:3631:74797_1:47410102",4.5e-13
"25876","HISEQ13:138:C6FWNANXX:2:1310:5518:96025_1:64519333",4.5e-13
"25877","HISEQ13:138:C6FWNANXX:2:2313:10771:92066_1:141663013",4.5e-13
"25878","HISEQ13:138:C6FWNANXX:2:1110:7236:20745_1:13767621",4.5e-13
"25879","HISEQ13:138:C6FWNANXX:2:1115:21298:24827_1:21814758",4.5e-13
"25880","HISEQ13:138:C6FWNANXX:2:2302:4015:95437_1:125320041",4.5e-13
"25881","HISEQ13:138:C6FWNANXX:2:1312:13048:73823_1:67373277",4.5e-13
"25882","HISEQ13:138:C6FWNANXX:2:2110:15851:7993_1:87650798",4.5e-13
"25883","HISEQ13:138:C6FWNANXX:2:2112:3858:82600_1:91808792",4.5e-13
"25884","HISEQ13:138:C6FWNANXX:2:1215:2912:67808_1:47292430",4.5e-13
"25885","HISEQ13:138:C6FWNANXX:2:2104:14418:29976_1:79185072",4.5e-13
"25886","HISEQ13:138:C6FWNANXX:2:2203:4125:81376_1:102473818",4.5e-13
"25887","HISEQ13:138:C6FWNANXX:2:2206:7304:75116_1:106671873",4.5e-13
"25888","HISEQ13:138:C6FWNANXX:2:2216:8149:60366_1:121919530",4.5e-13
"25889","HISEQ13:138:C6FWNANXX:2:2312:7442:53146_1:139447809",4.5e-13
"25890","HISEQ13:138:C6FWNANXX:2:1105:21013:69740_1:6879362",4.5e-13
"25891","HISEQ13:138:C6FWNANXX:2:1115:5097:84396_1:22819201",4.5e-13
"25892","HISEQ13:138:C6FWNANXX:2:1215:8383:25587_1:46576933",4.5e-13
"25893","HISEQ13:138:C6FWNANXX:2:2108:18888:30886_1:85001405",4.5e-13
"25894","HISEQ13:138:C6FWNANXX:2:2208:20254:100037_1:109984245",4.5e-13
"25895","HISEQ13:138:C6FWNANXX:2:2305:14689:34044_1:128683794",4.5e-13
"25896","HISEQ13:138:C6FWNANXX:2:1214:2162:72248_1:45691869",4.5e-13
"25897","HISEQ13:138:C6FWNANXX:2:2115:9023:98226_1:96848639",4.5e-13
"25898","HISEQ13:138:C6FWNANXX:2:2208:13383:19474_1:108768452",4.6e-13
"25899","HISEQ13:138:C6FWNANXX:2:1314:4144:85536_1:70881936",4.6e-13
"25900","HISEQ13:138:C6FWNANXX:2:2309:18925:58346_1:134921238",4.6e-13
"25901","HISEQ13:138:C6FWNANXX:2:2212:17585:2855_1:114564289",4.6e-13
"25902","HISEQ13:138:C6FWNANXX:2:2314:11123:66592_1:142863905",4.6e-13
"25903","HISEQ13:138:C6FWNANXX:2:1108:18411:65021_1:11354578",4.6e-13
"25904","HISEQ13:138:C6FWNANXX:2:2114:13793:95480_1:95192496",4.6e-13
"25905","HISEQ13:138:C6FWNANXX:2:2310:15042:32583_1:136043073",4.6e-13
"25906","HISEQ13:138:C6FWNANXX:2:1113:19388:62780_1:19131701",4.6e-13
"25907","HISEQ13:138:C6FWNANXX:2:2305:11161:94453_1:129559649",4.6e-13
"25908","HISEQ13:138:C6FWNANXX:2:2216:8655:61634_1:121940834",4.6e-13
"25909","HISEQ13:138:C6FWNANXX:2:2116:17648:30657_1:97370231",4.6e-13
"25910","HISEQ13:138:C6FWNANXX:2:2305:10293:23637_1:128531454",4.6e-13
"25911","HISEQ13:138:C6FWNANXX:2:1206:11968:52438_1:32859387",4.6e-13
"25912","HISEQ13:138:C6FWNANXX:2:1214:18204:83705_1:45889048",4.6e-13
"25913","HISEQ13:138:C6FWNANXX:2:1301:20505:56154_1:50366412",4.6e-13
"25914","HISEQ13:138:C6FWNANXX:2:2102:2447:86524_1:77171947",4.6e-13
"25915","HISEQ13:138:C6FWNANXX:2:2102:3592:16417_1:76172066",4.6e-13
"25916","HISEQ13:138:C6FWNANXX:2:2213:3154:63710_1:117090046",4.6e-13
"25917","HISEQ13:138:C6FWNANXX:2:1314:7615:34583_1:70015349",4.6e-13
"25918","HISEQ13:138:C6FWNANXX:2:2110:4754:75037_1:88675211",4.6e-13
"25919","HISEQ13:138:C6FWNANXX:2:2114:12807:27332_1:94088364",4.6e-13
"25920","HISEQ13:138:C6FWNANXX:2:1109:5937:61542_1:12852349",4.6e-13
"25921","HISEQ13:138:C6FWNANXX:2:1112:10531:78042_1:17753619",4.6e-13
"25922","HISEQ13:138:C6FWNANXX:2:1115:17812:82418_1:22787942",4.6e-13
"25923","HISEQ13:138:C6FWNANXX:2:2102:5138:8845_1:76066110",4.6e-13
"25924","HISEQ13:138:C6FWNANXX:2:2316:17918:85090_1:146462839",4.6e-13
"25925","HISEQ13:138:C6FWNANXX:2:1212:19351:90452_1:42714996",4.6e-13
"25926","HISEQ13:138:C6FWNANXX:2:1303:9003:45939_1:53126037",4.6e-13
"25927","HISEQ13:138:C6FWNANXX:2:2211:6747:95004_1:114455188",4.6e-13
"25928","HISEQ13:138:C6FWNANXX:2:2110:12477:44452_1:88208314",4.6e-13
"25929","HISEQ13:138:C6FWNANXX:2:1111:17292:79714_1:16308230",4.6e-13
"25930","HISEQ13:138:C6FWNANXX:2:1216:15003:66196_1:48966237",4.6e-13
"25931","HISEQ13:138:C6FWNANXX:2:2206:8441:31653_1:106031358",4.6e-13
"25932","HISEQ13:138:C6FWNANXX:2:2301:17483:77968_1:123677189",4.6e-13
"25933","HISEQ13:138:C6FWNANXX:2:2304:2812:83698_1:127969604",4.6e-13
"25934","HISEQ13:138:C6FWNANXX:2:1106:6104:16825_1:7576095",4.6e-13
"25935","HISEQ13:138:C6FWNANXX:2:2207:13442:40588_1:107616713",4.6e-13
"25936","HISEQ13:138:C6FWNANXX:2:2112:4832:14238_1:90771970",4.6e-13
"25937","HISEQ13:138:C6FWNANXX:2:2316:9682:15239_1:145278899",4.6e-13
"25938","HISEQ13:138:C6FWNANXX:2:2302:10728:92431_1:125278340",4.6e-13
"25939","HISEQ13:138:C6FWNANXX:2:1213:12933:3137_1:42903260",4.7e-13
"25940","HISEQ13:138:C6FWNANXX:2:1303:18986:62697_1:53374825",4.7e-13
"25941","HISEQ13:138:C6FWNANXX:2:2307:12144:89388_1:132403112",4.7e-13
"25942","HISEQ13:138:C6FWNANXX:2:2307:12448:87199_1:132369840",4.7e-13
"25943","HISEQ13:138:C6FWNANXX:2:1114:9059:37637_1:20360155",4.7e-13
"25944","HISEQ13:138:C6FWNANXX:2:1205:17053:46980_1:31290407",4.7e-13
"25945","HISEQ13:138:C6FWNANXX:2:2312:12754:10285_1:138772963",4.7e-13
"25946","HISEQ13:138:C6FWNANXX:2:1310:15700:57949_1:63918553",4.7e-13
"25947","HISEQ13:138:C6FWNANXX:2:2303:8914:14955_1:125580858",4.7e-13
"25948","HISEQ13:138:C6FWNANXX:2:2316:3475:11158_1:145210158",4.7e-13
"25949","HISEQ13:138:C6FWNANXX:2:1203:5766:98392_1:29129142",4.7e-13
"25950","HISEQ13:138:C6FWNANXX:2:1207:12705:58500_1:34450299",4.7e-13
"25951","HISEQ13:138:C6FWNANXX:2:1207:7460:37922_1:34134197",4.7e-13
"25952","HISEQ13:138:C6FWNANXX:2:1216:11506:14135_1:48065791",4.7e-13
"25953","HISEQ13:138:C6FWNANXX:2:1309:9832:21227_1:61770424",4.7e-13
"25954","HISEQ13:138:C6FWNANXX:2:1113:9502:3679_1:18153581",4.7e-13
"25955","HISEQ13:138:C6FWNANXX:2:1202:18146:6938_1:26332570",4.7e-13
"25956","HISEQ13:138:C6FWNANXX:2:1112:19576:29430_1:16963057",4.7e-13
"25957","HISEQ13:138:C6FWNANXX:2:2110:3922:63793_1:88504565",4.7e-13
"25958","HISEQ13:138:C6FWNANXX:2:1215:18289:94439_1:47746102",4.7e-13
"25959","HISEQ13:138:C6FWNANXX:2:1202:7352:90167_1:27551831",4.7e-13
"25960","HISEQ13:138:C6FWNANXX:2:2311:17924:94920_1:138547703",4.7e-13
"25961","HISEQ13:138:C6FWNANXX:2:1301:9679:48449_1:50250554",4.7e-13
"25962","HISEQ13:138:C6FWNANXX:2:1216:13416:72454_1:49074873",4.7e-13
"25963","HISEQ13:138:C6FWNANXX:2:1303:8601:66124_1:53424698",4.7e-13
"25964","HISEQ13:138:C6FWNANXX:2:1315:15781:18417_1:71420868",4.7e-13
"25965","HISEQ13:138:C6FWNANXX:2:2105:6024:92662_1:81520014",4.7e-13
"25966","HISEQ13:138:C6FWNANXX:2:2216:19211:74319_1:122160041",4.7e-13
"25967","HISEQ13:138:C6FWNANXX:2:2114:3586:22305_1:94005304",4.7e-13
"25968","HISEQ13:138:C6FWNANXX:2:2315:13966:64306_1:144456180",4.7e-13
"25969","HISEQ13:138:C6FWNANXX:2:2109:3530:81868_1:87270842",4.7e-13
"25970","HISEQ13:138:C6FWNANXX:2:1212:3856:67292_1:42333831",4.7e-13
"25971","HISEQ13:138:C6FWNANXX:2:2112:2789:6982_1:90725158",4.7e-13
"25972","HISEQ13:138:C6FWNANXX:2:2316:4070:84883_1:146455641",4.7e-13
"25973","HISEQ13:138:C6FWNANXX:2:1113:16815:94022_1:19651404",4.7e-13
"25974","HISEQ13:138:C6FWNANXX:2:2116:21285:31129_1:97379354",4.7e-13
"25975","HISEQ13:138:C6FWNANXX:2:1111:6400:87135_1:16441089",4.7e-13
"25976","HISEQ13:138:C6FWNANXX:2:2309:11422:44421_1:134706344",4.7e-13
"25977","HISEQ13:138:C6FWNANXX:2:1102:16795:36981_1:1977595",4.7e-13
"25978","HISEQ13:138:C6FWNANXX:2:1307:13646:92797_1:59807770",4.7e-13
"25979","HISEQ13:138:C6FWNANXX:2:2105:4279:58938_1:81030166",4.7e-13
"25980","HISEQ13:138:C6FWNANXX:2:1213:19888:40440_1:43517051",4.7e-13
"25981","HISEQ13:138:C6FWNANXX:2:2201:20203:99868_1:99920740",4.7e-13
"25982","HISEQ13:138:C6FWNANXX:2:2201:5527:36365_1:99015370",4.7e-13
"25983","HISEQ13:138:C6FWNANXX:2:2305:10372:29087_1:128610019",4.7e-13
"25984","HISEQ13:138:C6FWNANXX:2:1204:6663:37705_1:29678298",4.7e-13
"25985","HISEQ13:138:C6FWNANXX:2:2204:9208:88944_1:103996322",4.7e-13
"25986","HISEQ13:138:C6FWNANXX:2:2208:12297:28899_1:108910074",4.7e-13
"25987","HISEQ13:138:C6FWNANXX:2:1209:7978:32704_1:37095464",4.7e-13
"25988","HISEQ13:138:C6FWNANXX:2:1107:18254:8479_1:8956717",4.7e-13
"25989","HISEQ13:138:C6FWNANXX:2:1303:2833:16482_1:52687198",4.7e-13
"25990","HISEQ13:138:C6FWNANXX:2:1307:10022:75130_1:59534766",4.7e-13
"25991","HISEQ13:138:C6FWNANXX:2:2210:17186:13193_1:111662876",4.7e-13
"25992","HISEQ13:138:C6FWNANXX:2:1108:2073:59890_1:11270028",4.7e-13
"25993","HISEQ13:138:C6FWNANXX:2:2101:3373:70611_1:75538471",4.7e-13
"25994","HISEQ13:138:C6FWNANXX:2:2310:20477:82628_1:136810534",4.7e-13
"25995","HISEQ13:138:C6FWNANXX:2:2115:4683:24004_1:95640212",4.7e-13
"25996","HISEQ13:138:C6FWNANXX:2:1215:12667:98804_1:47821777",4.7e-13
"25997","HISEQ13:138:C6FWNANXX:2:2206:13142:84350_1:106807597",4.7e-13
"25998","HISEQ13:138:C6FWNANXX:2:2302:2370:76202_1:125046322",4.7e-13
"25999","HISEQ13:138:C6FWNANXX:2:2203:17525:61311_1:102190365",4.7e-13
"26000","HISEQ13:138:C6FWNANXX:2:1201:7781:96331_1:26193013",4.8e-13
"26001","HISEQ13:138:C6FWNANXX:2:1214:9995:90297_1:46000210",4.8e-13
"26002","HISEQ13:138:C6FWNANXX:2:1105:11747:92045_1:7217219",4.8e-13
"26003","HISEQ13:138:C6FWNANXX:2:1115:3081:4631_1:21467739",4.8e-13
"26004","HISEQ13:138:C6FWNANXX:2:1208:4961:66607_1:36088290",4.8e-13
"26005","HISEQ13:138:C6FWNANXX:2:1307:15684:25375_1:58769896",4.8e-13
"26006","HISEQ13:138:C6FWNANXX:2:2106:5090:65336_1:82572476",4.8e-13
"26007","HISEQ13:138:C6FWNANXX:2:2212:1241:80151_1:115771572",4.8e-13
"26008","HISEQ13:138:C6FWNANXX:2:2310:16105:78958_1:136752790",4.8e-13
"26009","HISEQ13:138:C6FWNANXX:2:1210:17769:14279_1:38359188",4.8e-13
"26010","HISEQ13:138:C6FWNANXX:2:2115:20799:17149_1:95530257",4.8e-13
"26011","HISEQ13:138:C6FWNANXX:2:1109:10453:48201_1:12638404",4.8e-13
"26012","HISEQ13:138:C6FWNANXX:2:1302:19134:97930_1:52434954",4.8e-13
"26013","HISEQ13:138:C6FWNANXX:2:2101:14936:41621_1:75128297",4.8e-13
"26014","HISEQ13:138:C6FWNANXX:2:1105:7820:84951_1:7107169",4.8e-13
"26015","HISEQ13:138:C6FWNANXX:2:2209:9809:90705_1:111337246",4.8e-13
"26016","HISEQ13:138:C6FWNANXX:2:1309:16986:96058_1:62957342",4.8e-13
"26017","HISEQ13:138:C6FWNANXX:2:2101:9221:7303_1:74637611",4.8e-13
"26018","HISEQ13:138:C6FWNANXX:2:2107:8772:52578_1:83847467",4.8e-13
"26019","HISEQ13:138:C6FWNANXX:2:1212:18801:56656_1:42161362",4.8e-13
"26020","HISEQ13:138:C6FWNANXX:2:1205:12842:63238_1:31532869",4.8e-13
"26021","HISEQ13:138:C6FWNANXX:2:1316:2221:36398_1:73434398",4.8e-13
"26022","HISEQ13:138:C6FWNANXX:2:2313:21217:4522_1:140252226",4.8e-13
"26023","HISEQ13:138:C6FWNANXX:2:1102:11134:68829_1:2448213",4.8e-13
"26024","HISEQ13:138:C6FWNANXX:2:1210:17724:57417_1:39034897",4.8e-13
"26025","HISEQ13:138:C6FWNANXX:2:2105:12451:10701_1:80331536",4.8e-13
"26026","HISEQ13:138:C6FWNANXX:2:2206:14381:27950_1:105978359",4.8e-13
"26027","HISEQ13:138:C6FWNANXX:2:2216:1867:89196_1:122406497",4.8e-13
"26028","HISEQ13:138:C6FWNANXX:2:1102:16935:55664_1:2253712",4.8e-13
"26029","HISEQ13:138:C6FWNANXX:2:2101:14705:88735_1:75795691",4.9e-13
"26030","HISEQ13:138:C6FWNANXX:2:1316:10548:4520_1:72884472",4.9e-13
"26031","HISEQ13:138:C6FWNANXX:2:2111:7547:46348_1:89756302",4.9e-13
"26032","HISEQ13:138:C6FWNANXX:2:2112:10903:23317_1:90878406",4.9e-13
"26033","HISEQ13:138:C6FWNANXX:2:2311:1375:62925_1:138037548",4.9e-13
"26034","HISEQ13:138:C6FWNANXX:2:1115:9297:42224_1:22104065",4.9e-13
"26035","HISEQ13:138:C6FWNANXX:2:2115:5667:63980_1:96286413",4.9e-13
"26036","HISEQ13:138:C6FWNANXX:2:1315:18536:33806_1:71684864",4.9e-13
"26037","HISEQ13:138:C6FWNANXX:2:2116:16287:97873_1:98476930",4.9e-13
"26038","HISEQ13:138:C6FWNANXX:2:2107:15017:67796_1:84075733",4.9e-13
"26039","HISEQ13:138:C6FWNANXX:2:2113:7616:16948_1:92334312",4.9e-13
"26040","HISEQ13:138:C6FWNANXX:2:2211:2231:44651_1:113663625",4.9e-13
"26041","HISEQ13:138:C6FWNANXX:2:2309:9772:41143_1:134657243",4.9e-13
"26042","HISEQ13:138:C6FWNANXX:2:1214:11477:48861_1:45302899",4.9e-13
"26043","HISEQ13:138:C6FWNANXX:2:1204:9697:2000_1:29166761",4.9e-13
"26044","HISEQ13:138:C6FWNANXX:2:1214:20422:56085_1:45426525",4.9e-13
"26045","HISEQ13:138:C6FWNANXX:2:1215:8193:98386_1:47812390",4.9e-13
"26046","HISEQ13:138:C6FWNANXX:2:2203:16829:18695_1:101580561",4.9e-13
"26047","HISEQ13:138:C6FWNANXX:2:2215:11071:34942_1:119847596",4.9e-13
"26048","HISEQ13:138:C6FWNANXX:2:2312:17599:20440_1:138932352",4.9e-13
"26049","HISEQ13:138:C6FWNANXX:2:2315:7551:58897_1:144364462",4.9e-13
"26050","HISEQ13:138:C6FWNANXX:2:1314:8157:62084_1:70482576",4.9e-13
"26051","HISEQ13:138:C6FWNANXX:2:1101:16755:81039_1:1172076",4.9e-13
"26052","HISEQ13:138:C6FWNANXX:2:1216:19177:92707_1:49426454",4.9e-13
"26053","HISEQ13:138:C6FWNANXX:2:1216:14859:50525_1:48697099",4.9e-13
"26054","HISEQ13:138:C6FWNANXX:2:1108:17796:21718_1:10678629",4.9e-13
"26055","HISEQ13:138:C6FWNANXX:2:1102:1729:47014_1:2125409",4.9e-13
"26056","HISEQ13:138:C6FWNANXX:2:1101:15649:95221_1:1379099",4.9e-13
"26057","HISEQ13:138:C6FWNANXX:2:1101:15874:97827_1:1419495",4.9e-13
"26058","HISEQ13:138:C6FWNANXX:2:1207:19672:15858_1:33804869",4.9e-13
"26059","HISEQ13:138:C6FWNANXX:2:2109:17476:62270_1:86976760",4.9e-13
"26060","HISEQ13:138:C6FWNANXX:2:2315:1268:69296_1:144535403",4.9e-13
"26061","HISEQ13:138:C6FWNANXX:2:2215:18936:67382_1:120385135",4.9e-13
"26062","HISEQ13:138:C6FWNANXX:2:2310:11321:95673_1:137007802",4.9e-13
"26063","HISEQ13:138:C6FWNANXX:2:2115:14871:15036_1:95496200",4.9e-13
"26064","HISEQ13:138:C6FWNANXX:2:1114:17701:46150_1:20504719",5e-13
"26065","HISEQ13:138:C6FWNANXX:2:1204:18951:20538_1:29427785",5e-13
"26066","HISEQ13:138:C6FWNANXX:2:2303:19641:33935_1:125852164",5e-13
"26067","HISEQ13:138:C6FWNANXX:2:1106:21320:31887_1:7807079",5e-13
"26068","HISEQ13:138:C6FWNANXX:2:1107:7257:89055_1:10192684",5e-13
"26069","HISEQ13:138:C6FWNANXX:2:1304:3516:9214_1:54043797",5e-13
"26070","HISEQ13:138:C6FWNANXX:2:2108:12931:17832_1:84805942",5e-13
"26071","HISEQ13:138:C6FWNANXX:2:2303:4335:65865_1:126303847",5e-13
"26072","HISEQ13:138:C6FWNANXX:2:2305:6144:80119_1:129351274",5e-13
"26073","HISEQ13:138:C6FWNANXX:2:2306:2559:67541_1:130616658",5e-13
"26074","HISEQ13:138:C6FWNANXX:2:2107:5551:80941_1:84267248",5e-13
"26075","HISEQ13:138:C6FWNANXX:2:2214:16327:57741_1:118599389",5e-13
"26076","HISEQ13:138:C6FWNANXX:2:2109:7744:81537_1:87267702",5e-13
"26077","HISEQ13:138:C6FWNANXX:2:2205:4396:95963_1:105525529",5e-13
"26078","HISEQ13:138:C6FWNANXX:2:2213:5947:60855_1:117046360",5e-13
"26079","HISEQ13:138:C6FWNANXX:2:2316:6062:41718_1:145726209",5e-13
"26080","HISEQ13:138:C6FWNANXX:2:1311:5592:90045_1:66021773",5e-13
"26081","HISEQ13:138:C6FWNANXX:2:2114:14700:41371_1:94314657",5e-13
"26082","HISEQ13:138:C6FWNANXX:2:2204:6779:79923_1:103865831",5e-13
"26083","HISEQ13:138:C6FWNANXX:2:1310:9793:92459_1:64461291",5e-13
"26084","HISEQ13:138:C6FWNANXX:2:2101:5427:2589_1:74568900",5e-13
"26085","HISEQ13:138:C6FWNANXX:2:2312:2457:93883_1:140095815",5e-13
"26086","HISEQ13:138:C6FWNANXX:2:1215:13826:44202_1:46892067",5e-13
"26087","HISEQ13:138:C6FWNANXX:2:1311:12572:13927_1:64787086",5e-13
"26088","HISEQ13:138:C6FWNANXX:2:2113:2569:23617_1:92439377",5e-13
"26089","HISEQ13:138:C6FWNANXX:2:1213:7899:85039_1:44254734",5e-13
"26090","HISEQ13:138:C6FWNANXX:2:1209:6392:26344_1:36998422",5e-13
"26091","HISEQ13:138:C6FWNANXX:2:1201:20730:59381_1:25650850",5e-13
"26092","HISEQ13:138:C6FWNANXX:2:1306:14637:44740_1:57552854",5e-13
"26093","HISEQ13:138:C6FWNANXX:2:2210:9725:52420_1:112260481",5e-13
"26094","HISEQ13:138:C6FWNANXX:2:1209:20209:13090_1:36795889",5e-13
"26095","HISEQ13:138:C6FWNANXX:2:1115:10687:10244_1:21563274",5e-13
"26096","HISEQ13:138:C6FWNANXX:2:2101:15584:89917_1:75813694",5e-13
"26097","HISEQ13:138:C6FWNANXX:2:2204:8669:1943_1:102752755",5e-13
"26098","HISEQ13:138:C6FWNANXX:2:1204:11223:61219_1:30029046",5e-13
"26099","HISEQ13:138:C6FWNANXX:2:1310:6976:60780_1:63964043",5e-13
"26100","HISEQ13:138:C6FWNANXX:2:1308:5814:83134_1:61191230",5e-13
"26101","HISEQ13:138:C6FWNANXX:2:1311:3405:36845_1:65153918",5e-13
"26102","HISEQ13:138:C6FWNANXX:2:1101:7891:6899_1:71897",5e-13
"26103","HISEQ13:138:C6FWNANXX:2:1314:14019:99518_1:71122371",5e-13
"26104","HISEQ13:138:C6FWNANXX:2:1204:3048:26993_1:29517909",5.1e-13
"26105","HISEQ13:138:C6FWNANXX:2:2108:11864:15790_1:84776031",5.1e-13
"26106","HISEQ13:138:C6FWNANXX:2:2102:13576:34688_1:76432385",5.1e-13
"26107","HISEQ13:138:C6FWNANXX:2:2211:20240:89713_1:114371472",5.1e-13
"26108","HISEQ13:138:C6FWNANXX:2:2305:15616:77623_1:129316630",5.1e-13
"26109","HISEQ13:138:C6FWNANXX:2:1213:18512:55717_1:43768975",5.1e-13
"26110","HISEQ13:138:C6FWNANXX:2:1215:6827:51387_1:47012626",5.1e-13
"26111","HISEQ13:138:C6FWNANXX:2:2101:13175:71821_1:75558201",5.1e-13
"26112","HISEQ13:138:C6FWNANXX:2:1209:20036:51446_1:37390004",5.1e-13
"26113","HISEQ13:138:C6FWNANXX:2:2212:10645:13725_1:114722926",5.1e-13
"26114","HISEQ13:138:C6FWNANXX:2:2313:18801:20852_1:140511634",5.1e-13
"26115","HISEQ13:138:C6FWNANXX:2:2316:2241:53187_1:145918802",5.1e-13
"26116","HISEQ13:138:C6FWNANXX:2:1111:4662:82996_1:16363915",5.1e-13
"26117","HISEQ13:138:C6FWNANXX:2:1116:20014:20825_1:23430475",5.1e-13
"26118","HISEQ13:138:C6FWNANXX:2:1107:18915:71449_1:9922384",5.1e-13
"26119","HISEQ13:138:C6FWNANXX:2:1203:10022:37928_1:28238467",5.1e-13
"26120","HISEQ13:138:C6FWNANXX:2:1312:20304:84929_1:67556614",5.1e-13
"26121","HISEQ13:138:C6FWNANXX:2:2116:9135:34181_1:97426355",5.1e-13
"26122","HISEQ13:138:C6FWNANXX:2:1212:13787:89217_1:42693242",5.1e-13
"26123","HISEQ13:138:C6FWNANXX:2:1315:6899:10980_1:71291704",5.1e-13
"26124","HISEQ13:138:C6FWNANXX:2:2105:12404:98660_1:81608044",5.1e-13
"26125","HISEQ13:138:C6FWNANXX:2:2212:17988:49016_1:115282525",5.1e-13
"26126","HISEQ13:138:C6FWNANXX:2:2214:17683:65438_1:118727356",5.1e-13
"26127","HISEQ13:138:C6FWNANXX:2:2305:12519:98779_1:129625478",5.1e-13
"26128","HISEQ13:138:C6FWNANXX:2:1111:5648:41669_1:15663541",5.1e-13
"26129","HISEQ13:138:C6FWNANXX:2:1309:20480:98423_1:62993054",5.1e-13
"26130","HISEQ13:138:C6FWNANXX:2:2207:17935:42662_1:107647267",5.1e-13
"26131","HISEQ13:138:C6FWNANXX:2:2212:13953:32333_1:115017492",5.1e-13
"26132","HISEQ13:138:C6FWNANXX:2:2307:20294:87032_1:132371340",5.1e-13
"26133","HISEQ13:138:C6FWNANXX:2:2215:9657:52374_1:120134263",5.2e-13
"26134","HISEQ13:138:C6FWNANXX:2:2311:17229:80214_1:138314304",5.2e-13
"26135","HISEQ13:138:C6FWNANXX:2:1111:18599:88634_1:16471864",5.2e-13
"26136","HISEQ13:138:C6FWNANXX:2:1305:11339:72906_1:56479259",5.2e-13
"26137","HISEQ13:138:C6FWNANXX:2:1109:3668:21634_1:12220295",5.2e-13
"26138","HISEQ13:138:C6FWNANXX:2:1112:9270:94588_1:18023581",5.2e-13
"26139","HISEQ13:138:C6FWNANXX:2:1304:11689:57837_1:54772723",5.2e-13
"26140","HISEQ13:138:C6FWNANXX:2:1211:19131:52136_1:40521327",5.2e-13
"26141","HISEQ13:138:C6FWNANXX:2:2207:9520:6993_1:107120906",5.2e-13
"26142","HISEQ13:138:C6FWNANXX:2:2302:14940:89900_1:125243897",5.2e-13
"26143","HISEQ13:138:C6FWNANXX:2:2111:12439:97096_1:90606113",5.2e-13
"26144","HISEQ13:138:C6FWNANXX:2:2112:6595:13205_1:90765265",5.2e-13
"26145","HISEQ13:138:C6FWNANXX:2:2308:21002:55100_1:133374494",5.2e-13
"26146","HISEQ13:138:C6FWNANXX:2:2310:18188:60762_1:136478854",5.2e-13
"26147","HISEQ13:138:C6FWNANXX:2:2205:7492:95630_1:105522468",5.2e-13
"26148","HISEQ13:138:C6FWNANXX:2:2107:2266:83119_1:84300123",5.2e-13
"26149","HISEQ13:138:C6FWNANXX:2:2212:3792:24563_1:114892810",5.2e-13
"26150","HISEQ13:138:C6FWNANXX:2:1202:20478:27422_1:26634043",5.2e-13
"26151","HISEQ13:138:C6FWNANXX:2:1115:8139:30974_1:21913017",5.2e-13
"26152","HISEQ13:138:C6FWNANXX:2:1213:5990:15742_1:43107147",5.2e-13
"26153","HISEQ13:138:C6FWNANXX:2:1308:6449:16558_1:60154844",5.2e-13
"26154","HISEQ13:138:C6FWNANXX:2:1309:7813:96776_1:62967228",5.2e-13
"26155","HISEQ13:138:C6FWNANXX:2:1101:12611:9690_1:113468",5.2e-13
"26156","HISEQ13:138:C6FWNANXX:2:2206:11636:32149_1:106039476",5.2e-13
"26157","HISEQ13:138:C6FWNANXX:2:1304:7411:49148_1:54640271",5.2e-13
"26158","HISEQ13:138:C6FWNANXX:2:1306:10917:18726_1:57155972",5.2e-13
"26159","HISEQ13:138:C6FWNANXX:2:2105:1997:87041_1:81438860",5.2e-13
"26160","HISEQ13:138:C6FWNANXX:2:2214:1822:24371_1:118054369",5.2e-13
"26161","HISEQ13:138:C6FWNANXX:2:1101:6919:37377_1:523621",5.2e-13
"26162","HISEQ13:138:C6FWNANXX:2:1304:14234:92911_1:55296319",5.2e-13
"26163","HISEQ13:138:C6FWNANXX:2:2301:7113:29681_1:122995788",5.2e-13
"26164","HISEQ13:138:C6FWNANXX:2:1108:21269:70879_1:11445807",5.3e-13
"26165","HISEQ13:138:C6FWNANXX:2:1306:7787:72021_1:57972093",5.3e-13
"26166","HISEQ13:138:C6FWNANXX:2:1114:11756:8795_1:19879368",5.3e-13
"26167","HISEQ13:138:C6FWNANXX:2:1314:4891:31821_1:69968012",5.3e-13
"26168","HISEQ13:138:C6FWNANXX:2:2313:4046:68050_1:141273715",5.3e-13
"26169","HISEQ13:138:C6FWNANXX:2:1205:10258:30978_1:31049963",5.3e-13
"26170","HISEQ13:138:C6FWNANXX:2:1205:2658:38692_1:31163655",5.3e-13
"26171","HISEQ13:138:C6FWNANXX:2:1306:11258:34383_1:57396232",5.3e-13
"26172","HISEQ13:138:C6FWNANXX:2:2111:5521:95700_1:90577351",5.3e-13
"26173","HISEQ13:138:C6FWNANXX:2:1208:6496:36201_1:35617377",5.3e-13
"26174","HISEQ13:138:C6FWNANXX:2:1210:1530:84492_1:39453581",5.3e-13
"26175","HISEQ13:138:C6FWNANXX:2:2209:16072:40945_1:110582077",5.3e-13
"26176","HISEQ13:138:C6FWNANXX:2:1210:18258:16690_1:38394901",5.3e-13
"26177","HISEQ13:138:C6FWNANXX:2:1314:7563:38822_1:70087866",5.3e-13
"26178","HISEQ13:138:C6FWNANXX:2:1308:19640:52026_1:60707680",5.3e-13
"26179","HISEQ13:138:C6FWNANXX:2:2308:7498:17045_1:132799317",5.3e-13
"26180","HISEQ13:138:C6FWNANXX:2:1114:5094:86177_1:21174550",5.3e-13
"26181","HISEQ13:138:C6FWNANXX:2:1210:19097:85297_1:39472404",5.3e-13
"26182","HISEQ13:138:C6FWNANXX:2:2308:8496:94670_1:133969197",5.3e-13
"26183","HISEQ13:138:C6FWNANXX:2:1105:2375:18367_1:6107703",5.3e-13
"26184","HISEQ13:138:C6FWNANXX:2:1109:2185:94730_1:13373364",5.3e-13
"26185","HISEQ13:138:C6FWNANXX:2:2205:13893:9844_1:104282698",5.3e-13
"26186","HISEQ13:138:C6FWNANXX:2:2215:19312:54841_1:120177516",5.3e-13
"26187","HISEQ13:138:C6FWNANXX:2:1301:11215:85986_1:50802107",5.4e-13
"26188","HISEQ13:138:C6FWNANXX:2:2204:8225:92084_1:104042779",5.4e-13
"26189","HISEQ13:138:C6FWNANXX:2:2208:17497:44603_1:109146474",5.4e-13
"26190","HISEQ13:138:C6FWNANXX:2:1115:11385:4498_1:21465243",5.4e-13
"26191","HISEQ13:138:C6FWNANXX:2:2316:15413:3224_1:145077331",5.4e-13
"26192","HISEQ13:138:C6FWNANXX:2:1116:17877:8918_1:23223991",5.4e-13
"26193","HISEQ13:138:C6FWNANXX:2:1312:5838:1941_1:66196024",5.4e-13
"26194","HISEQ13:138:C6FWNANXX:2:2106:12509:84945_1:82860016",5.4e-13
"26195","HISEQ13:138:C6FWNANXX:2:2108:16196:57566_1:85404175",5.4e-13
"26196","HISEQ13:138:C6FWNANXX:2:2109:4744:48059_1:86756640",5.4e-13
"26197","HISEQ13:138:C6FWNANXX:2:2305:6539:39429_1:128758788",5.4e-13
"26198","HISEQ13:138:C6FWNANXX:2:1316:13774:61015_1:73870529",5.4e-13
"26199","HISEQ13:138:C6FWNANXX:2:1115:1975:6978_1:21505851",5.4e-13
"26200","HISEQ13:138:C6FWNANXX:2:1116:18427:24903_1:23499192",5.4e-13
"26201","HISEQ13:138:C6FWNANXX:2:2105:6895:43749_1:80809429",5.4e-13
"26202","HISEQ13:138:C6FWNANXX:2:2214:2669:21149_1:118001562",5.4e-13
"26203","HISEQ13:138:C6FWNANXX:2:2311:3086:78128_1:138280015",5.4e-13
"26204","HISEQ13:138:C6FWNANXX:2:2113:20123:55377_1:92950045",5.4e-13
"26205","HISEQ13:138:C6FWNANXX:2:1109:16713:87745_1:13265510",5.4e-13
"26206","HISEQ13:138:C6FWNANXX:2:2306:4424:94455_1:131009942",5.4e-13
"26207","HISEQ13:138:C6FWNANXX:2:2312:8522:69976_1:139713652",5.4e-13
"26208","HISEQ13:138:C6FWNANXX:2:1307:16238:36194_1:58934833",5.4e-13
"26209","HISEQ13:138:C6FWNANXX:2:1214:9995:90297_1:46000209",5.4e-13
"26210","HISEQ13:138:C6FWNANXX:2:1301:19566:98051_1:50983730",5.4e-13
"26211","HISEQ13:138:C6FWNANXX:2:2206:4804:5970_1:105655289",5.4e-13
"26212","HISEQ13:138:C6FWNANXX:2:2212:15703:66584_1:115558652",5.4e-13
"26213","HISEQ13:138:C6FWNANXX:2:1316:7978:35549_1:73422546",5.4e-13
"26214","HISEQ13:138:C6FWNANXX:2:1116:7700:98904_1:24768183",5.4e-13
"26215","HISEQ13:138:C6FWNANXX:2:2308:11091:26225_1:132935679",5.4e-13
"26216","HISEQ13:138:C6FWNANXX:2:1306:14637:44740_1:57552855",5.4e-13
"26217","HISEQ13:138:C6FWNANXX:2:1116:2569:32538_1:23629153",5.4e-13
"26218","HISEQ13:138:C6FWNANXX:2:2214:7541:97222_1:119244854",5.4e-13
"26219","HISEQ13:138:C6FWNANXX:2:2311:14019:56344_1:137937900",5.4e-13
"26220","HISEQ13:138:C6FWNANXX:2:1209:15713:22703_1:36942157",5.5e-13
"26221","HISEQ13:138:C6FWNANXX:2:2101:14022:54735_1:75312923",5.5e-13
"26222","HISEQ13:138:C6FWNANXX:2:2206:12042:41232_1:106171761",5.5e-13
"26223","HISEQ13:138:C6FWNANXX:2:1211:9446:67027_1:40761285",5.5e-13
"26224","HISEQ13:138:C6FWNANXX:2:1315:2028:97570_1:72781591",5.5e-13
"26225","HISEQ13:138:C6FWNANXX:2:1209:3961:10432_1:36749518",5.5e-13
"26226","HISEQ13:138:C6FWNANXX:2:1104:4233:46946_1:5054817",5.5e-13
"26227","HISEQ13:138:C6FWNANXX:2:1216:4055:26192_1:48271461",5.5e-13
"26228","HISEQ13:138:C6FWNANXX:2:1304:1535:36937_1:54455491",5.5e-13
"26229","HISEQ13:138:C6FWNANXX:2:1213:4557:53718_1:43733043",5.5e-13
"26230","HISEQ13:138:C6FWNANXX:2:1208:16133:81794_1:36326578",5.5e-13
"26231","HISEQ13:138:C6FWNANXX:2:1205:4011:82829_1:31828103",5.5e-13
"26232","HISEQ13:138:C6FWNANXX:2:1310:17782:57278_1:63910946",5.5e-13
"26233","HISEQ13:138:C6FWNANXX:2:1101:3812:28731_1:393872",5.5e-13
"26234","HISEQ13:138:C6FWNANXX:2:1111:6515:99965_1:16682219",5.5e-13
"26235","HISEQ13:138:C6FWNANXX:2:1215:14720:31206_1:46672303",5.5e-13
"26236","HISEQ13:138:C6FWNANXX:2:2108:5411:51744_1:85312170",5.5e-13
"26237","HISEQ13:138:C6FWNANXX:2:2314:12027:11326_1:141955885",5.5e-13
"26238","HISEQ13:138:C6FWNANXX:2:2116:14269:63916_1:97916568",5.5e-13
"26239","HISEQ13:138:C6FWNANXX:2:2311:11705:50318_1:137843496",5.5e-13
"26240","HISEQ13:138:C6FWNANXX:2:1109:9823:50869_1:12682290",5.5e-13
"26241","HISEQ13:138:C6FWNANXX:2:2214:18249:6374_1:117763069",5.5e-13
"26242","HISEQ13:138:C6FWNANXX:2:2216:8655:61634_1:121940833",5.5e-13
"26243","HISEQ13:138:C6FWNANXX:2:2308:16547:20993_1:132857561",5.5e-13
"26244","HISEQ13:138:C6FWNANXX:2:1216:1388:40161_1:48513124",5.5e-13
"26245","HISEQ13:138:C6FWNANXX:2:2105:4568:56797_1:81001357",5.5e-13
"26246","HISEQ13:138:C6FWNANXX:2:2202:6026:92134_1:101215931",5.5e-13
"26247","HISEQ13:138:C6FWNANXX:2:1301:19511:71674_1:50594251",5.5e-13
"26248","HISEQ13:138:C6FWNANXX:2:1203:17099:66719_1:28662207",5.5e-13
"26249","HISEQ13:138:C6FWNANXX:2:2316:11214:21472_1:145384555",5.5e-13
"26250","HISEQ13:138:C6FWNANXX:2:2105:4915:38913_1:80739776",5.5e-13
"26251","HISEQ13:138:C6FWNANXX:2:2305:7686:35099_1:128696963",5.5e-13
"26252","HISEQ13:138:C6FWNANXX:2:1307:11429:62171_1:59334518",5.5e-13
"26253","HISEQ13:138:C6FWNANXX:2:1315:19545:69981_1:72304612",5.5e-13
"26254","HISEQ13:138:C6FWNANXX:2:2102:17208:14412_1:76146177",5.5e-13
"26255","HISEQ13:138:C6FWNANXX:2:2102:20368:85321_1:77157472",5.5e-13
"26256","HISEQ13:138:C6FWNANXX:2:2211:6648:35732_1:113523928",5.5e-13
"26257","HISEQ13:138:C6FWNANXX:2:1109:3569:17490_1:12153768",5.5e-13
"26258","HISEQ13:138:C6FWNANXX:2:2311:2638:96979_1:138576426",5.5e-13
"26259","HISEQ13:138:C6FWNANXX:2:2313:12498:57498_1:141101269",5.5e-13
"26260","HISEQ13:138:C6FWNANXX:2:1310:10798:56329_1:63893509",5.5e-13
"26261","HISEQ13:138:C6FWNANXX:2:2102:20913:67917_1:76905955",5.6e-13
"26262","HISEQ13:138:C6FWNANXX:2:1108:20605:33794_1:10868415",5.6e-13
"26263","HISEQ13:138:C6FWNANXX:2:2115:11806:96420_1:96820155",5.6e-13
"26264","HISEQ13:138:C6FWNANXX:2:2307:10014:49743_1:131811833",5.6e-13
"26265","HISEQ13:138:C6FWNANXX:2:1201:15795:88931_1:26083433",5.6e-13
"26266","HISEQ13:138:C6FWNANXX:2:2102:7560:55260_1:76726248",5.6e-13
"26267","HISEQ13:138:C6FWNANXX:2:2111:2237:76095_1:90240002",5.6e-13
"26268","HISEQ13:138:C6FWNANXX:2:2309:11636:45054_1:134717621",5.6e-13
"26269","HISEQ13:138:C6FWNANXX:2:2106:2034:14736_1:81825359",5.6e-13
"26270","HISEQ13:138:C6FWNANXX:2:2215:3050:6764_1:119384278",5.6e-13
"26271","HISEQ13:138:C6FWNANXX:2:1205:15619:93166_1:31982920",5.6e-13
"26272","HISEQ13:138:C6FWNANXX:2:1302:2891:84811_1:52239313",5.6e-13
"26273","HISEQ13:138:C6FWNANXX:2:1306:14297:15386_1:57106869",5.6e-13
"26274","HISEQ13:138:C6FWNANXX:2:2215:5960:38005_1:119899533",5.6e-13
"26275","HISEQ13:138:C6FWNANXX:2:2308:3366:59911_1:133442586",5.6e-13
"26276","HISEQ13:138:C6FWNANXX:2:2202:10831:66828_1:100855466",5.6e-13
"26277","HISEQ13:138:C6FWNANXX:2:2201:16927:54621_1:99276411",5.6e-13
"26278","HISEQ13:138:C6FWNANXX:2:1214:2366:93608_1:46053265",5.6e-13
"26279","HISEQ13:138:C6FWNANXX:2:1305:4340:46149_1:56075751",5.6e-13
"26280","HISEQ13:138:C6FWNANXX:2:2214:17915:100227_1:119295916",5.6e-13
"26281","HISEQ13:138:C6FWNANXX:2:1112:20457:23801_1:16873953",5.6e-13
"26282","HISEQ13:138:C6FWNANXX:2:1206:18963:19245_1:32356532",5.6e-13
"26283","HISEQ13:138:C6FWNANXX:2:1304:16559:61845_1:54833333",5.6e-13
"26284","HISEQ13:138:C6FWNANXX:2:2316:10472:31863_1:145562108",5.6e-13
"26285","HISEQ13:138:C6FWNANXX:2:1201:18294:45718_1:25448098",5.6e-13
"26286","HISEQ13:138:C6FWNANXX:2:1306:18107:38815_1:57466028",5.6e-13
"26287","HISEQ13:138:C6FWNANXX:2:1105:2895:9716_1:5975743",5.6e-13
"26288","HISEQ13:138:C6FWNANXX:2:2110:14258:3811_1:87589059",5.6e-13
"26289","HISEQ13:138:C6FWNANXX:2:1314:10522:51000_1:70296715",5.6e-13
"26290","HISEQ13:138:C6FWNANXX:2:1314:4852:25699_1:69862341",5.6e-13
"26291","HISEQ13:138:C6FWNANXX:2:1207:1764:47375_1:34277737",5.6e-13
"26292","HISEQ13:138:C6FWNANXX:2:2107:2182:95997_1:84491378",5.6e-13
"26293","HISEQ13:138:C6FWNANXX:2:2313:11441:73506_1:141364284",5.6e-13
"26294","HISEQ13:138:C6FWNANXX:2:1305:14311:85547_1:56672025",5.7e-13
"26295","HISEQ13:138:C6FWNANXX:2:1104:6483:16309_1:4600163",5.7e-13
"26296","HISEQ13:138:C6FWNANXX:2:1209:14646:65487_1:37608163",5.7e-13
"26297","HISEQ13:138:C6FWNANXX:2:1215:16200:44732_1:46900757",5.7e-13
"26298","HISEQ13:138:C6FWNANXX:2:2107:4710:3400_1:83114913",5.7e-13
"26299","HISEQ13:138:C6FWNANXX:2:2314:17535:29883_1:142258658",5.7e-13
"26300","HISEQ13:138:C6FWNANXX:2:1212:10960:15436_1:41496805",5.7e-13
"26301","HISEQ13:138:C6FWNANXX:2:2313:18829:58640_1:141122668",5.7e-13
"26302","HISEQ13:138:C6FWNANXX:2:1301:8854:80772_1:50728536",5.7e-13
"26303","HISEQ13:138:C6FWNANXX:2:1302:13295:38330_1:51556706",5.7e-13
"26304","HISEQ13:138:C6FWNANXX:2:1205:17883:51572_1:31362389",5.7e-13
"26305","HISEQ13:138:C6FWNANXX:2:1213:21067:15126_1:43101986",5.7e-13
"26306","HISEQ13:138:C6FWNANXX:2:2205:6085:63902_1:105062346",5.7e-13
"26307","HISEQ13:138:C6FWNANXX:2:2312:3522:73909_1:139777011",5.7e-13
"26308","HISEQ13:138:C6FWNANXX:2:1210:16745:40715_1:38772410",5.7e-13
"26309","HISEQ13:138:C6FWNANXX:2:2313:2570:99719_1:141783435",5.7e-13
"26310","HISEQ13:138:C6FWNANXX:2:1206:19913:90738_1:33438541",5.7e-13
"26311","HISEQ13:138:C6FWNANXX:2:2303:16936:67592_1:126331114",5.7e-13
"26312","HISEQ13:138:C6FWNANXX:2:1108:18411:65021_1:11354577",5.7e-13
"26313","HISEQ13:138:C6FWNANXX:2:2208:1972:54897_1:109297114",5.7e-13
"26314","HISEQ13:138:C6FWNANXX:2:2301:10390:99890_1:123987701",5.7e-13
"26315","HISEQ13:138:C6FWNANXX:2:2111:15237:5558_1:89123867",5.8e-13
"26316","HISEQ13:138:C6FWNANXX:2:2315:20768:44610_1:144132387",5.8e-13
"26317","HISEQ13:138:C6FWNANXX:2:1306:18058:17398_1:57138183",5.8e-13
"26318","HISEQ13:138:C6FWNANXX:2:2213:3318:96310_1:117616780",5.8e-13
"26319","HISEQ13:138:C6FWNANXX:2:1115:13124:82416_1:22786943",5.8e-13
"26320","HISEQ13:138:C6FWNANXX:2:1107:10734:35795_1:9375718",5.8e-13
"26321","HISEQ13:138:C6FWNANXX:2:1210:19302:74322_1:39299555",5.8e-13
"26322","HISEQ13:138:C6FWNANXX:2:1212:2195:35913_1:41820199",5.8e-13
"26323","HISEQ13:138:C6FWNANXX:2:1214:17624:21564_1:44846549",5.8e-13
"26324","HISEQ13:138:C6FWNANXX:2:2209:1456:82221_1:111206399",5.8e-13
"26325","HISEQ13:138:C6FWNANXX:2:1115:16574:79822_1:22744390",5.8e-13
"26326","HISEQ13:138:C6FWNANXX:2:2213:16145:20655_1:116402442",5.8e-13
"26327","HISEQ13:138:C6FWNANXX:2:1210:11723:26809_1:38555391",5.8e-13
"26328","HISEQ13:138:C6FWNANXX:2:1309:7241:94062_1:62924189",5.8e-13
"26329","HISEQ13:138:C6FWNANXX:2:2105:16018:72118_1:81222467",5.8e-13
"26330","HISEQ13:138:C6FWNANXX:2:2208:17343:24248_1:108840146",5.8e-13
"26331","HISEQ13:138:C6FWNANXX:2:2311:2850:63530_1:138049577",5.8e-13
"26332","HISEQ13:138:C6FWNANXX:2:1215:20480:46117_1:46926730",5.8e-13
"26333","HISEQ13:138:C6FWNANXX:2:1303:16567:90275_1:53784518",5.8e-13
"26334","HISEQ13:138:C6FWNANXX:2:1216:7075:14014_1:48064805",5.8e-13
"26335","HISEQ13:138:C6FWNANXX:2:1209:7252:54957_1:37442063",5.8e-13
"26336","HISEQ13:138:C6FWNANXX:2:2102:8752:76569_1:77029233",5.8e-13
"26337","HISEQ13:138:C6FWNANXX:2:2308:18733:83616_1:133804378",5.8e-13
"26338","HISEQ13:138:C6FWNANXX:2:1204:8240:41452_1:29734329",5.9e-13
"26339","HISEQ13:138:C6FWNANXX:2:2212:1407:30346_1:114983325",5.9e-13
"26340","HISEQ13:138:C6FWNANXX:2:1101:4398:88492_1:1276908",5.9e-13
"26341","HISEQ13:138:C6FWNANXX:2:1111:20807:94124_1:16575645",5.9e-13
"26342","HISEQ13:138:C6FWNANXX:2:1114:7471:99874_1:21407507",5.9e-13
"26343","HISEQ13:138:C6FWNANXX:2:2103:16728:64927_1:78271215",5.9e-13
"26344","HISEQ13:138:C6FWNANXX:2:1205:14167:12333_1:30774684",5.9e-13
"26345","HISEQ13:138:C6FWNANXX:2:1312:8420:68556_1:67286087",5.9e-13
"26346","HISEQ13:138:C6FWNANXX:2:2304:20035:50273_1:127495351",5.9e-13
"26347","HISEQ13:138:C6FWNANXX:2:2215:17285:77133_1:120546014",5.9e-13
"26348","HISEQ13:138:C6FWNANXX:2:1309:18173:95545_1:62949708",5.9e-13
"26349","HISEQ13:138:C6FWNANXX:2:2111:5030:49962_1:89810980",5.9e-13
"26350","HISEQ13:138:C6FWNANXX:2:2201:20959:73369_1:99545345",5.9e-13
"26351","HISEQ13:138:C6FWNANXX:2:2309:3484:24092_1:134398259",5.9e-13
"26352","HISEQ13:138:C6FWNANXX:2:1305:3124:78872_1:56568845",5.9e-13
"26353","HISEQ13:138:C6FWNANXX:2:1108:7982:11766_1:10526431",5.9e-13
"26354","HISEQ13:138:C6FWNANXX:2:2111:21184:33143_1:89552164",5.9e-13
"26355","HISEQ13:138:C6FWNANXX:2:2212:12321:95258_1:116017392",5.9e-13
"26356","HISEQ13:138:C6FWNANXX:2:2107:14145:51743_1:83833626",5.9e-13
"26357","HISEQ13:138:C6FWNANXX:2:1309:13206:75428_1:62628967",5.9e-13
"26358","HISEQ13:138:C6FWNANXX:2:1312:13779:14394_1:66400341",5.9e-13
"26359","HISEQ13:138:C6FWNANXX:2:2312:13225:49153_1:139385267",5.9e-13
"26360","HISEQ13:138:C6FWNANXX:2:1113:5590:31668_1:18613342",6e-13
"26361","HISEQ13:138:C6FWNANXX:2:1308:19419:41348_1:60540320",6e-13
"26362","HISEQ13:138:C6FWNANXX:2:1308:20499:37848_1:60486612",6e-13
"26363","HISEQ13:138:C6FWNANXX:2:2215:19681:77894_1:120558887",6e-13
"26364","HISEQ13:138:C6FWNANXX:2:2110:9783:66638_1:88547546",6e-13
"26365","HISEQ13:138:C6FWNANXX:2:1113:12942:95392_1:19671577",6e-13
"26366","HISEQ13:138:C6FWNANXX:2:1304:14562:87052_1:55210119",6e-13
"26367","HISEQ13:138:C6FWNANXX:2:2109:18464:97341_1:87509380",6e-13
"26368","HISEQ13:138:C6FWNANXX:2:2206:9620:86454_1:106835745",6e-13
"26369","HISEQ13:138:C6FWNANXX:2:1205:8650:74789_1:31708401",6e-13
"26370","HISEQ13:138:C6FWNANXX:2:1113:7380:63705_1:19141401",6e-13
"26371","HISEQ13:138:C6FWNANXX:2:1214:10560:80450_1:45832496",6e-13
"26372","HISEQ13:138:C6FWNANXX:2:1310:20458:45215_1:63715594",6e-13
"26373","HISEQ13:138:C6FWNANXX:2:2101:7436:46822_1:75201546",6e-13
"26374","HISEQ13:138:C6FWNANXX:2:1107:11547:56676_1:9694967",6e-13
"26375","HISEQ13:138:C6FWNANXX:2:1206:17516:31048_1:32537459",6e-13
"26376","HISEQ13:138:C6FWNANXX:2:1315:13812:72377_1:72345640",6e-13
"26377","HISEQ13:138:C6FWNANXX:2:2206:19251:39124_1:106143787",6e-13
"26378","HISEQ13:138:C6FWNANXX:2:2312:4175:28193_1:139052533",6e-13
"26379","HISEQ13:138:C6FWNANXX:2:2316:15993:60274_1:146044633",6e-13
"26380","HISEQ13:138:C6FWNANXX:2:1108:7833:91304_1:11764934",6e-13
"26381","HISEQ13:138:C6FWNANXX:2:1112:4113:54598_1:17368811",6e-13
"26382","HISEQ13:138:C6FWNANXX:2:1114:21046:9047_1:19885409",6e-13
"26383","HISEQ13:138:C6FWNANXX:2:2112:9748:1972_1:90678942",6e-13
"26384","HISEQ13:138:C6FWNANXX:2:2202:14314:40180_1:100476356",6e-13
"26385","HISEQ13:138:C6FWNANXX:2:2316:18261:24007_1:145432628",6e-13
"26386","HISEQ13:138:C6FWNANXX:2:2314:12042:93772_1:143311521",6e-13
"26387","HISEQ13:138:C6FWNANXX:2:2316:20316:3139_1:145078406",6e-13
"26388","HISEQ13:138:C6FWNANXX:2:2116:16874:85260_1:98271089",6e-13
"26389","HISEQ13:138:C6FWNANXX:2:2216:8477:22971_1:121286009",6e-13
"26390","HISEQ13:138:C6FWNANXX:2:2302:14083:12217_1:124144809",6e-13
"26391","HISEQ13:138:C6FWNANXX:2:2314:5369:43814_1:142486395",6e-13
"26392","HISEQ13:138:C6FWNANXX:2:1102:6982:30420_1:1880917",6e-13
"26393","HISEQ13:138:C6FWNANXX:2:2207:14700:64276_1:107968317",6.1e-13
"26394","HISEQ13:138:C6FWNANXX:2:1206:11715:40765_1:32684653",6.1e-13
"26395","HISEQ13:138:C6FWNANXX:2:2314:5973:62797_1:142800891",6.1e-13
"26396","HISEQ13:138:C6FWNANXX:2:1211:19599:99260_1:41284724",6.1e-13
"26397","HISEQ13:138:C6FWNANXX:2:1309:5556:34698_1:61981866",6.1e-13
"26398","HISEQ13:138:C6FWNANXX:2:2202:3616:86101_1:101129559",6.1e-13
"26399","HISEQ13:138:C6FWNANXX:2:2214:7850:70979_1:118815825",6.1e-13
"26400","HISEQ13:138:C6FWNANXX:2:1108:20803:97358_1:11861172",6.1e-13
"26401","HISEQ13:138:C6FWNANXX:2:2111:14086:69113_1:90125231",6.1e-13
"26402","HISEQ13:138:C6FWNANXX:2:1116:6090:63824_1:24164971",6.1e-13
"26403","HISEQ13:138:C6FWNANXX:2:1310:13729:7673_1:63118713",6.1e-13
"26404","HISEQ13:138:C6FWNANXX:2:1209:8594:13475_1:36797589",6.1e-13
"26405","HISEQ13:138:C6FWNANXX:2:1209:8594:13475_1:36797590",6.1e-13
"26406","HISEQ13:138:C6FWNANXX:2:1308:11532:58574_1:60807771",6.1e-13
"26407","HISEQ13:138:C6FWNANXX:2:1201:9633:77304_1:25913670",6.1e-13
"26408","HISEQ13:138:C6FWNANXX:2:1302:2742:96534_1:52412776",6.1e-13
"26409","HISEQ13:138:C6FWNANXX:2:2202:14290:67812_1:100870358",6.1e-13
"26410","HISEQ13:138:C6FWNANXX:2:2207:5271:6999_1:107120061",6.1e-13
"26411","HISEQ13:138:C6FWNANXX:2:2314:11420:41834_1:142454768",6.1e-13
"26412","HISEQ13:138:C6FWNANXX:2:2316:1558:94422_1:146613948",6.1e-13
"26413","HISEQ13:138:C6FWNANXX:2:2208:8224:66550_1:109475436",6.1e-13
"26414","HISEQ13:138:C6FWNANXX:2:2301:8093:79167_1:123693052",6.1e-13
"26415","HISEQ13:138:C6FWNANXX:2:2209:10406:65049_1:110949305",6.1e-13
"26416","HISEQ13:138:C6FWNANXX:2:1313:18956:81119_1:69135897",6.1e-13
"26417","HISEQ13:138:C6FWNANXX:2:2111:8892:62105_1:90008658",6.1e-13
"26418","HISEQ13:138:C6FWNANXX:2:1215:14594:31691_1:46680627",6.1e-13
"26419","HISEQ13:138:C6FWNANXX:2:1202:7150:34884_1:26741490",6.1e-13
"26420","HISEQ13:138:C6FWNANXX:2:2205:12352:33701_1:104625042",6.1e-13
"26421","HISEQ13:138:C6FWNANXX:2:1113:9492:21038_1:18441546",6.2e-13
"26422","HISEQ13:138:C6FWNANXX:2:1206:8085:83342_1:33326459",6.2e-13
"26423","HISEQ13:138:C6FWNANXX:2:1305:4651:79674_1:56580531",6.2e-13
"26424","HISEQ13:138:C6FWNANXX:2:2313:5829:34209_1:140722908",6.2e-13
"26425","HISEQ13:138:C6FWNANXX:2:1216:9581:24343_1:48242121",6.2e-13
"26426","HISEQ13:138:C6FWNANXX:2:2105:7799:60116_1:81048305",6.2e-13
"26427","HISEQ13:138:C6FWNANXX:2:2109:18599:47454_1:86747930",6.2e-13
"26428","HISEQ13:138:C6FWNANXX:2:2111:16345:5985_1:89128054",6.2e-13
"26429","HISEQ13:138:C6FWNANXX:2:2113:7585:16138_1:92322375",6.2e-13
"26430","HISEQ13:138:C6FWNANXX:2:2312:12115:29856_1:139081447",6.2e-13
"26431","HISEQ13:138:C6FWNANXX:2:2116:19132:47257_1:97646784",6.2e-13
"26432","HISEQ13:138:C6FWNANXX:2:2201:10910:15823_1:98723349",6.2e-13
"26433","HISEQ13:138:C6FWNANXX:2:2205:1826:19423_1:104418768",6.2e-13
"26434","HISEQ13:138:C6FWNANXX:2:2106:19637:22499_1:81942020",6.2e-13
"26435","HISEQ13:138:C6FWNANXX:2:2114:11120:57343_1:94574344",6.2e-13
"26436","HISEQ13:138:C6FWNANXX:2:1102:9375:51526_1:2193088",6.2e-13
"26437","HISEQ13:138:C6FWNANXX:2:2113:9323:87777_1:93469084",6.2e-13
"26438","HISEQ13:138:C6FWNANXX:2:2203:15101:99499_1:102733123",6.2e-13
"26439","HISEQ13:138:C6FWNANXX:2:2208:6971:92237_1:109860026",6.2e-13
"26440","HISEQ13:138:C6FWNANXX:2:2303:18835:46378_1:126030581",6.2e-13
"26441","HISEQ13:138:C6FWNANXX:2:1313:14649:81597_1:69143413",6.2e-13
"26442","HISEQ13:138:C6FWNANXX:2:1313:1417:54869_1:68692481",6.2e-13
"26443","HISEQ13:138:C6FWNANXX:2:1314:14119:8044_1:69567814",6.2e-13
"26444","HISEQ13:138:C6FWNANXX:2:2111:3683:41211_1:89672571",6.2e-13
"26445","HISEQ13:138:C6FWNANXX:2:2312:12955:86796_1:139986365",6.2e-13
"26446","HISEQ13:138:C6FWNANXX:2:2115:10767:39906_1:95897688",6.2e-13
"26447","HISEQ13:138:C6FWNANXX:2:2203:18802:30152_1:101744807",6.3e-13
"26448","HISEQ13:138:C6FWNANXX:2:2103:3404:16976_1:77586647",6.3e-13
"26449","HISEQ13:138:C6FWNANXX:2:1203:5212:46201_1:28359158",6.3e-13
"26450","HISEQ13:138:C6FWNANXX:2:2104:16661:94391_1:80113539",6.3e-13
"26451","HISEQ13:138:C6FWNANXX:2:2212:13304:57960_1:115420236",6.3e-13
"26452","HISEQ13:138:C6FWNANXX:2:2314:13467:99449_1:143402403",6.3e-13
"26453","HISEQ13:138:C6FWNANXX:2:1307:9007:53983_1:59206343",6.3e-13
"26454","HISEQ13:138:C6FWNANXX:2:1201:3626:96947_1:26199678",6.3e-13
"26455","HISEQ13:138:C6FWNANXX:2:1315:15020:3491_1:71166356",6.3e-13
"26456","HISEQ13:138:C6FWNANXX:2:2308:18501:45043_1:133222855",6.3e-13
"26457","HISEQ13:138:C6FWNANXX:2:1110:15441:91513_1:14888223",6.3e-13
"26458","HISEQ13:138:C6FWNANXX:2:1202:10053:29012_1:26658074",6.3e-13
"26459","HISEQ13:138:C6FWNANXX:2:2103:2222:47429_1:78020983",6.3e-13
"26460","HISEQ13:138:C6FWNANXX:2:2110:8897:76478_1:88695313",6.3e-13
"26461","HISEQ13:138:C6FWNANXX:2:2215:11351:38588_1:119908904",6.3e-13
"26462","HISEQ13:138:C6FWNANXX:2:1209:1776:92370_1:38028430",6.3e-13
"26463","HISEQ13:138:C6FWNANXX:2:1309:2582:81859_1:62729449",6.3e-13
"26464","HISEQ13:138:C6FWNANXX:2:1303:14771:67086_1:53440577",6.3e-13
"26465","HISEQ13:138:C6FWNANXX:2:1209:4489:29302_1:37044465",6.3e-13
"26466","HISEQ13:138:C6FWNANXX:2:1214:16017:29859_1:44984283",6.3e-13
"26467","HISEQ13:138:C6FWNANXX:2:1309:18259:96508_1:62965375",6.3e-13
"26468","HISEQ13:138:C6FWNANXX:2:1111:1977:71365_1:16157397",6.3e-13
"26469","HISEQ13:138:C6FWNANXX:2:1112:1376:78591_1:17760059",6.3e-13
"26470","HISEQ13:138:C6FWNANXX:2:2213:14086:94028_1:117582583",6.3e-13
"26471","HISEQ13:138:C6FWNANXX:2:2107:8636:55287_1:83888290",6.3e-13
"26472","HISEQ13:138:C6FWNANXX:2:2213:9637:75962_1:117288618",6.3e-13
"26473","HISEQ13:138:C6FWNANXX:2:1116:19672:41220_1:23778972",6.3e-13
"26474","HISEQ13:138:C6FWNANXX:2:1308:1475:87068_1:61253343",6.3e-13
"26475","HISEQ13:138:C6FWNANXX:2:2116:18549:23224_1:97245272",6.3e-13
"26476","HISEQ13:138:C6FWNANXX:2:1101:14022:29117_1:403079",6.3e-13
"26477","HISEQ13:138:C6FWNANXX:2:1309:14553:71382_1:62565673",6.3e-13
"26478","HISEQ13:138:C6FWNANXX:2:1311:10887:23240_1:64935048",6.3e-13
"26479","HISEQ13:138:C6FWNANXX:2:1114:15192:65820_1:20836567",6.4e-13
"26480","HISEQ13:138:C6FWNANXX:2:2213:20667:38590_1:116691339",6.4e-13
"26481","HISEQ13:138:C6FWNANXX:2:2308:4989:46016_1:133235404",6.4e-13
"26482","HISEQ13:138:C6FWNANXX:2:2116:10473:11573_1:97053055",6.4e-13
"26483","HISEQ13:138:C6FWNANXX:2:1209:15632:11421_1:36767421",6.4e-13
"26484","HISEQ13:138:C6FWNANXX:2:2205:17018:90628_1:105451497",6.4e-13
"26485","HISEQ13:138:C6FWNANXX:2:1116:3410:49234_1:23912481",6.4e-13
"26486","HISEQ13:138:C6FWNANXX:2:1210:19251:81852_1:39417517",6.4e-13
"26487","HISEQ13:138:C6FWNANXX:2:1216:8160:44251_1:48587508",6.4e-13
"26488","HISEQ13:138:C6FWNANXX:2:1304:7847:59495_1:54794358",6.4e-13
"26489","HISEQ13:138:C6FWNANXX:2:2212:20730:66179_1:115551513",6.4e-13
"26490","HISEQ13:138:C6FWNANXX:2:2211:14351:46628_1:113697369",6.4e-13
"26491","HISEQ13:138:C6FWNANXX:2:2210:5708:50860_1:112236665",6.4e-13
"26492","HISEQ13:138:C6FWNANXX:2:1302:10856:68572_1:52000971",6.4e-13
"26493","HISEQ13:138:C6FWNANXX:2:2209:18713:22289_1:110302496",6.4e-13
"26494","HISEQ13:138:C6FWNANXX:2:1107:5698:7743_1:8942753",6.4e-13
"26495","HISEQ13:138:C6FWNANXX:2:1313:6335:8999_1:67930819",6.4e-13
"26496","HISEQ13:138:C6FWNANXX:2:2302:4603:20823_1:124267709",6.4e-13
"26497","HISEQ13:138:C6FWNANXX:2:1301:4147:72176_1:50598728",6.5e-13
"26498","HISEQ13:138:C6FWNANXX:2:2309:16716:90607_1:135415797",6.5e-13
"26499","HISEQ13:138:C6FWNANXX:2:1210:7947:12239_1:38321422",6.5e-13
"26500","HISEQ13:138:C6FWNANXX:2:2110:16826:60709_1:88457828",6.5e-13
"26501","HISEQ13:138:C6FWNANXX:2:2108:5178:49733_1:85281893",6.5e-13
"26502","HISEQ13:138:C6FWNANXX:2:1102:19098:3260_1:1485143",6.5e-13
"26503","HISEQ13:138:C6FWNANXX:2:1114:16250:68709_1:20883409",6.5e-13
"26504","HISEQ13:138:C6FWNANXX:2:2311:19622:87063_1:138425448",6.5e-13
"26505","HISEQ13:138:C6FWNANXX:2:1201:3333:36206_1:25305767",6.5e-13
"26506","HISEQ13:138:C6FWNANXX:2:1214:18041:60873_1:45505257",6.5e-13
"26507","HISEQ13:138:C6FWNANXX:2:1309:19957:8271_1:61571772",6.5e-13
"26508","HISEQ13:138:C6FWNANXX:2:2209:10259:4299_1:110028421",6.5e-13
"26509","HISEQ13:138:C6FWNANXX:2:2212:7475:64035_1:115517266",6.5e-13
"26510","HISEQ13:138:C6FWNANXX:2:1209:13822:8816_1:36728138",6.5e-13
"26511","HISEQ13:138:C6FWNANXX:2:1207:16714:28665_1:33996789",6.5e-13
"26512","HISEQ13:138:C6FWNANXX:2:1312:11339:69087_1:67294887",6.5e-13
"26513","HISEQ13:138:C6FWNANXX:2:1316:7321:51226_1:73693956",6.5e-13
"26514","HISEQ13:138:C6FWNANXX:2:2315:16604:5393_1:143482386",6.5e-13
"26515","HISEQ13:138:C6FWNANXX:2:1101:5480:24785_1:338528",6.5e-13
"26516","HISEQ13:138:C6FWNANXX:2:2107:13355:29967_1:83510505",6.5e-13
"26517","HISEQ13:138:C6FWNANXX:2:2107:20662:72523_1:84147086",6.5e-13
"26518","HISEQ13:138:C6FWNANXX:2:2307:15234:82772_1:132306587",6.5e-13
"26519","HISEQ13:138:C6FWNANXX:2:1302:17989:81215_1:52187023",6.5e-13
"26520","HISEQ13:138:C6FWNANXX:2:1302:20928:78496_1:52147011",6.5e-13
"26521","HISEQ13:138:C6FWNANXX:2:1308:9514:23045_1:60255524",6.5e-13
"26522","HISEQ13:138:C6FWNANXX:2:1310:20458:45215_1:63715593",6.5e-13
"26523","HISEQ13:138:C6FWNANXX:2:2310:6913:12077_1:135724522",6.5e-13
"26524","HISEQ13:138:C6FWNANXX:2:1112:3314:24035_1:16874535",6.5e-13
"26525","HISEQ13:138:C6FWNANXX:2:1116:1950:56783_1:24044200",6.5e-13
"26526","HISEQ13:138:C6FWNANXX:2:1207:4372:65692_1:34555449",6.5e-13
"26527","HISEQ13:138:C6FWNANXX:2:2102:7989:12223_1:76113047",6.5e-13
"26528","HISEQ13:138:C6FWNANXX:2:2301:6894:81533_1:123728735",6.5e-13
"26529","HISEQ13:138:C6FWNANXX:2:1112:15873:84553_1:17861241",6.5e-13
"26530","HISEQ13:138:C6FWNANXX:2:1206:11564:73304_1:33177524",6.5e-13
"26531","HISEQ13:138:C6FWNANXX:2:2215:8446:30837_1:119780972",6.5e-13
"26532","HISEQ13:138:C6FWNANXX:2:1107:7069:40802_1:9452006",6.5e-13
"26533","HISEQ13:138:C6FWNANXX:2:2204:13974:32933_1:103192699",6.5e-13
"26534","HISEQ13:138:C6FWNANXX:2:1314:4630:2349_1:69468600",6.6e-13
"26535","HISEQ13:138:C6FWNANXX:2:2208:6631:95839_1:109917063",6.6e-13
"26536","HISEQ13:138:C6FWNANXX:2:2109:3800:84855_1:87316334",6.6e-13
"26537","HISEQ13:138:C6FWNANXX:2:1305:2855:14667_1:55603685",6.6e-13
"26538","HISEQ13:138:C6FWNANXX:2:1106:2281:62237_1:8265160",6.6e-13
"26539","HISEQ13:138:C6FWNANXX:2:1215:6060:82267_1:47537558",6.6e-13
"26540","HISEQ13:138:C6FWNANXX:2:2204:11963:81018_1:103884746",6.6e-13
"26541","HISEQ13:138:C6FWNANXX:2:2205:3857:19810_1:104426419",6.6e-13
"26542","HISEQ13:138:C6FWNANXX:2:2209:12734:47251_1:110679574",6.6e-13
"26543","HISEQ13:138:C6FWNANXX:2:2209:1422:57449_1:110829679",6.6e-13
"26544","HISEQ13:138:C6FWNANXX:2:2305:2478:33064_1:128666858",6.6e-13
"26545","HISEQ13:138:C6FWNANXX:2:1103:17626:85280_1:4160392",6.6e-13
"26546","HISEQ13:138:C6FWNANXX:2:1310:12652:47895_1:63758006",6.6e-13
"26547","HISEQ13:138:C6FWNANXX:2:2115:5396:11831_1:95440926",6.6e-13
"26548","HISEQ13:138:C6FWNANXX:2:1207:12631:42637_1:34207737",6.6e-13
"26549","HISEQ13:138:C6FWNANXX:2:1210:18944:28893_1:38588075",6.6e-13
"26550","HISEQ13:138:C6FWNANXX:2:2114:7103:69308_1:94769560",6.6e-13
"26551","HISEQ13:138:C6FWNANXX:2:2305:11892:3633_1:128241522",6.6e-13
"26552","HISEQ13:138:C6FWNANXX:2:2109:11662:53256_1:86837867",6.6e-13
"26553","HISEQ13:138:C6FWNANXX:2:1301:9469:32236_1:50012222",6.6e-13
"26554","HISEQ13:138:C6FWNANXX:2:1301:16481:21017_1:49851659",6.6e-13
"26555","HISEQ13:138:C6FWNANXX:2:2109:3344:7247_1:86134174",6.6e-13
"26556","HISEQ13:138:C6FWNANXX:2:2208:15920:60068_1:109378721",6.6e-13
"26557","HISEQ13:138:C6FWNANXX:2:1306:9115:27653_1:57292701",6.7e-13
"26558","HISEQ13:138:C6FWNANXX:2:2114:17593:70597_1:94792332",6.7e-13
"26559","HISEQ13:138:C6FWNANXX:2:1210:7241:88146_1:39513569",6.7e-13
"26560","HISEQ13:138:C6FWNANXX:2:2102:1885:21585_1:76246277",6.7e-13
"26561","HISEQ13:138:C6FWNANXX:2:2312:15063:92774_1:140082386",6.7e-13
"26562","HISEQ13:138:C6FWNANXX:2:1209:13332:40909_1:37224525",6.7e-13
"26563","HISEQ13:138:C6FWNANXX:2:1214:6670:71941_1:45688646",6.7e-13
"26564","HISEQ13:138:C6FWNANXX:2:1303:11392:64885_1:53407045",6.7e-13
"26565","HISEQ13:138:C6FWNANXX:2:1316:12768:58402_1:73822248",6.7e-13
"26566","HISEQ13:138:C6FWNANXX:2:2305:13634:13721_1:128387322",6.7e-13
"26567","HISEQ13:138:C6FWNANXX:2:2305:8909:6635_1:128284479",6.7e-13
"26568","HISEQ13:138:C6FWNANXX:2:2314:16579:54582_1:142666530",6.7e-13
"26569","HISEQ13:138:C6FWNANXX:2:2315:20713:26557_1:143834501",6.7e-13
"26570","HISEQ13:138:C6FWNANXX:2:1203:1949:15592_1:27909341",6.7e-13
"26571","HISEQ13:138:C6FWNANXX:2:2106:18496:16298_1:81853906",6.7e-13
"26572","HISEQ13:138:C6FWNANXX:2:2107:2484:94189_1:84465330",6.7e-13
"26573","HISEQ13:138:C6FWNANXX:2:1110:9849:36023_1:14012350",6.7e-13
"26574","HISEQ13:138:C6FWNANXX:2:1305:9733:53693_1:56189886",6.7e-13
"26575","HISEQ13:138:C6FWNANXX:2:1313:13549:61160_1:68799457",6.7e-13
"26576","HISEQ13:138:C6FWNANXX:2:1314:17034:88871_1:70940240",6.7e-13
"26577","HISEQ13:138:C6FWNANXX:2:2314:20002:81513_1:143112215",6.7e-13
"26578","HISEQ13:138:C6FWNANXX:2:1202:12263:99453_1:27689035",6.7e-13
"26579","HISEQ13:138:C6FWNANXX:2:1304:11583:88549_1:55231795",6.7e-13
"26580","HISEQ13:138:C6FWNANXX:2:2106:17109:25939_1:81992630",6.7e-13
"26581","HISEQ13:138:C6FWNANXX:2:1114:11923:22423_1:20105797",6.7e-13
"26582","HISEQ13:138:C6FWNANXX:2:2302:10157:11678_1:124136962",6.7e-13
"26583","HISEQ13:138:C6FWNANXX:2:2305:2926:74285_1:129266785",6.7e-13
"26584","HISEQ13:138:C6FWNANXX:2:2310:13590:37165_1:136112244",6.7e-13
"26585","HISEQ13:138:C6FWNANXX:2:1309:8281:64118_1:62449262",6.8e-13
"26586","HISEQ13:138:C6FWNANXX:2:2203:18479:60920_1:102183366",6.8e-13
"26587","HISEQ13:138:C6FWNANXX:2:1208:6496:36201_1:35617376",6.8e-13
"26588","HISEQ13:138:C6FWNANXX:2:1313:12921:4344_1:67857433",6.8e-13
"26589","HISEQ13:138:C6FWNANXX:2:2105:4780:67140_1:81148754",6.8e-13
"26590","HISEQ13:138:C6FWNANXX:2:1110:20636:36485_1:14018591",6.8e-13
"26591","HISEQ13:138:C6FWNANXX:2:2301:11617:29151_1:122989623",6.8e-13
"26592","HISEQ13:138:C6FWNANXX:2:1113:19484:65995_1:19181242",6.8e-13
"26593","HISEQ13:138:C6FWNANXX:2:1202:5988:20971_1:26536022",6.8e-13
"26594","HISEQ13:138:C6FWNANXX:2:2108:2838:65853_1:85527075",6.8e-13
"26595","HISEQ13:138:C6FWNANXX:2:2302:5179:66327_1:124907983",6.8e-13
"26596","HISEQ13:138:C6FWNANXX:2:1209:14424:90954_1:38007145",6.8e-13
"26597","HISEQ13:138:C6FWNANXX:2:1111:15046:43500_1:15697361",6.8e-13
"26598","HISEQ13:138:C6FWNANXX:2:1110:18028:80226_1:14708321",6.8e-13
"26599","HISEQ13:138:C6FWNANXX:2:2203:15216:19286_1:101590969",6.8e-13
"26600","HISEQ13:138:C6FWNANXX:2:1109:8910:60118_1:12828840",6.8e-13
"26601","HISEQ13:138:C6FWNANXX:2:2306:17162:85240_1:130875580",6.8e-13
"26602","HISEQ13:138:C6FWNANXX:2:1113:6928:30553_1:18597248",6.8e-13
"26603","HISEQ13:138:C6FWNANXX:2:2202:1593:77897_1:101011532",6.8e-13
"26604","HISEQ13:138:C6FWNANXX:2:2115:17748:80882_1:96565873",6.8e-13
"26605","HISEQ13:138:C6FWNANXX:2:1312:5839:70642_1:67318344",6.8e-13
"26606","HISEQ13:138:C6FWNANXX:2:2308:15152:53679_1:133350876",6.8e-13
"26607","HISEQ13:138:C6FWNANXX:2:1207:5345:67004_1:34578681",6.8e-13
"26608","HISEQ13:138:C6FWNANXX:2:2213:19074:62060_1:117068965",6.8e-13
"26609","HISEQ13:138:C6FWNANXX:2:2216:6811:6386_1:121010215",6.8e-13
"26610","HISEQ13:138:C6FWNANXX:2:2102:8450:6053_1:76027779",6.8e-13
"26611","HISEQ13:138:C6FWNANXX:2:2305:15616:77623_1:129316629",6.8e-13
"26612","HISEQ13:138:C6FWNANXX:2:2101:17193:3181_1:74578105",6.8e-13
"26613","HISEQ13:138:C6FWNANXX:2:1214:9163:67397_1:45613372",6.8e-13
"26614","HISEQ13:138:C6FWNANXX:2:2301:1938:17754_1:122828520",6.8e-13
"26615","HISEQ13:138:C6FWNANXX:2:2110:18974:54642_1:88366650",6.8e-13
"26616","HISEQ13:138:C6FWNANXX:2:1208:6273:15090_1:35295083",6.8e-13
"26617","HISEQ13:138:C6FWNANXX:2:1101:20187:25378_1:348574",6.8e-13
"26618","HISEQ13:138:C6FWNANXX:2:1212:17599:17952_1:41533738",6.8e-13
"26619","HISEQ13:138:C6FWNANXX:2:1314:11180:96197_1:71061673",6.8e-13
"26620","HISEQ13:138:C6FWNANXX:2:1313:12936:43527_1:68507683",6.8e-13
"26621","HISEQ13:138:C6FWNANXX:2:1314:11211:3516_1:69491083",6.8e-13
"26622","HISEQ13:138:C6FWNANXX:2:1215:10635:20627_1:46492599",6.8e-13
"26623","HISEQ13:138:C6FWNANXX:2:2105:15938:6630_1:80273881",6.8e-13
"26624","HISEQ13:138:C6FWNANXX:2:1310:18038:75012_1:64190692",6.8e-13
"26625","HISEQ13:138:C6FWNANXX:2:2103:6852:34456_1:77836891",6.8e-13
"26626","HISEQ13:138:C6FWNANXX:2:2201:3143:64932_1:99420808",6.8e-13
"26627","HISEQ13:138:C6FWNANXX:2:2302:9173:13694_1:124165283",6.8e-13
"26628","HISEQ13:138:C6FWNANXX:2:1107:5399:91204_1:10222914",6.9e-13
"26629","HISEQ13:138:C6FWNANXX:2:1313:13334:69706_1:68942197",6.9e-13
"26630","HISEQ13:138:C6FWNANXX:2:2314:20738:91937_1:143280407",6.9e-13
"26631","HISEQ13:138:C6FWNANXX:2:1111:15010:76911_1:16257870",6.9e-13
"26632","HISEQ13:138:C6FWNANXX:2:1115:9624:9562_1:21554503",6.9e-13
"26633","HISEQ13:138:C6FWNANXX:2:1211:9110:37175_1:40277771",6.9e-13
"26634","HISEQ13:138:C6FWNANXX:2:2302:8634:8480_1:124090747",6.9e-13
"26635","HISEQ13:138:C6FWNANXX:2:1314:6008:49577_1:70270490",6.9e-13
"26636","HISEQ13:138:C6FWNANXX:2:2105:9051:11041_1:80338085",6.9e-13
"26637","HISEQ13:138:C6FWNANXX:2:2312:17883:88532_1:140015205",6.9e-13
"26638","HISEQ13:138:C6FWNANXX:2:1201:3586:6433_1:24867653",6.9e-13
"26639","HISEQ13:138:C6FWNANXX:2:1106:15538:76078_1:8482021",6.9e-13
"26640","HISEQ13:138:C6FWNANXX:2:1206:11478:21864_1:32396351",6.9e-13
"26641","HISEQ13:138:C6FWNANXX:2:2110:2446:26792_1:87938377",6.9e-13
"26642","HISEQ13:138:C6FWNANXX:2:2206:6769:77446_1:106704902",6.9e-13
"26643","HISEQ13:138:C6FWNANXX:2:2307:9887:4763_1:131148888",6.9e-13
"26644","HISEQ13:138:C6FWNANXX:2:1114:19395:50934_1:20584534",6.9e-13
"26645","HISEQ13:138:C6FWNANXX:2:1115:8152:53877_1:22302267",6.9e-13
"26646","HISEQ13:138:C6FWNANXX:2:1208:16943:81969_1:36326767",6.9e-13
"26647","HISEQ13:138:C6FWNANXX:2:2112:19199:97426_1:92044756",6.9e-13
"26648","HISEQ13:138:C6FWNANXX:2:2216:3515:60436_1:121918602",6.9e-13
"26649","HISEQ13:138:C6FWNANXX:2:1109:13615:44541_1:12584032",6.9e-13
"26650","HISEQ13:138:C6FWNANXX:2:1311:7195:56343_1:65471185",6.9e-13
"26651","HISEQ13:138:C6FWNANXX:2:1315:11663:19179_1:71432528",6.9e-13
"26652","HISEQ13:138:C6FWNANXX:2:2113:17637:26147_1:92482197",6.9e-13
"26653","HISEQ13:138:C6FWNANXX:2:2213:21084:68887_1:117178197",6.9e-13
"26654","HISEQ13:138:C6FWNANXX:2:2214:8358:97887_1:119257203",6.9e-13
"26655","HISEQ13:138:C6FWNANXX:2:1101:10703:47415_1:671944",6.9e-13
"26656","HISEQ13:138:C6FWNANXX:2:1305:14210:50175_1:56137922",6.9e-13
"26657","HISEQ13:138:C6FWNANXX:2:1116:16258:30245_1:23589553",6.9e-13
"26658","HISEQ13:138:C6FWNANXX:2:2203:13807:98791_1:102725691",6.9e-13
"26659","HISEQ13:138:C6FWNANXX:2:1312:13110:18629_1:66469802",6.9e-13
"26660","HISEQ13:138:C6FWNANXX:2:2116:3278:6351_1:96965037",6.9e-13
"26661","HISEQ13:138:C6FWNANXX:2:1308:14522:96544_1:61404697",6.9e-13
"26662","HISEQ13:138:C6FWNANXX:2:2303:16936:67592_1:126331113",6.9e-13
"26663","HISEQ13:138:C6FWNANXX:2:2316:15413:3224_1:145077332",7e-13
"26664","HISEQ13:138:C6FWNANXX:2:2315:17738:49247_1:144206169",7e-13
"26665","HISEQ13:138:C6FWNANXX:2:1101:12021:89305_1:1293222",7e-13
"26666","HISEQ13:138:C6FWNANXX:2:1215:9684:60770_1:47174792",7e-13
"26667","HISEQ13:138:C6FWNANXX:2:1215:8006:39193_1:46806102",7e-13
"26668","HISEQ13:138:C6FWNANXX:2:2104:6728:42671_1:79366951",7e-13
"26669","HISEQ13:138:C6FWNANXX:2:2115:17280:78251_1:96525135",7e-13
"26670","HISEQ13:138:C6FWNANXX:2:1211:11697:28563_1:40140900",7e-13
"26671","HISEQ13:138:C6FWNANXX:2:1301:21004:11635_1:49712656",7e-13
"26672","HISEQ13:138:C6FWNANXX:2:1306:19830:92828_1:58290852",7e-13
"26673","HISEQ13:138:C6FWNANXX:2:1313:16873:2349_1:67825478",7e-13
"26674","HISEQ13:138:C6FWNANXX:2:2105:2094:64036_1:81105341",7e-13
"26675","HISEQ13:138:C6FWNANXX:2:2109:4782:9148_1:86164484",7e-13
"26676","HISEQ13:138:C6FWNANXX:2:2112:6197:71059_1:91625751",7e-13
"26677","HISEQ13:138:C6FWNANXX:2:2307:8262:41487_1:131689073",7e-13
"26678","HISEQ13:138:C6FWNANXX:2:1215:5247:99101_1:47824411",7e-13
"26679","HISEQ13:138:C6FWNANXX:2:2103:5082:25757_1:77714963",7e-13
"26680","HISEQ13:138:C6FWNANXX:2:1209:19530:81432_1:37859326",7e-13
"26681","HISEQ13:138:C6FWNANXX:2:2102:18070:98713_1:77345743",7e-13
"26682","HISEQ13:138:C6FWNANXX:2:2108:9040:34750_1:85056253",7e-13
"26683","HISEQ13:138:C6FWNANXX:2:1116:9727:35188_1:23673540",7e-13
"26684","HISEQ13:138:C6FWNANXX:2:1312:12850:43323_1:66872964",7e-13
"26685","HISEQ13:138:C6FWNANXX:2:2214:21271:75613_1:118896649",7e-13
"26686","HISEQ13:138:C6FWNANXX:2:1215:4590:81077_1:47516161",7e-13
"26687","HISEQ13:138:C6FWNANXX:2:2304:6437:86492_1:128009999",7e-13
"26688","HISEQ13:138:C6FWNANXX:2:2212:20951:51981_1:115326569",7e-13
"26689","HISEQ13:138:C6FWNANXX:2:1213:2462:84906_1:44249390",7e-13
"26690","HISEQ13:138:C6FWNANXX:2:2114:6924:3522_1:93703494",7e-13
"26691","HISEQ13:138:C6FWNANXX:2:2302:7689:100001_1:125387789",7e-13
"26692","HISEQ13:138:C6FWNANXX:2:1104:7655:18949_1:4637646",7.1e-13
"26693","HISEQ13:138:C6FWNANXX:2:1107:11613:100554_1:10369809",7.1e-13
"26694","HISEQ13:138:C6FWNANXX:2:2102:14262:33320_1:76414801",7.1e-13
"26695","HISEQ13:138:C6FWNANXX:2:2301:9257:17118_1:122819450",7.1e-13
"26696","HISEQ13:138:C6FWNANXX:2:1201:17872:80605_1:25962963",7.1e-13
"26697","HISEQ13:138:C6FWNANXX:2:1311:6839:7660_1:64684997",7.1e-13
"26698","HISEQ13:138:C6FWNANXX:2:2215:18429:56845_1:120211042",7.1e-13
"26699","HISEQ13:138:C6FWNANXX:2:2216:3179:45716_1:121668536",7.1e-13
"26700","HISEQ13:138:C6FWNANXX:2:1303:13114:85168_1:53705913",7.1e-13
"26701","HISEQ13:138:C6FWNANXX:2:1314:7912:48469_1:70249630",7.1e-13
"26702","HISEQ13:138:C6FWNANXX:2:2303:20733:85854_1:126589465",7.1e-13
"26703","HISEQ13:138:C6FWNANXX:2:2303:6165:55854_1:126162199",7.1e-13
"26704","HISEQ13:138:C6FWNANXX:2:2316:3124:89655_1:146535968",7.1e-13
"26705","HISEQ13:138:C6FWNANXX:2:1307:1376:52599_1:59185524",7.1e-13
"26706","HISEQ13:138:C6FWNANXX:2:2206:18150:51143_1:106319532",7.1e-13
"26707","HISEQ13:138:C6FWNANXX:2:2314:19859:92638_1:143292742",7.1e-13
"26708","HISEQ13:138:C6FWNANXX:2:1305:16694:89641_1:56733102",7.1e-13
"26709","HISEQ13:138:C6FWNANXX:2:2113:6321:70561_1:93191124",7.1e-13
"26710","HISEQ13:138:C6FWNANXX:2:2301:5040:23492_1:122906985",7.1e-13
"26711","HISEQ13:138:C6FWNANXX:2:2114:17676:17572_1:93930884",7.1e-13
"26712","HISEQ13:138:C6FWNANXX:2:1310:9177:55374_1:63877170",7.1e-13
"26713","HISEQ13:138:C6FWNANXX:2:1314:9485:29173_1:69922604",7.1e-13
"26714","HISEQ13:138:C6FWNANXX:2:2209:5804:77897_1:111142256",7.1e-13
"26715","HISEQ13:138:C6FWNANXX:2:2315:5793:35961_1:143984826",7.1e-13
"26716","HISEQ13:138:C6FWNANXX:2:1308:17803:82102_1:61178040",7.1e-13
"26717","HISEQ13:138:C6FWNANXX:2:1106:4119:92364_1:8725513",7.2e-13
"26718","HISEQ13:138:C6FWNANXX:2:1210:13649:43663_1:38818603",7.2e-13
"26719","HISEQ13:138:C6FWNANXX:2:1312:18143:26381_1:66597483",7.2e-13
"26720","HISEQ13:138:C6FWNANXX:2:2112:2512:70918_1:91620935",7.2e-13
"26721","HISEQ13:138:C6FWNANXX:2:2116:7523:44477_1:97595172",7.2e-13
"26722","HISEQ13:138:C6FWNANXX:2:2303:8886:64381_1:126283458",7.2e-13
"26723","HISEQ13:138:C6FWNANXX:2:2101:12523:8546_1:74656276",7.2e-13
"26724","HISEQ13:138:C6FWNANXX:2:2116:11497:83392_1:98237112",7.2e-13
"26725","HISEQ13:138:C6FWNANXX:2:1105:3415:44267_1:6498257",7.2e-13
"26726","HISEQ13:138:C6FWNANXX:2:1303:6442:45891_1:53125519",7.2e-13
"26727","HISEQ13:138:C6FWNANXX:2:1313:19519:86010_1:69219680",7.2e-13
"26728","HISEQ13:138:C6FWNANXX:2:2215:19676:75313_1:120517711",7.2e-13
"26729","HISEQ13:138:C6FWNANXX:2:2314:3412:56315_1:142692877",7.2e-13
"26730","HISEQ13:138:C6FWNANXX:2:1103:14409:66294_1:3877655",7.2e-13
"26731","HISEQ13:138:C6FWNANXX:2:1308:5454:85769_1:61234305",7.2e-13
"26732","HISEQ13:138:C6FWNANXX:2:2216:15384:22232_1:121274539",7.2e-13
"26733","HISEQ13:138:C6FWNANXX:2:1211:20765:25757_1:40098798",7.2e-13
"26734","HISEQ13:138:C6FWNANXX:2:2205:19373:71002_1:105168713",7.2e-13
"26735","HISEQ13:138:C6FWNANXX:2:2303:2996:40123_1:125938187",7.2e-13
"26736","HISEQ13:138:C6FWNANXX:2:1205:2232:25248_1:30962773",7.2e-13
"26737","HISEQ13:138:C6FWNANXX:2:1211:15087:55364_1:40572663",7.2e-13
"26738","HISEQ13:138:C6FWNANXX:2:2316:4861:79425_1:146362582",7.2e-13
"26739","HISEQ13:138:C6FWNANXX:2:2107:17827:25979_1:83452464",7.3e-13
"26740","HISEQ13:138:C6FWNANXX:2:1311:16751:21755_1:64916066",7.3e-13
"26741","HISEQ13:138:C6FWNANXX:2:2102:11326:65171_1:76865468",7.3e-13
"26742","HISEQ13:138:C6FWNANXX:2:2309:18076:5821_1:134123291",7.3e-13
"26743","HISEQ13:138:C6FWNANXX:2:1107:8332:78719_1:10031428",7.3e-13
"26744","HISEQ13:138:C6FWNANXX:2:1116:18515:14598_1:23322825",7.3e-13
"26745","HISEQ13:138:C6FWNANXX:2:1208:19199:32924_1:35569979",7.3e-13
"26746","HISEQ13:138:C6FWNANXX:2:2107:11694:77235_1:84212690",7.3e-13
"26747","HISEQ13:138:C6FWNANXX:2:2308:11657:97068_1:134008031",7.3e-13
"26748","HISEQ13:138:C6FWNANXX:2:1312:11774:30898_1:66669564",7.3e-13
"26749","HISEQ13:138:C6FWNANXX:2:1311:5234:30802_1:65057436",7.3e-13
"26750","HISEQ13:138:C6FWNANXX:2:1311:11427:14767_1:64802945",7.3e-13
"26751","HISEQ13:138:C6FWNANXX:2:2107:12622:44125_1:83721408",7.3e-13
"26752","HISEQ13:138:C6FWNANXX:2:2206:6292:23246_1:105907409",7.3e-13
"26753","HISEQ13:138:C6FWNANXX:2:2306:13389:82053_1:130831136",7.3e-13
"26754","HISEQ13:138:C6FWNANXX:2:2207:5067:80140_1:108200398",7.3e-13
"26755","HISEQ13:138:C6FWNANXX:2:2111:18124:95182_1:90571423",7.3e-13
"26756","HISEQ13:138:C6FWNANXX:2:2210:17986:73804_1:112589764",7.3e-13
"26757","HISEQ13:138:C6FWNANXX:2:1201:19405:89477_1:26091624",7.3e-13
"26758","HISEQ13:138:C6FWNANXX:2:1205:12082:82416_1:31822104",7.3e-13
"26759","HISEQ13:138:C6FWNANXX:2:1216:18822:74257_1:49111189",7.3e-13
"26760","HISEQ13:138:C6FWNANXX:2:2116:5301:39996_1:97520924",7.3e-13
"26761","HISEQ13:138:C6FWNANXX:2:2309:19544:38236_1:134613505",7.3e-13
"26762","HISEQ13:138:C6FWNANXX:2:1108:17116:72901_1:11476763",7.3e-13
"26763","HISEQ13:138:C6FWNANXX:2:1113:6702:5592_1:18186043",7.3e-13
"26764","HISEQ13:138:C6FWNANXX:2:1114:1842:17496_1:20019900",7.3e-13
"26765","HISEQ13:138:C6FWNANXX:2:1203:7864:66141_1:28652988",7.3e-13
"26766","HISEQ13:138:C6FWNANXX:2:1205:12768:73917_1:31694075",7.3e-13
"26767","HISEQ13:138:C6FWNANXX:2:1207:5618:40099_1:34167884",7.3e-13
"26768","HISEQ13:138:C6FWNANXX:2:1212:7212:70272_1:42383565",7.3e-13
"26769","HISEQ13:138:C6FWNANXX:2:1316:19532:64396_1:73928723",7.3e-13
"26770","HISEQ13:138:C6FWNANXX:2:2305:8988:23000_1:128524106",7.3e-13
"26771","HISEQ13:138:C6FWNANXX:2:2314:7940:23960_1:142158960",7.3e-13
"26772","HISEQ13:138:C6FWNANXX:2:1104:15572:27115_1:4762306",7.3e-13
"26773","HISEQ13:138:C6FWNANXX:2:2206:8905:45428_1:106233598",7.3e-13
"26774","HISEQ13:138:C6FWNANXX:2:2214:20412:36491_1:118253016",7.3e-13
"26775","HISEQ13:138:C6FWNANXX:2:1113:19394:41211_1:18772175",7.3e-13
"26776","HISEQ13:138:C6FWNANXX:2:2203:8658:92995_1:102639095",7.3e-13
"26777","HISEQ13:138:C6FWNANXX:2:1101:8357:66421_1:953140",7.3e-13
"26778","HISEQ13:138:C6FWNANXX:2:1212:18250:19982_1:41564521",7.3e-13
"26779","HISEQ13:138:C6FWNANXX:2:1205:11873:96782_1:32038437",7.4e-13
"26780","HISEQ13:138:C6FWNANXX:2:2307:19955:45406_1:131750721",7.4e-13
"26781","HISEQ13:138:C6FWNANXX:2:2311:14278:78070_1:138282249",7.4e-13
"26782","HISEQ13:138:C6FWNANXX:2:1105:15613:27174_1:6241489",7.4e-13
"26783","HISEQ13:138:C6FWNANXX:2:1110:18963:56191_1:14330730",7.4e-13
"26784","HISEQ13:138:C6FWNANXX:2:2104:2829:83822_1:79960882",7.4e-13
"26785","HISEQ13:138:C6FWNANXX:2:2110:17323:94547_1:88974006",7.4e-13
"26786","HISEQ13:138:C6FWNANXX:2:2307:13137:87602_1:132377235",7.4e-13
"26787","HISEQ13:138:C6FWNANXX:2:2215:8579:43579_1:119991123",7.4e-13
"26788","HISEQ13:138:C6FWNANXX:2:1302:16330:47121_1:51685597",7.4e-13
"26789","HISEQ13:138:C6FWNANXX:2:1114:6412:6303_1:19836121",7.4e-13
"26790","HISEQ13:138:C6FWNANXX:2:1205:12456:94243_1:31997389",7.4e-13
"26791","HISEQ13:138:C6FWNANXX:2:2109:3783:3874_1:86084719",7.4e-13
"26792","HISEQ13:138:C6FWNANXX:2:2104:4335:79667_1:79900230",7.4e-13
"26793","HISEQ13:138:C6FWNANXX:2:2201:15970:6919_1:98596048",7.4e-13
"26794","HISEQ13:138:C6FWNANXX:2:1209:20908:70538_1:37691694",7.4e-13
"26795","HISEQ13:138:C6FWNANXX:2:1201:15749:23700_1:25123838",7.4e-13
"26796","HISEQ13:138:C6FWNANXX:2:1114:19395:50934_1:20584535",7.4e-13
"26797","HISEQ13:138:C6FWNANXX:2:1307:2400:84287_1:59675634",7.4e-13
"26798","HISEQ13:138:C6FWNANXX:2:2311:17837:17703_1:137332294",7.4e-13
"26799","HISEQ13:138:C6FWNANXX:2:2312:12678:91838_1:140065933",7.4e-13
"26800","HISEQ13:138:C6FWNANXX:2:2201:17185:3219_1:98542468",7.4e-13
"26801","HISEQ13:138:C6FWNANXX:2:2107:10309:70623_1:84115539",7.4e-13
"26802","HISEQ13:138:C6FWNANXX:2:1209:13437:31567_1:37080923",7.5e-13
"26803","HISEQ13:138:C6FWNANXX:2:2109:15008:43373_1:86686619",7.5e-13
"26804","HISEQ13:138:C6FWNANXX:2:1210:1807:84573_1:39457577",7.5e-13
"26805","HISEQ13:138:C6FWNANXX:2:1101:5151:10612_1:126855",7.5e-13
"26806","HISEQ13:138:C6FWNANXX:2:1103:7282:57354_1:3742511",7.5e-13
"26807","HISEQ13:138:C6FWNANXX:2:1114:13027:9990_1:19896154",7.5e-13
"26808","HISEQ13:138:C6FWNANXX:2:1203:12453:90091_1:29008528",7.5e-13
"26809","HISEQ13:138:C6FWNANXX:2:1102:16327:37993_1:1992303",7.5e-13
"26810","HISEQ13:138:C6FWNANXX:2:1112:8236:5437_1:16733462",7.5e-13
"26811","HISEQ13:138:C6FWNANXX:2:1201:11739:75832_1:25892146",7.5e-13
"26812","HISEQ13:138:C6FWNANXX:2:1310:18866:65888_1:64045102",7.5e-13
"26813","HISEQ13:138:C6FWNANXX:2:1209:18669:3231_1:36639662",7.5e-13
"26814","HISEQ13:138:C6FWNANXX:2:1101:13832:35794_1:502438",7.5e-13
"26815","HISEQ13:138:C6FWNANXX:2:2104:8528:7246_1:78856292",7.5e-13
"26816","HISEQ13:138:C6FWNANXX:2:2111:3866:39118_1:89641025",7.5e-13
"26817","HISEQ13:138:C6FWNANXX:2:2312:5083:88032_1:140004660",7.5e-13
"26818","HISEQ13:138:C6FWNANXX:2:1302:2028:11508_1:51161479",7.5e-13
"26819","HISEQ13:138:C6FWNANXX:2:2304:20970:46357_1:127437756",7.5e-13
"26820","HISEQ13:138:C6FWNANXX:2:1110:10825:79556_1:14698957",7.6e-13
"26821","HISEQ13:138:C6FWNANXX:2:2107:20033:5878_1:83154906",7.6e-13
"26822","HISEQ13:138:C6FWNANXX:2:2201:19142:58560_1:99333967",7.6e-13
"26823","HISEQ13:138:C6FWNANXX:2:2112:20104:46465_1:91239488",7.6e-13
"26824","HISEQ13:138:C6FWNANXX:2:2114:16149:79368_1:94933669",7.6e-13
"26825","HISEQ13:138:C6FWNANXX:2:2101:6835:37717_1:75069444",7.6e-13
"26826","HISEQ13:138:C6FWNANXX:2:2115:4113:36987_1:95847539",7.6e-13
"26827","HISEQ13:138:C6FWNANXX:2:2209:7547:27199_1:110372315",7.6e-13
"26828","HISEQ13:138:C6FWNANXX:2:2316:10058:50014_1:145870261",7.6e-13
"26829","HISEQ13:138:C6FWNANXX:2:2111:15943:92403_1:90522729",7.6e-13
"26830","HISEQ13:138:C6FWNANXX:2:2116:15841:22350_1:97232349",7.6e-13
"26831","HISEQ13:138:C6FWNANXX:2:1201:17972:64375_1:25723907",7.6e-13
"26832","HISEQ13:138:C6FWNANXX:2:1307:1583:82913_1:59652353",7.6e-13
"26833","HISEQ13:138:C6FWNANXX:2:2211:8281:34600_1:113508410",7.6e-13
"26834","HISEQ13:138:C6FWNANXX:2:2305:11961:80388_1:129355903",7.6e-13
"26835","HISEQ13:138:C6FWNANXX:2:1207:1613:64096_1:34531751",7.6e-13
"26836","HISEQ13:138:C6FWNANXX:2:1213:8672:9392_1:43005271",7.6e-13
"26837","HISEQ13:138:C6FWNANXX:2:2205:15768:38041_1:104691212",7.6e-13
"26838","HISEQ13:138:C6FWNANXX:2:1215:19528:57963_1:47125894",7.6e-13
"26839","HISEQ13:138:C6FWNANXX:2:2205:15768:38041_1:104691213",7.6e-13
"26840","HISEQ13:138:C6FWNANXX:2:1211:19915:55432_1:40573612",7.6e-13
"26841","HISEQ13:138:C6FWNANXX:2:2114:5182:71544_1:94805890",7.6e-13
"26842","HISEQ13:138:C6FWNANXX:2:1210:10712:30700_1:38613874",7.6e-13
"26843","HISEQ13:138:C6FWNANXX:2:1105:12887:72082_1:6915621",7.6e-13
"26844","HISEQ13:138:C6FWNANXX:2:2211:5397:57867_1:113871627",7.6e-13
"26845","HISEQ13:138:C6FWNANXX:2:2103:4851:55721_1:78137849",7.6e-13
"26846","HISEQ13:138:C6FWNANXX:2:2302:19492:65485_1:124896379",7.6e-13
"26847","HISEQ13:138:C6FWNANXX:2:2311:5067:51088_1:137853932",7.6e-13
"26848","HISEQ13:138:C6FWNANXX:2:1207:11330:41249_1:34184624",7.7e-13
"26849","HISEQ13:138:C6FWNANXX:2:1214:18844:60101_1:45493049",7.7e-13
"26850","HISEQ13:138:C6FWNANXX:2:1316:11322:85108_1:74289998",7.7e-13
"26851","HISEQ13:138:C6FWNANXX:2:2114:11091:71866_1:94811062",7.7e-13
"26852","HISEQ13:138:C6FWNANXX:2:2203:3630:88549_1:102577468",7.7e-13
"26853","HISEQ13:138:C6FWNANXX:2:2105:19951:42248_1:80790037",7.7e-13
"26854","HISEQ13:138:C6FWNANXX:2:2114:7974:25726_1:94058989",7.7e-13
"26855","HISEQ13:138:C6FWNANXX:2:2315:17533:66358_1:144490165",7.7e-13
"26856","HISEQ13:138:C6FWNANXX:2:1201:7671:12808_1:24964123",7.7e-13
"26857","HISEQ13:138:C6FWNANXX:2:1204:11223:61219_1:30029047",7.7e-13
"26858","HISEQ13:138:C6FWNANXX:2:1205:5962:72037_1:31666016",7.7e-13
"26859","HISEQ13:138:C6FWNANXX:2:2213:6069:65051_1:117114751",7.7e-13
"26860","HISEQ13:138:C6FWNANXX:2:2301:9341:62521_1:123460881",7.7e-13
"26861","HISEQ13:138:C6FWNANXX:2:2309:2592:74885_1:135172989",7.7e-13
"26862","HISEQ13:138:C6FWNANXX:2:1104:16708:90401_1:5706784",7.7e-13
"26863","HISEQ13:138:C6FWNANXX:2:1214:18204:83705_1:45889049",7.7e-13
"26864","HISEQ13:138:C6FWNANXX:2:1304:1572:76970_1:55054706",7.7e-13
"26865","HISEQ13:138:C6FWNANXX:2:1208:14079:99478_1:36598278",7.7e-13
"26866","HISEQ13:138:C6FWNANXX:2:1112:18679:98905_1:18095683",7.7e-13
"26867","HISEQ13:138:C6FWNANXX:2:1114:12904:31826_1:20264535",7.7e-13
"26868","HISEQ13:138:C6FWNANXX:2:1201:19265:40352_1:25371451",7.7e-13
"26869","HISEQ13:138:C6FWNANXX:2:2213:8085:7902_1:116197885",7.7e-13
"26870","HISEQ13:138:C6FWNANXX:2:2315:5262:68130_1:144516227",7.7e-13
"26871","HISEQ13:138:C6FWNANXX:2:1209:10323:37864_1:37177191",7.7e-13
"26872","HISEQ13:138:C6FWNANXX:2:1314:14119:8044_1:69567813",7.7e-13
"26873","HISEQ13:138:C6FWNANXX:2:1305:12521:5022_1:55462358",7.7e-13
"26874","HISEQ13:138:C6FWNANXX:2:1310:12652:47895_1:63758005",7.7e-13
"26875","HISEQ13:138:C6FWNANXX:2:2215:18734:81991_1:120624737",7.7e-13
"26876","HISEQ13:138:C6FWNANXX:2:2113:14281:88750_1:93482090",7.8e-13
"26877","HISEQ13:138:C6FWNANXX:2:2113:9620:99130_1:93649977",7.8e-13
"26878","HISEQ13:138:C6FWNANXX:2:2113:20143:67732_1:93145842",7.8e-13
"26879","HISEQ13:138:C6FWNANXX:2:2204:10217:76146_1:103813215",7.8e-13
"26880","HISEQ13:138:C6FWNANXX:2:2206:7870:31780_1:106035052",7.8e-13
"26881","HISEQ13:138:C6FWNANXX:2:2303:18060:19957_1:125653481",7.8e-13
"26882","HISEQ13:138:C6FWNANXX:2:2308:7976:38349_1:133119576",7.8e-13
"26883","HISEQ13:138:C6FWNANXX:2:2312:3728:34378_1:139150441",7.8e-13
"26884","HISEQ13:138:C6FWNANXX:2:2312:16777:3643_1:138666715",7.8e-13
"26885","HISEQ13:138:C6FWNANXX:2:1304:11634:34328_1:54420186",7.8e-13
"26886","HISEQ13:138:C6FWNANXX:2:1304:19162:16238_1:54151083",7.8e-13
"26887","HISEQ13:138:C6FWNANXX:2:2307:9831:95561_1:132494820",7.8e-13
"26888","HISEQ13:138:C6FWNANXX:2:1308:20974:77284_1:61103106",7.8e-13
"26889","HISEQ13:138:C6FWNANXX:2:1104:15982:47305_1:5064494",7.8e-13
"26890","HISEQ13:138:C6FWNANXX:2:2212:5029:88071_1:115900149",7.8e-13
"26891","HISEQ13:138:C6FWNANXX:2:2214:5717:51383_1:118494604",7.8e-13
"26892","HISEQ13:138:C6FWNANXX:2:1216:21113:82198_1:49247402",7.8e-13
"26893","HISEQ13:138:C6FWNANXX:2:1309:3429:66562_1:62488190",7.8e-13
"26894","HISEQ13:138:C6FWNANXX:2:1214:3124:20116_1:44818064",7.8e-13
"26895","HISEQ13:138:C6FWNANXX:2:1312:8255:7428_1:66284786",7.8e-13
"26896","HISEQ13:138:C6FWNANXX:2:1116:20452:95634_1:24715085",7.8e-13
"26897","HISEQ13:138:C6FWNANXX:2:2203:2876:13927_1:101510052",7.8e-13
"26898","HISEQ13:138:C6FWNANXX:2:2206:20845:60766_1:106463620",7.9e-13
"26899","HISEQ13:138:C6FWNANXX:2:2110:20519:52357_1:88332525",7.9e-13
"26900","HISEQ13:138:C6FWNANXX:2:2206:20112:96190_1:106980897",7.9e-13
"26901","HISEQ13:138:C6FWNANXX:2:2307:13759:9834_1:131223577",7.9e-13
"26902","HISEQ13:138:C6FWNANXX:2:1215:19393:18257_1:46456221",7.9e-13
"26903","HISEQ13:138:C6FWNANXX:2:2101:10599:27119_1:74920470",7.9e-13
"26904","HISEQ13:138:C6FWNANXX:2:2304:16651:44983_1:127415470",7.9e-13
"26905","HISEQ13:138:C6FWNANXX:2:2309:2280:31361_1:134507934",7.9e-13
"26906","HISEQ13:138:C6FWNANXX:2:2203:4898:68482_1:102288914",7.9e-13
"26907","HISEQ13:138:C6FWNANXX:2:1204:18834:36561_1:29665602",7.9e-13
"26908","HISEQ13:138:C6FWNANXX:2:2108:4021:10362_1:84692110",7.9e-13
"26909","HISEQ13:138:C6FWNANXX:2:2214:8856:46662_1:118417526",7.9e-13
"26910","HISEQ13:138:C6FWNANXX:2:2216:8160:33237_1:121458550",7.9e-13
"26911","HISEQ13:138:C6FWNANXX:2:2316:11299:37642_1:145659974",7.9e-13
"26912","HISEQ13:138:C6FWNANXX:2:1113:7380:63705_1:19141402",7.9e-13
"26913","HISEQ13:138:C6FWNANXX:2:1212:16379:3239_1:41327053",7.9e-13
"26914","HISEQ13:138:C6FWNANXX:2:1314:13725:13048_1:69651910",7.9e-13
"26915","HISEQ13:138:C6FWNANXX:2:2116:20167:5120_1:96947716",7.9e-13
"26916","HISEQ13:138:C6FWNANXX:2:2314:2864:3378_1:141824644",7.9e-13
"26917","HISEQ13:138:C6FWNANXX:2:1205:17146:37690_1:31151319",7.9e-13
"26918","HISEQ13:138:C6FWNANXX:2:1311:12245:95456_1:66108971",7.9e-13
"26919","HISEQ13:138:C6FWNANXX:2:2210:18201:90208_1:112838538",7.9e-13
"26920","HISEQ13:138:C6FWNANXX:2:2215:3651:70957_1:120440335",7.9e-13
"26921","HISEQ13:138:C6FWNANXX:2:2304:11765:83806_1:127974805",7.9e-13
"26922","HISEQ13:138:C6FWNANXX:2:1114:16447:29183_1:20219244",7.9e-13
"26923","HISEQ13:138:C6FWNANXX:2:1101:15533:60622_1:869220",7.9e-13
"26924","HISEQ13:138:C6FWNANXX:2:1111:18694:98340_1:16656494",7.9e-13
"26925","HISEQ13:138:C6FWNANXX:2:1216:10383:34097_1:48410558",7.9e-13
"26926","HISEQ13:138:C6FWNANXX:2:2210:19839:58359_1:112354669",7.9e-13
"26927","HISEQ13:138:C6FWNANXX:2:2311:2249:17277_1:137325332",7.9e-13
"26928","HISEQ13:138:C6FWNANXX:2:1208:1546:8853_1:35198144",8e-13
"26929","HISEQ13:138:C6FWNANXX:2:1111:20227:89751_1:16495567",8e-13
"26930","HISEQ13:138:C6FWNANXX:2:1116:6366:7491_1:23195537",8e-13
"26931","HISEQ13:138:C6FWNANXX:2:1215:20480:46117_1:46926731",8e-13
"26932","HISEQ13:138:C6FWNANXX:2:1108:20656:67494_1:11390410",8e-13
"26933","HISEQ13:138:C6FWNANXX:2:1114:3576:32083_1:20266754",8e-13
"26934","HISEQ13:138:C6FWNANXX:2:2204:9213:17193_1:102966138",8e-13
"26935","HISEQ13:138:C6FWNANXX:2:1210:15479:14080_1:38354830",8e-13
"26936","HISEQ13:138:C6FWNANXX:2:1215:10007:73271_1:47386159",8e-13
"26937","HISEQ13:138:C6FWNANXX:2:2303:12244:85902_1:126587906",8e-13
"26938","HISEQ13:138:C6FWNANXX:2:2303:5335:13210_1:125555529",8e-13
"26939","HISEQ13:138:C6FWNANXX:2:1208:13475:51471_1:35853642",8e-13
"26940","HISEQ13:138:C6FWNANXX:2:2107:17562:36563_1:83611215",8e-13
"26941","HISEQ13:138:C6FWNANXX:2:2311:16441:82128_1:138345910",8e-13
"26942","HISEQ13:138:C6FWNANXX:2:1101:6712:92628_1:1340075",8e-13
"26943","HISEQ13:138:C6FWNANXX:2:1201:12020:12608_1:24961234",8e-13
"26944","HISEQ13:138:C6FWNANXX:2:1110:12152:91977_1:14891375",8e-13
"26945","HISEQ13:138:C6FWNANXX:2:2303:10722:49420_1:126071519",8e-13
"26946","HISEQ13:138:C6FWNANXX:2:2112:4231:6312_1:90722030",8e-13
"26947","HISEQ13:138:C6FWNANXX:2:2108:10229:38233_1:85109505",8e-13
"26948","HISEQ13:138:C6FWNANXX:2:2210:10662:25532_1:111852736",8e-13
"26949","HISEQ13:138:C6FWNANXX:2:2216:16573:53660_1:121806900",8e-13
"26950","HISEQ13:138:C6FWNANXX:2:2208:10190:64051_1:109438096",8e-13
"26951","HISEQ13:138:C6FWNANXX:2:1102:11480:55747_1:2252792",8.1e-13
"26952","HISEQ13:138:C6FWNANXX:2:1110:5315:2694_1:13482924",8.1e-13
"26953","HISEQ13:138:C6FWNANXX:2:1316:10638:73461_1:74084346",8.1e-13
"26954","HISEQ13:138:C6FWNANXX:2:2114:10275:96039_1:95203895",8.1e-13
"26955","HISEQ13:138:C6FWNANXX:2:1202:2514:32982_1:26711622",8.1e-13
"26956","HISEQ13:138:C6FWNANXX:2:2204:14447:49543_1:103433197",8.1e-13
"26957","HISEQ13:138:C6FWNANXX:2:1213:4466:3167_1:42901563",8.1e-13
"26958","HISEQ13:138:C6FWNANXX:2:1311:10887:23240_1:64935049",8.1e-13
"26959","HISEQ13:138:C6FWNANXX:2:1102:14823:47276_1:2131493",8.1e-13
"26960","HISEQ13:138:C6FWNANXX:2:2213:11497:68303_1:117168042",8.1e-13
"26961","HISEQ13:138:C6FWNANXX:2:1310:4223:48311_1:63764254",8.1e-13
"26962","HISEQ13:138:C6FWNANXX:2:2102:4461:17466_1:76186240",8.1e-13
"26963","HISEQ13:138:C6FWNANXX:2:1204:17814:52579_1:29903937",8.1e-13
"26964","HISEQ13:138:C6FWNANXX:2:1214:19306:100203_1:46166459",8.1e-13
"26965","HISEQ13:138:C6FWNANXX:2:2110:10660:59700_1:88441492",8.1e-13
"26966","HISEQ13:138:C6FWNANXX:2:2204:20398:97699_1:104124382",8.1e-13
"26967","HISEQ13:138:C6FWNANXX:2:2106:7759:81014_1:82804406",8.1e-13
"26968","HISEQ13:138:C6FWNANXX:2:1102:19449:93498_1:2812875",8.1e-13
"26969","HISEQ13:138:C6FWNANXX:2:1202:4846:10705_1:26385231",8.1e-13
"26970","HISEQ13:138:C6FWNANXX:2:1215:14466:73594_1:47391290",8.1e-13
"26971","HISEQ13:138:C6FWNANXX:2:1305:17368:62470_1:56322211",8.1e-13
"26972","HISEQ13:138:C6FWNANXX:2:1306:14691:34687_1:57400575",8.1e-13
"26973","HISEQ13:138:C6FWNANXX:2:2212:4126:36946_1:115087077",8.1e-13
"26974","HISEQ13:138:C6FWNANXX:2:2301:17269:84317_1:123769006",8.1e-13
"26975","HISEQ13:138:C6FWNANXX:2:2308:12400:64603_1:133515969",8.1e-13
"26976","HISEQ13:138:C6FWNANXX:2:2111:13695:86512_1:90421847",8.1e-13
"26977","HISEQ13:138:C6FWNANXX:2:2204:13932:2649_1:102762782",8.1e-13
"26978","HISEQ13:138:C6FWNANXX:2:2305:3734:32701_1:128659685",8.1e-13
"26979","HISEQ13:138:C6FWNANXX:2:1314:1544:76233_1:70719586",8.1e-13
"26980","HISEQ13:138:C6FWNANXX:2:1103:9730:3620_1:2946021",8.1e-13
"26981","HISEQ13:138:C6FWNANXX:2:1201:5652:69514_1:25799398",8.1e-13
"26982","HISEQ13:138:C6FWNANXX:2:1307:14022:89850_1:59761782",8.1e-13
"26983","HISEQ13:138:C6FWNANXX:2:2112:9748:1972_1:90678943",8.1e-13
"26984","HISEQ13:138:C6FWNANXX:2:2202:14314:40180_1:100476355",8.1e-13
"26985","HISEQ13:138:C6FWNANXX:2:2309:14785:42394_1:134677169",8.1e-13
"26986","HISEQ13:138:C6FWNANXX:2:2314:18278:67429_1:142877845",8.1e-13
"26987","HISEQ13:138:C6FWNANXX:2:2109:19078:13077_1:86228004",8.1e-13
"26988","HISEQ13:138:C6FWNANXX:2:2112:21114:50119_1:91298025",8.1e-13
"26989","HISEQ13:138:C6FWNANXX:2:1301:15238:49238_1:50262628",8.1e-13
"26990","HISEQ13:138:C6FWNANXX:2:1101:3500:70369_1:1011088",8.2e-13
"26991","HISEQ13:138:C6FWNANXX:2:2113:10697:29831_1:92540313",8.2e-13
"26992","HISEQ13:138:C6FWNANXX:2:2315:10542:77147_1:144663435",8.2e-13
"26993","HISEQ13:138:C6FWNANXX:2:1105:1619:41882_1:6460764",8.2e-13
"26994","HISEQ13:138:C6FWNANXX:2:1206:19963:85909_1:33366361",8.2e-13
"26995","HISEQ13:138:C6FWNANXX:2:1209:2910:26745_1:37001662",8.2e-13
"26996","HISEQ13:138:C6FWNANXX:2:2115:18886:60245_1:96228143",8.2e-13
"26997","HISEQ13:138:C6FWNANXX:2:1113:21418:72216_1:19285607",8.2e-13
"26998","HISEQ13:138:C6FWNANXX:2:2207:19826:22254_1:107350377",8.2e-13
"26999","HISEQ13:138:C6FWNANXX:2:1109:8410:9986_1:12036629",8.2e-13
"27000","HISEQ13:138:C6FWNANXX:2:1307:11429:62171_1:59334517",8.2e-13
"27001","HISEQ13:138:C6FWNANXX:2:1301:2320:87544_1:50826060",8.2e-13
"27002","HISEQ13:138:C6FWNANXX:2:2201:2564:47657_1:99174315",8.2e-13
"27003","HISEQ13:138:C6FWNANXX:2:2210:15132:10087_1:111616783",8.2e-13
"27004","HISEQ13:138:C6FWNANXX:2:1103:2320:22984_1:3230815",8.2e-13
"27005","HISEQ13:138:C6FWNANXX:2:1315:16610:67108_1:72256563",8.2e-13
"27006","HISEQ13:138:C6FWNANXX:2:1103:7901:59866_1:3779326",8.2e-13
"27007","HISEQ13:138:C6FWNANXX:2:2215:2249:35003_1:119849807",8.2e-13
"27008","HISEQ13:138:C6FWNANXX:2:2304:19653:73318_1:127825702",8.2e-13
"27009","HISEQ13:138:C6FWNANXX:2:2103:11266:19505_1:77626815",8.2e-13
"27010","HISEQ13:138:C6FWNANXX:2:2208:4784:30676_1:108934836",8.2e-13
"27011","HISEQ13:138:C6FWNANXX:2:1113:17604:34930_1:18668842",8.2e-13
"27012","HISEQ13:138:C6FWNANXX:2:1210:5492:45587_1:38848187",8.2e-13
"27013","HISEQ13:138:C6FWNANXX:2:1306:21356:60172_1:57790971",8.2e-13
"27014","HISEQ13:138:C6FWNANXX:2:1204:5652:70596_1:30168847",8.2e-13
"27015","HISEQ13:138:C6FWNANXX:2:1303:19367:30564_1:52901596",8.2e-13
"27016","HISEQ13:138:C6FWNANXX:2:2109:8487:98799_1:87529824",8.2e-13
"27017","HISEQ13:138:C6FWNANXX:2:1213:2194:55209_1:43757141",8.2e-13
"27018","HISEQ13:138:C6FWNANXX:2:2111:12667:85243_1:90395959",8.2e-13
"27019","HISEQ13:138:C6FWNANXX:2:1109:15155:5798_1:11975624",8.3e-13
"27020","HISEQ13:138:C6FWNANXX:2:1203:15590:13444_1:27878570",8.3e-13
"27021","HISEQ13:138:C6FWNANXX:2:1305:13250:82100_1:56619779",8.3e-13
"27022","HISEQ13:138:C6FWNANXX:2:1308:18897:61395_1:60852476",8.3e-13
"27023","HISEQ13:138:C6FWNANXX:2:1315:15285:99983_1:72823322",8.3e-13
"27024","HISEQ13:138:C6FWNANXX:2:2102:12906:83735_1:77130744",8.3e-13
"27025","HISEQ13:138:C6FWNANXX:2:2102:2103:47174_1:76608358",8.3e-13
"27026","HISEQ13:138:C6FWNANXX:2:2113:16988:61202_1:93041181",8.3e-13
"27027","HISEQ13:138:C6FWNANXX:2:2301:20014:23109_1:122906089",8.3e-13
"27028","HISEQ13:138:C6FWNANXX:2:1109:12499:58239_1:12797732",8.3e-13
"27029","HISEQ13:138:C6FWNANXX:2:1103:14233:38509_1:3466230",8.3e-13
"27030","HISEQ13:138:C6FWNANXX:2:2116:6720:71696_1:98041694",8.3e-13
"27031","HISEQ13:138:C6FWNANXX:2:1111:10189:81096_1:16333206",8.3e-13
"27032","HISEQ13:138:C6FWNANXX:2:1114:2977:68400_1:20876165",8.3e-13
"27033","HISEQ13:138:C6FWNANXX:2:1104:14968:47847_1:5071739",8.3e-13
"27034","HISEQ13:138:C6FWNANXX:2:1316:20313:69847_1:74025296",8.3e-13
"27035","HISEQ13:138:C6FWNANXX:2:2216:3143:87520_1:122381481",8.3e-13
"27036","HISEQ13:138:C6FWNANXX:2:1102:4772:90867_1:2773215",8.3e-13
"27037","HISEQ13:138:C6FWNANXX:2:1102:9753:58464_1:2292879",8.3e-13
"27038","HISEQ13:138:C6FWNANXX:2:1202:8105:62112_1:27141043",8.3e-13
"27039","HISEQ13:138:C6FWNANXX:2:2108:12698:51234_1:85306136",8.3e-13
"27040","HISEQ13:138:C6FWNANXX:2:1206:10829:97527_1:33542960",8.3e-13
"27041","HISEQ13:138:C6FWNANXX:2:1206:6141:50402_1:32827880",8.3e-13
"27042","HISEQ13:138:C6FWNANXX:2:1302:9021:16477_1:51232771",8.4e-13
"27043","HISEQ13:138:C6FWNANXX:2:2101:1506:18036_1:74789855",8.4e-13
"27044","HISEQ13:138:C6FWNANXX:2:2301:1278:34632_1:123065314",8.4e-13
"27045","HISEQ13:138:C6FWNANXX:2:1309:10087:36029_1:62006665",8.4e-13
"27046","HISEQ13:138:C6FWNANXX:2:2101:15553:52130_1:75277401",8.4e-13
"27047","HISEQ13:138:C6FWNANXX:2:1107:10143:83528_1:10108197",8.4e-13
"27048","HISEQ13:138:C6FWNANXX:2:1108:7941:72009_1:11462950",8.4e-13
"27049","HISEQ13:138:C6FWNANXX:2:1210:20233:78608_1:39366364",8.4e-13
"27050","HISEQ13:138:C6FWNANXX:2:2209:13406:66246_1:110965173",8.4e-13
"27051","HISEQ13:138:C6FWNANXX:2:2301:7487:78418_1:123682395",8.4e-13
"27052","HISEQ13:138:C6FWNANXX:2:2108:3837:72892_1:85633247",8.4e-13
"27053","HISEQ13:138:C6FWNANXX:2:2114:10000:16265_1:93908862",8.4e-13
"27054","HISEQ13:138:C6FWNANXX:2:1307:6473:33878_1:58898430",8.4e-13
"27055","HISEQ13:138:C6FWNANXX:2:1103:5672:98695_1:4353774",8.4e-13
"27056","HISEQ13:138:C6FWNANXX:2:1104:12947:82902_1:5593657",8.4e-13
"27057","HISEQ13:138:C6FWNANXX:2:1205:15011:60821_1:31499330",8.4e-13
"27058","HISEQ13:138:C6FWNANXX:2:2305:18821:25269_1:128557773",8.4e-13
"27059","HISEQ13:138:C6FWNANXX:2:2305:6155:59080_1:129046695",8.4e-13
"27060","HISEQ13:138:C6FWNANXX:2:2309:7572:57941_1:134911440",8.4e-13
"27061","HISEQ13:138:C6FWNANXX:2:1209:2054:70875_1:37691954",8.4e-13
"27062","HISEQ13:138:C6FWNANXX:2:2207:11277:16876_1:107268221",8.4e-13
"27063","HISEQ13:138:C6FWNANXX:2:1108:2397:92142_1:11775353",8.4e-13
"27064","HISEQ13:138:C6FWNANXX:2:1308:9982:63360_1:60881587",8.4e-13
"27065","HISEQ13:138:C6FWNANXX:2:2302:6640:83370_1:125150299",8.4e-13
"27066","HISEQ13:138:C6FWNANXX:2:2315:5663:24269_1:143794105",8.4e-13
"27067","HISEQ13:138:C6FWNANXX:2:2113:19157:23461_1:92438789",8.4e-13
"27068","HISEQ13:138:C6FWNANXX:2:2214:7267:87521_1:119089552",8.4e-13
"27069","HISEQ13:138:C6FWNANXX:2:2207:7225:39286_1:107597037",8.4e-13
"27070","HISEQ13:138:C6FWNANXX:2:2213:1984:99245_1:117660780",8.4e-13
"27071","HISEQ13:138:C6FWNANXX:2:1301:5126:77264_1:50676365",8.5e-13
"27072","HISEQ13:138:C6FWNANXX:2:2313:18465:86338_1:141572483",8.5e-13
"27073","HISEQ13:138:C6FWNANXX:2:1307:19230:63451_1:59355411",8.5e-13
"27074","HISEQ13:138:C6FWNANXX:2:2204:15845:38297_1:103271873",8.5e-13
"27075","HISEQ13:138:C6FWNANXX:2:1206:21243:74314_1:33194407",8.5e-13
"27076","HISEQ13:138:C6FWNANXX:2:1207:17521:71068_1:34642420",8.5e-13
"27077","HISEQ13:138:C6FWNANXX:2:1303:2237:4520_1:52513174",8.5e-13
"27078","HISEQ13:138:C6FWNANXX:2:1313:10951:66272_1:68886142",8.5e-13
"27079","HISEQ13:138:C6FWNANXX:2:1115:8502:90978_1:22931426",8.5e-13
"27080","HISEQ13:138:C6FWNANXX:2:1112:10562:80966_1:17799068",8.5e-13
"27081","HISEQ13:138:C6FWNANXX:2:2108:6686:47443_1:85248096",8.5e-13
"27082","HISEQ13:138:C6FWNANXX:2:2107:20769:75236_1:84184131",8.6e-13
"27083","HISEQ13:138:C6FWNANXX:2:1108:12263:50624_1:11127521",8.6e-13
"27084","HISEQ13:138:C6FWNANXX:2:2107:20553:85258_1:84338085",8.6e-13
"27085","HISEQ13:138:C6FWNANXX:2:1105:19120:47835_1:6554139",8.6e-13
"27086","HISEQ13:138:C6FWNANXX:2:1207:4588:87698_1:34891929",8.6e-13
"27087","HISEQ13:138:C6FWNANXX:2:1303:7216:51708_1:53209915",8.6e-13
"27088","HISEQ13:138:C6FWNANXX:2:1308:18999:44392_1:60587112",8.6e-13
"27089","HISEQ13:138:C6FWNANXX:2:2303:10299:5361_1:125445704",8.6e-13
"27090","HISEQ13:138:C6FWNANXX:2:2215:17847:88327_1:120732571",8.6e-13
"27091","HISEQ13:138:C6FWNANXX:2:2301:20994:76822_1:123663997",8.6e-13
"27092","HISEQ13:138:C6FWNANXX:2:1206:2409:66039_1:33065597",8.6e-13
"27093","HISEQ13:138:C6FWNANXX:2:2115:4145:5523_1:95338437",8.6e-13
"27094","HISEQ13:138:C6FWNANXX:2:2212:3295:68159_1:115579786",8.6e-13
"27095","HISEQ13:138:C6FWNANXX:2:2204:4308:30405_1:103155472",8.6e-13
"27096","HISEQ13:138:C6FWNANXX:2:2204:8386:55348_1:103515234",8.6e-13
"27097","HISEQ13:138:C6FWNANXX:2:2215:6711:71613_1:120453382",8.6e-13
"27098","HISEQ13:138:C6FWNANXX:2:2313:17561:45694_1:140911754",8.6e-13
"27099","HISEQ13:138:C6FWNANXX:2:1312:16742:92618_1:67683936",8.6e-13
"27100","HISEQ13:138:C6FWNANXX:2:1111:6828:86156_1:16423085",8.6e-13
"27101","HISEQ13:138:C6FWNANXX:2:1115:9026:93073_1:22969925",8.6e-13
"27102","HISEQ13:138:C6FWNANXX:2:2103:5746:98242_1:78742779",8.6e-13
"27103","HISEQ13:138:C6FWNANXX:2:1310:13375:9300_1:63146635",8.7e-13
"27104","HISEQ13:138:C6FWNANXX:2:1314:20183:35089_1:70026625",8.7e-13
"27105","HISEQ13:138:C6FWNANXX:2:1211:17401:87063_1:41084500",8.7e-13
"27106","HISEQ13:138:C6FWNANXX:2:1115:18517:56085_1:22342930",8.7e-13
"27107","HISEQ13:138:C6FWNANXX:2:2302:19778:80022_1:125106404",8.7e-13
"27108","HISEQ13:138:C6FWNANXX:2:2309:20435:10588_1:134195764",8.7e-13
"27109","HISEQ13:138:C6FWNANXX:2:1110:3605:34374_1:13983414",8.7e-13
"27110","HISEQ13:138:C6FWNANXX:2:2313:8279:35501_1:140747809",8.7e-13
"27111","HISEQ13:138:C6FWNANXX:2:2202:16393:90206_1:101189553",8.7e-13
"27112","HISEQ13:138:C6FWNANXX:2:2314:17247:23691_1:142156742",8.7e-13
"27113","HISEQ13:138:C6FWNANXX:2:1214:14686:81212_1:45846182",8.7e-13
"27114","HISEQ13:138:C6FWNANXX:2:1312:9372:55758_1:67076975",8.7e-13
"27115","HISEQ13:138:C6FWNANXX:2:2115:11432:18338_1:95548460",8.7e-13
"27116","HISEQ13:138:C6FWNANXX:2:2203:7731:70271_1:102317738",8.7e-13
"27117","HISEQ13:138:C6FWNANXX:2:1311:11643:52528_1:65411120",8.7e-13
"27118","HISEQ13:138:C6FWNANXX:2:2112:2332:34091_1:91044776",8.7e-13
"27119","HISEQ13:138:C6FWNANXX:2:2215:17705:2130_1:119309519",8.7e-13
"27120","HISEQ13:138:C6FWNANXX:2:1312:16742:92618_1:67683937",8.8e-13
"27121","HISEQ13:138:C6FWNANXX:2:1314:11257:51842_1:70309466",8.8e-13
"27122","HISEQ13:138:C6FWNANXX:2:2211:5185:61494_1:113926229",8.8e-13
"27123","HISEQ13:138:C6FWNANXX:2:1216:9182:69649_1:49026058",8.8e-13
"27124","HISEQ13:138:C6FWNANXX:2:1303:17998:21133_1:52759980",8.8e-13
"27125","HISEQ13:138:C6FWNANXX:2:2212:10403:92609_1:115973372",8.8e-13
"27126","HISEQ13:138:C6FWNANXX:2:2303:3543:77065_1:126462705",8.8e-13
"27127","HISEQ13:138:C6FWNANXX:2:2308:18251:85299_1:133830426",8.8e-13
"27128","HISEQ13:138:C6FWNANXX:2:1210:12137:58848_1:39056953",8.8e-13
"27129","HISEQ13:138:C6FWNANXX:2:2315:3461:64652_1:144458187",8.8e-13
"27130","HISEQ13:138:C6FWNANXX:2:2201:16976:58013_1:99326361",8.8e-13
"27131","HISEQ13:138:C6FWNANXX:2:1104:15417:79545_1:5545026",8.8e-13
"27132","HISEQ13:138:C6FWNANXX:2:1104:12190:15202_1:4582633",8.8e-13
"27133","HISEQ13:138:C6FWNANXX:2:1316:6977:88118_1:74341372",8.8e-13
"27134","HISEQ13:138:C6FWNANXX:2:1114:15308:34921_1:20315871",8.8e-13
"27135","HISEQ13:138:C6FWNANXX:2:1206:14925:90433_1:33433897",8.8e-13
"27136","HISEQ13:138:C6FWNANXX:2:2205:7066:34817_1:104642313",8.8e-13
"27137","HISEQ13:138:C6FWNANXX:2:2306:8834:52407_1:130393234",8.8e-13
"27138","HISEQ13:138:C6FWNANXX:2:2105:17308:61470_1:81068057",8.8e-13
"27139","HISEQ13:138:C6FWNANXX:2:2208:11423:52904_1:109268992",8.8e-13
"27140","HISEQ13:138:C6FWNANXX:2:2310:7853:64922_1:136538224",8.9e-13
"27141","HISEQ13:138:C6FWNANXX:2:2306:18362:91733_1:130972133",8.9e-13
"27142","HISEQ13:138:C6FWNANXX:2:1303:13114:85168_1:53705912",8.9e-13
"27143","HISEQ13:138:C6FWNANXX:2:2209:15599:22002_1:110298154",8.9e-13
"27144","HISEQ13:138:C6FWNANXX:2:1104:8577:54364_1:5166969",8.9e-13
"27145","HISEQ13:138:C6FWNANXX:2:2203:9531:95072_1:102671592",8.9e-13
"27146","HISEQ13:138:C6FWNANXX:2:1104:16701:14917_1:4579704",8.9e-13
"27147","HISEQ13:138:C6FWNANXX:2:2116:21285:31129_1:97379355",8.9e-13
"27148","HISEQ13:138:C6FWNANXX:2:2205:7391:80556_1:105304675",8.9e-13
"27149","HISEQ13:138:C6FWNANXX:2:2302:14244:45705_1:124616445",8.9e-13
"27150","HISEQ13:138:C6FWNANXX:2:2302:16674:45029_1:124609845",8.9e-13
"27151","HISEQ13:138:C6FWNANXX:2:2307:5178:10534_1:131232932",8.9e-13
"27152","HISEQ13:138:C6FWNANXX:2:2111:1410:40141_1:89656369",8.9e-13
"27153","HISEQ13:138:C6FWNANXX:2:1306:8037:11133_1:57040569",8.9e-13
"27154","HISEQ13:138:C6FWNANXX:2:1308:6355:69414_1:60974198",8.9e-13
"27155","HISEQ13:138:C6FWNANXX:2:2314:2291:46577_1:142531639",8.9e-13
"27156","HISEQ13:138:C6FWNANXX:2:1104:21180:17640_1:4621492",8.9e-13
"27157","HISEQ13:138:C6FWNANXX:2:1310:19292:29562_1:63468714",8.9e-13
"27158","HISEQ13:138:C6FWNANXX:2:2112:15855:32831_1:91027996",8.9e-13
"27159","HISEQ13:138:C6FWNANXX:2:2114:16140:77839_1:94909714",8.9e-13
"27160","HISEQ13:138:C6FWNANXX:2:2304:10901:39773_1:127342938",8.9e-13
"27161","HISEQ13:138:C6FWNANXX:2:1201:3369:81098_1:25967649",8.9e-13
"27162","HISEQ13:138:C6FWNANXX:2:1211:18777:82288_1:41008412",8.9e-13
"27163","HISEQ13:138:C6FWNANXX:2:2210:6136:100263_1:112992123",8.9e-13
"27164","HISEQ13:138:C6FWNANXX:2:2308:15391:6880_1:132646339",8.9e-13
"27165","HISEQ13:138:C6FWNANXX:2:1109:14472:19450_1:12187439",8.9e-13
"27166","HISEQ13:138:C6FWNANXX:2:1113:16110:94210_1:19651291",8.9e-13
"27167","HISEQ13:138:C6FWNANXX:2:1215:16884:22813_1:46532072",8.9e-13
"27168","HISEQ13:138:C6FWNANXX:2:2202:16445:97291_1:101293541",8.9e-13
"27169","HISEQ13:138:C6FWNANXX:2:1108:12295:81497_1:11608976",8.9e-13
"27170","HISEQ13:138:C6FWNANXX:2:2107:19496:24692_1:83434081",9e-13
"27171","HISEQ13:138:C6FWNANXX:2:1108:10114:21254_1:10673076",9e-13
"27172","HISEQ13:138:C6FWNANXX:2:2203:9184:69651_1:102307339",9e-13
"27173","HISEQ13:138:C6FWNANXX:2:2204:19132:85341_1:103947911",9e-13
"27174","HISEQ13:138:C6FWNANXX:2:2111:20278:11069_1:89210369",9e-13
"27175","HISEQ13:138:C6FWNANXX:2:2313:13055:44218_1:140886809",9e-13
"27176","HISEQ13:138:C6FWNANXX:2:2311:2646:43884_1:137739927",9e-13
"27177","HISEQ13:138:C6FWNANXX:2:1214:14363:47874_1:45286815",9e-13
"27178","HISEQ13:138:C6FWNANXX:2:1108:6950:70963_1:11443034",9e-13
"27179","HISEQ13:138:C6FWNANXX:2:2205:7410:19736_1:104423550",9e-13
"27180","HISEQ13:138:C6FWNANXX:2:2209:14212:10103_1:110115640",9e-13
"27181","HISEQ13:138:C6FWNANXX:2:2206:18300:36138_1:106099716",9e-13
"27182","HISEQ13:138:C6FWNANXX:2:1302:8257:41034_1:51595698",9e-13
"27183","HISEQ13:138:C6FWNANXX:2:2101:13690:93486_1:75863299",9e-13
"27184","HISEQ13:138:C6FWNANXX:2:2101:3098:48648_1:75225347",9e-13
"27185","HISEQ13:138:C6FWNANXX:2:2110:11347:96855_1:89007621",9e-13
"27186","HISEQ13:138:C6FWNANXX:2:2310:12953:5332_1:135622666",9e-13
"27187","HISEQ13:138:C6FWNANXX:2:2313:8636:53732_1:141039322",9.1e-13
"27188","HISEQ13:138:C6FWNANXX:2:2208:5482:29284_1:108916134",9.1e-13
"27189","HISEQ13:138:C6FWNANXX:2:1304:3456:10052_1:54058615",9.1e-13
"27190","HISEQ13:138:C6FWNANXX:2:2309:13008:75849_1:135190286",9.1e-13
"27191","HISEQ13:138:C6FWNANXX:2:2306:11528:40614_1:130219930",9.1e-13
"27192","HISEQ13:138:C6FWNANXX:2:1307:12889:41970_1:59022602",9.1e-13
"27193","HISEQ13:138:C6FWNANXX:2:1215:11978:34558_1:46731034",9.1e-13
"27194","HISEQ13:138:C6FWNANXX:2:2111:18719:94463_1:90558061",9.1e-13
"27195","HISEQ13:138:C6FWNANXX:2:2111:2506:69050_1:90122770",9.1e-13
"27196","HISEQ13:138:C6FWNANXX:2:2108:18114:17284_1:84799392",9.1e-13
"27197","HISEQ13:138:C6FWNANXX:2:2315:20184:54364_1:144293069",9.1e-13
"27198","HISEQ13:138:C6FWNANXX:2:1105:8105:60882_1:6746348",9.1e-13
"27199","HISEQ13:138:C6FWNANXX:2:2105:15906:64513_1:81115116",9.2e-13
"27200","HISEQ13:138:C6FWNANXX:2:2313:18885:99123_1:141778581",9.2e-13
"27201","HISEQ13:138:C6FWNANXX:2:2208:17994:86758_1:109783185",9.2e-13
"27202","HISEQ13:138:C6FWNANXX:2:1207:1673:92654_1:34967699",9.2e-13
"27203","HISEQ13:138:C6FWNANXX:2:1301:14927:23488_1:49884440",9.2e-13
"27204","HISEQ13:138:C6FWNANXX:2:2110:18311:32075_1:88021732",9.2e-13
"27205","HISEQ13:138:C6FWNANXX:2:1308:13174:15736_1:60140802",9.2e-13
"27206","HISEQ13:138:C6FWNANXX:2:1308:13454:5516_1:59986204",9.2e-13
"27207","HISEQ13:138:C6FWNANXX:2:1301:12270:58718_1:50401653",9.2e-13
"27208","HISEQ13:138:C6FWNANXX:2:1309:11976:30565_1:61919769",9.2e-13
"27209","HISEQ13:138:C6FWNANXX:2:1313:4799:34020_1:68348017",9.2e-13
"27210","HISEQ13:138:C6FWNANXX:2:1209:6148:50054_1:37367629",9.3e-13
"27211","HISEQ13:138:C6FWNANXX:2:1214:15982:23235_1:44871586",9.3e-13
"27212","HISEQ13:138:C6FWNANXX:2:2103:18352:47454_1:78023956",9.3e-13
"27213","HISEQ13:138:C6FWNANXX:2:2101:1383:42752_1:75143649",9.3e-13
"27214","HISEQ13:138:C6FWNANXX:2:1113:4581:86972_1:19527985",9.3e-13
"27215","HISEQ13:138:C6FWNANXX:2:1303:10388:25688_1:52825886",9.3e-13
"27216","HISEQ13:138:C6FWNANXX:2:1304:11634:34328_1:54420185",9.3e-13
"27217","HISEQ13:138:C6FWNANXX:2:1312:2664:24984_1:66570042",9.3e-13
"27218","HISEQ13:138:C6FWNANXX:2:1112:8905:81754_1:17814885",9.3e-13
"27219","HISEQ13:138:C6FWNANXX:2:1205:21284:46269_1:31283672",9.3e-13
"27220","HISEQ13:138:C6FWNANXX:2:2104:4920:43551_1:79380876",9.3e-13
"27221","HISEQ13:138:C6FWNANXX:2:2313:8826:76044_1:141404242",9.3e-13
"27222","HISEQ13:138:C6FWNANXX:2:1103:18789:91038_1:4245454",9.3e-13
"27223","HISEQ13:138:C6FWNANXX:2:2104:14578:74494_1:79825882",9.3e-13
"27224","HISEQ13:138:C6FWNANXX:2:2206:11425:70497_1:106602799",9.3e-13
"27225","HISEQ13:138:C6FWNANXX:2:2304:4250:4640_1:126836463",9.3e-13
"27226","HISEQ13:138:C6FWNANXX:2:1310:6768:20306_1:63319055",9.4e-13
"27227","HISEQ13:138:C6FWNANXX:2:1311:11901:59347_1:65520690",9.4e-13
"27228","HISEQ13:138:C6FWNANXX:2:1310:2427:71373_1:64128584",9.4e-13
"27229","HISEQ13:138:C6FWNANXX:2:2302:4157:49621_1:124671081",9.4e-13
"27230","HISEQ13:138:C6FWNANXX:2:1214:2293:43420_1:45208627",9.4e-13
"27231","HISEQ13:138:C6FWNANXX:2:2212:10197:67332_1:115569398",9.4e-13
"27232","HISEQ13:138:C6FWNANXX:2:1113:20519:4503_1:18172354",9.4e-13
"27233","HISEQ13:138:C6FWNANXX:2:1310:3368:65448_1:64034179",9.4e-13
"27234","HISEQ13:138:C6FWNANXX:2:2307:15433:13167_1:131271711",9.4e-13
"27235","HISEQ13:138:C6FWNANXX:2:1102:8596:49390_1:2159843",9.4e-13
"27236","HISEQ13:138:C6FWNANXX:2:2305:18750:6707_1:128286338",9.4e-13
"27237","HISEQ13:138:C6FWNANXX:2:1303:15067:56834_1:53289136",9.4e-13
"27238","HISEQ13:138:C6FWNANXX:2:2313:18361:53212_1:141033142",9.4e-13
"27239","HISEQ13:138:C6FWNANXX:2:1213:18852:74751_1:44087973",9.4e-13
"27240","HISEQ13:138:C6FWNANXX:2:1215:7207:82341_1:47537787",9.4e-13
"27241","HISEQ13:138:C6FWNANXX:2:1311:9468:36165_1:65142672",9.4e-13
"27242","HISEQ13:138:C6FWNANXX:2:2108:10996:37190_1:85094282",9.4e-13
"27243","HISEQ13:138:C6FWNANXX:2:2202:7108:56355_1:100704692",9.4e-13
"27244","HISEQ13:138:C6FWNANXX:2:2205:11410:26352_1:104521027",9.4e-13
"27245","HISEQ13:138:C6FWNANXX:2:2310:18665:44854_1:136232087",9.4e-13
"27246","HISEQ13:138:C6FWNANXX:2:2315:19591:3617_1:143453646",9.4e-13
"27247","HISEQ13:138:C6FWNANXX:2:2203:5679:49873_1:102024694",9.4e-13
"27248","HISEQ13:138:C6FWNANXX:2:2205:12511:58155_1:104981294",9.4e-13
"27249","HISEQ13:138:C6FWNANXX:2:2107:11534:93532_1:84459452",9.5e-13
"27250","HISEQ13:138:C6FWNANXX:2:2114:11963:12907_1:93853211",9.5e-13
"27251","HISEQ13:138:C6FWNANXX:2:1306:12188:31958_1:57359008",9.5e-13
"27252","HISEQ13:138:C6FWNANXX:2:2109:11101:88019_1:87367238",9.5e-13
"27253","HISEQ13:138:C6FWNANXX:2:1108:19236:69470_1:11421627",9.5e-13
"27254","HISEQ13:138:C6FWNANXX:2:1107:11494:8249_1:8951593",9.5e-13
"27255","HISEQ13:138:C6FWNANXX:2:1111:11099:28948_1:15460894",9.5e-13
"27256","HISEQ13:138:C6FWNANXX:2:1311:9317:3576_1:64620466",9.5e-13
"27257","HISEQ13:138:C6FWNANXX:2:2204:12885:37117_1:103253634",9.5e-13
"27258","HISEQ13:138:C6FWNANXX:2:2216:3515:60436_1:121918601",9.5e-13
"27259","HISEQ13:138:C6FWNANXX:2:1111:10036:88430_1:16465063",9.5e-13
"27260","HISEQ13:138:C6FWNANXX:2:2202:8393:48228_1:100588397",9.5e-13
"27261","HISEQ13:138:C6FWNANXX:2:1106:19396:6240_1:7415087",9.5e-13
"27262","HISEQ13:138:C6FWNANXX:2:2309:6582:82368_1:135288182",9.5e-13
"27263","HISEQ13:138:C6FWNANXX:2:1116:9764:10194_1:23243841",9.5e-13
"27264","HISEQ13:138:C6FWNANXX:2:2113:13173:77264_1:93301016",9.5e-13
"27265","HISEQ13:138:C6FWNANXX:2:2306:2723:62448_1:130539009",9.5e-13
"27266","HISEQ13:138:C6FWNANXX:2:2312:9201:11057_1:138784117",9.5e-13
"27267","HISEQ13:138:C6FWNANXX:2:1205:12866:78875_1:31769261",9.6e-13
"27268","HISEQ13:138:C6FWNANXX:2:1216:8576:97730_1:49511587",9.6e-13
"27269","HISEQ13:138:C6FWNANXX:2:1112:17934:41626_1:17160493",9.6e-13
"27270","HISEQ13:138:C6FWNANXX:2:1103:11704:63997_1:3839843",9.6e-13
"27271","HISEQ13:138:C6FWNANXX:2:1106:19899:30108_1:7780496",9.6e-13
"27272","HISEQ13:138:C6FWNANXX:2:2108:4627:96857_1:85996262",9.6e-13
"27273","HISEQ13:138:C6FWNANXX:2:1216:20471:85917_1:49312302",9.6e-13
"27274","HISEQ13:138:C6FWNANXX:2:1109:8777:59327_1:12816849",9.6e-13
"27275","HISEQ13:138:C6FWNANXX:2:1115:1693:30852_1:21911663",9.6e-13
"27276","HISEQ13:138:C6FWNANXX:2:2208:7227:41668_1:109099271",9.6e-13
"27277","HISEQ13:138:C6FWNANXX:2:2311:17593:63730_1:138052655",9.6e-13
"27278","HISEQ13:138:C6FWNANXX:2:1105:1647:67276_1:6842034",9.6e-13
"27279","HISEQ13:138:C6FWNANXX:2:1305:20698:7571_1:55502003",9.6e-13
"27280","HISEQ13:138:C6FWNANXX:2:2115:2896:95024_1:96797411",9.6e-13
"27281","HISEQ13:138:C6FWNANXX:2:1306:9758:80030_1:58094467",9.6e-13
"27282","HISEQ13:138:C6FWNANXX:2:2305:14643:33179_1:128669205",9.6e-13
"27283","HISEQ13:138:C6FWNANXX:2:2313:6051:99322_1:141779971",9.6e-13
"27284","HISEQ13:138:C6FWNANXX:2:1205:12210:7793_1:30707022",9.6e-13
"27285","HISEQ13:138:C6FWNANXX:2:1204:19045:16186_1:29361689",9.6e-13
"27286","HISEQ13:138:C6FWNANXX:2:2210:17807:43673_1:112128193",9.6e-13
"27287","HISEQ13:138:C6FWNANXX:2:2306:20875:87563_1:130912881",9.6e-13
"27288","HISEQ13:138:C6FWNANXX:2:2212:17021:100454_1:116097853",9.7e-13
"27289","HISEQ13:138:C6FWNANXX:2:1109:14638:43064_1:12560714",9.7e-13
"27290","HISEQ13:138:C6FWNANXX:2:2202:8389:91906_1:101212904",9.7e-13
"27291","HISEQ13:138:C6FWNANXX:2:1103:10348:58275_1:3757987",9.7e-13
"27292","HISEQ13:138:C6FWNANXX:2:1205:5135:87589_1:31898366",9.7e-13
"27293","HISEQ13:138:C6FWNANXX:2:2101:16101:67460_1:75494715",9.7e-13
"27294","HISEQ13:138:C6FWNANXX:2:2108:16496:42052_1:85171024",9.7e-13
"27295","HISEQ13:138:C6FWNANXX:2:2215:14488:40477_1:119938790",9.7e-13
"27296","HISEQ13:138:C6FWNANXX:2:1111:11045:73250_1:16194477",9.7e-13
"27297","HISEQ13:138:C6FWNANXX:2:1211:17725:100609_1:41305220",9.7e-13
"27298","HISEQ13:138:C6FWNANXX:2:2105:16952:58452_1:81025342",9.7e-13
"27299","HISEQ13:138:C6FWNANXX:2:2314:4834:53844_1:142651644",9.7e-13
"27300","HISEQ13:138:C6FWNANXX:2:2314:11356:26752_1:142208567",9.7e-13
"27301","HISEQ13:138:C6FWNANXX:2:2105:2928:8566_1:80300780",9.8e-13
"27302","HISEQ13:138:C6FWNANXX:2:2310:20664:72534_1:136658505",9.8e-13
"27303","HISEQ13:138:C6FWNANXX:2:1107:5553:37231_1:9393757",9.8e-13
"27304","HISEQ13:138:C6FWNANXX:2:2106:8881:32715_1:82090073",9.8e-13
"27305","HISEQ13:138:C6FWNANXX:2:2101:20788:94192_1:75875222",9.8e-13
"27306","HISEQ13:138:C6FWNANXX:2:1108:7434:62541_1:11313674",9.8e-13
"27307","HISEQ13:138:C6FWNANXX:2:1110:18963:56191_1:14330729",9.8e-13
"27308","HISEQ13:138:C6FWNANXX:2:1206:20321:56346_1:32921610",9.8e-13
"27309","HISEQ13:138:C6FWNANXX:2:2114:14952:24148_1:94036069",9.8e-13
"27310","HISEQ13:138:C6FWNANXX:2:1104:9438:10732_1:4515941",9.8e-13
"27311","HISEQ13:138:C6FWNANXX:2:1211:11165:37603_1:40286121",9.8e-13
"27312","HISEQ13:138:C6FWNANXX:2:2316:7575:16177_1:145295467",9.8e-13
"27313","HISEQ13:138:C6FWNANXX:2:1201:10350:84375_1:26016719",9.8e-13
"27314","HISEQ13:138:C6FWNANXX:2:2201:10438:22471_1:98815934",9.8e-13
"27315","HISEQ13:138:C6FWNANXX:2:1313:11819:90052_1:69285106",9.8e-13
"27316","HISEQ13:138:C6FWNANXX:2:2215:15103:62515_1:120305557",9.8e-13
"27317","HISEQ13:138:C6FWNANXX:2:2312:12894:98758_1:140177596",9.8e-13
"27318","HISEQ13:138:C6FWNANXX:2:1203:4061:23341_1:28023659",9.9e-13
"27319","HISEQ13:138:C6FWNANXX:2:2202:9447:54142_1:100673462",9.9e-13
"27320","HISEQ13:138:C6FWNANXX:2:1105:4615:20057_1:6134676",9.9e-13
"27321","HISEQ13:138:C6FWNANXX:2:1112:13341:94065_1:18016292",9.9e-13
"27322","HISEQ13:138:C6FWNANXX:2:1113:11539:26876_1:18536624",9.9e-13
"27323","HISEQ13:138:C6FWNANXX:2:1307:12787:17318_1:58645912",9.9e-13
"27324","HISEQ13:138:C6FWNANXX:2:1311:14868:98395_1:66158413",9.9e-13
"27325","HISEQ13:138:C6FWNANXX:2:1203:8473:38731_1:28249227",9.9e-13
"27326","HISEQ13:138:C6FWNANXX:2:2210:7901:8485_1:111588556",9.9e-13
"27327","HISEQ13:138:C6FWNANXX:2:2202:20854:7463_1:100012013",9.9e-13
"27328","HISEQ13:138:C6FWNANXX:2:1212:5849:55688_1:42142325",9.9e-13
"27329","HISEQ13:138:C6FWNANXX:2:1302:17137:40376_1:51586434",9.9e-13
"27330","HISEQ13:138:C6FWNANXX:2:1315:3800:88070_1:72615696",9.9e-13
"27331","HISEQ13:138:C6FWNANXX:2:1203:6715:83954_1:28914461",9.9e-13
"27332","HISEQ13:138:C6FWNANXX:2:1111:11162:61065_1:15983449",9.9e-13
"27333","HISEQ13:138:C6FWNANXX:2:1108:16481:25786_1:10744279",9.9e-13
"27334","HISEQ13:138:C6FWNANXX:2:1202:3151:48759_1:26945802",9.9e-13
"27335","HISEQ13:138:C6FWNANXX:2:2114:7974:25726_1:94058988",9.9e-13
"27336","HISEQ13:138:C6FWNANXX:2:2108:15355:39746_1:85132962",1e-12
"27337","HISEQ13:138:C6FWNANXX:2:2115:10516:11679_1:95438067",1e-12
"27338","HISEQ13:138:C6FWNANXX:2:1203:1462:10397_1:27831732",1e-12
"27339","HISEQ13:138:C6FWNANXX:2:2314:12858:20918_1:142111073",1e-12
"27340","HISEQ13:138:C6FWNANXX:2:2316:18982:85024_1:146463051",1e-12
"27341","HISEQ13:138:C6FWNANXX:2:1315:2110:63185_1:72183907",1e-12
"27342","HISEQ13:138:C6FWNANXX:2:1109:16516:29979_1:12352793",1e-12
"27343","HISEQ13:138:C6FWNANXX:2:1208:20550:71903_1:36172826",1e-12
"27344","HISEQ13:138:C6FWNANXX:2:1308:4048:18761_1:60188963",1e-12
"27345","HISEQ13:138:C6FWNANXX:2:1309:16778:14838_1:61673516",1e-12
"27346","HISEQ13:138:C6FWNANXX:2:2107:19269:58498_1:83934454",1e-12
"27347","HISEQ13:138:C6FWNANXX:2:2203:7446:98528_1:102721226",1e-12
"27348","HISEQ13:138:C6FWNANXX:2:1116:17832:80594_1:24456947",1e-12
"27349","HISEQ13:138:C6FWNANXX:2:1302:6225:88617_1:52295195",1e-12
"27350","HISEQ13:138:C6FWNANXX:2:1308:12281:75676_1:61073911",1e-12
"27351","HISEQ13:138:C6FWNANXX:2:2210:15510:3792_1:111521648",1e-12
"27352","HISEQ13:138:C6FWNANXX:2:2315:18403:30739_1:143900208",1e-12
"27353","HISEQ13:138:C6FWNANXX:2:1111:10009:61040_1:15983202",1e-12
"27354","HISEQ13:138:C6FWNANXX:2:1204:20104:63343_1:30063519",1e-12
"27355","HISEQ13:138:C6FWNANXX:2:2207:12736:67411_1:108012571",1e-12
"27356","HISEQ13:138:C6FWNANXX:2:2115:3651:29933_1:95733688",1e-12
"27357","HISEQ13:138:C6FWNANXX:2:1105:5637:88819_1:7166936",1e-12
"27358","HISEQ13:138:C6FWNANXX:2:1106:2237:96555_1:8790494",1e-12
"27359","HISEQ13:138:C6FWNANXX:2:1306:12389:25843_1:57266779",1e-12
"27360","HISEQ13:138:C6FWNANXX:2:1316:14227:18074_1:73120821",1e-12
"27361","HISEQ13:138:C6FWNANXX:2:2108:6877:32153_1:85017941",1e-12
"27362","HISEQ13:138:C6FWNANXX:2:2116:17102:51999_1:97720743",1e-12
"27363","HISEQ13:138:C6FWNANXX:2:2212:18619:23028_1:114872116",1e-12
"27364","HISEQ13:138:C6FWNANXX:2:2301:20850:40051_1:123146663",1e-12
"27365","HISEQ13:138:C6FWNANXX:2:1111:11898:75265_1:16230409",1e-12
"27366","HISEQ13:138:C6FWNANXX:2:1204:3061:95472_1:30535907",1e-12
"27367","HISEQ13:138:C6FWNANXX:2:1307:9107:96131_1:59856647",1e-12
"27368","HISEQ13:138:C6FWNANXX:2:2315:8457:40952_1:144067409",1e-12
"27369","HISEQ13:138:C6FWNANXX:2:2302:16895:26650_1:124350748",1e-12
"27370","HISEQ13:138:C6FWNANXX:2:1116:18989:47001_1:23881325",1e-12
"27371","HISEQ13:138:C6FWNANXX:2:2104:18611:71097_1:79779638",1e-12
"27372","HISEQ13:138:C6FWNANXX:2:1109:2616:28668_1:12330835",1e-12
"27373","HISEQ13:138:C6FWNANXX:2:1211:4813:80133_1:40968722",1e-12
"27374","HISEQ13:138:C6FWNANXX:2:1216:6878:92473_1:49419846",1e-12
"27375","HISEQ13:138:C6FWNANXX:2:1116:7105:72711_1:24315273",1e-12
"27376","HISEQ13:138:C6FWNANXX:2:1202:21091:54044_1:27025847",1e-12
"27377","HISEQ13:138:C6FWNANXX:2:2205:16240:87099_1:105400291",1e-12
"27378","HISEQ13:138:C6FWNANXX:2:1105:9876:85952_1:7122580",1e-12
"27379","HISEQ13:138:C6FWNANXX:2:1108:12985:54296_1:11185620",1e-12
"27380","HISEQ13:138:C6FWNANXX:2:1202:7265:18244_1:26495624",1e-12
"27381","HISEQ13:138:C6FWNANXX:2:2214:7615:40302_1:118315650",1e-12
"27382","HISEQ13:138:C6FWNANXX:2:1102:15562:76473_1:2560342",1e-12
"27383","HISEQ13:138:C6FWNANXX:2:1201:11189:65628_1:25741068",1e-12
"27384","HISEQ13:138:C6FWNANXX:2:2104:13938:84584_1:79973427",1e-12
"27385","HISEQ13:138:C6FWNANXX:2:1215:10102:87086_1:47619405",1e-12
"27386","HISEQ13:138:C6FWNANXX:2:1312:4957:75258_1:67396159",1e-12
"27387","HISEQ13:138:C6FWNANXX:2:2311:1387:42082_1:137712321",1e-12
"27388","HISEQ13:138:C6FWNANXX:2:2306:2104:40272_1:130214465",1e-12
"27389","HISEQ13:138:C6FWNANXX:2:2208:14690:71802_1:109556126",1e-12
"27390","HISEQ13:138:C6FWNANXX:2:2209:7959:35916_1:110504689",1e-12
"27391","HISEQ13:138:C6FWNANXX:2:1304:1535:36937_1:54455492",1e-12
"27392","HISEQ13:138:C6FWNANXX:2:1312:5137:35481_1:66741289",1e-12
"27393","HISEQ13:138:C6FWNANXX:2:2104:18027:24924_1:79113410",1e-12
"27394","HISEQ13:138:C6FWNANXX:2:1309:12939:37803_1:62034810",1e-12
"27395","HISEQ13:138:C6FWNANXX:2:1115:4703:78626_1:22720616",1e-12
"27396","HISEQ13:138:C6FWNANXX:2:1208:14529:90667_1:36462199",1e-12
"27397","HISEQ13:138:C6FWNANXX:2:1214:19601:49195_1:45308848",1e-12
"27398","HISEQ13:138:C6FWNANXX:2:2111:2353:16698_1:89292210",1e-12
"27399","HISEQ13:138:C6FWNANXX:2:2105:6845:44467_1:80820304",1e-12
"27400","HISEQ13:138:C6FWNANXX:2:2307:20957:84257_1:132330091",1e-12
"27401","HISEQ13:138:C6FWNANXX:2:2316:8991:97101_1:146663458",1e-12
"27402","HISEQ13:138:C6FWNANXX:2:1112:8175:97902_1:18076965",1e-12
"27403","HISEQ13:138:C6FWNANXX:2:1211:2851:59033_1:40630556",1e-12
"27404","HISEQ13:138:C6FWNANXX:2:1314:17444:56761_1:70395388",1e-12
"27405","HISEQ13:138:C6FWNANXX:2:2101:9708:66222_1:75475561",1e-12
"27406","HISEQ13:138:C6FWNANXX:2:2213:6314:99037_1:117661605",1e-12
"27407","HISEQ13:138:C6FWNANXX:2:1207:17144:93775_1:34989674",1e-12
"27408","HISEQ13:138:C6FWNANXX:2:1310:13674:45009_1:63714240",1e-12
"27409","HISEQ13:138:C6FWNANXX:2:1109:10562:7758_1:12005973",1e-12
"27410","HISEQ13:138:C6FWNANXX:2:2109:4477:94760_1:87468146",1e-12
"27411","HISEQ13:138:C6FWNANXX:2:2113:16653:34444_1:92613623",1e-12
"27412","HISEQ13:138:C6FWNANXX:2:2104:20214:33086_1:79232381",1e-12
"27413","HISEQ13:138:C6FWNANXX:2:1207:17764:27016_1:33974245",1e-12
"27414","HISEQ13:138:C6FWNANXX:2:1113:20289:84273_1:19489727",1e-12
"27415","HISEQ13:138:C6FWNANXX:2:1113:2265:38935_1:18731752",1e-12
"27416","HISEQ13:138:C6FWNANXX:2:2204:18680:42077_1:103325982",1e-12
"27417","HISEQ13:138:C6FWNANXX:2:1309:14320:13218_1:61645381",1e-12
"27418","HISEQ13:138:C6FWNANXX:2:2303:1933:66269_1:126310391",1e-12
"27419","HISEQ13:138:C6FWNANXX:2:1203:2504:55807_1:28500620",1e-12
"27420","HISEQ13:138:C6FWNANXX:2:2102:8088:56373_1:76740610",1e-12
"27421","HISEQ13:138:C6FWNANXX:2:2205:8112:12833_1:104325284",1e-12
"27422","HISEQ13:138:C6FWNANXX:2:1112:15433:99550_1:18107277",1e-12
"27423","HISEQ13:138:C6FWNANXX:2:1211:20236:91914_1:41162007",1e-12
"27424","HISEQ13:138:C6FWNANXX:2:1216:20643:36159_1:48447762",1e-12
"27425","HISEQ13:138:C6FWNANXX:2:1216:9493:93394_1:49436983",1e-12
"27426","HISEQ13:138:C6FWNANXX:2:2106:17244:99668_1:83078128",1e-12
"27427","HISEQ13:138:C6FWNANXX:2:2215:11497:34816_1:119847630",1e-12
"27428","HISEQ13:138:C6FWNANXX:2:2303:19122:65644_1:126302928",1e-12
"27429","HISEQ13:138:C6FWNANXX:2:1303:20141:5492_1:52527781",1e-12
"27430","HISEQ13:138:C6FWNANXX:2:1309:17367:86400_1:62803597",1e-12
"27431","HISEQ13:138:C6FWNANXX:2:1207:7444:21318_1:33885634",1e-12
"27432","HISEQ13:138:C6FWNANXX:2:1212:10219:81877_1:42572821",1e-12
"27433","HISEQ13:138:C6FWNANXX:2:1111:17671:98137_1:16651368",1e-12
"27434","HISEQ13:138:C6FWNANXX:2:1212:19668:37333_1:41848075",1e-12
"27435","HISEQ13:138:C6FWNANXX:2:1213:9896:56837_1:43787909",1e-12
"27436","HISEQ13:138:C6FWNANXX:2:2208:15996:100669_1:109990780",1e-12
"27437","HISEQ13:138:C6FWNANXX:2:1113:5944:94853_1:19661675",1e-12
"27438","HISEQ13:138:C6FWNANXX:2:1213:1706:69831_1:44001748",1e-12
"27439","HISEQ13:138:C6FWNANXX:2:1310:8733:7963_1:63121691",1e-12
"27440","HISEQ13:138:C6FWNANXX:2:1104:2548:7117_1:4463136",1e-12
"27441","HISEQ13:138:C6FWNANXX:2:2115:11659:18878_1:95556470",1e-12
"27442","HISEQ13:138:C6FWNANXX:2:2208:6652:6163_1:108569559",1e-12
"27443","HISEQ13:138:C6FWNANXX:2:1302:18999:15915_1:51227185",1e-12
"27444","HISEQ13:138:C6FWNANXX:2:2315:11920:53031_1:144270949",1e-12
"27445","HISEQ13:138:C6FWNANXX:2:1102:10655:86982_1:2714573",1e-12
"27446","HISEQ13:138:C6FWNANXX:2:1109:15786:55222_1:12750821",1e-12
"27447","HISEQ13:138:C6FWNANXX:2:1305:12989:100437_1:56895395",1e-12
"27448","HISEQ13:138:C6FWNANXX:2:1312:8925:96711_1:67748500",1e-12
"27449","HISEQ13:138:C6FWNANXX:2:2206:2322:71285_1:106615381",1e-12
"27450","HISEQ13:138:C6FWNANXX:2:2212:2131:44073_1:115200793",1e-12
"27451","HISEQ13:138:C6FWNANXX:2:2304:5645:65663_1:127712280",1e-12
"27452","HISEQ13:138:C6FWNANXX:2:2108:2069:49741_1:85281312",1e-12
"27453","HISEQ13:138:C6FWNANXX:2:1103:2103:69354_1:3920296",1e-12
"27454","HISEQ13:138:C6FWNANXX:2:1208:14423:75754_1:36233274",1e-12
"27455","HISEQ13:138:C6FWNANXX:2:1110:16147:79631_1:14699966",1e-12
"27456","HISEQ13:138:C6FWNANXX:2:2102:4919:10324_1:76087517",1e-12
"27457","HISEQ13:138:C6FWNANXX:2:2115:20097:3654_1:95309123",1e-12
"27458","HISEQ13:138:C6FWNANXX:2:1215:4624:25593_1:46576140",1e-12
"27459","HISEQ13:138:C6FWNANXX:2:2308:7247:32350_1:133028450",1e-12
"27460","HISEQ13:138:C6FWNANXX:2:2205:9554:36931_1:104671737",1e-12
"27461","HISEQ13:138:C6FWNANXX:2:2213:3423:51950_1:116900758",1e-12
"27462","HISEQ13:138:C6FWNANXX:2:1111:17477:92607_1:16546624",1e-12
"27463","HISEQ13:138:C6FWNANXX:2:1310:20658:59902_1:63951106",1e-12
"27464","HISEQ13:138:C6FWNANXX:2:2307:16265:41621_1:131694164",1e-12
"27465","HISEQ13:138:C6FWNANXX:2:2314:7317:55827_1:142685434",1e-12
"27466","HISEQ13:138:C6FWNANXX:2:2308:2469:28055_1:132963538",1.1e-12
"27467","HISEQ13:138:C6FWNANXX:2:1107:5396:56181_1:9686108",1.1e-12
"27468","HISEQ13:138:C6FWNANXX:2:2302:18122:11167_1:124131283",1.1e-12
"27469","HISEQ13:138:C6FWNANXX:2:2203:12776:98533_1:102722156",1.1e-12
"27470","HISEQ13:138:C6FWNANXX:2:1314:13096:66908_1:70564655",1.1e-12
"27471","HISEQ13:138:C6FWNANXX:2:2306:20711:95388_1:131027920",1.1e-12
"27472","HISEQ13:138:C6FWNANXX:2:2106:13741:27938_1:82021676",1.1e-12
"27473","HISEQ13:138:C6FWNANXX:2:2113:5941:29365_1:92531507",1.1e-12
"27474","HISEQ13:138:C6FWNANXX:2:1103:1891:63023_1:3826806",1.1e-12
"27475","HISEQ13:138:C6FWNANXX:2:1216:4488:35666_1:48435672",1.1e-12
"27476","HISEQ13:138:C6FWNANXX:2:1315:14505:34041_1:71688262",1.1e-12
"27477","HISEQ13:138:C6FWNANXX:2:2105:7225:45088_1:80831205",1.1e-12
"27478","HISEQ13:138:C6FWNANXX:2:1208:2910:87666_1:36413296",1.1e-12
"27479","HISEQ13:138:C6FWNANXX:2:1213:10175:27671_1:43304199",1.1e-12
"27480","HISEQ13:138:C6FWNANXX:2:2106:7813:52720_1:82385255",1.1e-12
"27481","HISEQ13:138:C6FWNANXX:2:1303:8879:92175_1:53808837",1.1e-12
"27482","HISEQ13:138:C6FWNANXX:2:2213:3944:18348_1:116364480",1.1e-12
"27483","HISEQ13:138:C6FWNANXX:2:1316:18823:67881_1:73989805",1.1e-12
"27484","HISEQ13:138:C6FWNANXX:2:2106:13129:86240_1:82877900",1.1e-12
"27485","HISEQ13:138:C6FWNANXX:2:2212:2291:44136_1:115200831",1.1e-12
"27486","HISEQ13:138:C6FWNANXX:2:2110:12146:77508_1:88714875",1.1e-12
"27487","HISEQ13:138:C6FWNANXX:2:1115:8209:58744_1:22382760",1.1e-12
"27488","HISEQ13:138:C6FWNANXX:2:1306:17034:2751_1:56916324",1.1e-12
"27489","HISEQ13:138:C6FWNANXX:2:2302:3971:84047_1:125160319",1.1e-12
"27490","HISEQ13:138:C6FWNANXX:2:2307:4191:20417_1:131377027",1.1e-12
"27491","HISEQ13:138:C6FWNANXX:2:2309:13214:42340_1:134676831",1.1e-12
"27492","HISEQ13:138:C6FWNANXX:2:2205:9394:66126_1:105095395",1.1e-12
"27493","HISEQ13:138:C6FWNANXX:2:1208:21342:60852_1:36002560",1.1e-12
"27494","HISEQ13:138:C6FWNANXX:2:1106:3400:24513_1:7693255",1.1e-12
"27495","HISEQ13:138:C6FWNANXX:2:2305:1388:23243_1:128522831",1.1e-12
"27496","HISEQ13:138:C6FWNANXX:2:1111:16149:91443_1:16522716",1.1e-12
"27497","HISEQ13:138:C6FWNANXX:2:2316:10665:49033_1:145853712",1.1e-12
"27498","HISEQ13:138:C6FWNANXX:2:2112:18301:46288_1:91239100",1.1e-12
"27499","HISEQ13:138:C6FWNANXX:2:2111:19052:63810_1:90039497",1.1e-12
"27500","HISEQ13:138:C6FWNANXX:2:2212:14299:26313_1:114922646",1.1e-12
"27501","HISEQ13:138:C6FWNANXX:2:2316:3870:51335_1:145890044",1.1e-12
"27502","HISEQ13:138:C6FWNANXX:2:1116:6848:2109_1:23104901",1.1e-12
"27503","HISEQ13:138:C6FWNANXX:2:1214:2495:58291_1:45460225",1.1e-12
"27504","HISEQ13:138:C6FWNANXX:2:1304:15265:50813_1:54668136",1.1e-12
"27505","HISEQ13:138:C6FWNANXX:2:2116:11692:67379_1:97973410",1.1e-12
"27506","HISEQ13:138:C6FWNANXX:2:1203:9748:6998_1:27782086",1.1e-12
"27507","HISEQ13:138:C6FWNANXX:2:1310:19110:84987_1:64344711",1.1e-12
"27508","HISEQ13:138:C6FWNANXX:2:1211:5227:60242_1:40647355",1.1e-12
"27509","HISEQ13:138:C6FWNANXX:2:2108:11872:16883_1:84790655",1.1e-12
"27510","HISEQ13:138:C6FWNANXX:2:2110:18301:12703_1:87724264",1.1e-12
"27511","HISEQ13:138:C6FWNANXX:2:1306:5252:24940_1:57250061",1.1e-12
"27512","HISEQ13:138:C6FWNANXX:2:1111:18037:19057_1:15307646",1.1e-12
"27513","HISEQ13:138:C6FWNANXX:2:2307:7622:24312_1:131436487",1.1e-12
"27514","HISEQ13:138:C6FWNANXX:2:1108:19433:45365_1:11047149",1.1e-12
"27515","HISEQ13:138:C6FWNANXX:2:2214:2623:38322_1:118281895",1.1e-12
"27516","HISEQ13:138:C6FWNANXX:2:1108:12938:29597_1:10801316",1.1e-12
"27517","HISEQ13:138:C6FWNANXX:2:1110:7343:4438_1:13510805",1.1e-12
"27518","HISEQ13:138:C6FWNANXX:2:2307:7900:73201_1:132160686",1.1e-12
"27519","HISEQ13:138:C6FWNANXX:2:1315:8890:7630_1:71237168",1.1e-12
"27520","HISEQ13:138:C6FWNANXX:2:2103:17950:36998_1:77874376",1.1e-12
"27521","HISEQ13:138:C6FWNANXX:2:2113:16988:56630_1:92969521",1.1e-12
"27522","HISEQ13:138:C6FWNANXX:2:2314:11553:84386_1:143155463",1.1e-12
"27523","HISEQ13:138:C6FWNANXX:2:1108:15523:35621_1:10894836",1.1e-12
"27524","HISEQ13:138:C6FWNANXX:2:1113:17598:16042_1:18361246",1.1e-12
"27525","HISEQ13:138:C6FWNANXX:2:1213:15131:28233_1:43313185",1.1e-12
"27526","HISEQ13:138:C6FWNANXX:2:1313:13968:14646_1:68026727",1.1e-12
"27527","HISEQ13:138:C6FWNANXX:2:2214:20816:10829_1:117837302",1.1e-12
"27528","HISEQ13:138:C6FWNANXX:2:1103:8055:25813_1:3276921",1.1e-12
"27529","HISEQ13:138:C6FWNANXX:2:2109:15623:74896_1:87166919",1.1e-12
"27530","HISEQ13:138:C6FWNANXX:2:1111:17763:53192_1:15852173",1.1e-12
"27531","HISEQ13:138:C6FWNANXX:2:2204:3432:65890_1:103665187",1.1e-12
"27532","HISEQ13:138:C6FWNANXX:2:2116:3319:61808_1:97881211",1.1e-12
"27533","HISEQ13:138:C6FWNANXX:2:2204:3604:74650_1:103790437",1.1e-12
"27534","HISEQ13:138:C6FWNANXX:2:2316:5421:39168_1:145683978",1.1e-12
"27535","HISEQ13:138:C6FWNANXX:2:2316:9310:53584_1:145928900",1.1e-12
"27536","HISEQ13:138:C6FWNANXX:2:1116:12883:77942_1:24408081",1.1e-12
"27537","HISEQ13:138:C6FWNANXX:2:1305:14895:94890_1:56812263",1.1e-12
"27538","HISEQ13:138:C6FWNANXX:2:2210:4457:12818_1:111656588",1.1e-12
"27539","HISEQ13:138:C6FWNANXX:2:1208:5237:81727_1:36320596",1.1e-12
"27540","HISEQ13:138:C6FWNANXX:2:1305:17425:45949_1:56074522",1.1e-12
"27541","HISEQ13:138:C6FWNANXX:2:1109:2877:73856_1:13045112",1.1e-12
"27542","HISEQ13:138:C6FWNANXX:2:1315:2728:35789_1:71716017",1.1e-12
"27543","HISEQ13:138:C6FWNANXX:2:2202:3249:31832_1:100357878",1.1e-12
"27544","HISEQ13:138:C6FWNANXX:2:2309:19491:89911_1:135404701",1.1e-12
"27545","HISEQ13:138:C6FWNANXX:2:2211:1666:8891_1:113105256",1.1e-12
"27546","HISEQ13:138:C6FWNANXX:2:1216:6878:92473_1:49419847",1.1e-12
"27547","HISEQ13:138:C6FWNANXX:2:2205:19799:28384_1:104551369",1.1e-12
"27548","HISEQ13:138:C6FWNANXX:2:1101:12611:9690_1:113469",1.1e-12
"27549","HISEQ13:138:C6FWNANXX:2:1112:10450:22337_1:16848734",1.1e-12
"27550","HISEQ13:138:C6FWNANXX:2:1201:8436:93832_1:26156197",1.1e-12
"27551","HISEQ13:138:C6FWNANXX:2:1212:8542:4703_1:41348427",1.1e-12
"27552","HISEQ13:138:C6FWNANXX:2:2206:16585:79319_1:106735568",1.1e-12
"27553","HISEQ13:138:C6FWNANXX:2:2313:6273:61243_1:141160417",1.1e-12
"27554","HISEQ13:138:C6FWNANXX:2:1202:11209:37001_1:26775149",1.1e-12
"27555","HISEQ13:138:C6FWNANXX:2:2113:1532:10384_1:92230286",1.1e-12
"27556","HISEQ13:138:C6FWNANXX:2:1101:13491:15281_1:199099",1.1e-12
"27557","HISEQ13:138:C6FWNANXX:2:1111:12361:90951_1:16512331",1.1e-12
"27558","HISEQ13:138:C6FWNANXX:2:1312:10707:66074_1:67245529",1.1e-12
"27559","HISEQ13:138:C6FWNANXX:2:1315:20291:52096_1:71998632",1.1e-12
"27560","HISEQ13:138:C6FWNANXX:2:2206:18709:76020_1:106688763",1.1e-12
"27561","HISEQ13:138:C6FWNANXX:2:1206:21341:83540_1:33332699",1.1e-12
"27562","HISEQ13:138:C6FWNANXX:2:1307:4289:26125_1:58779298",1.1e-12
"27563","HISEQ13:138:C6FWNANXX:2:2307:12523:60777_1:131978888",1.1e-12
"27564","HISEQ13:138:C6FWNANXX:2:1206:16205:37324_1:32632467",1.1e-12
"27565","HISEQ13:138:C6FWNANXX:2:1313:4563:90248_1:69283655",1.1e-12
"27566","HISEQ13:138:C6FWNANXX:2:2103:21199:24598_1:77700131",1.1e-12
"27567","HISEQ13:138:C6FWNANXX:2:2112:14731:54049_1:91359228",1.1e-12
"27568","HISEQ13:138:C6FWNANXX:2:2114:13440:22833_1:94015347",1.1e-12
"27569","HISEQ13:138:C6FWNANXX:2:2216:7546:80935_1:122267708",1.1e-12
"27570","HISEQ13:138:C6FWNANXX:2:2314:16129:31568_1:142287280",1.1e-12
"27571","HISEQ13:138:C6FWNANXX:2:2314:6364:9277_1:141922254",1.1e-12
"27572","HISEQ13:138:C6FWNANXX:2:1304:13658:59127_1:54791643",1.1e-12
"27573","HISEQ13:138:C6FWNANXX:2:2315:10504:81505_1:144737668",1.1e-12
"27574","HISEQ13:138:C6FWNANXX:2:1107:17812:8874_1:8964360",1.1e-12
"27575","HISEQ13:138:C6FWNANXX:2:2211:5714:62679_1:113946067",1.1e-12
"27576","HISEQ13:138:C6FWNANXX:2:1206:6227:37857_1:32638224",1.1e-12
"27577","HISEQ13:138:C6FWNANXX:2:2113:4247:49430_1:92850336",1.1e-12
"27578","HISEQ13:138:C6FWNANXX:2:1211:5203:12845_1:39886714",1.1e-12
"27579","HISEQ13:138:C6FWNANXX:2:1211:21374:23178_1:40054510",1.1e-12
"27580","HISEQ13:138:C6FWNANXX:2:1209:12579:49607_1:37360960",1.1e-12
"27581","HISEQ13:138:C6FWNANXX:2:2205:6274:94203_1:105500428",1.1e-12
"27582","HISEQ13:138:C6FWNANXX:2:1205:4840:75946_1:31722542",1.1e-12
"27583","HISEQ13:138:C6FWNANXX:2:1110:17780:47680_1:14195947",1.1e-12
"27584","HISEQ13:138:C6FWNANXX:2:1104:15376:72038_1:5433428",1.1e-12
"27585","HISEQ13:138:C6FWNANXX:2:1107:3913:96590_1:10307043",1.1e-12
"27586","HISEQ13:138:C6FWNANXX:2:1201:17872:80605_1:25962964",1.1e-12
"27587","HISEQ13:138:C6FWNANXX:2:1111:2033:78778_1:16290815",1.1e-12
"27588","HISEQ13:138:C6FWNANXX:2:1116:15648:80311_1:24452142",1.1e-12
"27589","HISEQ13:138:C6FWNANXX:2:1203:4220:77940_1:28825415",1.1e-12
"27590","HISEQ13:138:C6FWNANXX:2:2101:12631:77935_1:75643115",1.1e-12
"27591","HISEQ13:138:C6FWNANXX:2:2113:19961:37471_1:92662143",1.1e-12
"27592","HISEQ13:138:C6FWNANXX:2:2208:19744:78260_1:109655367",1.1e-12
"27593","HISEQ13:138:C6FWNANXX:2:2311:15455:58846_1:137977519",1.1e-12
"27594","HISEQ13:138:C6FWNANXX:2:1205:19907:35249_1:31114519",1.1e-12
"27595","HISEQ13:138:C6FWNANXX:2:1212:18095:33631_1:41787006",1.1e-12
"27596","HISEQ13:138:C6FWNANXX:2:2108:9876:55741_1:85373182",1.1e-12
"27597","HISEQ13:138:C6FWNANXX:2:2108:9040:34750_1:85056254",1.1e-12
"27598","HISEQ13:138:C6FWNANXX:2:1211:21399:25736_1:40094966",1.1e-12
"27599","HISEQ13:138:C6FWNANXX:2:1115:14090:10536_1:21572489",1.1e-12
"27600","HISEQ13:138:C6FWNANXX:2:2207:16138:21625_1:107338878",1.1e-12
"27601","HISEQ13:138:C6FWNANXX:2:2303:19746:36407_1:125887831",1.1e-12
"27602","HISEQ13:138:C6FWNANXX:2:1213:20959:39034_1:43496280",1.1e-12
"27603","HISEQ13:138:C6FWNANXX:2:2312:17184:52124_1:139433941",1.1e-12
"27604","HISEQ13:138:C6FWNANXX:2:2314:11061:6185_1:141870502",1.1e-12
"27605","HISEQ13:138:C6FWNANXX:2:1111:8370:35247_1:15560119",1.1e-12
"27606","HISEQ13:138:C6FWNANXX:2:1315:19680:22654_1:71493520",1.1e-12
"27607","HISEQ13:138:C6FWNANXX:2:2204:12412:41280_1:103314285",1.1e-12
"27608","HISEQ13:138:C6FWNANXX:2:2310:3075:11704_1:135716156",1.1e-12
"27609","HISEQ13:138:C6FWNANXX:2:1304:2333:79300_1:55091536",1.1e-12
"27610","HISEQ13:138:C6FWNANXX:2:2313:13893:79433_1:141457829",1.1e-12
"27611","HISEQ13:138:C6FWNANXX:2:1205:20653:29878_1:31037166",1.1e-12
"27612","HISEQ13:138:C6FWNANXX:2:1105:11821:8913_1:5966172",1.1e-12
"27613","HISEQ13:138:C6FWNANXX:2:2105:12862:9738_1:80317154",1.1e-12
"27614","HISEQ13:138:C6FWNANXX:2:1104:7180:41785_1:4980536",1.1e-12
"27615","HISEQ13:138:C6FWNANXX:2:2104:10639:50350_1:79479019",1.1e-12
"27616","HISEQ13:138:C6FWNANXX:2:1215:8743:95678_1:47765491",1.1e-12
"27617","HISEQ13:138:C6FWNANXX:2:1203:21089:44379_1:28336529",1.1e-12
"27618","HISEQ13:138:C6FWNANXX:2:1109:18044:4110_1:11948378",1.1e-12
"27619","HISEQ13:138:C6FWNANXX:2:1116:11648:88805_1:24598554",1.1e-12
"27620","HISEQ13:138:C6FWNANXX:2:2110:10336:96392_1:88999612",1.1e-12
"27621","HISEQ13:138:C6FWNANXX:2:2112:7396:34178_1:91045802",1.1e-12
"27622","HISEQ13:138:C6FWNANXX:2:1207:18577:38457_1:34143789",1.1e-12
"27623","HISEQ13:138:C6FWNANXX:2:1109:12618:88894_1:13284626",1.1e-12
"27624","HISEQ13:138:C6FWNANXX:2:1212:1655:72268_1:42415693",1.1e-12
"27625","HISEQ13:138:C6FWNANXX:2:2313:19302:81470_1:141491600",1.1e-12
"27626","HISEQ13:138:C6FWNANXX:2:2107:14185:92590_1:84444973",1.1e-12
"27627","HISEQ13:138:C6FWNANXX:2:2111:6104:34680_1:89572050",1.1e-12
"27628","HISEQ13:138:C6FWNANXX:2:2116:2048:28719_1:97333513",1.2e-12
"27629","HISEQ13:138:C6FWNANXX:2:2215:4413:87770_1:120721453",1.2e-12
"27630","HISEQ13:138:C6FWNANXX:2:1204:12328:32417_1:29601746",1.2e-12
"27631","HISEQ13:138:C6FWNANXX:2:1206:17313:49764_1:32822433",1.2e-12
"27632","HISEQ13:138:C6FWNANXX:2:2308:15408:53282_1:133347178",1.2e-12
"27633","HISEQ13:138:C6FWNANXX:2:1312:11146:76011_1:67409658",1.2e-12
"27634","HISEQ13:138:C6FWNANXX:2:1312:19912:53913_1:67046464",1.2e-12
"27635","HISEQ13:138:C6FWNANXX:2:2103:20679:22965_1:77674663",1.2e-12
"27636","HISEQ13:138:C6FWNANXX:2:1203:9748:6998_1:27782087",1.2e-12
"27637","HISEQ13:138:C6FWNANXX:2:2112:6507:37349_1:91096114",1.2e-12
"27638","HISEQ13:138:C6FWNANXX:2:2304:12293:31890_1:127229602",1.2e-12
"27639","HISEQ13:138:C6FWNANXX:2:1208:14929:24527_1:35442278",1.2e-12
"27640","HISEQ13:138:C6FWNANXX:2:1111:12427:58197_1:15933342",1.2e-12
"27641","HISEQ13:138:C6FWNANXX:2:1112:14177:45417_1:17221137",1.2e-12
"27642","HISEQ13:138:C6FWNANXX:2:2111:20794:4861_1:89113385",1.2e-12
"27643","HISEQ13:138:C6FWNANXX:2:2210:3825:66179_1:112470013",1.2e-12
"27644","HISEQ13:138:C6FWNANXX:2:1205:7526:51051_1:31352885",1.2e-12
"27645","HISEQ13:138:C6FWNANXX:2:1315:4562:51670_1:71986456",1.2e-12
"27646","HISEQ13:138:C6FWNANXX:2:2302:6410:100028_1:125387586",1.2e-12
"27647","HISEQ13:138:C6FWNANXX:2:1206:10029:89212_1:33414028",1.2e-12
"27648","HISEQ13:138:C6FWNANXX:2:1311:6730:95871_1:66116017",1.2e-12
"27649","HISEQ13:138:C6FWNANXX:2:2205:9712:65831_1:105091880",1.2e-12
"27650","HISEQ13:138:C6FWNANXX:2:2213:3154:63710_1:117090045",1.2e-12
"27651","HISEQ13:138:C6FWNANXX:2:1110:4015:69220_1:14533180",1.2e-12
"27652","HISEQ13:138:C6FWNANXX:2:1304:15210:56990_1:54758515",1.2e-12
"27653","HISEQ13:138:C6FWNANXX:2:2109:6407:3904_1:86085192",1.2e-12
"27654","HISEQ13:138:C6FWNANXX:2:2313:18465:86338_1:141572484",1.2e-12
"27655","HISEQ13:138:C6FWNANXX:2:1114:17453:50819_1:20584061",1.2e-12
"27656","HISEQ13:138:C6FWNANXX:2:1214:18799:86039_1:45930716",1.2e-12
"27657","HISEQ13:138:C6FWNANXX:2:1215:8383:25587_1:46576932",1.2e-12
"27658","HISEQ13:138:C6FWNANXX:2:2302:16499:39457_1:124529271",1.2e-12
"27659","HISEQ13:138:C6FWNANXX:2:1309:16383:36345_1:62011939",1.2e-12
"27660","HISEQ13:138:C6FWNANXX:2:2215:18911:92897_1:120807478",1.2e-12
"27661","HISEQ13:138:C6FWNANXX:2:2315:6498:69911_1:144544532",1.2e-12
"27662","HISEQ13:138:C6FWNANXX:2:2116:7242:28037_1:97326184",1.2e-12
"27663","HISEQ13:138:C6FWNANXX:2:1103:5773:32032_1:3368996",1.2e-12
"27664","HISEQ13:138:C6FWNANXX:2:2105:10344:32145_1:80643034",1.2e-12
"27665","HISEQ13:138:C6FWNANXX:2:2211:16280:36586_1:113541280",1.2e-12
"27666","HISEQ13:138:C6FWNANXX:2:1114:7416:20266_1:20071262",1.2e-12
"27667","HISEQ13:138:C6FWNANXX:2:2103:19205:15038_1:77564632",1.2e-12
"27668","HISEQ13:138:C6FWNANXX:2:2205:16967:54389_1:104927606",1.2e-12
"27669","HISEQ13:138:C6FWNANXX:2:2315:8391:39631_1:144046551",1.2e-12
"27670","HISEQ13:138:C6FWNANXX:2:2315:14495:35163_1:143974191",1.2e-12
"27671","HISEQ13:138:C6FWNANXX:2:1105:20409:37577_1:6400225",1.2e-12
"27672","HISEQ13:138:C6FWNANXX:2:1303:11235:61769_1:53362227",1.2e-12
"27673","HISEQ13:138:C6FWNANXX:2:1305:3793:75778_1:56522893",1.2e-12
"27674","HISEQ13:138:C6FWNANXX:2:2213:19277:34281_1:116623052",1.2e-12
"27675","HISEQ13:138:C6FWNANXX:2:2214:11020:32812_1:118194025",1.2e-12
"27676","HISEQ13:138:C6FWNANXX:2:2311:10740:27430_1:137483690",1.2e-12
"27677","HISEQ13:138:C6FWNANXX:2:2316:14181:71426_1:146229903",1.2e-12
"27678","HISEQ13:138:C6FWNANXX:2:1306:9601:19293_1:57167000",1.2e-12
"27679","HISEQ13:138:C6FWNANXX:2:2102:18234:92619_1:77260279",1.2e-12
"27680","HISEQ13:138:C6FWNANXX:2:1309:2954:39309_1:62056520",1.2e-12
"27681","HISEQ13:138:C6FWNANXX:2:1210:11372:57588_1:39037527",1.2e-12
"27682","HISEQ13:138:C6FWNANXX:2:2107:13861:13153_1:83262328",1.2e-12
"27683","HISEQ13:138:C6FWNANXX:2:2116:17441:42089_1:97560616",1.2e-12
"27684","HISEQ13:138:C6FWNANXX:2:2109:4234:70786_1:87103739",1.2e-12
"27685","HISEQ13:138:C6FWNANXX:2:1107:17448:13104_1:9029524",1.2e-12
"27686","HISEQ13:138:C6FWNANXX:2:2109:20734:76701_1:87194443",1.2e-12
"27687","HISEQ13:138:C6FWNANXX:2:2110:6792:3376_1:87580296",1.2e-12
"27688","HISEQ13:138:C6FWNANXX:2:2205:7380:69246_1:105137736",1.2e-12
"27689","HISEQ13:138:C6FWNANXX:2:2211:19246:87710_1:114339240",1.2e-12
"27690","HISEQ13:138:C6FWNANXX:2:1208:6451:64499_1:36053372",1.2e-12
"27691","HISEQ13:138:C6FWNANXX:2:1212:12889:38427_1:41862879",1.2e-12
"27692","HISEQ13:138:C6FWNANXX:2:2202:11703:7961_1:100017574",1.2e-12
"27693","HISEQ13:138:C6FWNANXX:2:2206:18101:17780_1:105833322",1.2e-12
"27694","HISEQ13:138:C6FWNANXX:2:2307:12252:67467_1:132076015",1.2e-12
"27695","HISEQ13:138:C6FWNANXX:2:2101:2880:47119_1:75204188",1.2e-12
"27696","HISEQ13:138:C6FWNANXX:2:2307:12523:60777_1:131978889",1.2e-12
"27697","HISEQ13:138:C6FWNANXX:2:1113:17625:71119_1:19268085",1.2e-12
"27698","HISEQ13:138:C6FWNANXX:2:1106:8949:59710_1:8227531",1.2e-12
"27699","HISEQ13:138:C6FWNANXX:2:1115:4156:59430_1:22394504",1.2e-12
"27700","HISEQ13:138:C6FWNANXX:2:1313:16074:32091_1:68317347",1.2e-12
"27701","HISEQ13:138:C6FWNANXX:2:1207:17083:69765_1:34623358",1.2e-12
"27702","HISEQ13:138:C6FWNANXX:2:1116:20222:68089_1:24241299",1.2e-12
"27703","HISEQ13:138:C6FWNANXX:2:2106:7374:39788_1:82196199",1.2e-12
"27704","HISEQ13:138:C6FWNANXX:2:2312:20428:2981_1:138655594",1.2e-12
"27705","HISEQ13:138:C6FWNANXX:2:1114:20416:33217_1:20287090",1.2e-12
"27706","HISEQ13:138:C6FWNANXX:2:1104:8800:43776_1:5010816",1.2e-12
"27707","HISEQ13:138:C6FWNANXX:2:2313:7618:32807_1:140703049",1.2e-12
"27708","HISEQ13:138:C6FWNANXX:2:1312:17103:40487_1:66825113",1.2e-12
"27709","HISEQ13:138:C6FWNANXX:2:2113:19822:47391_1:92821372",1.2e-12
"27710","HISEQ13:138:C6FWNANXX:2:1109:2635:88440_1:13274709",1.2e-12
"27711","HISEQ13:138:C6FWNANXX:2:1215:16406:4013_1:46214282",1.2e-12
"27712","HISEQ13:138:C6FWNANXX:2:2107:12542:59830_1:83955823",1.2e-12
"27713","HISEQ13:138:C6FWNANXX:2:2114:19688:19861_1:93967558",1.2e-12
"27714","HISEQ13:138:C6FWNANXX:2:2307:5557:50086_1:131818562",1.2e-12
"27715","HISEQ13:138:C6FWNANXX:2:2314:9519:98637_1:143389211",1.2e-12
"27716","HISEQ13:138:C6FWNANXX:2:1307:20440:26342_1:58786243",1.2e-12
"27717","HISEQ13:138:C6FWNANXX:2:2110:7467:20054_1:87836514",1.2e-12
"27718","HISEQ13:138:C6FWNANXX:2:2116:3759:22753_1:97238014",1.2e-12
"27719","HISEQ13:138:C6FWNANXX:2:2214:17074:33931_1:118211699",1.2e-12
"27720","HISEQ13:138:C6FWNANXX:2:1102:6764:74886_1:2536398",1.2e-12
"27721","HISEQ13:138:C6FWNANXX:2:1106:6468:60517_1:8242632",1.2e-12
"27722","HISEQ13:138:C6FWNANXX:2:1208:15970:44442_1:35745665",1.2e-12
"27723","HISEQ13:138:C6FWNANXX:2:2311:3150:4671_1:137126421",1.2e-12
"27724","HISEQ13:138:C6FWNANXX:2:1114:3386:50979_1:20581148",1.2e-12
"27725","HISEQ13:138:C6FWNANXX:2:1206:6290:12189_1:32249468",1.2e-12
"27726","HISEQ13:138:C6FWNANXX:2:2105:12862:9738_1:80317153",1.2e-12
"27727","HISEQ13:138:C6FWNANXX:2:1213:21367:27773_1:43310356",1.2e-12
"27728","HISEQ13:138:C6FWNANXX:2:2108:9021:21019_1:84853457",1.2e-12
"27729","HISEQ13:138:C6FWNANXX:2:2111:16406:44563_1:89730519",1.2e-12
"27730","HISEQ13:138:C6FWNANXX:2:2310:5345:2981_1:135582898",1.2e-12
"27731","HISEQ13:138:C6FWNANXX:2:1110:17315:31961_1:13947112",1.2e-12
"27732","HISEQ13:138:C6FWNANXX:2:2101:6764:91349_1:75833570",1.2e-12
"27733","HISEQ13:138:C6FWNANXX:2:2112:19199:97426_1:92044755",1.2e-12
"27734","HISEQ13:138:C6FWNANXX:2:1210:13236:44668_1:38834068",1.2e-12
"27735","HISEQ13:138:C6FWNANXX:2:2203:4615:73237_1:102356116",1.2e-12
"27736","HISEQ13:138:C6FWNANXX:2:2203:20123:92969_1:102641159",1.2e-12
"27737","HISEQ13:138:C6FWNANXX:2:1103:15584:77968_1:4048235",1.2e-12
"27738","HISEQ13:138:C6FWNANXX:2:2108:7917:74903_1:85664328",1.2e-12
"27739","HISEQ13:138:C6FWNANXX:2:2207:21255:73484_1:108103318",1.2e-12
"27740","HISEQ13:138:C6FWNANXX:2:2109:5916:79701_1:87236728",1.2e-12
"27741","HISEQ13:138:C6FWNANXX:2:1110:13695:34001_1:13981483",1.2e-12
"27742","HISEQ13:138:C6FWNANXX:2:1115:4207:71040_1:22593313",1.2e-12
"27743","HISEQ13:138:C6FWNANXX:2:1305:7391:43467_1:56035203",1.2e-12
"27744","HISEQ13:138:C6FWNANXX:2:1307:18784:23775_1:58747533",1.2e-12
"27745","HISEQ13:138:C6FWNANXX:2:2309:8619:62726_1:134985068",1.2e-12
"27746","HISEQ13:138:C6FWNANXX:2:1204:16663:43640_1:29769008",1.2e-12
"27747","HISEQ13:138:C6FWNANXX:2:1307:13609:30898_1:58854007",1.2e-12
"27748","HISEQ13:138:C6FWNANXX:2:1108:12422:89684_1:11738660",1.2e-12
"27749","HISEQ13:138:C6FWNANXX:2:1314:18652:98132_1:71097557",1.2e-12
"27750","HISEQ13:138:C6FWNANXX:2:1105:11888:43410_1:6485020",1.2e-12
"27751","HISEQ13:138:C6FWNANXX:2:2202:1913:84924_1:101111373",1.2e-12
"27752","HISEQ13:138:C6FWNANXX:2:2301:10044:98666_1:123969944",1.2e-12
"27753","HISEQ13:138:C6FWNANXX:2:2310:11321:95673_1:137007801",1.2e-12
"27754","HISEQ13:138:C6FWNANXX:2:1211:1833:80667_1:40976234",1.2e-12
"27755","HISEQ13:138:C6FWNANXX:2:1202:18888:17673_1:26490366",1.2e-12
"27756","HISEQ13:138:C6FWNANXX:2:1302:18357:32502_1:51472721",1.2e-12
"27757","HISEQ13:138:C6FWNANXX:2:1203:6284:96833_1:29107088",1.2e-12
"27758","HISEQ13:138:C6FWNANXX:2:2307:6195:11270_1:131244029",1.2e-12
"27759","HISEQ13:138:C6FWNANXX:2:1306:12934:83349_1:58144710",1.2e-12
"27760","HISEQ13:138:C6FWNANXX:2:2113:12644:58429_1:92996409",1.2e-12
"27761","HISEQ13:138:C6FWNANXX:2:2315:8240:30103_1:143889633",1.2e-12
"27762","HISEQ13:138:C6FWNANXX:2:1309:1364:72168_1:62574795",1.2e-12
"27763","HISEQ13:138:C6FWNANXX:2:2112:9339:99119_1:92070425",1.2e-12
"27764","HISEQ13:138:C6FWNANXX:2:2210:9169:14287_1:111680302",1.2e-12
"27765","HISEQ13:138:C6FWNANXX:2:1315:7236:89740_1:72642923",1.2e-12
"27766","HISEQ13:138:C6FWNANXX:2:2305:14210:24702_1:128546295",1.2e-12
"27767","HISEQ13:138:C6FWNANXX:2:1114:19153:7527_1:19859875",1.2e-12
"27768","HISEQ13:138:C6FWNANXX:2:1203:20062:13264_1:27879353",1.2e-12
"27769","HISEQ13:138:C6FWNANXX:2:2116:17064:30271_1:97365958",1.2e-12
"27770","HISEQ13:138:C6FWNANXX:2:2215:16837:73529_1:120488394",1.2e-12
"27771","HISEQ13:138:C6FWNANXX:2:2308:12741:45053_1:133221701",1.2e-12
"27772","HISEQ13:138:C6FWNANXX:2:1310:4131:95315_1:64506987",1.2e-12
"27773","HISEQ13:138:C6FWNANXX:2:2202:15202:4087_1:99964387",1.2e-12
"27774","HISEQ13:138:C6FWNANXX:2:2314:17672:45716_1:142518360",1.2e-12
"27775","HISEQ13:138:C6FWNANXX:2:2214:10239:57985_1:118602276",1.2e-12
"27776","HISEQ13:138:C6FWNANXX:2:1107:1880:13866_1:9038049",1.2e-12
"27777","HISEQ13:138:C6FWNANXX:2:1105:16793:19075_1:6122006",1.2e-12
"27778","HISEQ13:138:C6FWNANXX:2:1115:18908:98632_1:23066612",1.2e-12
"27779","HISEQ13:138:C6FWNANXX:2:2303:3543:77065_1:126462704",1.2e-12
"27780","HISEQ13:138:C6FWNANXX:2:2308:18251:85299_1:133830427",1.2e-12
"27781","HISEQ13:138:C6FWNANXX:2:2107:8714:71413_1:84126305",1.2e-12
"27782","HISEQ13:138:C6FWNANXX:2:1308:15654:94680_1:61373453",1.2e-12
"27783","HISEQ13:138:C6FWNANXX:2:2213:9808:74961_1:117272393",1.2e-12
"27784","HISEQ13:138:C6FWNANXX:2:2307:8804:60586_1:131974487",1.2e-12
"27785","HISEQ13:138:C6FWNANXX:2:1110:8698:87591_1:14823673",1.2e-12
"27786","HISEQ13:138:C6FWNANXX:2:1113:18128:98598_1:19726966",1.2e-12
"27787","HISEQ13:138:C6FWNANXX:2:2104:3774:54288_1:79535461",1.2e-12
"27788","HISEQ13:138:C6FWNANXX:2:2109:8399:77954_1:87210782",1.2e-12
"27789","HISEQ13:138:C6FWNANXX:2:1109:20241:3531_1:11940951",1.2e-12
"27790","HISEQ13:138:C6FWNANXX:2:1310:20315:83974_1:64329169",1.2e-12
"27791","HISEQ13:138:C6FWNANXX:2:2312:16749:94161_1:140102685",1.2e-12
"27792","HISEQ13:138:C6FWNANXX:2:1214:8638:9485_1:44639617",1.2e-12
"27793","HISEQ13:138:C6FWNANXX:2:2110:20026:23949_1:87896263",1.2e-12
"27794","HISEQ13:138:C6FWNANXX:2:1306:18107:38815_1:57466029",1.2e-12
"27795","HISEQ13:138:C6FWNANXX:2:2214:8999:28669_1:118124838",1.2e-12
"27796","HISEQ13:138:C6FWNANXX:2:1312:20519:60451_1:67153481",1.2e-12
"27797","HISEQ13:138:C6FWNANXX:2:1205:19295:31636_1:31062638",1.2e-12
"27798","HISEQ13:138:C6FWNANXX:2:1103:17489:57846_1:3751863",1.3e-12
"27799","HISEQ13:138:C6FWNANXX:2:1215:6715:23114_1:46534233",1.3e-12
"27800","HISEQ13:138:C6FWNANXX:2:2101:6236:88354_1:75790840",1.3e-12
"27801","HISEQ13:138:C6FWNANXX:2:2301:17252:96334_1:123939408",1.3e-12
"27802","HISEQ13:138:C6FWNANXX:2:1207:7771:46092_1:34259652",1.3e-12
"27803","HISEQ13:138:C6FWNANXX:2:2110:1913:94170_1:88963406",1.3e-12
"27804","HISEQ13:138:C6FWNANXX:2:2204:6276:65754_1:103665707",1.3e-12
"27805","HISEQ13:138:C6FWNANXX:2:2207:2781:50975_1:107765732",1.3e-12
"27806","HISEQ13:138:C6FWNANXX:2:2106:14743:58398_1:82470943",1.3e-12
"27807","HISEQ13:138:C6FWNANXX:2:2206:15230:2825_1:105613391",1.3e-12
"27808","HISEQ13:138:C6FWNANXX:2:1108:2719:59034_1:11258094",1.3e-12
"27809","HISEQ13:138:C6FWNANXX:2:1215:17246:96297_1:47780249",1.3e-12
"27810","HISEQ13:138:C6FWNANXX:2:1313:11575:23273_1:68171330",1.3e-12
"27811","HISEQ13:138:C6FWNANXX:2:1316:20232:19909_1:73152466",1.3e-12
"27812","HISEQ13:138:C6FWNANXX:2:2109:3271:32654_1:86520559",1.3e-12
"27813","HISEQ13:138:C6FWNANXX:2:2202:8401:79171_1:101030678",1.3e-12
"27814","HISEQ13:138:C6FWNANXX:2:1209:20757:44314_1:37280400",1.3e-12
"27815","HISEQ13:138:C6FWNANXX:2:1209:7810:50009_1:37367959",1.3e-12
"27816","HISEQ13:138:C6FWNANXX:2:1309:14225:66748_1:62490446",1.3e-12
"27817","HISEQ13:138:C6FWNANXX:2:1115:6679:36352_1:22006335",1.3e-12
"27818","HISEQ13:138:C6FWNANXX:2:1308:11959:56944_1:60780008",1.3e-12
"27819","HISEQ13:138:C6FWNANXX:2:2302:16895:26650_1:124350747",1.3e-12
"27820","HISEQ13:138:C6FWNANXX:2:1204:9543:67562_1:30124637",1.3e-12
"27821","HISEQ13:138:C6FWNANXX:2:2106:20444:66299_1:82590262",1.3e-12
"27822","HISEQ13:138:C6FWNANXX:2:2306:14913:74786_1:130726250",1.3e-12
"27823","HISEQ13:138:C6FWNANXX:2:1314:12844:94603_1:71036156",1.3e-12
"27824","HISEQ13:138:C6FWNANXX:2:2111:11102:99969_1:90658451",1.3e-12
"27825","HISEQ13:138:C6FWNANXX:2:1302:8262:70246_1:52022653",1.3e-12
"27826","HISEQ13:138:C6FWNANXX:2:2207:10422:91536_1:108372342",1.3e-12
"27827","HISEQ13:138:C6FWNANXX:2:2303:19746:36407_1:125887830",1.3e-12
"27828","HISEQ13:138:C6FWNANXX:2:2315:17533:66358_1:144490164",1.3e-12
"27829","HISEQ13:138:C6FWNANXX:2:1305:17598:8801_1:55520188",1.3e-12
"27830","HISEQ13:138:C6FWNANXX:2:1309:2355:33377_1:61961365",1.3e-12
"27831","HISEQ13:138:C6FWNANXX:2:1314:14749:58195_1:70415839",1.3e-12
"27832","HISEQ13:138:C6FWNANXX:2:2207:13410:88777_1:108331886",1.3e-12
"27833","HISEQ13:138:C6FWNANXX:2:1110:2512:4779_1:13517594",1.3e-12
"27834","HISEQ13:138:C6FWNANXX:2:1210:10058:23507_1:38503741",1.3e-12
"27835","HISEQ13:138:C6FWNANXX:2:1203:16227:36310_1:28217564",1.3e-12
"27836","HISEQ13:138:C6FWNANXX:2:1311:2838:92343_1:66058299",1.3e-12
"27837","HISEQ13:138:C6FWNANXX:2:2308:4733:55609_1:133378906",1.3e-12
"27838","HISEQ13:138:C6FWNANXX:2:2110:14937:33224_1:88036582",1.3e-12
"27839","HISEQ13:138:C6FWNANXX:2:1205:7112:72652_1:31673805",1.3e-12
"27840","HISEQ13:138:C6FWNANXX:2:1312:14924:62647_1:67189403",1.3e-12
"27841","HISEQ13:138:C6FWNANXX:2:1114:7356:25349_1:20154869",1.3e-12
"27842","HISEQ13:138:C6FWNANXX:2:1204:13239:87329_1:30419029",1.3e-12
"27843","HISEQ13:138:C6FWNANXX:2:1216:4400:72010_1:49068453",1.3e-12
"27844","HISEQ13:138:C6FWNANXX:2:1315:14582:82118_1:72513633",1.3e-12
"27845","HISEQ13:138:C6FWNANXX:2:2201:4663:68129_1:99467711",1.3e-12
"27846","HISEQ13:138:C6FWNANXX:2:2209:7569:91599_1:111352125",1.3e-12
"27847","HISEQ13:138:C6FWNANXX:2:1114:17269:43064_1:20453906",1.3e-12
"27848","HISEQ13:138:C6FWNANXX:2:1209:12575:40117_1:37212681",1.3e-12
"27849","HISEQ13:138:C6FWNANXX:2:1303:3891:54149_1:53246150",1.3e-12
"27850","HISEQ13:138:C6FWNANXX:2:2116:4854:66371_1:97955310",1.3e-12
"27851","HISEQ13:138:C6FWNANXX:2:2202:1574:93350_1:101233130",1.3e-12
"27852","HISEQ13:138:C6FWNANXX:2:1308:13638:54522_1:60745316",1.3e-12
"27853","HISEQ13:138:C6FWNANXX:2:2215:3170:3505_1:119330960",1.3e-12
"27854","HISEQ13:138:C6FWNANXX:2:1213:15923:76018_1:44107975",1.3e-12
"27855","HISEQ13:138:C6FWNANXX:2:1313:5920:70007_1:68948840",1.3e-12
"27856","HISEQ13:138:C6FWNANXX:2:2109:8816:79325_1:87233547",1.3e-12
"27857","HISEQ13:138:C6FWNANXX:2:2213:13936:41630_1:116737766",1.3e-12
"27858","HISEQ13:138:C6FWNANXX:2:2313:1677:92750_1:141673058",1.3e-12
"27859","HISEQ13:138:C6FWNANXX:2:1113:16195:84942_1:19497044",1.3e-12
"27860","HISEQ13:138:C6FWNANXX:2:1216:17674:75774_1:49137127",1.3e-12
"27861","HISEQ13:138:C6FWNANXX:2:1301:1813:27694_1:49945031",1.3e-12
"27862","HISEQ13:138:C6FWNANXX:2:1303:8225:80385_1:53634569",1.3e-12
"27863","HISEQ13:138:C6FWNANXX:2:1110:9299:74485_1:14617029",1.3e-12
"27864","HISEQ13:138:C6FWNANXX:2:1304:10291:74125_1:55014887",1.3e-12
"27865","HISEQ13:138:C6FWNANXX:2:1313:5081:30979_1:68294250",1.3e-12
"27866","HISEQ13:138:C6FWNANXX:2:2101:13372:31096_1:74978350",1.3e-12
"27867","HISEQ13:138:C6FWNANXX:2:2104:10634:28573_1:79166329",1.3e-12
"27868","HISEQ13:138:C6FWNANXX:2:2115:5489:41727_1:95924897",1.3e-12
"27869","HISEQ13:138:C6FWNANXX:2:1115:11566:17729_1:21690186",1.3e-12
"27870","HISEQ13:138:C6FWNANXX:2:2114:9720:52536_1:94495943",1.3e-12
"27871","HISEQ13:138:C6FWNANXX:2:2105:6845:44467_1:80820305",1.3e-12
"27872","HISEQ13:138:C6FWNANXX:2:2313:7201:30626_1:140666495",1.3e-12
"27873","HISEQ13:138:C6FWNANXX:2:2207:18419:10196_1:107170161",1.3e-12
"27874","HISEQ13:138:C6FWNANXX:2:1203:5558:17207_1:27932234",1.3e-12
"27875","HISEQ13:138:C6FWNANXX:2:1315:20043:65238_1:72222458",1.3e-12
"27876","HISEQ13:138:C6FWNANXX:2:2102:2047:81242_1:77092677",1.3e-12
"27877","HISEQ13:138:C6FWNANXX:2:2310:6188:56687_1:136411701",1.3e-12
"27878","HISEQ13:138:C6FWNANXX:2:2316:20324:57164_1:145990693",1.3e-12
"27879","HISEQ13:138:C6FWNANXX:2:2215:4165:80217_1:120592845",1.3e-12
"27880","HISEQ13:138:C6FWNANXX:2:2104:4435:60588_1:79625091",1.3e-12
"27881","HISEQ13:138:C6FWNANXX:2:1106:17282:54418_1:8148987",1.3e-12
"27882","HISEQ13:138:C6FWNANXX:2:1211:6368:43417_1:40377155",1.3e-12
"27883","HISEQ13:138:C6FWNANXX:2:1312:8311:41284_1:66839672",1.3e-12
"27884","HISEQ13:138:C6FWNANXX:2:2109:17094:33876_1:86542266",1.3e-12
"27885","HISEQ13:138:C6FWNANXX:2:2205:1826:19423_1:104418769",1.3e-12
"27886","HISEQ13:138:C6FWNANXX:2:2105:14287:86839_1:81437549",1.3e-12
"27887","HISEQ13:138:C6FWNANXX:2:2209:6062:12487_1:110148398",1.3e-12
"27888","HISEQ13:138:C6FWNANXX:2:2313:21036:39400_1:140811533",1.3e-12
"27889","HISEQ13:138:C6FWNANXX:2:1105:4615:20057_1:6134677",1.3e-12
"27890","HISEQ13:138:C6FWNANXX:2:1211:4101:31895_1:40191905",1.3e-12
"27891","HISEQ13:138:C6FWNANXX:2:1213:14304:23515_1:43239613",1.3e-12
"27892","HISEQ13:138:C6FWNANXX:2:2210:2306:67570_1:112491720",1.3e-12
"27893","HISEQ13:138:C6FWNANXX:2:2111:8671:75259_1:90228735",1.3e-12
"27894","HISEQ13:138:C6FWNANXX:2:2313:15700:68482_1:141280035",1.3e-12
"27895","HISEQ13:138:C6FWNANXX:2:2110:15793:26601_1:87937276",1.3e-12
"27896","HISEQ13:138:C6FWNANXX:2:2112:2891:96439_1:92025547",1.3e-12
"27897","HISEQ13:138:C6FWNANXX:2:1207:17614:11351_1:33736458",1.3e-12
"27898","HISEQ13:138:C6FWNANXX:2:1212:7792:22275_1:41602468",1.3e-12
"27899","HISEQ13:138:C6FWNANXX:2:2215:15811:84983_1:120673976",1.3e-12
"27900","HISEQ13:138:C6FWNANXX:2:1103:4581:96355_1:4320532",1.3e-12
"27901","HISEQ13:138:C6FWNANXX:2:1204:10676:87470_1:30418610",1.3e-12
"27902","HISEQ13:138:C6FWNANXX:2:1307:9173:80291_1:59615453",1.3e-12
"27903","HISEQ13:138:C6FWNANXX:2:2106:7813:52720_1:82385256",1.3e-12
"27904","HISEQ13:138:C6FWNANXX:2:2113:12060:36883_1:92652693",1.3e-12
"27905","HISEQ13:138:C6FWNANXX:2:2201:19435:30928_1:98938929",1.3e-12
"27906","HISEQ13:138:C6FWNANXX:2:2214:8030:52857_1:118519472",1.3e-12
"27907","HISEQ13:138:C6FWNANXX:2:1211:2756:3002_1:39730182",1.3e-12
"27908","HISEQ13:138:C6FWNANXX:2:1301:6026:93499_1:50911282",1.3e-12
"27909","HISEQ13:138:C6FWNANXX:2:1308:2248:67783_1:60950319",1.3e-12
"27910","HISEQ13:138:C6FWNANXX:2:1209:3186:80331_1:37840099",1.3e-12
"27911","HISEQ13:138:C6FWNANXX:2:2301:1921:25299_1:122934582",1.3e-12
"27912","HISEQ13:138:C6FWNANXX:2:1308:17483:36426_1:60462851",1.3e-12
"27913","HISEQ13:138:C6FWNANXX:2:2111:20147:32680_1:89544383",1.3e-12
"27914","HISEQ13:138:C6FWNANXX:2:2109:14600:11265_1:86200414",1.3e-12
"27915","HISEQ13:138:C6FWNANXX:2:2213:3653:70712_1:117202985",1.3e-12
"27916","HISEQ13:138:C6FWNANXX:2:2104:21038:75682_1:79845280",1.3e-12
"27917","HISEQ13:138:C6FWNANXX:2:2107:12622:44125_1:83721409",1.3e-12
"27918","HISEQ13:138:C6FWNANXX:2:1210:15867:21385_1:38469480",1.3e-12
"27919","HISEQ13:138:C6FWNANXX:2:1216:20623:97684_1:49514169",1.3e-12
"27920","HISEQ13:138:C6FWNANXX:2:1316:9575:68784_1:74005597",1.3e-12
"27921","HISEQ13:138:C6FWNANXX:2:1102:13094:18185_1:1701887",1.3e-12
"27922","HISEQ13:138:C6FWNANXX:2:1306:18017:19196_1:57164904",1.3e-12
"27923","HISEQ13:138:C6FWNANXX:2:2102:11291:16806_1:76180446",1.3e-12
"27924","HISEQ13:138:C6FWNANXX:2:2107:6104:22709_1:83401760",1.3e-12
"27925","HISEQ13:138:C6FWNANXX:2:2303:17994:49202_1:126069323",1.3e-12
"27926","HISEQ13:138:C6FWNANXX:2:1316:7245:54893_1:73759741",1.3e-12
"27927","HISEQ13:138:C6FWNANXX:2:2111:14878:79821_1:90306261",1.3e-12
"27928","HISEQ13:138:C6FWNANXX:2:2310:2522:95476_1:137002144",1.3e-12
"27929","HISEQ13:138:C6FWNANXX:2:1315:12529:2746_1:71152905",1.3e-12
"27930","HISEQ13:138:C6FWNANXX:2:1208:7917:68449_1:36116249",1.3e-12
"27931","HISEQ13:138:C6FWNANXX:2:2114:2375:85968_1:95035898",1.3e-12
"27932","HISEQ13:138:C6FWNANXX:2:1210:4373:85614_1:39473453",1.3e-12
"27933","HISEQ13:138:C6FWNANXX:2:2211:16650:61370_1:113928485",1.3e-12
"27934","HISEQ13:138:C6FWNANXX:2:2103:2222:5125_1:77418953",1.3e-12
"27935","HISEQ13:138:C6FWNANXX:2:2215:16893:32915_1:119815475",1.3e-12
"27936","HISEQ13:138:C6FWNANXX:2:2306:9783:40488_1:130215873",1.3e-12
"27937","HISEQ13:138:C6FWNANXX:2:2211:14094:25381_1:113364369",1.3e-12
"27938","HISEQ13:138:C6FWNANXX:2:2212:16873:69547_1:115606469",1.3e-12
"27939","HISEQ13:138:C6FWNANXX:2:1108:9790:86443_1:11687045",1.3e-12
"27940","HISEQ13:138:C6FWNANXX:2:1216:14045:19790_1:48165352",1.3e-12
"27941","HISEQ13:138:C6FWNANXX:2:1306:19945:21787_1:57206852",1.3e-12
"27942","HISEQ13:138:C6FWNANXX:2:2213:14004:5355_1:116158895",1.3e-12
"27943","HISEQ13:138:C6FWNANXX:2:2305:8578:29608_1:128617180",1.3e-12
"27944","HISEQ13:138:C6FWNANXX:2:1303:12029:97302_1:53888047",1.3e-12
"27945","HISEQ13:138:C6FWNANXX:2:2208:9180:38926_1:109058548",1.3e-12
"27946","HISEQ13:138:C6FWNANXX:2:2212:11634:48215_1:115265501",1.3e-12
"27947","HISEQ13:138:C6FWNANXX:2:2107:15461:40384_1:83666450",1.4e-12
"27948","HISEQ13:138:C6FWNANXX:2:2108:16579:97227_1:86002470",1.4e-12
"27949","HISEQ13:138:C6FWNANXX:2:2213:5702:79002_1:117340065",1.4e-12
"27950","HISEQ13:138:C6FWNANXX:2:2109:15339:92540_1:87436225",1.4e-12
"27951","HISEQ13:138:C6FWNANXX:2:2210:16752:14049_1:111678139",1.4e-12
"27952","HISEQ13:138:C6FWNANXX:2:1210:10910:29311_1:38594365",1.4e-12
"27953","HISEQ13:138:C6FWNANXX:2:2109:4113:65894_1:87027904",1.4e-12
"27954","HISEQ13:138:C6FWNANXX:2:2210:11358:50881_1:112237821",1.4e-12
"27955","HISEQ13:138:C6FWNANXX:2:2304:5977:50754_1:127499923",1.4e-12
"27956","HISEQ13:138:C6FWNANXX:2:1208:12564:62048_1:36020312",1.4e-12
"27957","HISEQ13:138:C6FWNANXX:2:2115:16855:12037_1:95447303",1.4e-12
"27958","HISEQ13:138:C6FWNANXX:2:2113:9131:26918_1:92492285",1.4e-12
"27959","HISEQ13:138:C6FWNANXX:2:2316:6762:64558_1:146114577",1.4e-12
"27960","HISEQ13:138:C6FWNANXX:2:2201:17006:3507_1:98549501",1.4e-12
"27961","HISEQ13:138:C6FWNANXX:2:1212:16127:53603_1:42111917",1.4e-12
"27962","HISEQ13:138:C6FWNANXX:2:1101:4696:67146_1:963643",1.4e-12
"27963","HISEQ13:138:C6FWNANXX:2:1115:18200:96503_1:23032060",1.4e-12
"27964","HISEQ13:138:C6FWNANXX:2:1306:2768:15081_1:57100762",1.4e-12
"27965","HISEQ13:138:C6FWNANXX:2:2313:3840:27247_1:140609100",1.4e-12
"27966","HISEQ13:138:C6FWNANXX:2:1313:16163:64459_1:68854015",1.4e-12
"27967","HISEQ13:138:C6FWNANXX:2:1211:18943:77517_1:40931253",1.4e-12
"27968","HISEQ13:138:C6FWNANXX:2:1114:1842:17496_1:20019899",1.4e-12
"27969","HISEQ13:138:C6FWNANXX:2:1307:4670:81894_1:59637753",1.4e-12
"27970","HISEQ13:138:C6FWNANXX:2:1114:16639:24778_1:20148407",1.4e-12
"27971","HISEQ13:138:C6FWNANXX:2:1214:10560:80450_1:45832495",1.4e-12
"27972","HISEQ13:138:C6FWNANXX:2:2111:2237:76095_1:90240001",1.4e-12
"27973","HISEQ13:138:C6FWNANXX:2:2304:3608:22998_1:127099245",1.4e-12
"27974","HISEQ13:138:C6FWNANXX:2:2308:15612:44726_1:133214632",1.4e-12
"27975","HISEQ13:138:C6FWNANXX:2:1109:19687:12755_1:12086003",1.4e-12
"27976","HISEQ13:138:C6FWNANXX:2:1303:14894:57039_1:53292756",1.4e-12
"27977","HISEQ13:138:C6FWNANXX:2:2308:18867:82210_1:133781944",1.4e-12
"27978","HISEQ13:138:C6FWNANXX:2:2313:20102:91413_1:141652813",1.4e-12
"27979","HISEQ13:138:C6FWNANXX:2:1201:16922:66742_1:25756856",1.4e-12
"27980","HISEQ13:138:C6FWNANXX:2:1208:10476:29082_1:35510923",1.4e-12
"27981","HISEQ13:138:C6FWNANXX:2:2113:13512:52465_1:92900828",1.4e-12
"27982","HISEQ13:138:C6FWNANXX:2:1110:12491:46354_1:14174950",1.4e-12
"27983","HISEQ13:138:C6FWNANXX:2:2301:4009:3027_1:122619831",1.4e-12
"27984","HISEQ13:138:C6FWNANXX:2:2306:11194:94965_1:131018620",1.4e-12
"27985","HISEQ13:138:C6FWNANXX:2:2301:13235:84530_1:123771780",1.4e-12
"27986","HISEQ13:138:C6FWNANXX:2:1315:18618:56903_1:72080251",1.4e-12
"27987","HISEQ13:138:C6FWNANXX:2:2203:19534:64778_1:102241411",1.4e-12
"27988","HISEQ13:138:C6FWNANXX:2:2203:13874:51679_1:102051252",1.4e-12
"27989","HISEQ13:138:C6FWNANXX:2:1312:11946:85922_1:67571389",1.4e-12
"27990","HISEQ13:138:C6FWNANXX:2:1313:10048:2602_1:67828176",1.4e-12
"27991","HISEQ13:138:C6FWNANXX:2:2112:2879:14428_1:90773332",1.4e-12
"27992","HISEQ13:138:C6FWNANXX:2:2102:10488:29746_1:76361214",1.4e-12
"27993","HISEQ13:138:C6FWNANXX:2:2209:9381:42054_1:110599705",1.4e-12
"27994","HISEQ13:138:C6FWNANXX:2:2210:18217:72267_1:112567236",1.4e-12
"27995","HISEQ13:138:C6FWNANXX:2:1102:9934:24788_1:1800758",1.4e-12
"27996","HISEQ13:138:C6FWNANXX:2:1107:5742:30040_1:9287335",1.4e-12
"27997","HISEQ13:138:C6FWNANXX:2:1201:18863:6081_1:24866764",1.4e-12
"27998","HISEQ13:138:C6FWNANXX:2:1302:21058:18552_1:51268133",1.4e-12
"27999","HISEQ13:138:C6FWNANXX:2:1308:3554:93301_1:61351460",1.4e-12
"28000","HISEQ13:138:C6FWNANXX:2:2114:1510:76289_1:94882468",1.4e-12
"28001","HISEQ13:138:C6FWNANXX:2:2208:12513:36704_1:109025691",1.4e-12
"28002","HISEQ13:138:C6FWNANXX:2:2215:6711:71613_1:120453381",1.4e-12
"28003","HISEQ13:138:C6FWNANXX:2:2312:12996:72876_1:139762684",1.4e-12
"28004","HISEQ13:138:C6FWNANXX:2:2302:16963:42469_1:124571231",1.4e-12
"28005","HISEQ13:138:C6FWNANXX:2:1104:15359:73826_1:5459437",1.4e-12
"28006","HISEQ13:138:C6FWNANXX:2:1104:4743:34951_1:4875948",1.4e-12
"28007","HISEQ13:138:C6FWNANXX:2:1312:9569:65761_1:67241204",1.4e-12
"28008","HISEQ13:138:C6FWNANXX:2:1104:7939:55728_1:5185237",1.4e-12
"28009","HISEQ13:138:C6FWNANXX:2:1114:16881:71456_1:20929320",1.4e-12
"28010","HISEQ13:138:C6FWNANXX:2:1110:17051:23967_1:13820712",1.4e-12
"28011","HISEQ13:138:C6FWNANXX:2:1315:19680:22654_1:71493519",1.4e-12
"28012","HISEQ13:138:C6FWNANXX:2:2210:1473:28093_1:111888945",1.4e-12
"28013","HISEQ13:138:C6FWNANXX:2:1105:5224:10239_1:5983696",1.4e-12
"28014","HISEQ13:138:C6FWNANXX:2:2102:12397:44503_1:76574622",1.4e-12
"28015","HISEQ13:138:C6FWNANXX:2:2108:6336:87979_1:85860416",1.4e-12
"28016","HISEQ13:138:C6FWNANXX:2:1313:10371:29254_1:68270966",1.4e-12
"28017","HISEQ13:138:C6FWNANXX:2:2204:10743:63377_1:103630825",1.4e-12
"28018","HISEQ13:138:C6FWNANXX:2:2301:17169:19748_1:122856258",1.4e-12
"28019","HISEQ13:138:C6FWNANXX:2:1215:10991:16953_1:46429088",1.4e-12
"28020","HISEQ13:138:C6FWNANXX:2:1106:8943:48325_1:8055836",1.4e-12
"28021","HISEQ13:138:C6FWNANXX:2:1212:9464:53369_1:42106369",1.4e-12
"28022","HISEQ13:138:C6FWNANXX:2:1206:14180:40432_1:32677734",1.4e-12
"28023","HISEQ13:138:C6FWNANXX:2:1109:12647:57387_1:12785763",1.4e-12
"28024","HISEQ13:138:C6FWNANXX:2:1204:2229:68660_1:30138210",1.4e-12
"28025","HISEQ13:138:C6FWNANXX:2:1306:17624:28332_1:57305915",1.4e-12
"28026","HISEQ13:138:C6FWNANXX:2:2301:6205:92231_1:123876882",1.4e-12
"28027","HISEQ13:138:C6FWNANXX:2:1309:2954:39309_1:62056519",1.4e-12
"28028","HISEQ13:138:C6FWNANXX:2:1209:17050:88576_1:37972687",1.4e-12
"28029","HISEQ13:138:C6FWNANXX:2:2309:14648:35069_1:134567139",1.4e-12
"28030","HISEQ13:138:C6FWNANXX:2:1110:12491:46354_1:14174951",1.4e-12
"28031","HISEQ13:138:C6FWNANXX:2:1211:20349:24793_1:40082571",1.4e-12
"28032","HISEQ13:138:C6FWNANXX:2:1316:5187:67576_1:73982506",1.4e-12
"28033","HISEQ13:138:C6FWNANXX:2:1312:17014:81325_1:67498168",1.4e-12
"28034","HISEQ13:138:C6FWNANXX:2:2307:5902:99968_1:132557922",1.4e-12
"28035","HISEQ13:138:C6FWNANXX:2:1104:16542:55985_1:5190746",1.4e-12
"28036","HISEQ13:138:C6FWNANXX:2:1114:3909:73536_1:20964647",1.4e-12
"28037","HISEQ13:138:C6FWNANXX:2:1209:14665:66874_1:37631548",1.4e-12
"28038","HISEQ13:138:C6FWNANXX:2:1307:1752:24389_1:58751950",1.4e-12
"28039","HISEQ13:138:C6FWNANXX:2:1310:14202:72495_1:64146895",1.4e-12
"28040","HISEQ13:138:C6FWNANXX:2:2108:6755:63493_1:85490022",1.4e-12
"28041","HISEQ13:138:C6FWNANXX:2:2109:10153:64246_1:87002391",1.4e-12
"28042","HISEQ13:138:C6FWNANXX:2:1102:1560:81914_1:2638973",1.4e-12
"28043","HISEQ13:138:C6FWNANXX:2:1212:4056:48946_1:42032142",1.4e-12
"28044","HISEQ13:138:C6FWNANXX:2:1315:6915:69739_1:72297723",1.4e-12
"28045","HISEQ13:138:C6FWNANXX:2:2307:5902:99968_1:132557923",1.4e-12
"28046","HISEQ13:138:C6FWNANXX:2:2103:16290:74218_1:78402140",1.4e-12
"28047","HISEQ13:138:C6FWNANXX:2:2111:8892:62105_1:90008659",1.4e-12
"28048","HISEQ13:138:C6FWNANXX:2:2303:11444:5887_1:125452943",1.4e-12
"28049","HISEQ13:138:C6FWNANXX:2:2308:12469:75254_1:133678878",1.4e-12
"28050","HISEQ13:138:C6FWNANXX:2:1308:20336:70626_1:60996982",1.4e-12
"28051","HISEQ13:138:C6FWNANXX:2:2311:21255:9567_1:137208116",1.4e-12
"28052","HISEQ13:138:C6FWNANXX:2:1206:6702:29223_1:32504893",1.4e-12
"28053","HISEQ13:138:C6FWNANXX:2:1309:3910:52066_1:62257661",1.4e-12
"28054","HISEQ13:138:C6FWNANXX:2:1203:4867:98224_1:29125389",1.4e-12
"28055","HISEQ13:138:C6FWNANXX:2:1308:8784:91523_1:61324856",1.4e-12
"28056","HISEQ13:138:C6FWNANXX:2:2110:4354:39955_1:88137879",1.4e-12
"28057","HISEQ13:138:C6FWNANXX:2:2309:11285:77861_1:135220202",1.4e-12
"28058","HISEQ13:138:C6FWNANXX:2:1311:9300:79657_1:65850429",1.4e-12
"28059","HISEQ13:138:C6FWNANXX:2:1215:7016:9621_1:46306102",1.4e-12
"28060","HISEQ13:138:C6FWNANXX:2:2305:4351:39666_1:128762082",1.4e-12
"28061","HISEQ13:138:C6FWNANXX:2:1312:19850:13752_1:66393345",1.5e-12
"28062","HISEQ13:138:C6FWNANXX:2:2303:18134:96004_1:126734628",1.5e-12
"28063","HISEQ13:138:C6FWNANXX:2:1211:19813:36668_1:40271799",1.5e-12
"28064","HISEQ13:138:C6FWNANXX:2:1213:18024:90060_1:44339670",1.5e-12
"28065","HISEQ13:138:C6FWNANXX:2:2214:17247:65843_1:118735442",1.5e-12
"28066","HISEQ13:138:C6FWNANXX:2:1302:11472:42625_1:51618143",1.5e-12
"28067","HISEQ13:138:C6FWNANXX:2:1303:6306:62019_1:53365064",1.5e-12
"28068","HISEQ13:138:C6FWNANXX:2:2114:11442:35468_1:94217009",1.5e-12
"28069","HISEQ13:138:C6FWNANXX:2:2214:8257:67554_1:118762280",1.5e-12
"28070","HISEQ13:138:C6FWNANXX:2:2209:7828:14771_1:110186600",1.5e-12
"28071","HISEQ13:138:C6FWNANXX:2:1312:19654:90505_1:67651685",1.5e-12
"28072","HISEQ13:138:C6FWNANXX:2:2206:20062:94215_1:106951001",1.5e-12
"28073","HISEQ13:138:C6FWNANXX:2:2212:16004:81870_1:115802390",1.5e-12
"28074","HISEQ13:138:C6FWNANXX:2:2214:8358:97887_1:119257202",1.5e-12
"28075","HISEQ13:138:C6FWNANXX:2:1210:2275:60621_1:39082319",1.5e-12
"28076","HISEQ13:138:C6FWNANXX:2:1214:6691:7225_1:44602015",1.5e-12
"28077","HISEQ13:138:C6FWNANXX:2:1316:19238:51915_1:73709934",1.5e-12
"28078","HISEQ13:138:C6FWNANXX:2:2214:11719:6555_1:117765869",1.5e-12
"28079","HISEQ13:138:C6FWNANXX:2:2304:1298:18314_1:127033942",1.5e-12
"28080","HISEQ13:138:C6FWNANXX:2:1101:19579:68386_1:984834",1.5e-12
"28081","HISEQ13:138:C6FWNANXX:2:1301:6038:42705_1:50166086",1.5e-12
"28082","HISEQ13:138:C6FWNANXX:2:1315:16893:61615_1:72161195",1.5e-12
"28083","HISEQ13:138:C6FWNANXX:2:2111:10896:39480_1:89646387",1.5e-12
"28084","HISEQ13:138:C6FWNANXX:2:2206:11448:82942_1:106785633",1.5e-12
"28085","HISEQ13:138:C6FWNANXX:2:2107:17908:63172_1:84005249",1.5e-12
"28086","HISEQ13:138:C6FWNANXX:2:1305:15337:44951_1:56059282",1.5e-12
"28087","HISEQ13:138:C6FWNANXX:2:2305:12094:45373_1:128847244",1.5e-12
"28088","HISEQ13:138:C6FWNANXX:2:2107:7401:30734_1:83520637",1.5e-12
"28089","HISEQ13:138:C6FWNANXX:2:1211:8757:20412_1:40007612",1.5e-12
"28090","HISEQ13:138:C6FWNANXX:2:2315:7555:64752_1:144463069",1.5e-12
"28091","HISEQ13:138:C6FWNANXX:2:1208:9311:72885_1:36186172",1.5e-12
"28092","HISEQ13:138:C6FWNANXX:2:1306:5800:71717_1:57964084",1.5e-12
"28093","HISEQ13:138:C6FWNANXX:2:2208:4597:74956_1:109599672",1.5e-12
"28094","HISEQ13:138:C6FWNANXX:2:1115:20877:50648_1:22249758",1.5e-12
"28095","HISEQ13:138:C6FWNANXX:2:2206:11117:82821_1:106785576",1.5e-12
"28096","HISEQ13:138:C6FWNANXX:2:1111:10609:61983_1:15995930",1.5e-12
"28097","HISEQ13:138:C6FWNANXX:2:1113:8137:38681_1:18728782",1.5e-12
"28098","HISEQ13:138:C6FWNANXX:2:1213:17299:63102_1:43892923",1.5e-12
"28099","HISEQ13:138:C6FWNANXX:2:1108:6082:58898_1:11254987",1.5e-12
"28100","HISEQ13:138:C6FWNANXX:2:1214:2964:72377_1:45696164",1.5e-12
"28101","HISEQ13:138:C6FWNANXX:2:1308:6355:69414_1:60974197",1.5e-12
"28102","HISEQ13:138:C6FWNANXX:2:2109:11365:29225_1:86469774",1.5e-12
"28103","HISEQ13:138:C6FWNANXX:2:1316:14276:36033_1:73432755",1.5e-12
"28104","HISEQ13:138:C6FWNANXX:2:2309:13673:96130_1:135499634",1.5e-12
"28105","HISEQ13:138:C6FWNANXX:2:2306:17444:27471_1:130026191",1.5e-12
"28106","HISEQ13:138:C6FWNANXX:2:1207:14208:37207_1:34124295",1.5e-12
"28107","HISEQ13:138:C6FWNANXX:2:2207:6340:54903_1:107825841",1.5e-12
"28108","HISEQ13:138:C6FWNANXX:2:2311:13167:54907_1:137914090",1.5e-12
"28109","HISEQ13:138:C6FWNANXX:2:2216:8414:94736_1:122499261",1.5e-12
"28110","HISEQ13:138:C6FWNANXX:2:1314:6358:2029_1:69464817",1.5e-12
"28111","HISEQ13:138:C6FWNANXX:2:2214:12302:42703_1:118353134",1.5e-12
"28112","HISEQ13:138:C6FWNANXX:2:1202:6298:40752_1:26829069",1.5e-12
"28113","HISEQ13:138:C6FWNANXX:2:1304:11783:47143_1:54610975",1.5e-12
"28114","HISEQ13:138:C6FWNANXX:2:1210:10058:23507_1:38503742",1.5e-12
"28115","HISEQ13:138:C6FWNANXX:2:2314:2242:85343_1:143169627",1.5e-12
"28116","HISEQ13:138:C6FWNANXX:2:2216:11362:53048_1:121797137",1.5e-12
"28117","HISEQ13:138:C6FWNANXX:2:1110:4111:74686_1:14619873",1.5e-12
"28118","HISEQ13:138:C6FWNANXX:2:1206:11602:63759_1:33033664",1.5e-12
"28119","HISEQ13:138:C6FWNANXX:2:2203:2209:69653_1:102306032",1.5e-12
"28120","HISEQ13:138:C6FWNANXX:2:2205:9640:83558_1:105348909",1.5e-12
"28121","HISEQ13:138:C6FWNANXX:2:2215:3177:100632_1:120932474",1.5e-12
"28122","HISEQ13:138:C6FWNANXX:2:1310:7710:3546_1:63053781",1.5e-12
"28123","HISEQ13:138:C6FWNANXX:2:2116:20223:74070_1:98085423",1.5e-12
"28124","HISEQ13:138:C6FWNANXX:2:2109:3762:85521_1:87327696",1.5e-12
"28125","HISEQ13:138:C6FWNANXX:2:2216:20808:70381_1:122092313",1.5e-12
"28126","HISEQ13:138:C6FWNANXX:2:2205:12918:20155_1:104431680",1.5e-12
"28127","HISEQ13:138:C6FWNANXX:2:2314:12491:28968_1:142241081",1.5e-12
"28128","HISEQ13:138:C6FWNANXX:2:1303:17673:96836_1:53881583",1.5e-12
"28129","HISEQ13:138:C6FWNANXX:2:1208:7303:20378_1:35375939",1.5e-12
"28130","HISEQ13:138:C6FWNANXX:2:1212:10232:83555_1:42601519",1.5e-12
"28131","HISEQ13:138:C6FWNANXX:2:1308:16107:35233_1:60442944",1.5e-12
"28132","HISEQ13:138:C6FWNANXX:2:1314:14632:71894_1:70650240",1.5e-12
"28133","HISEQ13:138:C6FWNANXX:2:2102:1934:36599_1:76459042",1.5e-12
"28134","HISEQ13:138:C6FWNANXX:2:2116:6711:71207_1:98033677",1.5e-12
"28135","HISEQ13:138:C6FWNANXX:2:1111:15156:39860_1:15637399",1.5e-12
"28136","HISEQ13:138:C6FWNANXX:2:1303:9003:45939_1:53126038",1.5e-12
"28137","HISEQ13:138:C6FWNANXX:2:1309:21189:52823_1:62272785",1.5e-12
"28138","HISEQ13:138:C6FWNANXX:2:1310:2427:71373_1:64128583",1.5e-12
"28139","HISEQ13:138:C6FWNANXX:2:1310:5414:92175_1:64456725",1.5e-12
"28140","HISEQ13:138:C6FWNANXX:2:2108:17094:94143_1:85957105",1.5e-12
"28141","HISEQ13:138:C6FWNANXX:2:2116:5831:81619_1:98206911",1.5e-12
"28142","HISEQ13:138:C6FWNANXX:2:2213:16875:3504_1:116131016",1.5e-12
"28143","HISEQ13:138:C6FWNANXX:2:2302:4157:49621_1:124671082",1.5e-12
"28144","HISEQ13:138:C6FWNANXX:2:2308:18066:85368_1:133830405",1.5e-12
"28145","HISEQ13:138:C6FWNANXX:2:2315:3964:89570_1:144869104",1.5e-12
"28146","HISEQ13:138:C6FWNANXX:2:1111:10609:61983_1:15995929",1.5e-12
"28147","HISEQ13:138:C6FWNANXX:2:1113:8137:38681_1:18728783",1.5e-12
"28148","HISEQ13:138:C6FWNANXX:2:1308:5469:94070_1:61363492",1.5e-12
"28149","HISEQ13:138:C6FWNANXX:2:2105:8890:78373_1:81312208",1.5e-12
"28150","HISEQ13:138:C6FWNANXX:2:2307:11536:56768_1:131919163",1.5e-12
"28151","HISEQ13:138:C6FWNANXX:2:1116:5948:69635_1:24263986",1.5e-12
"28152","HISEQ13:138:C6FWNANXX:2:1108:18828:84618_1:11661198",1.5e-12
"28153","HISEQ13:138:C6FWNANXX:2:1305:11576:8386_1:55511558",1.5e-12
"28154","HISEQ13:138:C6FWNANXX:2:2316:16528:41901_1:145732834",1.5e-12
"28155","HISEQ13:138:C6FWNANXX:2:2312:18349:95042_1:140118965",1.5e-12
"28156","HISEQ13:138:C6FWNANXX:2:1313:15227:40569_1:68458396",1.5e-12
"28157","HISEQ13:138:C6FWNANXX:2:2106:6189:93992_1:82990952",1.5e-12
"28158","HISEQ13:138:C6FWNANXX:2:2111:19891:56245_1:89913222",1.5e-12
"28159","HISEQ13:138:C6FWNANXX:2:2302:4143:81158_1:125117840",1.5e-12
"28160","HISEQ13:138:C6FWNANXX:2:2107:10345:47078_1:83765521",1.5e-12
"28161","HISEQ13:138:C6FWNANXX:2:2111:13329:5713_1:89123572",1.5e-12
"28162","HISEQ13:138:C6FWNANXX:2:2116:6468:35319_1:97446463",1.5e-12
"28163","HISEQ13:138:C6FWNANXX:2:1310:3447:64020_1:64014292",1.5e-12
"28164","HISEQ13:138:C6FWNANXX:2:1313:1468:15688_1:68040641",1.5e-12
"28165","HISEQ13:138:C6FWNANXX:2:1216:7795:44318_1:48587475",1.5e-12
"28166","HISEQ13:138:C6FWNANXX:2:1116:4558:2346_1:23108634",1.5e-12
"28167","HISEQ13:138:C6FWNANXX:2:1207:5672:23801_1:33922961",1.5e-12
"28168","HISEQ13:138:C6FWNANXX:2:2103:11219:80262_1:78490194",1.5e-12
"28169","HISEQ13:138:C6FWNANXX:2:1306:4744:29603_1:57322740",1.5e-12
"28170","HISEQ13:138:C6FWNANXX:2:1112:9604:85527_1:17876347",1.5e-12
"28171","HISEQ13:138:C6FWNANXX:2:2201:16717:52701_1:99248032",1.5e-12
"28172","HISEQ13:138:C6FWNANXX:2:1311:15655:70161_1:65695877",1.6e-12
"28173","HISEQ13:138:C6FWNANXX:2:2112:20407:68496_1:91584957",1.6e-12
"28174","HISEQ13:138:C6FWNANXX:2:2209:17438:64145_1:110935646",1.6e-12
"28175","HISEQ13:138:C6FWNANXX:2:2306:13363:17615_1:129882938",1.6e-12
"28176","HISEQ13:138:C6FWNANXX:2:2206:11636:32149_1:106039477",1.6e-12
"28177","HISEQ13:138:C6FWNANXX:2:2303:18835:46378_1:126030582",1.6e-12
"28178","HISEQ13:138:C6FWNANXX:2:2108:13584:57057_1:85396196",1.6e-12
"28179","HISEQ13:138:C6FWNANXX:2:2212:5284:100290_1:116095566",1.6e-12
"28180","HISEQ13:138:C6FWNANXX:2:1204:17088:49592_1:29858778",1.6e-12
"28181","HISEQ13:138:C6FWNANXX:2:1205:15580:100578_1:32094273",1.6e-12
"28182","HISEQ13:138:C6FWNANXX:2:2107:8135:18912_1:83346445",1.6e-12
"28183","HISEQ13:138:C6FWNANXX:2:2302:8107:92883_1:125285086",1.6e-12
"28184","HISEQ13:138:C6FWNANXX:2:2210:15958:71095_1:112547725",1.6e-12
"28185","HISEQ13:138:C6FWNANXX:2:2105:7527:51286_1:80922319",1.6e-12
"28186","HISEQ13:138:C6FWNANXX:2:1109:4086:63970_1:12887330",1.6e-12
"28187","HISEQ13:138:C6FWNANXX:2:1110:14300:75368_1:14633420",1.6e-12
"28188","HISEQ13:138:C6FWNANXX:2:1203:3816:64467_1:28626266",1.6e-12
"28189","HISEQ13:138:C6FWNANXX:2:2311:2777:44505_1:137751534",1.6e-12
"28190","HISEQ13:138:C6FWNANXX:2:2207:8812:87222_1:108305610",1.6e-12
"28191","HISEQ13:138:C6FWNANXX:2:1311:20286:74009_1:65762179",1.6e-12
"28192","HISEQ13:138:C6FWNANXX:2:1105:6612:93816_1:7242667",1.6e-12
"28193","HISEQ13:138:C6FWNANXX:2:1111:2012:88662_1:16467971",1.6e-12
"28194","HISEQ13:138:C6FWNANXX:2:1205:21007:38115_1:31159602",1.6e-12
"28195","HISEQ13:138:C6FWNANXX:2:1113:15791:61326_1:19105874",1.6e-12
"28196","HISEQ13:138:C6FWNANXX:2:1115:13528:62487_1:22447720",1.6e-12
"28197","HISEQ13:138:C6FWNANXX:2:1205:11130:74154_1:31697602",1.6e-12
"28198","HISEQ13:138:C6FWNANXX:2:2215:9039:83417_1:120647389",1.6e-12
"28199","HISEQ13:138:C6FWNANXX:2:2310:2268:14819_1:135766201",1.6e-12
"28200","HISEQ13:138:C6FWNANXX:2:2310:9335:65750_1:136553639",1.6e-12
"28201","HISEQ13:138:C6FWNANXX:2:1307:5713:72318_1:59491341",1.6e-12
"28202","HISEQ13:138:C6FWNANXX:2:2102:8890:7405_1:76045396",1.6e-12
"28203","HISEQ13:138:C6FWNANXX:2:1204:13965:17692_1:29383022",1.6e-12
"28204","HISEQ13:138:C6FWNANXX:2:1309:12235:61638_1:62410251",1.6e-12
"28205","HISEQ13:138:C6FWNANXX:2:1207:11850:90845_1:34942970",1.6e-12
"28206","HISEQ13:138:C6FWNANXX:2:1208:6130:77878_1:36262562",1.6e-12
"28207","HISEQ13:138:C6FWNANXX:2:1311:9983:27902_1:65010434",1.6e-12
"28208","HISEQ13:138:C6FWNANXX:2:2203:12627:85590_1:102536085",1.6e-12
"28209","HISEQ13:138:C6FWNANXX:2:2213:14014:88540_1:117495228",1.6e-12
"28210","HISEQ13:138:C6FWNANXX:2:2304:6896:21695_1:127081798",1.6e-12
"28211","HISEQ13:138:C6FWNANXX:2:1105:9010:95255_1:7266342",1.6e-12
"28212","HISEQ13:138:C6FWNANXX:2:1110:2502:31664_1:13940247",1.6e-12
"28213","HISEQ13:138:C6FWNANXX:2:1304:10515:79172_1:55089425",1.6e-12
"28214","HISEQ13:138:C6FWNANXX:2:1215:10628:57842_1:47123860",1.6e-12
"28215","HISEQ13:138:C6FWNANXX:2:2307:18048:15682_1:131309077",1.6e-12
"28216","HISEQ13:138:C6FWNANXX:2:1313:6574:4468_1:67856127",1.6e-12
"28217","HISEQ13:138:C6FWNANXX:2:2204:10481:24713_1:103074119",1.6e-12
"28218","HISEQ13:138:C6FWNANXX:2:1311:19428:82346_1:65897775",1.6e-12
"28219","HISEQ13:138:C6FWNANXX:2:2114:11836:20831_1:93982304",1.6e-12
"28220","HISEQ13:138:C6FWNANXX:2:2214:5053:10921_1:117834108",1.6e-12
"28221","HISEQ13:138:C6FWNANXX:2:1201:9989:7517_1:24887086",1.6e-12
"28222","HISEQ13:138:C6FWNANXX:2:2211:5176:32763_1:113480228",1.6e-12
"28223","HISEQ13:138:C6FWNANXX:2:1109:16731:65471_1:12913696",1.6e-12
"28224","HISEQ13:138:C6FWNANXX:2:2107:15726:45134_1:83737248",1.6e-12
"28225","HISEQ13:138:C6FWNANXX:2:2211:2315:2035_1:113000734",1.6e-12
"28226","HISEQ13:138:C6FWNANXX:2:1110:9820:64743_1:14463724",1.6e-12
"28227","HISEQ13:138:C6FWNANXX:2:1216:16547:46342_1:48623966",1.6e-12
"28228","HISEQ13:138:C6FWNANXX:2:2314:2242:85343_1:143169626",1.6e-12
"28229","HISEQ13:138:C6FWNANXX:2:2212:20028:18388_1:114796256",1.6e-12
"28230","HISEQ13:138:C6FWNANXX:2:2111:17201:43765_1:89718463",1.6e-12
"28231","HISEQ13:138:C6FWNANXX:2:1104:7116:75406_1:5480407",1.6e-12
"28232","HISEQ13:138:C6FWNANXX:2:2106:21046:5020_1:81688820",1.6e-12
"28233","HISEQ13:138:C6FWNANXX:2:1115:9624:9562_1:21554504",1.6e-12
"28234","HISEQ13:138:C6FWNANXX:2:1211:9110:37175_1:40277770",1.6e-12
"28235","HISEQ13:138:C6FWNANXX:2:1314:2145:98622_1:71102632",1.6e-12
"28236","HISEQ13:138:C6FWNANXX:2:2309:4531:27849_1:134455678",1.6e-12
"28237","HISEQ13:138:C6FWNANXX:2:1110:15632:70216_1:14551206",1.6e-12
"28238","HISEQ13:138:C6FWNANXX:2:2208:4813:76992_1:109630012",1.6e-12
"28239","HISEQ13:138:C6FWNANXX:2:1203:15235:16906_1:27930223",1.6e-12
"28240","HISEQ13:138:C6FWNANXX:2:1311:11651:1988_1:64594058",1.6e-12
"28241","HISEQ13:138:C6FWNANXX:2:2209:17235:18351_1:110241190",1.6e-12
"28242","HISEQ13:138:C6FWNANXX:2:2215:3502:78660_1:120567917",1.6e-12
"28243","HISEQ13:138:C6FWNANXX:2:1109:2877:73856_1:13045113",1.6e-12
"28244","HISEQ13:138:C6FWNANXX:2:2202:14991:56093_1:100702522",1.6e-12
"28245","HISEQ13:138:C6FWNANXX:2:2315:1358:13568_1:143614754",1.6e-12
"28246","HISEQ13:138:C6FWNANXX:2:1105:21430:9722_1:5979070",1.6e-12
"28247","HISEQ13:138:C6FWNANXX:2:1307:14639:99228_1:59904030",1.6e-12
"28248","HISEQ13:138:C6FWNANXX:2:1215:5762:92919_1:47717427",1.6e-12
"28249","HISEQ13:138:C6FWNANXX:2:1212:14210:27928_1:41692724",1.6e-12
"28250","HISEQ13:138:C6FWNANXX:2:2207:3095:25109_1:107387897",1.6e-12
"28251","HISEQ13:138:C6FWNANXX:2:2310:11184:9442_1:135683142",1.6e-12
"28252","HISEQ13:138:C6FWNANXX:2:1112:15433:99550_1:18107278",1.6e-12
"28253","HISEQ13:138:C6FWNANXX:2:1311:16096:8059_1:64695149",1.6e-12
"28254","HISEQ13:138:C6FWNANXX:2:2208:11575:93495_1:109879834",1.6e-12
"28255","HISEQ13:138:C6FWNANXX:2:2302:11950:77214_1:125062287",1.6e-12
"28256","HISEQ13:138:C6FWNANXX:2:1216:11525:3255_1:47879597",1.6e-12
"28257","HISEQ13:138:C6FWNANXX:2:2205:11075:48895_1:104846887",1.6e-12
"28258","HISEQ13:138:C6FWNANXX:2:1106:16618:3924_1:7380498",1.6e-12
"28259","HISEQ13:138:C6FWNANXX:2:1106:5208:69024_1:8372772",1.6e-12
"28260","HISEQ13:138:C6FWNANXX:2:1109:16516:29979_1:12352792",1.6e-12
"28261","HISEQ13:138:C6FWNANXX:2:2102:11319:51364_1:76669773",1.6e-12
"28262","HISEQ13:138:C6FWNANXX:2:2105:13881:88267_1:81459373",1.6e-12
"28263","HISEQ13:138:C6FWNANXX:2:2115:19521:7205_1:95366449",1.6e-12
"28264","HISEQ13:138:C6FWNANXX:2:2203:13509:47848_1:101997708",1.6e-12
"28265","HISEQ13:138:C6FWNANXX:2:2315:7265:23602_1:143781835",1.6e-12
"28266","HISEQ13:138:C6FWNANXX:2:1216:15299:30832_1:48355562",1.6e-12
"28267","HISEQ13:138:C6FWNANXX:2:1215:18324:94225_1:47741785",1.6e-12
"28268","HISEQ13:138:C6FWNANXX:2:1103:6601:81737_1:4102188",1.6e-12
"28269","HISEQ13:138:C6FWNANXX:2:2111:5464:51418_1:89834760",1.7e-12
"28270","HISEQ13:138:C6FWNANXX:2:1107:18776:67591_1:9864953",1.7e-12
"28271","HISEQ13:138:C6FWNANXX:2:1107:8500:7715_1:8943361",1.7e-12
"28272","HISEQ13:138:C6FWNANXX:2:1111:1950:18853_1:15300410",1.7e-12
"28273","HISEQ13:138:C6FWNANXX:2:1216:19645:4097_1:47894088",1.7e-12
"28274","HISEQ13:138:C6FWNANXX:2:1312:13784:13367_1:66383911",1.7e-12
"28275","HISEQ13:138:C6FWNANXX:2:2301:11908:13732_1:122770175",1.7e-12
"28276","HISEQ13:138:C6FWNANXX:2:1214:5030:33984_1:45049378",1.7e-12
"28277","HISEQ13:138:C6FWNANXX:2:1101:1726:30090_1:415481",1.7e-12
"28278","HISEQ13:138:C6FWNANXX:2:1209:15377:72994_1:37725655",1.7e-12
"28279","HISEQ13:138:C6FWNANXX:2:1316:2998:32358_1:73365308",1.7e-12
"28280","HISEQ13:138:C6FWNANXX:2:2110:6601:16324_1:87778577",1.7e-12
"28281","HISEQ13:138:C6FWNANXX:2:2304:17859:16907_1:127015471",1.7e-12
"28282","HISEQ13:138:C6FWNANXX:2:2304:9643:18402_1:127035497",1.7e-12
"28283","HISEQ13:138:C6FWNANXX:2:1201:18269:2513_1:24814857",1.7e-12
"28284","HISEQ13:138:C6FWNANXX:2:2203:11087:70830_1:102325421",1.7e-12
"28285","HISEQ13:138:C6FWNANXX:2:2304:12320:61347_1:127652946",1.7e-12
"28286","HISEQ13:138:C6FWNANXX:2:1111:10662:28654_1:15456884",1.7e-12
"28287","HISEQ13:138:C6FWNANXX:2:1312:14766:8610_1:66306562",1.7e-12
"28288","HISEQ13:138:C6FWNANXX:2:2103:7005:45999_1:78000714",1.7e-12
"28289","HISEQ13:138:C6FWNANXX:2:2203:11688:61387_1:102189297",1.7e-12
"28290","HISEQ13:138:C6FWNANXX:2:1205:4093:56514_1:31434015",1.7e-12
"28291","HISEQ13:138:C6FWNANXX:2:1103:19373:14262_1:3107316",1.7e-12
"28292","HISEQ13:138:C6FWNANXX:2:2113:6023:18614_1:92361936",1.7e-12
"28293","HISEQ13:138:C6FWNANXX:2:2316:5294:83960_1:146439074",1.7e-12
"28294","HISEQ13:138:C6FWNANXX:2:2315:4503:81137_1:144728262",1.7e-12
"28295","HISEQ13:138:C6FWNANXX:2:2306:7029:49029_1:130344492",1.7e-12
"28296","HISEQ13:138:C6FWNANXX:2:2205:6594:87484_1:105402215",1.7e-12
"28297","HISEQ13:138:C6FWNANXX:2:2115:6689:41129_1:95917078",1.7e-12
"28298","HISEQ13:138:C6FWNANXX:2:1311:1356:67863_1:65656365",1.7e-12
"28299","HISEQ13:138:C6FWNANXX:2:2210:4024:96317_1:112930928",1.7e-12
"28300","HISEQ13:138:C6FWNANXX:2:2213:18760:62972_1:117080994",1.7e-12
"28301","HISEQ13:138:C6FWNANXX:2:1215:17853:93432_1:47728899",1.7e-12
"28302","HISEQ13:138:C6FWNANXX:2:1115:18146:21966_1:21763500",1.7e-12
"28303","HISEQ13:138:C6FWNANXX:2:1304:17248:18281_1:54184005",1.7e-12
"28304","HISEQ13:138:C6FWNANXX:2:2310:17617:35767_1:136093519",1.7e-12
"28305","HISEQ13:138:C6FWNANXX:2:1214:9698:26977_1:44932937",1.7e-12
"28306","HISEQ13:138:C6FWNANXX:2:2204:13556:57194_1:103541578",1.7e-12
"28307","HISEQ13:138:C6FWNANXX:2:1112:12617:31918_1:17002164",1.7e-12
"28308","HISEQ13:138:C6FWNANXX:2:2305:2438:94403_1:129558077",1.7e-12
"28309","HISEQ13:138:C6FWNANXX:2:2304:13502:93840_1:128119065",1.7e-12
"28310","HISEQ13:138:C6FWNANXX:2:2313:20487:9203_1:140324038",1.7e-12
"28311","HISEQ13:138:C6FWNANXX:2:2307:19036:62149_1:131998765",1.7e-12
"28312","HISEQ13:138:C6FWNANXX:2:1101:9687:81141_1:1170730",1.7e-12
"28313","HISEQ13:138:C6FWNANXX:2:2315:21282:96517_1:144990198",1.7e-12
"28314","HISEQ13:138:C6FWNANXX:2:1316:5925:85142_1:74288820",1.7e-12
"28315","HISEQ13:138:C6FWNANXX:2:2111:17239:32681_1:89543823",1.7e-12
"28316","HISEQ13:138:C6FWNANXX:2:2215:18911:92897_1:120807479",1.7e-12
"28317","HISEQ13:138:C6FWNANXX:2:1111:17279:85870_1:16421104",1.7e-12
"28318","HISEQ13:138:C6FWNANXX:2:1211:18614:54224_1:40553526",1.7e-12
"28319","HISEQ13:138:C6FWNANXX:2:1310:2689:80548_1:64274246",1.7e-12
"28320","HISEQ13:138:C6FWNANXX:2:2110:1913:94170_1:88963405",1.7e-12
"28321","HISEQ13:138:C6FWNANXX:2:2201:12216:77114_1:99597078",1.7e-12
"28322","HISEQ13:138:C6FWNANXX:2:1303:7625:55591_1:53269166",1.7e-12
"28323","HISEQ13:138:C6FWNANXX:2:1304:14013:73620_1:55008202",1.7e-12
"28324","HISEQ13:138:C6FWNANXX:2:2301:16275:81275_1:123726896",1.7e-12
"28325","HISEQ13:138:C6FWNANXX:2:2305:3776:19464_1:128468497",1.7e-12
"28326","HISEQ13:138:C6FWNANXX:2:2104:8478:25431_1:79118988",1.7e-12
"28327","HISEQ13:138:C6FWNANXX:2:2108:12508:29584_1:84981146",1.7e-12
"28328","HISEQ13:138:C6FWNANXX:2:2215:17599:63908_1:120326958",1.7e-12
"28329","HISEQ13:138:C6FWNANXX:2:1310:20491:15387_1:63242686",1.7e-12
"28330","HISEQ13:138:C6FWNANXX:2:2202:10040:37988_1:100444079",1.7e-12
"28331","HISEQ13:138:C6FWNANXX:2:1101:6547:76576_1:1103176",1.7e-12
"28332","HISEQ13:138:C6FWNANXX:2:1110:15647:18141_1:13729768",1.7e-12
"28333","HISEQ13:138:C6FWNANXX:2:2201:19816:86498_1:99729734",1.7e-12
"28334","HISEQ13:138:C6FWNANXX:2:1110:17444:47816_1:14199706",1.7e-12
"28335","HISEQ13:138:C6FWNANXX:2:2311:14828:50712_1:137848011",1.7e-12
"28336","HISEQ13:138:C6FWNANXX:2:1310:5533:68229_1:64077995",1.7e-12
"28337","HISEQ13:138:C6FWNANXX:2:2208:7228:24990_1:108849604",1.7e-12
"28338","HISEQ13:138:C6FWNANXX:2:1208:20721:83412_1:36350856",1.7e-12
"28339","HISEQ13:138:C6FWNANXX:2:1207:8123:2681_1:33600214",1.7e-12
"28340","HISEQ13:138:C6FWNANXX:2:1306:6428:8384_1:56998066",1.7e-12
"28341","HISEQ13:138:C6FWNANXX:2:1316:5586:83856_1:74267359",1.7e-12
"28342","HISEQ13:138:C6FWNANXX:2:2101:7854:30934_1:74973870",1.7e-12
"28343","HISEQ13:138:C6FWNANXX:2:2210:10267:35797_1:112008924",1.7e-12
"28344","HISEQ13:138:C6FWNANXX:2:2301:20627:11149_1:122736299",1.7e-12
"28345","HISEQ13:138:C6FWNANXX:2:2210:17124:6315_1:111560138",1.7e-12
"28346","HISEQ13:138:C6FWNANXX:2:2310:7181:19846_1:135844149",1.7e-12
"28347","HISEQ13:138:C6FWNANXX:2:2314:18630:71875_1:142952257",1.7e-12
"28348","HISEQ13:138:C6FWNANXX:2:1302:6011:38107_1:51551766",1.7e-12
"28349","HISEQ13:138:C6FWNANXX:2:1309:20270:56664_1:62331936",1.7e-12
"28350","HISEQ13:138:C6FWNANXX:2:2114:19356:19279_1:93959264",1.7e-12
"28351","HISEQ13:138:C6FWNANXX:2:2209:16856:22598_1:110305961",1.7e-12
"28352","HISEQ13:138:C6FWNANXX:2:2310:8179:60204_1:136465724",1.7e-12
"28353","HISEQ13:138:C6FWNANXX:2:2314:3853:80616_1:143092871",1.7e-12
"28354","HISEQ13:138:C6FWNANXX:2:2202:2334:47353_1:100576539",1.7e-12
"28355","HISEQ13:138:C6FWNANXX:2:1210:17769:14279_1:38359187",1.7e-12
"28356","HISEQ13:138:C6FWNANXX:2:1207:4993:23128_1:33911346",1.7e-12
"28357","HISEQ13:138:C6FWNANXX:2:2205:12702:17128_1:104387848",1.7e-12
"28358","HISEQ13:138:C6FWNANXX:2:2207:3692:79758_1:108196379",1.8e-12
"28359","HISEQ13:138:C6FWNANXX:2:2315:3967:74485_1:144616993",1.8e-12
"28360","HISEQ13:138:C6FWNANXX:2:2113:13171:92102_1:93537407",1.8e-12
"28361","HISEQ13:138:C6FWNANXX:2:1101:4729:17399_1:227491",1.8e-12
"28362","HISEQ13:138:C6FWNANXX:2:1206:18582:14286_1:32285684",1.8e-12
"28363","HISEQ13:138:C6FWNANXX:2:2307:11673:84072_1:132324666",1.8e-12
"28364","HISEQ13:138:C6FWNANXX:2:2307:8245:76835_1:132216418",1.8e-12
"28365","HISEQ13:138:C6FWNANXX:2:1103:2589:100329_1:4379281",1.8e-12
"28366","HISEQ13:138:C6FWNANXX:2:2211:20618:50770_1:113765526",1.8e-12
"28367","HISEQ13:138:C6FWNANXX:2:1301:17577:4376_1:49604878",1.8e-12
"28368","HISEQ13:138:C6FWNANXX:2:2306:19942:98316_1:131072401",1.8e-12
"28369","HISEQ13:138:C6FWNANXX:2:2112:2789:6982_1:90725159",1.8e-12
"28370","HISEQ13:138:C6FWNANXX:2:2304:16273:52507_1:127526858",1.8e-12
"28371","HISEQ13:138:C6FWNANXX:2:2110:4477:46796_1:88245404",1.8e-12
"28372","HISEQ13:138:C6FWNANXX:2:2204:10890:41336_1:103313974",1.8e-12
"28373","HISEQ13:138:C6FWNANXX:2:2113:20949:46592_1:92809731",1.8e-12
"28374","HISEQ13:138:C6FWNANXX:2:2315:3337:11317_1:143578108",1.8e-12
"28375","HISEQ13:138:C6FWNANXX:2:1312:6529:34613_1:66729278",1.8e-12
"28376","HISEQ13:138:C6FWNANXX:2:2116:20793:71221_1:98036651",1.8e-12
"28377","HISEQ13:138:C6FWNANXX:2:2310:13564:58125_1:136436295",1.8e-12
"28378","HISEQ13:138:C6FWNANXX:2:2316:8851:61959_1:146068626",1.8e-12
"28379","HISEQ13:138:C6FWNANXX:2:2213:15411:27118_1:116505648",1.8e-12
"28380","HISEQ13:138:C6FWNANXX:2:1205:4840:75946_1:31722541",1.8e-12
"28381","HISEQ13:138:C6FWNANXX:2:1202:3151:48759_1:26945803",1.8e-12
"28382","HISEQ13:138:C6FWNANXX:2:2301:5930:99552_1:123983398",1.8e-12
"28383","HISEQ13:138:C6FWNANXX:2:1309:20982:99818_1:63016427",1.8e-12
"28384","HISEQ13:138:C6FWNANXX:2:1311:2341:23457_1:64937419",1.8e-12
"28385","HISEQ13:138:C6FWNANXX:2:2312:14110:86972_1:139986646",1.8e-12
"28386","HISEQ13:138:C6FWNANXX:2:2207:19729:100106_1:108499975",1.8e-12
"28387","HISEQ13:138:C6FWNANXX:2:1209:21137:89954_1:37992769",1.8e-12
"28388","HISEQ13:138:C6FWNANXX:2:1205:17886:18828_1:30873530",1.8e-12
"28389","HISEQ13:138:C6FWNANXX:2:1314:4362:93272_1:71013349",1.8e-12
"28390","HISEQ13:138:C6FWNANXX:2:2108:20739:73177_1:85640247",1.8e-12
"28391","HISEQ13:138:C6FWNANXX:2:2203:10211:65450_1:102246897",1.8e-12
"28392","HISEQ13:138:C6FWNANXX:2:2209:19895:87052_1:111286026",1.8e-12
"28393","HISEQ13:138:C6FWNANXX:2:1103:20457:5006_1:2970718",1.8e-12
"28394","HISEQ13:138:C6FWNANXX:2:1113:11090:65981_1:19179449",1.8e-12
"28395","HISEQ13:138:C6FWNANXX:2:1203:6866:93490_1:29055323",1.8e-12
"28396","HISEQ13:138:C6FWNANXX:2:1205:9762:33932_1:31094297",1.8e-12
"28397","HISEQ13:138:C6FWNANXX:2:2207:3047:16581_1:107263088",1.8e-12
"28398","HISEQ13:138:C6FWNANXX:2:2209:18590:17191_1:110222453",1.8e-12
"28399","HISEQ13:138:C6FWNANXX:2:2307:3398:37050_1:131625073",1.8e-12
"28400","HISEQ13:138:C6FWNANXX:2:2108:16547:29428_1:84978209",1.8e-12
"28401","HISEQ13:138:C6FWNANXX:2:1106:15929:81125_1:8557580",1.8e-12
"28402","HISEQ13:138:C6FWNANXX:2:1205:2299:44297_1:31250018",1.8e-12
"28403","HISEQ13:138:C6FWNANXX:2:1302:1451:94460_1:52379060",1.8e-12
"28404","HISEQ13:138:C6FWNANXX:2:1302:1451:94460_1:52379061",1.8e-12
"28405","HISEQ13:138:C6FWNANXX:2:2114:11436:78750_1:94924855",1.8e-12
"28406","HISEQ13:138:C6FWNANXX:2:1110:4195:9982_1:13596806",1.8e-12
"28407","HISEQ13:138:C6FWNANXX:2:1305:15108:63744_1:56340558",1.8e-12
"28408","HISEQ13:138:C6FWNANXX:2:2301:1570:55144_1:123353633",1.8e-12
"28409","HISEQ13:138:C6FWNANXX:2:1110:5983:69288_1:14537579",1.8e-12
"28410","HISEQ13:138:C6FWNANXX:2:1210:2964:100203_1:39700696",1.8e-12
"28411","HISEQ13:138:C6FWNANXX:2:1216:7588:32131_1:48375489",1.8e-12
"28412","HISEQ13:138:C6FWNANXX:2:2204:14087:23076_1:103053628",1.8e-12
"28413","HISEQ13:138:C6FWNANXX:2:1102:16278:55310_1:2250011",1.8e-12
"28414","HISEQ13:138:C6FWNANXX:2:1303:3891:54149_1:53246151",1.8e-12
"28415","HISEQ13:138:C6FWNANXX:2:1315:12901:56129_1:72065933",1.8e-12
"28416","HISEQ13:138:C6FWNANXX:2:1216:7425:50029_1:48687113",1.8e-12
"28417","HISEQ13:138:C6FWNANXX:2:2102:6431:87683_1:77186930",1.8e-12
"28418","HISEQ13:138:C6FWNANXX:2:2201:4713:7102_1:98597562",1.8e-12
"28419","HISEQ13:138:C6FWNANXX:2:2207:14535:93163_1:108394962",1.8e-12
"28420","HISEQ13:138:C6FWNANXX:2:2316:17849:9508_1:145187600",1.8e-12
"28421","HISEQ13:138:C6FWNANXX:2:1301:10191:8029_1:49658515",1.8e-12
"28422","HISEQ13:138:C6FWNANXX:2:1304:16189:17258_1:54168955",1.8e-12
"28423","HISEQ13:138:C6FWNANXX:2:2210:10727:68103_1:112500711",1.8e-12
"28424","HISEQ13:138:C6FWNANXX:2:2210:12654:9118_1:111600988",1.8e-12
"28425","HISEQ13:138:C6FWNANXX:2:2303:8268:40433_1:125942966",1.8e-12
"28426","HISEQ13:138:C6FWNANXX:2:1309:14320:13218_1:61645380",1.8e-12
"28427","HISEQ13:138:C6FWNANXX:2:2311:20169:39610_1:137677223",1.8e-12
"28428","HISEQ13:138:C6FWNANXX:2:1114:18353:77216_1:21026607",1.8e-12
"28429","HISEQ13:138:C6FWNANXX:2:1207:18944:65044_1:34550578",1.8e-12
"28430","HISEQ13:138:C6FWNANXX:2:2212:2508:66808_1:115559965",1.8e-12
"28431","HISEQ13:138:C6FWNANXX:2:1311:4020:77951_1:65820693",1.8e-12
"28432","HISEQ13:138:C6FWNANXX:2:2215:11660:6630_1:119381801",1.8e-12
"28433","HISEQ13:138:C6FWNANXX:2:2101:19397:46702_1:75200279",1.8e-12
"28434","HISEQ13:138:C6FWNANXX:2:1311:4681:13690_1:64781414",1.8e-12
"28435","HISEQ13:138:C6FWNANXX:2:2104:14996:10590_1:78908028",1.8e-12
"28436","HISEQ13:138:C6FWNANXX:2:2112:5344:34470_1:91049352",1.8e-12
"28437","HISEQ13:138:C6FWNANXX:2:1105:15617:50419_1:6591165",1.8e-12
"28438","HISEQ13:138:C6FWNANXX:2:2216:5522:19812_1:121235299",1.8e-12
"28439","HISEQ13:138:C6FWNANXX:2:2313:7474:81211_1:141485003",1.8e-12
"28440","HISEQ13:138:C6FWNANXX:2:1308:15957:92117_1:61334045",1.8e-12
"28441","HISEQ13:138:C6FWNANXX:2:2113:21026:97607_1:93628318",1.8e-12
"28442","HISEQ13:138:C6FWNANXX:2:2213:6069:65051_1:117114750",1.8e-12
"28443","HISEQ13:138:C6FWNANXX:2:1107:17377:8233_1:8952745",1.8e-12
"28444","HISEQ13:138:C6FWNANXX:2:1207:14349:100086_1:35083684",1.8e-12
"28445","HISEQ13:138:C6FWNANXX:2:2312:6046:20436_1:138929977",1.8e-12
"28446","HISEQ13:138:C6FWNANXX:2:2216:3970:18689_1:121214014",1.8e-12
"28447","HISEQ13:138:C6FWNANXX:2:2314:8356:16022_1:142032628",1.8e-12
"28448","HISEQ13:138:C6FWNANXX:2:1103:9185:68567_1:3910555",1.8e-12
"28449","HISEQ13:138:C6FWNANXX:2:2301:4021:67162_1:123523319",1.8e-12
"28450","HISEQ13:138:C6FWNANXX:2:1207:9009:12694_1:33753782",1.8e-12
"28451","HISEQ13:138:C6FWNANXX:2:1312:6467:91372_1:67661475",1.8e-12
"28452","HISEQ13:138:C6FWNANXX:2:2208:10103:80078_1:109680066",1.8e-12
"28453","HISEQ13:138:C6FWNANXX:2:2113:7625:63809_1:93083369",1.8e-12
"28454","HISEQ13:138:C6FWNANXX:2:1109:14065:59490_1:12817921",1.8e-12
"28455","HISEQ13:138:C6FWNANXX:2:1116:6379:32607_1:23629949",1.8e-12
"28456","HISEQ13:138:C6FWNANXX:2:1304:20509:74688_1:55024314",1.8e-12
"28457","HISEQ13:138:C6FWNANXX:2:1314:19856:43086_1:70162684",1.8e-12
"28458","HISEQ13:138:C6FWNANXX:2:1209:5521:9893_1:36742115",1.8e-12
"28459","HISEQ13:138:C6FWNANXX:2:2306:15730:52338_1:130394610",1.8e-12
"28460","HISEQ13:138:C6FWNANXX:2:2312:5375:49726_1:139391827",1.8e-12
"28461","HISEQ13:138:C6FWNANXX:2:1209:18314:77080_1:37792671",1.8e-12
"28462","HISEQ13:138:C6FWNANXX:2:2109:9280:89916_1:87393544",1.8e-12
"28463","HISEQ13:138:C6FWNANXX:2:1107:13604:27334_1:9246840",1.8e-12
"28464","HISEQ13:138:C6FWNANXX:2:1114:10088:73338_1:20961765",1.8e-12
"28465","HISEQ13:138:C6FWNANXX:2:2209:3235:31303_1:110435624",1.8e-12
"28466","HISEQ13:138:C6FWNANXX:2:2314:5904:23903_1:142158492",1.8e-12
"28467","HISEQ13:138:C6FWNANXX:2:2101:11527:17359_1:74780928",1.8e-12
"28468","HISEQ13:138:C6FWNANXX:2:2307:15530:69629_1:132109960",1.8e-12
"28469","HISEQ13:138:C6FWNANXX:2:1102:8021:82502_1:2651204",1.8e-12
"28470","HISEQ13:138:C6FWNANXX:2:1113:9064:13309_1:18314355",1.8e-12
"28471","HISEQ13:138:C6FWNANXX:2:2103:16877:46106_1:78006198",1.8e-12
"28472","HISEQ13:138:C6FWNANXX:2:1203:10824:96201_1:29096820",1.8e-12
"28473","HISEQ13:138:C6FWNANXX:2:1307:18465:94342_1:59831707",1.8e-12
"28474","HISEQ13:138:C6FWNANXX:2:1311:18647:33304_1:65100290",1.8e-12
"28475","HISEQ13:138:C6FWNANXX:2:1315:13215:35760_1:71718377",1.8e-12
"28476","HISEQ13:138:C6FWNANXX:2:2206:19025:9445_1:105709022",1.8e-12
"28477","HISEQ13:138:C6FWNANXX:2:2206:5613:45872_1:106240339",1.8e-12
"28478","HISEQ13:138:C6FWNANXX:2:1116:8991:57698_1:24058499",1.8e-12
"28479","HISEQ13:138:C6FWNANXX:2:1203:3138:18638_1:27953860",1.8e-12
"28480","HISEQ13:138:C6FWNANXX:2:1212:3958:95260_1:42793455",1.9e-12
"28481","HISEQ13:138:C6FWNANXX:2:2314:10270:88670_1:143224473",1.9e-12
"28482","HISEQ13:138:C6FWNANXX:2:1104:6777:3997_1:4415165",1.9e-12
"28483","HISEQ13:138:C6FWNANXX:2:1114:10073:55680_1:20662722",1.9e-12
"28484","HISEQ13:138:C6FWNANXX:2:1215:5899:61285_1:47182484",1.9e-12
"28485","HISEQ13:138:C6FWNANXX:2:1304:18903:83973_1:55162316",1.9e-12
"28486","HISEQ13:138:C6FWNANXX:2:1308:3275:8028_1:60023211",1.9e-12
"28487","HISEQ13:138:C6FWNANXX:2:1203:12343:48780_1:28400657",1.9e-12
"28488","HISEQ13:138:C6FWNANXX:2:1208:9374:35979_1:35614166",1.9e-12
"28489","HISEQ13:138:C6FWNANXX:2:1213:14350:21798_1:43210599",1.9e-12
"28490","HISEQ13:138:C6FWNANXX:2:1303:3028:71862_1:53508254",1.9e-12
"28491","HISEQ13:138:C6FWNANXX:2:2203:6409:60182_1:102170528",1.9e-12
"28492","HISEQ13:138:C6FWNANXX:2:2205:11856:93854_1:105497838",1.9e-12
"28493","HISEQ13:138:C6FWNANXX:2:2303:5465:78486_1:126480708",1.9e-12
"28494","HISEQ13:138:C6FWNANXX:2:2310:13583:22841_1:135892260",1.9e-12
"28495","HISEQ13:138:C6FWNANXX:2:1204:4288:71523_1:30183717",1.9e-12
"28496","HISEQ13:138:C6FWNANXX:2:1203:12685:52915_1:28458649",1.9e-12
"28497","HISEQ13:138:C6FWNANXX:2:1216:2774:24769_1:48249347",1.9e-12
"28498","HISEQ13:138:C6FWNANXX:2:2202:5187:73445_1:100947623",1.9e-12
"28499","HISEQ13:138:C6FWNANXX:2:1314:13496:60788_1:70462432",1.9e-12
"28500","HISEQ13:138:C6FWNANXX:2:1306:15160:65037_1:57866402",1.9e-12
"28501","HISEQ13:138:C6FWNANXX:2:1116:6366:7491_1:23195538",1.9e-12
"28502","HISEQ13:138:C6FWNANXX:2:1313:13742:45435_1:68536996",1.9e-12
"28503","HISEQ13:138:C6FWNANXX:2:2209:13406:66246_1:110965174",1.9e-12
"28504","HISEQ13:138:C6FWNANXX:2:2213:9375:99013_1:117662186",1.9e-12
"28505","HISEQ13:138:C6FWNANXX:2:2314:21073:53803_1:142655030",1.9e-12
"28506","HISEQ13:138:C6FWNANXX:2:2204:10772:58931_1:103565804",1.9e-12
"28507","HISEQ13:138:C6FWNANXX:2:2305:13933:69622_1:129199983",1.9e-12
"28508","HISEQ13:138:C6FWNANXX:2:1106:17566:40323_1:7935547",1.9e-12
"28509","HISEQ13:138:C6FWNANXX:2:1207:8906:67083_1:34579352",1.9e-12
"28510","HISEQ13:138:C6FWNANXX:2:1305:17662:62345_1:56322237",1.9e-12
"28511","HISEQ13:138:C6FWNANXX:2:1111:1438:17352_1:15276466",1.9e-12
"28512","HISEQ13:138:C6FWNANXX:2:1301:21068:90159_1:50866536",1.9e-12
"28513","HISEQ13:138:C6FWNANXX:2:1211:8389:69117_1:40793176",1.9e-12
"28514","HISEQ13:138:C6FWNANXX:2:1304:6319:66977_1:54906071",1.9e-12
"28515","HISEQ13:138:C6FWNANXX:2:2213:18882:99179_1:117664136",1.9e-12
"28516","HISEQ13:138:C6FWNANXX:2:2312:20204:60144_1:139561298",1.9e-12
"28517","HISEQ13:138:C6FWNANXX:2:2108:4979:84521_1:85811124",1.9e-12
"28518","HISEQ13:138:C6FWNANXX:2:1111:14131:67980_1:16099515",1.9e-12
"28519","HISEQ13:138:C6FWNANXX:2:1212:16555:15396_1:41498006",1.9e-12
"28520","HISEQ13:138:C6FWNANXX:2:1307:5438:56855_1:59251909",1.9e-12
"28521","HISEQ13:138:C6FWNANXX:2:2215:18948:49091_1:120082595",1.9e-12
"28522","HISEQ13:138:C6FWNANXX:2:2216:15388:3033_1:120957388",1.9e-12
"28523","HISEQ13:138:C6FWNANXX:2:1210:21116:31430_1:38627580",1.9e-12
"28524","HISEQ13:138:C6FWNANXX:2:2214:11110:71515_1:118828872",1.9e-12
"28525","HISEQ13:138:C6FWNANXX:2:2308:3944:17554_1:132806296",1.9e-12
"28526","HISEQ13:138:C6FWNANXX:2:2309:5732:27054_1:134444478",1.9e-12
"28527","HISEQ13:138:C6FWNANXX:2:2108:1488:100617_1:86052028",1.9e-12
"28528","HISEQ13:138:C6FWNANXX:2:1107:9042:69764_1:9897614",1.9e-12
"28529","HISEQ13:138:C6FWNANXX:2:1206:9948:95204_1:33504636",1.9e-12
"28530","HISEQ13:138:C6FWNANXX:2:1304:20865:48821_1:54639053",1.9e-12
"28531","HISEQ13:138:C6FWNANXX:2:2113:10325:18772_1:92366707",1.9e-12
"28532","HISEQ13:138:C6FWNANXX:2:1213:6675:11833_1:43045975",1.9e-12
"28533","HISEQ13:138:C6FWNANXX:2:1304:11181:54265_1:54720092",1.9e-12
"28534","HISEQ13:138:C6FWNANXX:2:1314:8882:47630_1:70236953",1.9e-12
"28535","HISEQ13:138:C6FWNANXX:2:2106:18859:90258_1:82941723",1.9e-12
"28536","HISEQ13:138:C6FWNANXX:2:1103:10928:95657_1:4310614",1.9e-12
"28537","HISEQ13:138:C6FWNANXX:2:2115:14566:29037_1:95723687",1.9e-12
"28538","HISEQ13:138:C6FWNANXX:2:2316:11516:7821_1:145156333",1.9e-12
"28539","HISEQ13:138:C6FWNANXX:2:1312:5497:87369_1:67594919",1.9e-12
"28540","HISEQ13:138:C6FWNANXX:2:2313:19603:57134_1:141098705",1.9e-12
"28541","HISEQ13:138:C6FWNANXX:2:1201:15772:30627_1:25226766",1.9e-12
"28542","HISEQ13:138:C6FWNANXX:2:1111:19967:64945_1:16049456",1.9e-12
"28543","HISEQ13:138:C6FWNANXX:2:1205:15240:68196_1:31607627",1.9e-12
"28544","HISEQ13:138:C6FWNANXX:2:1209:20716:75514_1:37769970",1.9e-12
"28545","HISEQ13:138:C6FWNANXX:2:2103:16728:64927_1:78271214",1.9e-12
"28546","HISEQ13:138:C6FWNANXX:2:1305:10608:67694_1:56399340",1.9e-12
"28547","HISEQ13:138:C6FWNANXX:2:1303:7968:91491_1:53797617",1.9e-12
"28548","HISEQ13:138:C6FWNANXX:2:1211:14155:89585_1:41124372",1.9e-12
"28549","HISEQ13:138:C6FWNANXX:2:1102:5951:65428_1:2395722",1.9e-12
"28550","HISEQ13:138:C6FWNANXX:2:1208:17636:43759_1:35738198",1.9e-12
"28551","HISEQ13:138:C6FWNANXX:2:1216:10422:11691_1:48022050",1.9e-12
"28552","HISEQ13:138:C6FWNANXX:2:2101:16781:71166_1:75548064",1.9e-12
"28553","HISEQ13:138:C6FWNANXX:2:2111:11978:91432_1:90504291",1.9e-12
"28554","HISEQ13:138:C6FWNANXX:2:2115:11203:53682_1:96120477",1.9e-12
"28555","HISEQ13:138:C6FWNANXX:2:2115:18549:56507_1:96170897",1.9e-12
"28556","HISEQ13:138:C6FWNANXX:2:1115:16476:26001_1:21834633",1.9e-12
"28557","HISEQ13:138:C6FWNANXX:2:2116:7789:16993_1:97140221",1.9e-12
"28558","HISEQ13:138:C6FWNANXX:2:1208:10079:82911_1:36341175",1.9e-12
"28559","HISEQ13:138:C6FWNANXX:2:1309:6463:62949_1:62429103",1.9e-12
"28560","HISEQ13:138:C6FWNANXX:2:2304:4451:41021_1:127359745",1.9e-12
"28561","HISEQ13:138:C6FWNANXX:2:2309:1364:44509_1:134708117",1.9e-12
"28562","HISEQ13:138:C6FWNANXX:2:2310:15297:14201_1:135757149",1.9e-12
"28563","HISEQ13:138:C6FWNANXX:2:1212:5405:69615_1:42370790",1.9e-12
"28564","HISEQ13:138:C6FWNANXX:2:1308:1325:41482_1:60536910",1.9e-12
"28565","HISEQ13:138:C6FWNANXX:2:2202:6180:11557_1:100070340",1.9e-12
"28566","HISEQ13:138:C6FWNANXX:2:1208:21199:63757_1:36048572",1.9e-12
"28567","HISEQ13:138:C6FWNANXX:2:1315:11447:100582_1:72835272",1.9e-12
"28568","HISEQ13:138:C6FWNANXX:2:1302:18773:99905_1:52464455",1.9e-12
"28569","HISEQ13:138:C6FWNANXX:2:2308:11097:28835_1:132976277",1.9e-12
"28570","HISEQ13:138:C6FWNANXX:2:1205:10457:15994_1:30826845",1.9e-12
"28571","HISEQ13:138:C6FWNANXX:2:2102:3795:69902_1:76931319",1.9e-12
"28572","HISEQ13:138:C6FWNANXX:2:1212:18607:9386_1:41416922",1.9e-12
"28573","HISEQ13:138:C6FWNANXX:2:2106:9478:61290_1:82514343",1.9e-12
"28574","HISEQ13:138:C6FWNANXX:2:2204:11196:29026_1:103138662",1.9e-12
"28575","HISEQ13:138:C6FWNANXX:2:1212:6573:68882_1:42358857",1.9e-12
"28576","HISEQ13:138:C6FWNANXX:2:1215:9760:97956_1:47804246",1.9e-12
"28577","HISEQ13:138:C6FWNANXX:2:2212:9762:99472_1:116080667",1.9e-12
"28578","HISEQ13:138:C6FWNANXX:2:2304:13641:11867_1:126942627",1.9e-12
"28579","HISEQ13:138:C6FWNANXX:2:1202:12326:3800_1:26287156",1.9e-12
"28580","HISEQ13:138:C6FWNANXX:2:1206:10250:16056_1:32310197",1.9e-12
"28581","HISEQ13:138:C6FWNANXX:2:1206:10725:39550_1:32665684",1.9e-12
"28582","HISEQ13:138:C6FWNANXX:2:1207:8639:28776_1:33998999",1.9e-12
"28583","HISEQ13:138:C6FWNANXX:2:2111:18414:44528_1:89730954",1.9e-12
"28584","HISEQ13:138:C6FWNANXX:2:2111:5177:63038_1:90024087",1.9e-12
"28585","HISEQ13:138:C6FWNANXX:2:2114:5431:68057_1:94749082",1.9e-12
"28586","HISEQ13:138:C6FWNANXX:2:1215:10424:40556_1:46832008",1.9e-12
"28587","HISEQ13:138:C6FWNANXX:2:1102:12139:27916_1:1844930",1.9e-12
"28588","HISEQ13:138:C6FWNANXX:2:2107:16645:14306_1:83281276",2e-12
"28589","HISEQ13:138:C6FWNANXX:2:1101:17410:21371_1:288789",2e-12
"28590","HISEQ13:138:C6FWNANXX:2:1312:3513:84036_1:67541018",2e-12
"28591","HISEQ13:138:C6FWNANXX:2:2216:16335:2298_1:120945220",2e-12
"28592","HISEQ13:138:C6FWNANXX:2:2114:19169:6353_1:93749757",2e-12
"28593","HISEQ13:138:C6FWNANXX:2:2109:18325:69635_1:87087830",2e-12
"28594","HISEQ13:138:C6FWNANXX:2:1207:4007:7544_1:33676260",2e-12
"28595","HISEQ13:138:C6FWNANXX:2:1309:4974:91883_1:62888517",2e-12
"28596","HISEQ13:138:C6FWNANXX:2:2206:15396:57662_1:106414916",2e-12
"28597","HISEQ13:138:C6FWNANXX:2:1102:8965:4105_1:1494342",2e-12
"28598","HISEQ13:138:C6FWNANXX:2:1105:9335:47770_1:6552237",2e-12
"28599","HISEQ13:138:C6FWNANXX:2:1107:10872:69199_1:9886417",2e-12
"28600","HISEQ13:138:C6FWNANXX:2:1107:9943:71450_1:9920660",2e-12
"28601","HISEQ13:138:C6FWNANXX:2:1213:4576:4749_1:42926531",2e-12
"28602","HISEQ13:138:C6FWNANXX:2:2304:4586:56916_1:127586653",2e-12
"28603","HISEQ13:138:C6FWNANXX:2:2309:12129:92005_1:135438150",2e-12
"28604","HISEQ13:138:C6FWNANXX:2:2314:1750:55230_1:142671780",2e-12
"28605","HISEQ13:138:C6FWNANXX:2:1216:9992:97597_1:49511811",2e-12
"28606","HISEQ13:138:C6FWNANXX:2:1114:17794:90429_1:21249345",2e-12
"28607","HISEQ13:138:C6FWNANXX:2:2209:9031:19964_1:110262787",2e-12
"28608","HISEQ13:138:C6FWNANXX:2:2210:5828:52638_1:112263660",2e-12
"28609","HISEQ13:138:C6FWNANXX:2:1114:6783:53464_1:20623987",2e-12
"28610","HISEQ13:138:C6FWNANXX:2:1206:9584:37261_1:32631213",2e-12
"28611","HISEQ13:138:C6FWNANXX:2:1212:12691:77804_1:42507773",2e-12
"28612","HISEQ13:138:C6FWNANXX:2:2103:19226:29551_1:77770885",2e-12
"28613","HISEQ13:138:C6FWNANXX:2:1301:5421:30510_1:49989281",2e-12
"28614","HISEQ13:138:C6FWNANXX:2:2215:9777:25395_1:119690154",2e-12
"28615","HISEQ13:138:C6FWNANXX:2:1114:3858:63297_1:20791963",2e-12
"28616","HISEQ13:138:C6FWNANXX:2:1211:20216:55325_1:40573640",2e-12
"28617","HISEQ13:138:C6FWNANXX:2:2111:15844:54013_1:89880393",2e-12
"28618","HISEQ13:138:C6FWNANXX:2:2113:6277:12691_1:92266828",2e-12
"28619","HISEQ13:138:C6FWNANXX:2:1313:12647:35828_1:68378617",2e-12
"28620","HISEQ13:138:C6FWNANXX:2:2316:7833:48411_1:145840545",2e-12
"28621","HISEQ13:138:C6FWNANXX:2:1111:6569:65753_1:16063474",2e-12
"28622","HISEQ13:138:C6FWNANXX:2:2106:4030:80076_1:82789038",2e-12
"28623","HISEQ13:138:C6FWNANXX:2:2207:16545:58903_1:107886934",2e-12
"28624","HISEQ13:138:C6FWNANXX:2:1114:1384:44802_1:20480093",2e-12
"28625","HISEQ13:138:C6FWNANXX:2:1101:18554:90744_1:1313003",2e-12
"28626","HISEQ13:138:C6FWNANXX:2:2209:7508:21968_1:110292980",2e-12
"28627","HISEQ13:138:C6FWNANXX:2:1203:3846:31993_1:28149422",2e-12
"28628","HISEQ13:138:C6FWNANXX:2:1202:1414:9149_1:26362445",2e-12
"28629","HISEQ13:138:C6FWNANXX:2:2202:15319:9705_1:100043346",2e-12
"28630","HISEQ13:138:C6FWNANXX:2:2204:2511:45911_1:103377326",2e-12
"28631","HISEQ13:138:C6FWNANXX:2:1207:13139:14109_1:33777164",2e-12
"28632","HISEQ13:138:C6FWNANXX:2:1113:12777:28497_1:18561569",2e-12
"28633","HISEQ13:138:C6FWNANXX:2:2116:6890:20407_1:97197497",2e-12
"28634","HISEQ13:138:C6FWNANXX:2:2310:14948:48979_1:136293327",2e-12
"28635","HISEQ13:138:C6FWNANXX:2:1314:2332:87747_1:70915605",2e-12
"28636","HISEQ13:138:C6FWNANXX:2:1311:18275:18786_1:64868844",2e-12
"28637","HISEQ13:138:C6FWNANXX:2:2105:9993:75197_1:81265465",2e-12
"28638","HISEQ13:138:C6FWNANXX:2:2114:9135:45422_1:94378191",2e-12
"28639","HISEQ13:138:C6FWNANXX:2:2206:8958:25300_1:105940863",2e-12
"28640","HISEQ13:138:C6FWNANXX:2:1214:7487:71548_1:45684614",2e-12
"28641","HISEQ13:138:C6FWNANXX:2:2202:10804:53053_1:100659577",2e-12
"28642","HISEQ13:138:C6FWNANXX:2:1107:14022:74811_1:9974995",2e-12
"28643","HISEQ13:138:C6FWNANXX:2:1213:9769:68712_1:43982597",2e-12
"28644","HISEQ13:138:C6FWNANXX:2:2201:14490:78158_1:99611670",2e-12
"28645","HISEQ13:138:C6FWNANXX:2:2206:20886:61969_1:106478466",2e-12
"28646","HISEQ13:138:C6FWNANXX:2:1109:18161:29278_1:12345485",2e-12
"28647","HISEQ13:138:C6FWNANXX:2:1206:16484:59654_1:32970560",2e-12
"28648","HISEQ13:138:C6FWNANXX:2:2202:9247:90637_1:101195263",2e-12
"28649","HISEQ13:138:C6FWNANXX:2:2207:8917:90411_1:108353454",2e-12
"28650","HISEQ13:138:C6FWNANXX:2:1116:3344:68317_1:24241889",2e-12
"28651","HISEQ13:138:C6FWNANXX:2:2207:19516:13497_1:107218142",2e-12
"28652","HISEQ13:138:C6FWNANXX:2:2310:11062:86627_1:136869659",2e-12
"28653","HISEQ13:138:C6FWNANXX:2:2307:15054:87858_1:132381284",2e-12
"28654","HISEQ13:138:C6FWNANXX:2:1304:21348:93711_1:55308705",2e-12
"28655","HISEQ13:138:C6FWNANXX:2:2303:7279:11745_1:125534631",2e-12
"28656","HISEQ13:138:C6FWNANXX:2:2114:3365:97407_1:95223001",2e-12
"28657","HISEQ13:138:C6FWNANXX:2:2210:19707:88604_1:112815466",2e-12
"28658","HISEQ13:138:C6FWNANXX:2:1105:5110:5291_1:5912214",2.1e-12
"28659","HISEQ13:138:C6FWNANXX:2:1301:20505:56154_1:50366413",2.1e-12
"28660","HISEQ13:138:C6FWNANXX:2:2303:16211:80861_1:126517976",2.1e-12
"28661","HISEQ13:138:C6FWNANXX:2:2313:9781:58211_1:141113051",2.1e-12
"28662","HISEQ13:138:C6FWNANXX:2:1207:17177:92813_1:34974480",2.1e-12
"28663","HISEQ13:138:C6FWNANXX:2:2301:19069:46410_1:123233900",2.1e-12
"28664","HISEQ13:138:C6FWNANXX:2:1209:6433:41693_1:37235006",2.1e-12
"28665","HISEQ13:138:C6FWNANXX:2:2211:20425:30542_1:113448057",2.1e-12
"28666","HISEQ13:138:C6FWNANXX:2:1307:15202:84339_1:59678086",2.1e-12
"28667","HISEQ13:138:C6FWNANXX:2:2304:20035:50273_1:127495350",2.1e-12
"28668","HISEQ13:138:C6FWNANXX:2:2305:12098:16183_1:128423218",2.1e-12
"28669","HISEQ13:138:C6FWNANXX:2:2104:19026:44407_1:79394205",2.1e-12
"28670","HISEQ13:138:C6FWNANXX:2:1105:21122:32222_1:6317868",2.1e-12
"28671","HISEQ13:138:C6FWNANXX:2:2104:3397:9300_1:78887879",2.1e-12
"28672","HISEQ13:138:C6FWNANXX:2:1105:1901:18878_1:6115216",2.1e-12
"28673","HISEQ13:138:C6FWNANXX:2:1312:11690:52715_1:67023934",2.1e-12
"28674","HISEQ13:138:C6FWNANXX:2:2213:9266:70752_1:117208133",2.1e-12
"28675","HISEQ13:138:C6FWNANXX:2:2306:9011:53740_1:130411472",2.1e-12
"28676","HISEQ13:138:C6FWNANXX:2:1301:20519:20020_1:49837589",2.1e-12
"28677","HISEQ13:138:C6FWNANXX:2:1309:10715:30181_1:61911637",2.1e-12
"28678","HISEQ13:138:C6FWNANXX:2:1110:18028:80226_1:14708322",2.1e-12
"28679","HISEQ13:138:C6FWNANXX:2:2101:13641:32042_1:74992629",2.1e-12
"28680","HISEQ13:138:C6FWNANXX:2:2102:9195:10085_1:76084871",2.1e-12
"28681","HISEQ13:138:C6FWNANXX:2:2301:17247:76658_1:123659759",2.1e-12
"28682","HISEQ13:138:C6FWNANXX:2:2202:8785:60927_1:100769620",2.1e-12
"28683","HISEQ13:138:C6FWNANXX:2:2315:2356:13669_1:143614956",2.1e-12
"28684","HISEQ13:138:C6FWNANXX:2:2304:16955:65331_1:127710706",2.1e-12
"28685","HISEQ13:138:C6FWNANXX:2:1209:3235:72246_1:37711532",2.1e-12
"28686","HISEQ13:138:C6FWNANXX:2:1109:11265:5290_1:11966987",2.1e-12
"28687","HISEQ13:138:C6FWNANXX:2:1304:3701:91856_1:55279092",2.1e-12
"28688","HISEQ13:138:C6FWNANXX:2:1112:20904:99459_1:18104343",2.1e-12
"28689","HISEQ13:138:C6FWNANXX:2:1214:14402:44758_1:45236452",2.1e-12
"28690","HISEQ13:138:C6FWNANXX:2:2111:19097:28705_1:89481972",2.1e-12
"28691","HISEQ13:138:C6FWNANXX:2:1306:13693:18642_1:57156494",2.1e-12
"28692","HISEQ13:138:C6FWNANXX:2:2116:13901:61257_1:97875233",2.1e-12
"28693","HISEQ13:138:C6FWNANXX:2:2216:9168:63001_1:121966811",2.1e-12
"28694","HISEQ13:138:C6FWNANXX:2:1308:4233:8274_1:60027265",2.1e-12
"28695","HISEQ13:138:C6FWNANXX:2:1204:14059:33770_1:29623948",2.1e-12
"28696","HISEQ13:138:C6FWNANXX:2:2301:1978:86087_1:123790665",2.1e-12
"28697","HISEQ13:138:C6FWNANXX:2:1206:13341:85467_1:33357716",2.1e-12
"28698","HISEQ13:138:C6FWNANXX:2:2114:16611:84939_1:95022494",2.1e-12
"28699","HISEQ13:138:C6FWNANXX:2:1305:16803:77556_1:56552376",2.1e-12
"28700","HISEQ13:138:C6FWNANXX:2:1211:13035:22097_1:40036740",2.1e-12
"28701","HISEQ13:138:C6FWNANXX:2:2208:18464:77722_1:109643860",2.1e-12
"28702","HISEQ13:138:C6FWNANXX:2:1311:10201:81296_1:65879337",2.1e-12
"28703","HISEQ13:138:C6FWNANXX:2:2307:5869:40478_1:131673908",2.1e-12
"28704","HISEQ13:138:C6FWNANXX:2:1207:4180:37812_1:34133570",2.1e-12
"28705","HISEQ13:138:C6FWNANXX:2:2308:4598:10527_1:132700868",2.1e-12
"28706","HISEQ13:138:C6FWNANXX:2:1106:4967:60158_1:8234451",2.1e-12
"28707","HISEQ13:138:C6FWNANXX:2:1208:4861:31706_1:35548253",2.1e-12
"28708","HISEQ13:138:C6FWNANXX:2:1308:5661:36678_1:60464417",2.1e-12
"28709","HISEQ13:138:C6FWNANXX:2:2206:12697:31468_1:106028514",2.1e-12
"28710","HISEQ13:138:C6FWNANXX:2:2301:18886:51542_1:123307413",2.1e-12
"28711","HISEQ13:138:C6FWNANXX:2:2315:18493:29420_1:143879396",2.1e-12
"28712","HISEQ13:138:C6FWNANXX:2:1211:17365:91143_1:41149123",2.1e-12
"28713","HISEQ13:138:C6FWNANXX:2:1310:17544:19834_1:63313307",2.1e-12
"28714","HISEQ13:138:C6FWNANXX:2:1113:15673:51876_1:18949022",2.1e-12
"28715","HISEQ13:138:C6FWNANXX:2:1205:2757:78943_1:31767355",2.1e-12
"28716","HISEQ13:138:C6FWNANXX:2:2209:11725:61029_1:110888942",2.1e-12
"28717","HISEQ13:138:C6FWNANXX:2:1201:3882:87522_1:26063004",2.1e-12
"28718","HISEQ13:138:C6FWNANXX:2:2109:6250:45163_1:86711447",2.1e-12
"28719","HISEQ13:138:C6FWNANXX:2:2113:2392:86426_1:93443640",2.1e-12
"28720","HISEQ13:138:C6FWNANXX:2:1107:19439:49566_1:9589048",2.1e-12
"28721","HISEQ13:138:C6FWNANXX:2:1113:17943:25340_1:18513513",2.1e-12
"28722","HISEQ13:138:C6FWNANXX:2:1201:10383:67393_1:25766967",2.1e-12
"28723","HISEQ13:138:C6FWNANXX:2:1303:16612:51236_1:53204132",2.1e-12
"28724","HISEQ13:138:C6FWNANXX:2:2112:11505:96748_1:92031325",2.1e-12
"28725","HISEQ13:138:C6FWNANXX:2:2206:4185:19428_1:105852676",2.1e-12
"28726","HISEQ13:138:C6FWNANXX:2:2214:8257:67554_1:118762279",2.1e-12
"28727","HISEQ13:138:C6FWNANXX:2:2308:14760:80265_1:133754494",2.1e-12
"28728","HISEQ13:138:C6FWNANXX:2:1301:17446:54629_1:50343804",2.1e-12
"28729","HISEQ13:138:C6FWNANXX:2:1115:7072:52386_1:22276616",2.1e-12
"28730","HISEQ13:138:C6FWNANXX:2:2305:16778:80017_1:129353261",2.1e-12
"28731","HISEQ13:138:C6FWNANXX:2:1209:12994:24530_1:36972574",2.1e-12
"28732","HISEQ13:138:C6FWNANXX:2:2107:11555:55979_1:83896269",2.1e-12
"28733","HISEQ13:138:C6FWNANXX:2:1111:16711:80490_1:16321449",2.1e-12
"28734","HISEQ13:138:C6FWNANXX:2:2112:9424:3862_1:90703491",2.1e-12
"28735","HISEQ13:138:C6FWNANXX:2:1205:13306:78915_1:31769354",2.1e-12
"28736","HISEQ13:138:C6FWNANXX:2:2109:2209:34192_1:86543171",2.1e-12
"28737","HISEQ13:138:C6FWNANXX:2:2203:20677:96200_1:102688000",2.1e-12
"28738","HISEQ13:138:C6FWNANXX:2:2312:19388:81702_1:139903740",2.1e-12
"28739","HISEQ13:138:C6FWNANXX:2:1205:5585:69473_1:31624652",2.1e-12
"28740","HISEQ13:138:C6FWNANXX:2:1110:7781:50389_1:14237538",2.1e-12
"28741","HISEQ13:138:C6FWNANXX:2:1104:12695:67705_1:5365488",2.1e-12
"28742","HISEQ13:138:C6FWNANXX:2:1208:1442:74338_1:36207404",2.1e-12
"28743","HISEQ13:138:C6FWNANXX:2:1208:1824:48858_1:35812540",2.1e-12
"28744","HISEQ13:138:C6FWNANXX:2:2103:10074:90852_1:78639893",2.1e-12
"28745","HISEQ13:138:C6FWNANXX:2:2108:21271:64388_1:85507813",2.1e-12
"28746","HISEQ13:138:C6FWNANXX:2:1305:15261:64681_1:56355707",2.1e-12
"28747","HISEQ13:138:C6FWNANXX:2:2211:1913:20388_1:113283283",2.1e-12
"28748","HISEQ13:138:C6FWNANXX:2:2212:5084:66770_1:115560419",2.1e-12
"28749","HISEQ13:138:C6FWNANXX:2:2102:10194:46130_1:76595681",2.1e-12
"28750","HISEQ13:138:C6FWNANXX:2:1213:11671:69443_1:43995489",2.1e-12
"28751","HISEQ13:138:C6FWNANXX:2:2104:16276:16250_1:78987448",2.1e-12
"28752","HISEQ13:138:C6FWNANXX:2:1204:6280:11666_1:29299403",2.2e-12
"28753","HISEQ13:138:C6FWNANXX:2:1210:19423:45465_1:38847056",2.2e-12
"28754","HISEQ13:138:C6FWNANXX:2:1311:7531:84160_1:65924169",2.2e-12
"28755","HISEQ13:138:C6FWNANXX:2:1110:7590:7354_1:13558317",2.2e-12
"28756","HISEQ13:138:C6FWNANXX:2:1312:12161:41472_1:66840435",2.2e-12
"28757","HISEQ13:138:C6FWNANXX:2:2306:11383:11074_1:129786433",2.2e-12
"28758","HISEQ13:138:C6FWNANXX:2:1101:2734:20119_1:267755",2.2e-12
"28759","HISEQ13:138:C6FWNANXX:2:1102:12444:77370_1:2574628",2.2e-12
"28760","HISEQ13:138:C6FWNANXX:2:1112:7251:73878_1:17683096",2.2e-12
"28761","HISEQ13:138:C6FWNANXX:2:1115:18820:56173_1:22342998",2.2e-12
"28762","HISEQ13:138:C6FWNANXX:2:1207:5774:64173_1:34532524",2.2e-12
"28763","HISEQ13:138:C6FWNANXX:2:1215:11226:50990_1:47005207",2.2e-12
"28764","HISEQ13:138:C6FWNANXX:2:1311:16632:64679_1:65606547",2.2e-12
"28765","HISEQ13:138:C6FWNANXX:2:2107:17913:16089_1:83307615",2.2e-12
"28766","HISEQ13:138:C6FWNANXX:2:2111:2284:16252_1:89288280",2.2e-12
"28767","HISEQ13:138:C6FWNANXX:2:1111:13206:17364_1:15278858",2.2e-12
"28768","HISEQ13:138:C6FWNANXX:2:2203:19927:75739_1:102394601",2.2e-12
"28769","HISEQ13:138:C6FWNANXX:2:1315:6604:52864_1:72008697",2.2e-12
"28770","HISEQ13:138:C6FWNANXX:2:1101:4139:99121_1:1435676",2.2e-12
"28771","HISEQ13:138:C6FWNANXX:2:1307:7405:89010_1:59748860",2.2e-12
"28772","HISEQ13:138:C6FWNANXX:2:1111:4529:86322_1:16426948",2.2e-12
"28773","HISEQ13:138:C6FWNANXX:2:1105:11127:10948_1:5996340",2.2e-12
"28774","HISEQ13:138:C6FWNANXX:2:1211:14286:64086_1:40713747",2.2e-12
"28775","HISEQ13:138:C6FWNANXX:2:1214:6922:31310_1:45007456",2.2e-12
"28776","HISEQ13:138:C6FWNANXX:2:1102:16715:54241_1:2231544",2.2e-12
"28777","HISEQ13:138:C6FWNANXX:2:1208:20828:7717_1:35182774",2.2e-12
"28778","HISEQ13:138:C6FWNANXX:2:1212:19334:47587_1:42014713",2.2e-12
"28779","HISEQ13:138:C6FWNANXX:2:1109:4765:55699_1:12756591",2.2e-12
"28780","HISEQ13:138:C6FWNANXX:2:1210:3056:73705_1:39284700",2.2e-12
"28781","HISEQ13:138:C6FWNANXX:2:1313:3486:64687_1:68855491",2.2e-12
"28782","HISEQ13:138:C6FWNANXX:2:2316:4907:43067_1:145751211",2.2e-12
"28783","HISEQ13:138:C6FWNANXX:2:1214:21159:3101_1:44538052",2.2e-12
"28784","HISEQ13:138:C6FWNANXX:2:2213:9679:71746_1:117220476",2.2e-12
"28785","HISEQ13:138:C6FWNANXX:2:2312:2787:21046_1:138941301",2.2e-12
"28786","HISEQ13:138:C6FWNANXX:2:1116:12189:19450_1:23403036",2.2e-12
"28787","HISEQ13:138:C6FWNANXX:2:1107:1965:43660_1:9493320",2.2e-12
"28788","HISEQ13:138:C6FWNANXX:2:1116:8879:50411_1:23934982",2.2e-12
"28789","HISEQ13:138:C6FWNANXX:2:2303:19419:85906_1:126589268",2.2e-12
"28790","HISEQ13:138:C6FWNANXX:2:2101:2341:14970_1:74743710",2.2e-12
"28791","HISEQ13:138:C6FWNANXX:2:1109:1818:83415_1:13195684",2.2e-12
"28792","HISEQ13:138:C6FWNANXX:2:1209:10598:50766_1:37380281",2.2e-12
"28793","HISEQ13:138:C6FWNANXX:2:1304:20211:18010_1:54180814",2.2e-12
"28794","HISEQ13:138:C6FWNANXX:2:2114:17461:42830_1:94339649",2.2e-12
"28795","HISEQ13:138:C6FWNANXX:2:2115:15880:59504_1:96219381",2.2e-12
"28796","HISEQ13:138:C6FWNANXX:2:2207:15638:11916_1:107195546",2.2e-12
"28797","HISEQ13:138:C6FWNANXX:2:2216:14407:66215_1:122018577",2.2e-12
"28798","HISEQ13:138:C6FWNANXX:2:1315:16187:22788_1:71496843",2.2e-12
"28799","HISEQ13:138:C6FWNANXX:2:2105:19537:65277_1:81126560",2.2e-12
"28800","HISEQ13:138:C6FWNANXX:2:2315:6146:44398_1:144125261",2.2e-12
"28801","HISEQ13:138:C6FWNANXX:2:1103:8454:7049_1:2998054",2.2e-12
"28802","HISEQ13:138:C6FWNANXX:2:1210:15842:58798_1:39057693",2.2e-12
"28803","HISEQ13:138:C6FWNANXX:2:2205:2194:29553_1:104566161",2.2e-12
"28804","HISEQ13:138:C6FWNANXX:2:1102:19223:36025_1:1967045",2.2e-12
"28805","HISEQ13:138:C6FWNANXX:2:1206:18099:6990_1:32172126",2.2e-12
"28806","HISEQ13:138:C6FWNANXX:2:1209:9248:5718_1:36676770",2.2e-12
"28807","HISEQ13:138:C6FWNANXX:2:1111:11971:27095_1:15433447",2.2e-12
"28808","HISEQ13:138:C6FWNANXX:2:1215:2881:92322_1:47708351",2.2e-12
"28809","HISEQ13:138:C6FWNANXX:2:2201:19689:91542_1:99803838",2.2e-12
"28810","HISEQ13:138:C6FWNANXX:2:1115:1970:19020_1:21713349",2.2e-12
"28811","HISEQ13:138:C6FWNANXX:2:1205:15822:19183_1:30876830",2.2e-12
"28812","HISEQ13:138:C6FWNANXX:2:1215:7480:52285_1:47029764",2.2e-12
"28813","HISEQ13:138:C6FWNANXX:2:2108:20908:4083_1:84601844",2.2e-12
"28814","HISEQ13:138:C6FWNANXX:2:2111:1591:49850_1:89810249",2.2e-12
"28815","HISEQ13:138:C6FWNANXX:2:1104:5573:18165_1:4626098",2.2e-12
"28816","HISEQ13:138:C6FWNANXX:2:1114:17284:64116_1:20807469",2.2e-12
"28817","HISEQ13:138:C6FWNANXX:2:1109:4805:9622_1:12032028",2.2e-12
"28818","HISEQ13:138:C6FWNANXX:2:2208:5859:59473_1:109365715",2.2e-12
"28819","HISEQ13:138:C6FWNANXX:2:2305:14589:31378_1:128643731",2.2e-12
"28820","HISEQ13:138:C6FWNANXX:2:1202:12407:75394_1:27336422",2.2e-12
"28821","HISEQ13:138:C6FWNANXX:2:1202:3284:79823_1:27400683",2.2e-12
"28822","HISEQ13:138:C6FWNANXX:2:2105:9061:45833_1:80842582",2.2e-12
"28823","HISEQ13:138:C6FWNANXX:2:2308:15454:57377_1:133407392",2.2e-12
"28824","HISEQ13:138:C6FWNANXX:2:1106:5487:64957_1:8308081",2.2e-12
"28825","HISEQ13:138:C6FWNANXX:2:1210:11267:43579_1:38818135",2.2e-12
"28826","HISEQ13:138:C6FWNANXX:2:1102:10693:6200_1:1523863",2.2e-12
"28827","HISEQ13:138:C6FWNANXX:2:2116:11988:77914_1:98145530",2.2e-12
"28828","HISEQ13:138:C6FWNANXX:2:1309:13445:74896_1:62621295",2.2e-12
"28829","HISEQ13:138:C6FWNANXX:2:1110:2869:84815_1:14779252",2.2e-12
"28830","HISEQ13:138:C6FWNANXX:2:2109:15155:24572_1:86402610",2.2e-12
"28831","HISEQ13:138:C6FWNANXX:2:2108:3163:92106_1:85923951",2.2e-12
"28832","HISEQ13:138:C6FWNANXX:2:2112:11698:96709_1:92031314",2.2e-12
"28833","HISEQ13:138:C6FWNANXX:2:1308:17665:52380_1:60711260",2.2e-12
"28834","HISEQ13:138:C6FWNANXX:2:1314:17340:33716_1:70000588",2.2e-12
"28835","HISEQ13:138:C6FWNANXX:2:2307:14531:28652_1:131501366",2.2e-12
"28836","HISEQ13:138:C6FWNANXX:2:2111:14355:6909_1:89143282",2.2e-12
"28837","HISEQ13:138:C6FWNANXX:2:1202:17045:83047_1:27451002",2.2e-12
"28838","HISEQ13:138:C6FWNANXX:2:1102:15756:99026_1:2897227",2.2e-12
"28839","HISEQ13:138:C6FWNANXX:2:1112:17258:97604_1:18074784",2.2e-12
"28840","HISEQ13:138:C6FWNANXX:2:1201:19627:99207_1:26235226",2.2e-12
"28841","HISEQ13:138:C6FWNANXX:2:2208:1972:54897_1:109297113",2.2e-12
"28842","HISEQ13:138:C6FWNANXX:2:1111:18735:89831_1:16495234",2.2e-12
"28843","HISEQ13:138:C6FWNANXX:2:2308:11091:26225_1:132935678",2.2e-12
"28844","HISEQ13:138:C6FWNANXX:2:1103:6739:78742_1:4057741",2.2e-12
"28845","HISEQ13:138:C6FWNANXX:2:1108:10886:96907_1:11851396",2.2e-12
"28846","HISEQ13:138:C6FWNANXX:2:1116:13007:52643_1:23973949",2.2e-12
"28847","HISEQ13:138:C6FWNANXX:2:2303:13343:80534_1:126513841",2.2e-12
"28848","HISEQ13:138:C6FWNANXX:2:2306:17956:23091_1:129964122",2.2e-12
"28849","HISEQ13:138:C6FWNANXX:2:2207:7225:39286_1:107597036",2.3e-12
"28850","HISEQ13:138:C6FWNANXX:2:2112:15394:26940_1:90934337",2.3e-12
"28851","HISEQ13:138:C6FWNANXX:2:1105:9177:9107_1:5969372",2.3e-12
"28852","HISEQ13:138:C6FWNANXX:2:1315:21197:30449_1:71625584",2.3e-12
"28853","HISEQ13:138:C6FWNANXX:2:2305:15341:52597_1:128954125",2.3e-12
"28854","HISEQ13:138:C6FWNANXX:2:1102:5413:16565_1:1678152",2.3e-12
"28855","HISEQ13:138:C6FWNANXX:2:1201:2890:55202_1:25584924",2.3e-12
"28856","HISEQ13:138:C6FWNANXX:2:2111:5156:74448_1:90211069",2.3e-12
"28857","HISEQ13:138:C6FWNANXX:2:1208:2317:59839_1:35983180",2.3e-12
"28858","HISEQ13:138:C6FWNANXX:2:2113:10325:18772_1:92366706",2.3e-12
"28859","HISEQ13:138:C6FWNANXX:2:1206:7662:11773_1:32245874",2.3e-12
"28860","HISEQ13:138:C6FWNANXX:2:2207:11923:33134_1:107506659",2.3e-12
"28861","HISEQ13:138:C6FWNANXX:2:1314:6541:39115_1:70091906",2.3e-12
"28862","HISEQ13:138:C6FWNANXX:2:2212:6893:92159_1:115964544",2.3e-12
"28863","HISEQ13:138:C6FWNANXX:2:2303:7423:19975_1:125651516",2.3e-12
"28864","HISEQ13:138:C6FWNANXX:2:1204:3073:71544_1:30183518",2.3e-12
"28865","HISEQ13:138:C6FWNANXX:2:1210:8495:90250_1:39545718",2.3e-12
"28866","HISEQ13:138:C6FWNANXX:2:1316:19204:55685_1:73775545",2.3e-12
"28867","HISEQ13:138:C6FWNANXX:2:2312:1394:55227_1:139478369",2.3e-12
"28868","HISEQ13:138:C6FWNANXX:2:2203:6270:78896_1:102438539",2.3e-12
"28869","HISEQ13:138:C6FWNANXX:2:1302:18465:65838_1:51962042",2.3e-12
"28870","HISEQ13:138:C6FWNANXX:2:2301:9713:12229_1:122748495",2.3e-12
"28871","HISEQ13:138:C6FWNANXX:2:1306:16518:80349_1:58099467",2.3e-12
"28872","HISEQ13:138:C6FWNANXX:2:1203:16742:36656_1:28221410",2.3e-12
"28873","HISEQ13:138:C6FWNANXX:2:1112:7057:3009_1:16715144",2.3e-12
"28874","HISEQ13:138:C6FWNANXX:2:2116:7171:35394_1:97446625",2.3e-12
"28875","HISEQ13:138:C6FWNANXX:2:1108:13358:28155_1:10778366",2.3e-12
"28876","HISEQ13:138:C6FWNANXX:2:1315:18878:41409_1:71813677",2.3e-12
"28877","HISEQ13:138:C6FWNANXX:2:2103:10995:58681_1:78181438",2.3e-12
"28878","HISEQ13:138:C6FWNANXX:2:1113:13950:47663_1:18877508",2.3e-12
"28879","HISEQ13:138:C6FWNANXX:2:1305:16163:66134_1:56378388",2.3e-12
"28880","HISEQ13:138:C6FWNANXX:2:1309:8863:12988_1:61640493",2.3e-12
"28881","HISEQ13:138:C6FWNANXX:2:1201:11844:91154_1:26116430",2.3e-12
"28882","HISEQ13:138:C6FWNANXX:2:1212:4511:41460_1:41909581",2.3e-12
"28883","HISEQ13:138:C6FWNANXX:2:2207:8576:13421_1:107216196",2.3e-12
"28884","HISEQ13:138:C6FWNANXX:2:2215:4438:31032_1:119784215",2.3e-12
"28885","HISEQ13:138:C6FWNANXX:2:2302:11687:82969_1:125144006",2.3e-12
"28886","HISEQ13:138:C6FWNANXX:2:2308:8012:58284_1:133420963",2.3e-12
"28887","HISEQ13:138:C6FWNANXX:2:2310:10722:69673_1:136610616",2.3e-12
"28888","HISEQ13:138:C6FWNANXX:2:2316:10930:29198_1:145515466",2.3e-12
"28889","HISEQ13:138:C6FWNANXX:2:1105:6183:97435_1:7296368",2.3e-12
"28890","HISEQ13:138:C6FWNANXX:2:1313:14165:67635_1:68908239",2.3e-12
"28891","HISEQ13:138:C6FWNANXX:2:1213:18756:47060_1:43627818",2.3e-12
"28892","HISEQ13:138:C6FWNANXX:2:1309:16019:32420_1:61948300",2.3e-12
"28893","HISEQ13:138:C6FWNANXX:2:2111:14118:79678_1:90301921",2.3e-12
"28894","HISEQ13:138:C6FWNANXX:2:1104:4583:71358_1:5420175",2.3e-12
"28895","HISEQ13:138:C6FWNANXX:2:2211:1745:94368_1:114442370",2.3e-12
"28896","HISEQ13:138:C6FWNANXX:2:1116:11542:99474_1:24777544",2.3e-12
"28897","HISEQ13:138:C6FWNANXX:2:1314:10647:33227_1:69990425",2.3e-12
"28898","HISEQ13:138:C6FWNANXX:2:2110:19924:85746_1:88838483",2.3e-12
"28899","HISEQ13:138:C6FWNANXX:2:2111:4750:31468_1:89521680",2.3e-12
"28900","HISEQ13:138:C6FWNANXX:2:2207:3200:69391_1:108040485",2.3e-12
"28901","HISEQ13:138:C6FWNANXX:2:1115:16371:86494_1:22855637",2.3e-12
"28902","HISEQ13:138:C6FWNANXX:2:2106:1477:90968_1:82945870",2.3e-12
"28903","HISEQ13:138:C6FWNANXX:2:1211:4951:44092_1:40388737",2.3e-12
"28904","HISEQ13:138:C6FWNANXX:2:1303:19594:87776_1:53747301",2.4e-12
"28905","HISEQ13:138:C6FWNANXX:2:2214:7992:77224_1:118918594",2.4e-12
"28906","HISEQ13:138:C6FWNANXX:2:2216:9177:5766_1:121002380",2.4e-12
"28907","HISEQ13:138:C6FWNANXX:2:1115:17465:16422_1:21670394",2.4e-12
"28908","HISEQ13:138:C6FWNANXX:2:1305:16660:52133_1:56168583",2.4e-12
"28909","HISEQ13:138:C6FWNANXX:2:1314:12774:8717_1:69576064",2.4e-12
"28910","HISEQ13:138:C6FWNANXX:2:2315:5799:95002_1:144961650",2.4e-12
"28911","HISEQ13:138:C6FWNANXX:2:1209:7679:6867_1:36696000",2.4e-12
"28912","HISEQ13:138:C6FWNANXX:2:1314:9557:58988_1:70427876",2.4e-12
"28913","HISEQ13:138:C6FWNANXX:2:1114:18689:32733_1:20278348",2.4e-12
"28914","HISEQ13:138:C6FWNANXX:2:1202:20683:20409_1:26531407",2.4e-12
"28915","HISEQ13:138:C6FWNANXX:2:1207:4969:33778_1:34074111",2.4e-12
"28916","HISEQ13:138:C6FWNANXX:2:1313:4796:45509_1:68539138",2.4e-12
"28917","HISEQ13:138:C6FWNANXX:2:2313:18762:44447_1:140891860",2.4e-12
"28918","HISEQ13:138:C6FWNANXX:2:2315:17427:46289_1:144160190",2.4e-12
"28919","HISEQ13:138:C6FWNANXX:2:1104:9251:87538_1:5664219",2.4e-12
"28920","HISEQ13:138:C6FWNANXX:2:1107:8732:24657_1:9204158",2.4e-12
"28921","HISEQ13:138:C6FWNANXX:2:1209:11308:77291_1:37795130",2.4e-12
"28922","HISEQ13:138:C6FWNANXX:2:1113:2473:46556_1:18858815",2.4e-12
"28923","HISEQ13:138:C6FWNANXX:2:2106:4277:8205_1:81730348",2.4e-12
"28924","HISEQ13:138:C6FWNANXX:2:1301:11052:81298_1:50736366",2.4e-12
"28925","HISEQ13:138:C6FWNANXX:2:2112:6663:61152_1:91467840",2.4e-12
"28926","HISEQ13:138:C6FWNANXX:2:2213:16748:34115_1:116618505",2.4e-12
"28927","HISEQ13:138:C6FWNANXX:2:2201:2359:44274_1:99128029",2.4e-12
"28928","HISEQ13:138:C6FWNANXX:2:1310:8513:10619_1:63165446",2.4e-12
"28929","HISEQ13:138:C6FWNANXX:2:1111:7960:54234_1:15866408",2.4e-12
"28930","HISEQ13:138:C6FWNANXX:2:1315:8291:13148_1:71330412",2.4e-12
"28931","HISEQ13:138:C6FWNANXX:2:2212:10992:91485_1:115953461",2.4e-12
"28932","HISEQ13:138:C6FWNANXX:2:2308:4488:94617_1:133968398",2.4e-12
"28933","HISEQ13:138:C6FWNANXX:2:2215:2920:92378_1:120795814",2.4e-12
"28934","HISEQ13:138:C6FWNANXX:2:2215:6586:35844_1:119862932",2.4e-12
"28935","HISEQ13:138:C6FWNANXX:2:2111:17529:68740_1:90117693",2.4e-12
"28936","HISEQ13:138:C6FWNANXX:2:2312:3553:58827_1:139538362",2.4e-12
"28937","HISEQ13:138:C6FWNANXX:2:2314:19760:100351_1:143420047",2.4e-12
"28938","HISEQ13:138:C6FWNANXX:2:2311:11176:53271_1:137890361",2.4e-12
"28939","HISEQ13:138:C6FWNANXX:2:1109:9716:19361_1:12186504",2.4e-12
"28940","HISEQ13:138:C6FWNANXX:2:2303:4480:53618_1:126130150",2.4e-12
"28941","HISEQ13:138:C6FWNANXX:2:2307:15846:41197_1:131686828",2.4e-12
"28942","HISEQ13:138:C6FWNANXX:2:2211:15299:46746_1:113697603",2.4e-12
"28943","HISEQ13:138:C6FWNANXX:2:1211:12305:30529_1:40173511",2.4e-12
"28944","HISEQ13:138:C6FWNANXX:2:2211:13100:99675_1:114528144",2.4e-12
"28945","HISEQ13:138:C6FWNANXX:2:1211:6487:45818_1:40416918",2.4e-12
"28946","HISEQ13:138:C6FWNANXX:2:2106:2971:17770_1:81873046",2.4e-12
"28947","HISEQ13:138:C6FWNANXX:2:2213:14409:22864_1:116437906",2.4e-12
"28948","HISEQ13:138:C6FWNANXX:2:1312:12726:42993_1:66864858",2.4e-12
"28949","HISEQ13:138:C6FWNANXX:2:2207:10893:27061_1:107418494",2.4e-12
"28950","HISEQ13:138:C6FWNANXX:2:2212:20280:5324_1:114605179",2.4e-12
"28951","HISEQ13:138:C6FWNANXX:2:2307:3078:28308_1:131495474",2.4e-12
"28952","HISEQ13:138:C6FWNANXX:2:1315:20425:23332_1:71506217",2.4e-12
"28953","HISEQ13:138:C6FWNANXX:2:1115:9839:28351_1:21871515",2.4e-12
"28954","HISEQ13:138:C6FWNANXX:2:1304:12400:62642_1:54843879",2.4e-12
"28955","HISEQ13:138:C6FWNANXX:2:2202:12302:16333_1:100139004",2.4e-12
"28956","HISEQ13:138:C6FWNANXX:2:1209:8857:12453_1:36781750",2.4e-12
"28957","HISEQ13:138:C6FWNANXX:2:2110:21141:20032_1:87839254",2.4e-12
"28958","HISEQ13:138:C6FWNANXX:2:1309:18392:38537_1:62047791",2.4e-12
"28959","HISEQ13:138:C6FWNANXX:2:1212:2962:46313_1:41991090",2.4e-12
"28960","HISEQ13:138:C6FWNANXX:2:2104:13562:36277_1:79278400",2.4e-12
"28961","HISEQ13:138:C6FWNANXX:2:1114:16111:54102_1:20638538",2.4e-12
"28962","HISEQ13:138:C6FWNANXX:2:1206:14543:60628_1:32985347",2.4e-12
"28963","HISEQ13:138:C6FWNANXX:2:1306:13661:54294_1:57701641",2.4e-12
"28964","HISEQ13:138:C6FWNANXX:2:2103:9361:77578_1:78450727",2.4e-12
"28965","HISEQ13:138:C6FWNANXX:2:1301:20179:28357_1:49959175",2.4e-12
"28966","HISEQ13:138:C6FWNANXX:2:2214:3559:27955_1:118111623",2.4e-12
"28967","HISEQ13:138:C6FWNANXX:2:1101:10289:39658_1:557665",2.4e-12
"28968","HISEQ13:138:C6FWNANXX:2:1207:5495:45287_1:34247835",2.4e-12
"28969","HISEQ13:138:C6FWNANXX:2:1315:2898:2399_1:71146519",2.4e-12
"28970","HISEQ13:138:C6FWNANXX:2:1302:18198:25427_1:51366237",2.4e-12
"28971","HISEQ13:138:C6FWNANXX:2:1107:2235:50760_1:9605050",2.4e-12
"28972","HISEQ13:138:C6FWNANXX:2:2214:18100:45989_1:118407125",2.4e-12
"28973","HISEQ13:138:C6FWNANXX:2:1105:2102:14245_1:6044080",2.4e-12
"28974","HISEQ13:138:C6FWNANXX:2:1216:8038:70901_1:49047348",2.4e-12
"28975","HISEQ13:138:C6FWNANXX:2:2201:5883:69228_1:99482095",2.4e-12
"28976","HISEQ13:138:C6FWNANXX:2:2214:8384:32123_1:118181426",2.4e-12
"28977","HISEQ13:138:C6FWNANXX:2:2104:17230:42470_1:79365223",2.4e-12
"28978","HISEQ13:138:C6FWNANXX:2:2213:20805:98389_1:117652418",2.4e-12
"28979","HISEQ13:138:C6FWNANXX:2:1106:3049:59259_1:8222582",2.4e-12
"28980","HISEQ13:138:C6FWNANXX:2:1107:7243:58485_1:9720816",2.4e-12
"28981","HISEQ13:138:C6FWNANXX:2:1307:8604:33731_1:58895164",2.4e-12
"28982","HISEQ13:138:C6FWNANXX:2:2210:11902:25317_1:111849281",2.4e-12
"28983","HISEQ13:138:C6FWNANXX:2:2307:8461:34236_1:131581442",2.4e-12
"28984","HISEQ13:138:C6FWNANXX:2:1312:12057:73097_1:67360773",2.4e-12
"28985","HISEQ13:138:C6FWNANXX:2:2215:14303:97320_1:120881454",2.5e-12
"28986","HISEQ13:138:C6FWNANXX:2:1314:1667:76431_1:70723897",2.5e-12
"28987","HISEQ13:138:C6FWNANXX:2:2109:12357:74059_1:87154878",2.5e-12
"28988","HISEQ13:138:C6FWNANXX:2:1309:12073:4092_1:61503397",2.5e-12
"28989","HISEQ13:138:C6FWNANXX:2:1301:7808:3276_1:49588245",2.5e-12
"28990","HISEQ13:138:C6FWNANXX:2:1310:17048:75540_1:64198348",2.5e-12
"28991","HISEQ13:138:C6FWNANXX:2:2203:1722:81283_1:102473348",2.5e-12
"28992","HISEQ13:138:C6FWNANXX:2:2211:11483:95958_1:114468135",2.5e-12
"28993","HISEQ13:138:C6FWNANXX:2:2304:9950:86916_1:128017565",2.5e-12
"28994","HISEQ13:138:C6FWNANXX:2:2310:17115:3860_1:135600168",2.5e-12
"28995","HISEQ13:138:C6FWNANXX:2:2203:5198:16246_1:101542756",2.5e-12
"28996","HISEQ13:138:C6FWNANXX:2:2316:7066:30918_1:145544350",2.5e-12
"28997","HISEQ13:138:C6FWNANXX:2:1216:6319:67504_1:48990337",2.5e-12
"28998","HISEQ13:138:C6FWNANXX:2:2110:16568:14306_1:87750374",2.5e-12
"28999","HISEQ13:138:C6FWNANXX:2:2214:18331:79748_1:118960962",2.5e-12
"29000","HISEQ13:138:C6FWNANXX:2:1213:5696:60316_1:43844678",2.5e-12
"29001","HISEQ13:138:C6FWNANXX:2:1115:15336:53121_1:22291342",2.5e-12
"29002","HISEQ13:138:C6FWNANXX:2:1205:4112:51358_1:31356048",2.5e-12
"29003","HISEQ13:138:C6FWNANXX:2:2309:6582:82368_1:135288181",2.5e-12
"29004","HISEQ13:138:C6FWNANXX:2:1212:15392:28739_1:41705430",2.5e-12
"29005","HISEQ13:138:C6FWNANXX:2:2211:10111:65793_1:113997174",2.5e-12
"29006","HISEQ13:138:C6FWNANXX:2:2306:6756:78296_1:130775510",2.5e-12
"29007","HISEQ13:138:C6FWNANXX:2:2314:1624:18820_1:142075976",2.5e-12
"29008","HISEQ13:138:C6FWNANXX:2:1215:6587:12427_1:46352234",2.5e-12
"29009","HISEQ13:138:C6FWNANXX:2:2101:14089:97658_1:75923883",2.5e-12
"29010","HISEQ13:138:C6FWNANXX:2:2209:4682:75253_1:111103823",2.5e-12
"29011","HISEQ13:138:C6FWNANXX:2:2311:11113:34690_1:137597297",2.5e-12
"29012","HISEQ13:138:C6FWNANXX:2:1108:5456:81692_1:11611454",2.5e-12
"29013","HISEQ13:138:C6FWNANXX:2:1303:8784:53598_1:53239804",2.5e-12
"29014","HISEQ13:138:C6FWNANXX:2:2208:5197:75117_1:109603471",2.5e-12
"29015","HISEQ13:138:C6FWNANXX:2:1104:1819:82792_1:5591403",2.5e-12
"29016","HISEQ13:138:C6FWNANXX:2:1212:21193:22527_1:41608953",2.5e-12
"29017","HISEQ13:138:C6FWNANXX:2:1211:15979:84688_1:41044417",2.5e-12
"29018","HISEQ13:138:C6FWNANXX:2:1309:17367:86400_1:62803598",2.5e-12
"29019","HISEQ13:138:C6FWNANXX:2:1314:15930:52835_1:70327467",2.5e-12
"29020","HISEQ13:138:C6FWNANXX:2:2102:5976:32113_1:76395932",2.5e-12
"29021","HISEQ13:138:C6FWNANXX:2:2107:7602:55784_1:83895470",2.5e-12
"29022","HISEQ13:138:C6FWNANXX:2:2116:9808:66563_1:97960498",2.5e-12
"29023","HISEQ13:138:C6FWNANXX:2:2108:4569:9936_1:84684784",2.5e-12
"29024","HISEQ13:138:C6FWNANXX:2:2105:13383:95235_1:81557509",2.5e-12
"29025","HISEQ13:138:C6FWNANXX:2:2301:3443:34815_1:123069390",2.5e-12
"29026","HISEQ13:138:C6FWNANXX:2:1304:8291:28483_1:54330574",2.5e-12
"29027","HISEQ13:138:C6FWNANXX:2:1103:14233:38509_1:3466231",2.5e-12
"29028","HISEQ13:138:C6FWNANXX:2:1104:12947:82902_1:5593658",2.5e-12
"29029","HISEQ13:138:C6FWNANXX:2:1304:7546:94842_1:55324916",2.5e-12
"29030","HISEQ13:138:C6FWNANXX:2:2115:3747:71459_1:96408754",2.5e-12
"29031","HISEQ13:138:C6FWNANXX:2:1215:15725:40989_1:46837390",2.5e-12
"29032","HISEQ13:138:C6FWNANXX:2:2201:4693:67961_1:99464074",2.5e-12
"29033","HISEQ13:138:C6FWNANXX:2:2304:10030:30694_1:127211327",2.5e-12
"29034","HISEQ13:138:C6FWNANXX:2:1107:19077:14200_1:9045249",2.5e-12
"29035","HISEQ13:138:C6FWNANXX:2:2115:10241:78072_1:96519392",2.5e-12
"29036","HISEQ13:138:C6FWNANXX:2:1215:16799:83098_1:47552652",2.5e-12
"29037","HISEQ13:138:C6FWNANXX:2:2113:2479:61308_1:93042190",2.5e-12
"29038","HISEQ13:138:C6FWNANXX:2:2303:20239:60634_1:126232553",2.5e-12
"29039","HISEQ13:138:C6FWNANXX:2:2311:19019:59065_1:137982127",2.5e-12
"29040","HISEQ13:138:C6FWNANXX:2:2211:20731:94213_1:114442209",2.5e-12
"29041","HISEQ13:138:C6FWNANXX:2:2311:4467:91898_1:138497764",2.5e-12
"29042","HISEQ13:138:C6FWNANXX:2:1312:1360:6204_1:66262616",2.5e-12
"29043","HISEQ13:138:C6FWNANXX:2:2302:6532:35034_1:124467808",2.5e-12
"29044","HISEQ13:138:C6FWNANXX:2:1210:9200:76644_1:39332775",2.5e-12
"29045","HISEQ13:138:C6FWNANXX:2:2305:14342:14118_1:128394588",2.5e-12
"29046","HISEQ13:138:C6FWNANXX:2:2310:10300:72881_1:136660376",2.5e-12
"29047","HISEQ13:138:C6FWNANXX:2:1304:9745:10007_1:54059782",2.5e-12
"29048","HISEQ13:138:C6FWNANXX:2:1311:10548:27224_1:64998470",2.5e-12
"29049","HISEQ13:138:C6FWNANXX:2:2311:5067:51088_1:137853933",2.5e-12
"29050","HISEQ13:138:C6FWNANXX:2:1114:6113:34864_1:20313812",2.5e-12
"29051","HISEQ13:138:C6FWNANXX:2:1209:11151:71383_1:37701516",2.5e-12
"29052","HISEQ13:138:C6FWNANXX:2:1313:17311:23776_1:68180708",2.5e-12
"29053","HISEQ13:138:C6FWNANXX:2:2301:15241:16198_1:122806337",2.5e-12
"29054","HISEQ13:138:C6FWNANXX:2:1210:9600:9616_1:38282470",2.5e-12
"29055","HISEQ13:138:C6FWNANXX:2:2203:13501:23756_1:101654611",2.5e-12
"29056","HISEQ13:138:C6FWNANXX:2:2205:6769:99641_1:105580954",2.5e-12
"29057","HISEQ13:138:C6FWNANXX:2:2210:10149:13918_1:111673197",2.5e-12
"29058","HISEQ13:138:C6FWNANXX:2:2211:17113:19477_1:113270831",2.5e-12
"29059","HISEQ13:138:C6FWNANXX:2:2303:10287:70501_1:126372310",2.5e-12
"29060","HISEQ13:138:C6FWNANXX:2:1210:13888:33183_1:38653909",2.5e-12
"29061","HISEQ13:138:C6FWNANXX:2:2116:13049:99712_1:98505065",2.5e-12
"29062","HISEQ13:138:C6FWNANXX:2:2111:10453:83327_1:90365351",2.5e-12
"29063","HISEQ13:138:C6FWNANXX:2:2202:12302:16333_1:100139005",2.5e-12
"29064","HISEQ13:138:C6FWNANXX:2:1306:14154:24686_1:57247891",2.5e-12
"29065","HISEQ13:138:C6FWNANXX:2:2114:6621:13301_1:93860229",2.5e-12
"29066","HISEQ13:138:C6FWNANXX:2:1312:17128:14747_1:66405134",2.5e-12
"29067","HISEQ13:138:C6FWNANXX:2:1306:15544:48055_1:57606452",2.5e-12
"29068","HISEQ13:138:C6FWNANXX:2:1314:4586:37961_1:70070203",2.5e-12
"29069","HISEQ13:138:C6FWNANXX:2:2116:3493:96220_1:98444879",2.5e-12
"29070","HISEQ13:138:C6FWNANXX:2:2106:5988:88491_1:82909410",2.5e-12
"29071","HISEQ13:138:C6FWNANXX:2:2203:15905:12044_1:101487050",2.5e-12
"29072","HISEQ13:138:C6FWNANXX:2:2303:12244:85902_1:126587907",2.5e-12
"29073","HISEQ13:138:C6FWNANXX:2:2314:12655:63476_1:142810421",2.5e-12
"29074","HISEQ13:138:C6FWNANXX:2:1204:17088:49592_1:29858779",2.5e-12
"29075","HISEQ13:138:C6FWNANXX:2:2205:13782:44105_1:104777856",2.5e-12
"29076","HISEQ13:138:C6FWNANXX:2:2208:8957:33494_1:108976186",2.5e-12
"29077","HISEQ13:138:C6FWNANXX:2:2210:4894:86396_1:112778058",2.5e-12
"29078","HISEQ13:138:C6FWNANXX:2:2213:20573:7412_1:116192293",2.5e-12
"29079","HISEQ13:138:C6FWNANXX:2:1106:12177:58568_1:8212782",2.5e-12
"29080","HISEQ13:138:C6FWNANXX:2:1116:20398:65974_1:24201788",2.5e-12
"29081","HISEQ13:138:C6FWNANXX:2:1106:8462:47435_1:8040636",2.5e-12
"29082","HISEQ13:138:C6FWNANXX:2:1109:16176:35127_1:12434910",2.5e-12
"29083","HISEQ13:138:C6FWNANXX:2:1312:15991:69845_1:67308182",2.5e-12
"29084","HISEQ13:138:C6FWNANXX:2:1316:3233:82602_1:74244966",2.5e-12
"29085","HISEQ13:138:C6FWNANXX:2:2107:17404:3644_1:83121014",2.5e-12
"29086","HISEQ13:138:C6FWNANXX:2:2115:8272:96146_1:96815399",2.5e-12
"29087","HISEQ13:138:C6FWNANXX:2:2202:21082:65647_1:100839464",2.5e-12
"29088","HISEQ13:138:C6FWNANXX:2:1309:10883:74141_1:62608701",2.5e-12
"29089","HISEQ13:138:C6FWNANXX:2:2305:10329:31009_1:128639361",2.5e-12
"29090","HISEQ13:138:C6FWNANXX:2:2314:16317:3768_1:141835317",2.5e-12
"29091","HISEQ13:138:C6FWNANXX:2:2301:6814:25342_1:122935440",2.6e-12
"29092","HISEQ13:138:C6FWNANXX:2:1107:14532:97151_1:10316884",2.6e-12
"29093","HISEQ13:138:C6FWNANXX:2:1201:9711:18293_1:25045824",2.6e-12
"29094","HISEQ13:138:C6FWNANXX:2:2313:8177:61666_1:141168939",2.6e-12
"29095","HISEQ13:138:C6FWNANXX:2:1104:10061:3881_1:4415761",2.6e-12
"29096","HISEQ13:138:C6FWNANXX:2:1107:20028:13003_1:9029981",2.6e-12
"29097","HISEQ13:138:C6FWNANXX:2:1308:2236:27167_1:60316313",2.6e-12
"29098","HISEQ13:138:C6FWNANXX:2:2207:16394:33607_1:107514827",2.6e-12
"29099","HISEQ13:138:C6FWNANXX:2:2315:7105:69743_1:144540597",2.6e-12
"29100","HISEQ13:138:C6FWNANXX:2:1202:6878:10486_1:26381815",2.6e-12
"29101","HISEQ13:138:C6FWNANXX:2:1208:4441:84408_1:36363003",2.6e-12
"29102","HISEQ13:138:C6FWNANXX:2:2307:13900:31616_1:131545734",2.6e-12
"29103","HISEQ13:138:C6FWNANXX:2:2310:8532:65319_1:136546041",2.6e-12
"29104","HISEQ13:138:C6FWNANXX:2:2110:12305:44757_1:88216168",2.6e-12
"29105","HISEQ13:138:C6FWNANXX:2:1114:19591:70583_1:20917314",2.6e-12
"29106","HISEQ13:138:C6FWNANXX:2:1202:16465:54050_1:27025060",2.6e-12
"29107","HISEQ13:138:C6FWNANXX:2:1306:9712:82428_1:58128628",2.6e-12
"29108","HISEQ13:138:C6FWNANXX:2:2103:4851:55721_1:78137848",2.6e-12
"29109","HISEQ13:138:C6FWNANXX:2:2309:8628:2465_1:134068539",2.6e-12
"29110","HISEQ13:138:C6FWNANXX:2:1214:14982:5118_1:44570469",2.6e-12
"29111","HISEQ13:138:C6FWNANXX:2:2116:7171:35394_1:97446626",2.6e-12
"29112","HISEQ13:138:C6FWNANXX:2:1310:8803:43875_1:63693305",2.6e-12
"29113","HISEQ13:138:C6FWNANXX:2:1316:15495:72007_1:74063551",2.6e-12
"29114","HISEQ13:138:C6FWNANXX:2:2216:20091:72863_1:122134774",2.6e-12
"29115","HISEQ13:138:C6FWNANXX:2:2216:7316:82247_1:122289006",2.6e-12
"29116","HISEQ13:138:C6FWNANXX:2:2315:15395:69542_1:144542316",2.6e-12
"29117","HISEQ13:138:C6FWNANXX:2:2315:3152:12174_1:143590363",2.6e-12
"29118","HISEQ13:138:C6FWNANXX:2:1316:9555:66689_1:73965914",2.6e-12
"29119","HISEQ13:138:C6FWNANXX:2:2215:7416:8555_1:119414013",2.6e-12
"29120","HISEQ13:138:C6FWNANXX:2:2108:20761:17751_1:84807380",2.6e-12
"29121","HISEQ13:138:C6FWNANXX:2:1205:6198:76891_1:31737886",2.6e-12
"29122","HISEQ13:138:C6FWNANXX:2:1204:13661:13796_1:29329370",2.6e-12
"29123","HISEQ13:138:C6FWNANXX:2:1306:15616:52116_1:57667275",2.6e-12
"29124","HISEQ13:138:C6FWNANXX:2:1314:17813:80822_1:70804000",2.6e-12
"29125","HISEQ13:138:C6FWNANXX:2:2315:2851:82443_1:144748479",2.6e-12
"29126","HISEQ13:138:C6FWNANXX:2:2311:11705:31961_1:137554377",2.6e-12
"29127","HISEQ13:138:C6FWNANXX:2:1112:7848:53885_1:17357415",2.6e-12
"29128","HISEQ13:138:C6FWNANXX:2:1311:6316:11393_1:64745313",2.6e-12
"29129","HISEQ13:138:C6FWNANXX:2:2216:14019:80535_1:122264771",2.6e-12
"29130","HISEQ13:138:C6FWNANXX:2:2216:8746:83791_1:122318869",2.6e-12
"29131","HISEQ13:138:C6FWNANXX:2:2203:3870:71027_1:102327730",2.6e-12
"29132","HISEQ13:138:C6FWNANXX:2:2308:1632:91457_1:133918451",2.6e-12
"29133","HISEQ13:138:C6FWNANXX:2:2312:4399:16045_1:138862387",2.6e-12
"29134","HISEQ13:138:C6FWNANXX:2:1309:2026:46680_1:62169931",2.6e-12
"29135","HISEQ13:138:C6FWNANXX:2:2308:1977:55070_1:133370860",2.6e-12
"29136","HISEQ13:138:C6FWNANXX:2:1105:11528:71288_1:6903998",2.6e-12
"29137","HISEQ13:138:C6FWNANXX:2:1110:12225:6369_1:13543494",2.6e-12
"29138","HISEQ13:138:C6FWNANXX:2:2303:4935:11677_1:125534158",2.6e-12
"29139","HISEQ13:138:C6FWNANXX:2:1216:2235:81844_1:49238865",2.6e-12
"29140","HISEQ13:138:C6FWNANXX:2:2110:7226:99763_1:89051389",2.6e-12
"29141","HISEQ13:138:C6FWNANXX:2:2202:15492:74703_1:100967507",2.6e-12
"29142","HISEQ13:138:C6FWNANXX:2:2211:8854:86300_1:114317531",2.6e-12
"29143","HISEQ13:138:C6FWNANXX:2:1112:16419:72447_1:17660430",2.6e-12
"29144","HISEQ13:138:C6FWNANXX:2:1116:2974:34823_1:23667574",2.6e-12
"29145","HISEQ13:138:C6FWNANXX:2:1208:7194:53351_1:35883499",2.6e-12
"29146","HISEQ13:138:C6FWNANXX:2:2103:15674:16345_1:77581629",2.6e-12
"29147","HISEQ13:138:C6FWNANXX:2:1103:4048:93658_1:4279943",2.6e-12
"29148","HISEQ13:138:C6FWNANXX:2:2113:11138:85677_1:93433279",2.6e-12
"29149","HISEQ13:138:C6FWNANXX:2:2115:5813:76256_1:96489822",2.6e-12
"29150","HISEQ13:138:C6FWNANXX:2:2203:2697:50274_1:102031341",2.6e-12
"29151","HISEQ13:138:C6FWNANXX:2:1116:6090:63824_1:24164970",2.6e-12
"29152","HISEQ13:138:C6FWNANXX:2:1109:4430:28991_1:12335088",2.6e-12
"29153","HISEQ13:138:C6FWNANXX:2:2213:16632:99980_1:117675791",2.6e-12
"29154","HISEQ13:138:C6FWNANXX:2:2113:12878:6688_1:92172497",2.6e-12
"29155","HISEQ13:138:C6FWNANXX:2:1309:21142:4568_1:61512765",2.6e-12
"29156","HISEQ13:138:C6FWNANXX:2:1108:17957:34433_1:10875778",2.6e-12
"29157","HISEQ13:138:C6FWNANXX:2:2102:15902:39718_1:76504129",2.6e-12
"29158","HISEQ13:138:C6FWNANXX:2:2112:1483:58442_1:91423474",2.6e-12
"29159","HISEQ13:138:C6FWNANXX:2:1204:18810:52528_1:29904132",2.6e-12
"29160","HISEQ13:138:C6FWNANXX:2:1205:5817:10763_1:30750576",2.6e-12
"29161","HISEQ13:138:C6FWNANXX:2:1207:15956:78736_1:34756905",2.6e-12
"29162","HISEQ13:138:C6FWNANXX:2:1315:8704:88178_1:72616758",2.6e-12
"29163","HISEQ13:138:C6FWNANXX:2:2108:19027:99240_1:86032951",2.6e-12
"29164","HISEQ13:138:C6FWNANXX:2:2210:9694:37449_1:112031376",2.6e-12
"29165","HISEQ13:138:C6FWNANXX:2:2203:7446:98528_1:102721225",2.6e-12
"29166","HISEQ13:138:C6FWNANXX:2:2111:20908:3086_1:89086718",2.6e-12
"29167","HISEQ13:138:C6FWNANXX:2:1112:13341:94065_1:18016293",2.7e-12
"29168","HISEQ13:138:C6FWNANXX:2:1113:2083:93384_1:19635919",2.7e-12
"29169","HISEQ13:138:C6FWNANXX:2:1206:14459:66510_1:33075394",2.7e-12
"29170","HISEQ13:138:C6FWNANXX:2:1116:19778:27779_1:23551339",2.7e-12
"29171","HISEQ13:138:C6FWNANXX:2:2302:19369:43295_1:124585558",2.7e-12
"29172","HISEQ13:138:C6FWNANXX:2:1303:11835:65541_1:53417971",2.7e-12
"29173","HISEQ13:138:C6FWNANXX:2:2102:10477:54051_1:76708880",2.7e-12
"29174","HISEQ13:138:C6FWNANXX:2:1205:18481:8707_1:30719365",2.7e-12
"29175","HISEQ13:138:C6FWNANXX:2:1315:12334:2559_1:71152792",2.7e-12
"29176","HISEQ13:138:C6FWNANXX:2:1105:3318:77796_1:7000467",2.7e-12
"29177","HISEQ13:138:C6FWNANXX:2:1110:19355:93505_1:14919603",2.7e-12
"29178","HISEQ13:138:C6FWNANXX:2:2102:19100:70496_1:76941449",2.7e-12
"29179","HISEQ13:138:C6FWNANXX:2:2113:7892:63720_1:93079482",2.7e-12
"29180","HISEQ13:138:C6FWNANXX:2:1211:6695:77983_1:40932882",2.7e-12
"29181","HISEQ13:138:C6FWNANXX:2:2105:14029:12496_1:80357357",2.7e-12
"29182","HISEQ13:138:C6FWNANXX:2:2215:20782:15914_1:119535920",2.7e-12
"29183","HISEQ13:138:C6FWNANXX:2:1212:15232:11667_1:41446188",2.7e-12
"29184","HISEQ13:138:C6FWNANXX:2:1316:13971:27554_1:73285330",2.7e-12
"29185","HISEQ13:138:C6FWNANXX:2:1308:2267:77409_1:61099632",2.7e-12
"29186","HISEQ13:138:C6FWNANXX:2:1306:19634:29203_1:57317871",2.7e-12
"29187","HISEQ13:138:C6FWNANXX:2:1314:12220:26143_1:69872291",2.7e-12
"29188","HISEQ13:138:C6FWNANXX:2:1302:13832:12227_1:51171090",2.7e-12
"29189","HISEQ13:138:C6FWNANXX:2:1107:4224:42087_1:9470566",2.7e-12
"29190","HISEQ13:138:C6FWNANXX:2:2107:13071:47968_1:83777216",2.7e-12
"29191","HISEQ13:138:C6FWNANXX:2:2308:9872:76364_1:133693455",2.7e-12
"29192","HISEQ13:138:C6FWNANXX:2:1105:13075:88843_1:7168355",2.7e-12
"29193","HISEQ13:138:C6FWNANXX:2:1110:12515:71989_1:14578500",2.7e-12
"29194","HISEQ13:138:C6FWNANXX:2:2301:8264:23360_1:122907541",2.7e-12
"29195","HISEQ13:138:C6FWNANXX:2:1313:10555:99632_1:69443330",2.7e-12
"29196","HISEQ13:138:C6FWNANXX:2:1207:4016:76092_1:34716494",2.7e-12
"29197","HISEQ13:138:C6FWNANXX:2:1109:3390:77692_1:13105246",2.7e-12
"29198","HISEQ13:138:C6FWNANXX:2:1204:10550:8393_1:29258650",2.7e-12
"29199","HISEQ13:138:C6FWNANXX:2:1309:12475:15922_1:61688384",2.7e-12
"29200","HISEQ13:138:C6FWNANXX:2:2301:19081:39472_1:123136050",2.7e-12
"29201","HISEQ13:138:C6FWNANXX:2:2114:19271:98184_1:95238607",2.7e-12
"29202","HISEQ13:138:C6FWNANXX:2:1306:5264:49631_1:57627590",2.7e-12
"29203","HISEQ13:138:C6FWNANXX:2:1213:12933:3137_1:42903259",2.7e-12
"29204","HISEQ13:138:C6FWNANXX:2:1109:10705:40117_1:12513079",2.7e-12
"29205","HISEQ13:138:C6FWNANXX:2:2114:4599:83452_1:94995751",2.7e-12
"29206","HISEQ13:138:C6FWNANXX:2:1307:7689:65502_1:59387519",2.7e-12
"29207","HISEQ13:138:C6FWNANXX:2:2304:13262:82888_1:127960734",2.7e-12
"29208","HISEQ13:138:C6FWNANXX:2:2103:5706:22195_1:77661324",2.7e-12
"29209","HISEQ13:138:C6FWNANXX:2:1212:10506:10698_1:41432071",2.7e-12
"29210","HISEQ13:138:C6FWNANXX:2:1106:7638:18652_1:7602786",2.7e-12
"29211","HISEQ13:138:C6FWNANXX:2:1201:18735:54165_1:25573179",2.7e-12
"29212","HISEQ13:138:C6FWNANXX:2:1203:1868:82376_1:28891306",2.7e-12
"29213","HISEQ13:138:C6FWNANXX:2:1210:8963:9557_1:38282309",2.7e-12
"29214","HISEQ13:138:C6FWNANXX:2:1306:16847:9262_1:57015522",2.7e-12
"29215","HISEQ13:138:C6FWNANXX:2:2102:12906:83735_1:77130743",2.7e-12
"29216","HISEQ13:138:C6FWNANXX:2:2102:15176:27038_1:76326865",2.7e-12
"29217","HISEQ13:138:C6FWNANXX:2:2110:20026:23949_1:87896262",2.7e-12
"29218","HISEQ13:138:C6FWNANXX:2:1207:21210:53058_1:34368765",2.7e-12
"29219","HISEQ13:138:C6FWNANXX:2:2206:19229:96185_1:106980715",2.7e-12
"29220","HISEQ13:138:C6FWNANXX:2:2308:10035:80856_1:133761130",2.7e-12
"29221","HISEQ13:138:C6FWNANXX:2:1111:14131:67980_1:16099514",2.7e-12
"29222","HISEQ13:138:C6FWNANXX:2:1212:16555:15396_1:41498007",2.7e-12
"29223","HISEQ13:138:C6FWNANXX:2:2107:14042:66897_1:84060614",2.7e-12
"29224","HISEQ13:138:C6FWNANXX:2:1305:3138:57910_1:56252882",2.7e-12
"29225","HISEQ13:138:C6FWNANXX:2:2106:18479:89339_1:82926677",2.7e-12
"29226","HISEQ13:138:C6FWNANXX:2:1102:1554:17095_1:1684803",2.7e-12
"29227","HISEQ13:138:C6FWNANXX:2:1316:11157:74676_1:74106452",2.7e-12
"29228","HISEQ13:138:C6FWNANXX:2:1315:1436:11087_1:71294766",2.7e-12
"29229","HISEQ13:138:C6FWNANXX:2:1312:11523:7205_1:66281294",2.7e-12
"29230","HISEQ13:138:C6FWNANXX:2:2306:17362:7583_1:129736391",2.7e-12
"29231","HISEQ13:138:C6FWNANXX:2:2204:13194:71231_1:103742061",2.7e-12
"29232","HISEQ13:138:C6FWNANXX:2:1314:20518:44700_1:70188259",2.7e-12
"29233","HISEQ13:138:C6FWNANXX:2:2105:14557:63450_1:81096819",2.7e-12
"29234","HISEQ13:138:C6FWNANXX:2:2109:6948:59396_1:86929086",2.7e-12
"29235","HISEQ13:138:C6FWNANXX:2:2313:3063:18350_1:140468711",2.7e-12
"29236","HISEQ13:138:C6FWNANXX:2:1309:7645:73535_1:62600136",2.7e-12
"29237","HISEQ13:138:C6FWNANXX:2:1312:12630:26058_1:66592178",2.7e-12
"29238","HISEQ13:138:C6FWNANXX:2:1105:15853:74913_1:6957806",2.7e-12
"29239","HISEQ13:138:C6FWNANXX:2:1305:19604:72195_1:56469737",2.7e-12
"29240","HISEQ13:138:C6FWNANXX:2:1306:18842:74509_1:58012524",2.7e-12
"29241","HISEQ13:138:C6FWNANXX:2:2210:12737:60982_1:112391346",2.7e-12
"29242","HISEQ13:138:C6FWNANXX:2:2309:3598:22917_1:134379502",2.7e-12
"29243","HISEQ13:138:C6FWNANXX:2:1315:2048:94153_1:72720608",2.7e-12
"29244","HISEQ13:138:C6FWNANXX:2:2106:15472:24078_1:81966866",2.7e-12
"29245","HISEQ13:138:C6FWNANXX:2:2301:7337:55915_1:123365100",2.7e-12
"29246","HISEQ13:138:C6FWNANXX:2:1116:16267:47213_1:23880828",2.7e-12
"29247","HISEQ13:138:C6FWNANXX:2:1303:14100:91850_1:53806150",2.8e-12
"29248","HISEQ13:138:C6FWNANXX:2:1201:20417:37911_1:25334545",2.8e-12
"29249","HISEQ13:138:C6FWNANXX:2:1301:4096:90294_1:50866966",2.8e-12
"29250","HISEQ13:138:C6FWNANXX:2:1109:9652:40218_1:12512883",2.8e-12
"29251","HISEQ13:138:C6FWNANXX:2:1113:3585:89722_1:19573760",2.8e-12
"29252","HISEQ13:138:C6FWNANXX:2:1206:10725:39550_1:32665683",2.8e-12
"29253","HISEQ13:138:C6FWNANXX:2:2313:15748:94186_1:141695978",2.8e-12
"29254","HISEQ13:138:C6FWNANXX:2:2314:16317:3768_1:141835318",2.8e-12
"29255","HISEQ13:138:C6FWNANXX:2:1209:13776:11182_1:36763330",2.8e-12
"29256","HISEQ13:138:C6FWNANXX:2:2316:20044:9888_1:145192386",2.8e-12
"29257","HISEQ13:138:C6FWNANXX:2:2312:10040:77384_1:139833781",2.8e-12
"29258","HISEQ13:138:C6FWNANXX:2:1211:17576:83931_1:41032681",2.8e-12
"29259","HISEQ13:138:C6FWNANXX:2:1212:19790:67535_1:42341088",2.8e-12
"29260","HISEQ13:138:C6FWNANXX:2:2309:10981:74962_1:135174577",2.8e-12
"29261","HISEQ13:138:C6FWNANXX:2:2211:6909:85248_1:114297944",2.8e-12
"29262","HISEQ13:138:C6FWNANXX:2:1111:14670:62930_1:16013869",2.8e-12
"29263","HISEQ13:138:C6FWNANXX:2:1113:11616:92946_1:19629634",2.8e-12
"29264","HISEQ13:138:C6FWNANXX:2:2203:14592:28326_1:101718870",2.8e-12
"29265","HISEQ13:138:C6FWNANXX:2:1205:12850:99757_1:32082748",2.8e-12
"29266","HISEQ13:138:C6FWNANXX:2:1104:4233:46946_1:5054816",2.8e-12
"29267","HISEQ13:138:C6FWNANXX:2:1102:15756:99026_1:2897226",2.8e-12
"29268","HISEQ13:138:C6FWNANXX:2:1107:20504:6252_1:8926252",2.8e-12
"29269","HISEQ13:138:C6FWNANXX:2:1102:4825:63813_1:2373366",2.8e-12
"29270","HISEQ13:138:C6FWNANXX:2:1203:11971:92462_1:29041404",2.8e-12
"29271","HISEQ13:138:C6FWNANXX:2:1314:5787:99958_1:71124837",2.8e-12
"29272","HISEQ13:138:C6FWNANXX:2:2312:14080:85735_1:139966689",2.8e-12
"29273","HISEQ13:138:C6FWNANXX:2:2202:2020:44950_1:100541652",2.8e-12
"29274","HISEQ13:138:C6FWNANXX:2:2305:10229:17682_1:128444478",2.8e-12
"29275","HISEQ13:138:C6FWNANXX:2:1205:5412:69924_1:31632074",2.8e-12
"29276","HISEQ13:138:C6FWNANXX:2:2308:5822:88576_1:133877406",2.8e-12
"29277","HISEQ13:138:C6FWNANXX:2:1101:20204:76663_1:1105793",2.8e-12
"29278","HISEQ13:138:C6FWNANXX:2:1202:13556:79563_1:27398886",2.8e-12
"29279","HISEQ13:138:C6FWNANXX:2:1104:4757:64169_1:5311483",2.8e-12
"29280","HISEQ13:138:C6FWNANXX:2:2201:2146:29858_1:98921541",2.8e-12
"29281","HISEQ13:138:C6FWNANXX:2:2215:18993:61464_1:120285992",2.8e-12
"29282","HISEQ13:138:C6FWNANXX:2:2314:10496:26724_1:142204458",2.8e-12
"29283","HISEQ13:138:C6FWNANXX:2:1202:13843:55268_1:27042686",2.8e-12
"29284","HISEQ13:138:C6FWNANXX:2:1216:11568:97896_1:49516506",2.8e-12
"29285","HISEQ13:138:C6FWNANXX:2:2206:11692:31341_1:106028338",2.8e-12
"29286","HISEQ13:138:C6FWNANXX:2:1115:4109:62836_1:22454031",2.8e-12
"29287","HISEQ13:138:C6FWNANXX:2:1201:13059:2349_1:24810287",2.8e-12
"29288","HISEQ13:138:C6FWNANXX:2:1205:13006:49171_1:31323818",2.8e-12
"29289","HISEQ13:138:C6FWNANXX:2:1204:15201:67350_1:30121902",2.8e-12
"29290","HISEQ13:138:C6FWNANXX:2:2109:6761:45501_1:86718952",2.8e-12
"29291","HISEQ13:138:C6FWNANXX:2:2301:11946:65190_1:123496405",2.8e-12
"29292","HISEQ13:138:C6FWNANXX:2:2316:16260:32778_1:145580179",2.8e-12
"29293","HISEQ13:138:C6FWNANXX:2:2301:7112:83430_1:123753347",2.8e-12
"29294","HISEQ13:138:C6FWNANXX:2:1308:9552:36338_1:60461250",2.8e-12
"29295","HISEQ13:138:C6FWNANXX:2:1308:10424:71173_1:61002747",2.8e-12
"29296","HISEQ13:138:C6FWNANXX:2:1315:14606:14796_1:71361200",2.8e-12
"29297","HISEQ13:138:C6FWNANXX:2:2102:7560:55260_1:76726247",2.8e-12
"29298","HISEQ13:138:C6FWNANXX:2:2314:15322:39976_1:142422677",2.8e-12
"29299","HISEQ13:138:C6FWNANXX:2:2105:6914:40773_1:80769293",2.8e-12
"29300","HISEQ13:138:C6FWNANXX:2:1216:1833:28317_1:48309581",2.8e-12
"29301","HISEQ13:138:C6FWNANXX:2:2207:12696:6305_1:107113874",2.8e-12
"29302","HISEQ13:138:C6FWNANXX:2:1102:9250:13669_1:1634176",2.9e-12
"29303","HISEQ13:138:C6FWNANXX:2:1105:17708:69950_1:6882493",2.9e-12
"29304","HISEQ13:138:C6FWNANXX:2:1209:20713:71235_1:37699525",2.9e-12
"29305","HISEQ13:138:C6FWNANXX:2:2216:17334:79507_1:122248440",2.9e-12
"29306","HISEQ13:138:C6FWNANXX:2:1107:14311:41973_1:9468825",2.9e-12
"29307","HISEQ13:138:C6FWNANXX:2:2209:18116:95328_1:111410080",2.9e-12
"29308","HISEQ13:138:C6FWNANXX:2:1305:2860:65040_1:56360961",2.9e-12
"29309","HISEQ13:138:C6FWNANXX:2:2214:3143:89399_1:119117536",2.9e-12
"29310","HISEQ13:138:C6FWNANXX:2:1305:14842:24007_1:55748012",2.9e-12
"29311","HISEQ13:138:C6FWNANXX:2:2103:20848:2875_1:77390331",2.9e-12
"29312","HISEQ13:138:C6FWNANXX:2:2211:5483:55261_1:113832856",2.9e-12
"29313","HISEQ13:138:C6FWNANXX:2:1102:18437:84250_1:2675257",2.9e-12
"29314","HISEQ13:138:C6FWNANXX:2:1113:3553:41200_1:18768889",2.9e-12
"29315","HISEQ13:138:C6FWNANXX:2:2316:6882:75882_1:146304241",2.9e-12
"29316","HISEQ13:138:C6FWNANXX:2:2108:5351:17834_1:84804505",2.9e-12
"29317","HISEQ13:138:C6FWNANXX:2:2315:8391:39631_1:144046552",2.9e-12
"29318","HISEQ13:138:C6FWNANXX:2:1108:9790:86443_1:11687046",2.9e-12
"29319","HISEQ13:138:C6FWNANXX:2:2107:12542:59830_1:83955822",2.9e-12
"29320","HISEQ13:138:C6FWNANXX:2:1212:15666:41557_1:41915913",2.9e-12
"29321","HISEQ13:138:C6FWNANXX:2:2307:11354:77555_1:132227859",2.9e-12
"29322","HISEQ13:138:C6FWNANXX:2:1311:5589:47490_1:65324173",2.9e-12
"29323","HISEQ13:138:C6FWNANXX:2:2208:21323:68457_1:109504418",2.9e-12
"29324","HISEQ13:138:C6FWNANXX:2:1106:2935:36312_1:7872017",2.9e-12
"29325","HISEQ13:138:C6FWNANXX:2:1308:9742:27735_1:60325401",2.9e-12
"29326","HISEQ13:138:C6FWNANXX:2:1213:19035:65653_1:43934977",2.9e-12
"29327","HISEQ13:138:C6FWNANXX:2:1214:21368:31145_1:45006321",2.9e-12
"29328","HISEQ13:138:C6FWNANXX:2:1204:11130:9277_1:29272005",2.9e-12
"29329","HISEQ13:138:C6FWNANXX:2:1313:18906:15623_1:68044195",2.9e-12
"29330","HISEQ13:138:C6FWNANXX:2:1316:2069:53035_1:73728059",2.9e-12
"29331","HISEQ13:138:C6FWNANXX:2:2210:10371:15469_1:111695852",2.9e-12
"29332","HISEQ13:138:C6FWNANXX:2:2309:18719:5161_1:134112067",2.9e-12
"29333","HISEQ13:138:C6FWNANXX:2:1114:17269:43064_1:20453907",2.9e-12
"29334","HISEQ13:138:C6FWNANXX:2:2310:15078:64352_1:136531992",2.9e-12
"29335","HISEQ13:138:C6FWNANXX:2:1304:9358:15399_1:54138170",2.9e-12
"29336","HISEQ13:138:C6FWNANXX:2:2206:8829:33592_1:106061001",2.9e-12
"29337","HISEQ13:138:C6FWNANXX:2:1311:9469:53674_1:65427020",2.9e-12
"29338","HISEQ13:138:C6FWNANXX:2:1311:2995:53597_1:65425769",2.9e-12
"29339","HISEQ13:138:C6FWNANXX:2:1314:15201:45010_1:70195681",2.9e-12
"29340","HISEQ13:138:C6FWNANXX:2:2115:18859:70982_1:96403831",2.9e-12
"29341","HISEQ13:138:C6FWNANXX:2:2210:12583:69432_1:112520035",2.9e-12
"29342","HISEQ13:138:C6FWNANXX:2:2115:8249:96126_1:96815355",2.9e-12
"29343","HISEQ13:138:C6FWNANXX:2:2111:14426:85661_1:90404938",2.9e-12
"29344","HISEQ13:138:C6FWNANXX:2:2214:2374:88054_1:119096700",2.9e-12
"29345","HISEQ13:138:C6FWNANXX:2:2214:4790:80525_1:118974716",2.9e-12
"29346","HISEQ13:138:C6FWNANXX:2:2114:8416:14642_1:93880574",2.9e-12
"29347","HISEQ13:138:C6FWNANXX:2:1116:12851:63474_1:24157782",2.9e-12
"29348","HISEQ13:138:C6FWNANXX:2:1303:20197:12979_1:52639215",2.9e-12
"29349","HISEQ13:138:C6FWNANXX:2:2111:8672:36482_1:89599855",2.9e-12
"29350","HISEQ13:138:C6FWNANXX:2:2309:6393:84428_1:135318567",2.9e-12
"29351","HISEQ13:138:C6FWNANXX:2:1101:6509:98388_1:1425151",2.9e-12
"29352","HISEQ13:138:C6FWNANXX:2:1103:10163:42394_1:3520805",2.9e-12
"29353","HISEQ13:138:C6FWNANXX:2:1316:8734:90153_1:74376653",2.9e-12
"29354","HISEQ13:138:C6FWNANXX:2:2110:11481:23064_1:87883235",2.9e-12
"29355","HISEQ13:138:C6FWNANXX:2:2209:17235:18351_1:110241191",2.9e-12
"29356","HISEQ13:138:C6FWNANXX:2:2215:3502:78660_1:120567916",2.9e-12
"29357","HISEQ13:138:C6FWNANXX:2:2108:13410:19655_1:84831851",2.9e-12
"29358","HISEQ13:138:C6FWNANXX:2:2311:11409:2248_1:137088967",2.9e-12
"29359","HISEQ13:138:C6FWNANXX:2:2311:6391:97435_1:138584999",2.9e-12
"29360","HISEQ13:138:C6FWNANXX:2:1316:17096:49267_1:73665429",2.9e-12
"29361","HISEQ13:138:C6FWNANXX:2:2115:14639:91919_1:96746020",2.9e-12
"29362","HISEQ13:138:C6FWNANXX:2:2205:7664:5057_1:104212787",2.9e-12
"29363","HISEQ13:138:C6FWNANXX:2:2307:15846:41197_1:131686827",2.9e-12
"29364","HISEQ13:138:C6FWNANXX:2:2204:8368:57763_1:103551357",2.9e-12
"29365","HISEQ13:138:C6FWNANXX:2:1214:14982:5118_1:44570468",2.9e-12
"29366","HISEQ13:138:C6FWNANXX:2:2215:17834:44128_1:120001102",2.9e-12
"29367","HISEQ13:138:C6FWNANXX:2:1108:10709:48945_1:11100056",2.9e-12
"29368","HISEQ13:138:C6FWNANXX:2:1110:7955:65575_1:14478733",2.9e-12
"29369","HISEQ13:138:C6FWNANXX:2:1307:2910:5274_1:58460030",2.9e-12
"29370","HISEQ13:138:C6FWNANXX:2:1314:21025:47225_1:70231235",2.9e-12
"29371","HISEQ13:138:C6FWNANXX:2:2209:16300:39227_1:110555426",2.9e-12
"29372","HISEQ13:138:C6FWNANXX:2:2312:2651:78636_1:139852191",2.9e-12
"29373","HISEQ13:138:C6FWNANXX:2:1106:10578:81490_1:8560297",2.9e-12
"29374","HISEQ13:138:C6FWNANXX:2:1212:7448:38072_1:41857726",2.9e-12
"29375","HISEQ13:138:C6FWNANXX:2:1216:10934:85016_1:49297279",2.9e-12
"29376","HISEQ13:138:C6FWNANXX:2:2103:9336:14154_1:77548331",2.9e-12
"29377","HISEQ13:138:C6FWNANXX:2:1101:19788:91590_1:1327794",3e-12
"29378","HISEQ13:138:C6FWNANXX:2:1211:8152:70352_1:40813082",3e-12
"29379","HISEQ13:138:C6FWNANXX:2:2308:20535:97377_1:134013488",3e-12
"29380","HISEQ13:138:C6FWNANXX:2:2204:18884:42466_1:103329610",3e-12
"29381","HISEQ13:138:C6FWNANXX:2:2104:17316:8469_1:78876025",3e-12
"29382","HISEQ13:138:C6FWNANXX:2:2110:15704:93880_1:88962188",3e-12
"29383","HISEQ13:138:C6FWNANXX:2:2211:7280:13213_1:113171941",3e-12
"29384","HISEQ13:138:C6FWNANXX:2:2215:1752:48905_1:120074903",3e-12
"29385","HISEQ13:138:C6FWNANXX:2:2203:15168:8563_1:101437067",3e-12
"29386","HISEQ13:138:C6FWNANXX:2:1106:4002:45212_1:8005613",3e-12
"29387","HISEQ13:138:C6FWNANXX:2:2206:18120:10696_1:105726997",3e-12
"29388","HISEQ13:138:C6FWNANXX:2:1114:16447:29183_1:20219243",3e-12
"29389","HISEQ13:138:C6FWNANXX:2:1208:16670:4080_1:35128085",3e-12
"29390","HISEQ13:138:C6FWNANXX:2:2103:15230:54298_1:78122063",3e-12
"29391","HISEQ13:138:C6FWNANXX:2:2113:15477:92533_1:93546024",3e-12
"29392","HISEQ13:138:C6FWNANXX:2:2212:17537:84938_1:115850678",3e-12
"29393","HISEQ13:138:C6FWNANXX:2:1203:7718:68951_1:28693186",3e-12
"29394","HISEQ13:138:C6FWNANXX:2:2116:3315:21452_1:97212972",3e-12
"29395","HISEQ13:138:C6FWNANXX:2:2111:9127:61425_1:89996316",3e-12
"29396","HISEQ13:138:C6FWNANXX:2:2307:8110:9990_1:131222510",3e-12
"29397","HISEQ13:138:C6FWNANXX:2:1103:8707:92427_1:4262121",3e-12
"29398","HISEQ13:138:C6FWNANXX:2:1110:14813:46086_1:14171652",3e-12
"29399","HISEQ13:138:C6FWNANXX:2:2102:7487:27821_1:76335871",3e-12
"29400","HISEQ13:138:C6FWNANXX:2:1311:15924:59536_1:65525409",3e-12
"29401","HISEQ13:138:C6FWNANXX:2:1204:3891:75267_1:30239071",3e-12
"29402","HISEQ13:138:C6FWNANXX:2:2305:13548:52328_1:128950189",3e-12
"29403","HISEQ13:138:C6FWNANXX:2:2308:12321:56757_1:133399243",3e-12
"29404","HISEQ13:138:C6FWNANXX:2:1215:4590:81077_1:47516160",3e-12
"29405","HISEQ13:138:C6FWNANXX:2:2113:4969:74561_1:93255180",3e-12
"29406","HISEQ13:138:C6FWNANXX:2:1116:9429:17695_1:23372676",3e-12
"29407","HISEQ13:138:C6FWNANXX:2:1310:7495:99751_1:64578825",3e-12
"29408","HISEQ13:138:C6FWNANXX:2:1111:15419:27360_1:15438139",3e-12
"29409","HISEQ13:138:C6FWNANXX:2:1211:5800:62559_1:40687909",3e-12
"29410","HISEQ13:138:C6FWNANXX:2:1304:7140:96770_1:55355110",3e-12
"29411","HISEQ13:138:C6FWNANXX:2:2309:5513:69857_1:135097036",3e-12
"29412","HISEQ13:138:C6FWNANXX:2:1208:20018:24896_1:35447226",3e-12
"29413","HISEQ13:138:C6FWNANXX:2:1215:12296:40567_1:46832448",3e-12
"29414","HISEQ13:138:C6FWNANXX:2:2203:7694:87948_1:102567428",3e-12
"29415","HISEQ13:138:C6FWNANXX:2:2214:2669:21149_1:118001561",3e-12
"29416","HISEQ13:138:C6FWNANXX:2:2209:7547:27199_1:110372314",3e-12
"29417","HISEQ13:138:C6FWNANXX:2:2211:16304:18474_1:113255303",3e-12
"29418","HISEQ13:138:C6FWNANXX:2:1207:15831:24497_1:33932526",3e-12
"29419","HISEQ13:138:C6FWNANXX:2:1212:16899:4377_1:41346283",3e-12
"29420","HISEQ13:138:C6FWNANXX:2:1316:16136:12326_1:73020935",3e-12
"29421","HISEQ13:138:C6FWNANXX:2:2205:16952:87259_1:105404042",3e-12
"29422","HISEQ13:138:C6FWNANXX:2:2206:4539:86857_1:106842130",3e-12
"29423","HISEQ13:138:C6FWNANXX:2:2209:5939:42714_1:110606700",3e-12
"29424","HISEQ13:138:C6FWNANXX:2:2107:6510:23702_1:83416870",3e-12
"29425","HISEQ13:138:C6FWNANXX:2:2301:20484:76443_1:123656706",3e-12
"29426","HISEQ13:138:C6FWNANXX:2:2214:5842:54941_1:118552040",3e-12
"29427","HISEQ13:138:C6FWNANXX:2:1101:12369:59045_1:846503",3e-12
"29428","HISEQ13:138:C6FWNANXX:2:1103:16857:30284_1:3345262",3e-12
"29429","HISEQ13:138:C6FWNANXX:2:2109:18357:82658_1:87285109",3e-12
"29430","HISEQ13:138:C6FWNANXX:2:2113:5172:66719_1:93126694",3e-12
"29431","HISEQ13:138:C6FWNANXX:2:2301:20719:40308_1:123150045",3e-12
"29432","HISEQ13:138:C6FWNANXX:2:2303:2630:61740_1:126243457",3e-12
"29433","HISEQ13:138:C6FWNANXX:2:1205:1737:27178_1:30992350",3.1e-12
"29434","HISEQ13:138:C6FWNANXX:2:1204:20229:54435_1:29930460",3.1e-12
"29435","HISEQ13:138:C6FWNANXX:2:2109:4495:58505_1:86916954",3.1e-12
"29436","HISEQ13:138:C6FWNANXX:2:2115:5022:36111_1:95835489",3.1e-12
"29437","HISEQ13:138:C6FWNANXX:2:1304:13477:28915_1:54338854",3.1e-12
"29438","HISEQ13:138:C6FWNANXX:2:2211:3274:29695_1:113429124",3.1e-12
"29439","HISEQ13:138:C6FWNANXX:2:2311:13550:12887_1:137257730",3.1e-12
"29440","HISEQ13:138:C6FWNANXX:2:1115:11763:66005_1:22510991",3.1e-12
"29441","HISEQ13:138:C6FWNANXX:2:1213:18009:38035_1:43479205",3.1e-12
"29442","HISEQ13:138:C6FWNANXX:2:1313:19389:36556_1:68392500",3.1e-12
"29443","HISEQ13:138:C6FWNANXX:2:2109:5910:70645_1:87100463",3.1e-12
"29444","HISEQ13:138:C6FWNANXX:2:2109:6032:3490_1:86077630",3.1e-12
"29445","HISEQ13:138:C6FWNANXX:2:2114:3365:97407_1:95223002",3.1e-12
"29446","HISEQ13:138:C6FWNANXX:2:2103:4193:90462_1:78631744",3.1e-12
"29447","HISEQ13:138:C6FWNANXX:2:2308:15486:77606_1:133713053",3.1e-12
"29448","HISEQ13:138:C6FWNANXX:2:1211:20260:83645_1:41029287",3.1e-12
"29449","HISEQ13:138:C6FWNANXX:2:2105:5619:16291_1:80413293",3.1e-12
"29450","HISEQ13:138:C6FWNANXX:2:1105:6267:32854_1:6326334",3.1e-12
"29451","HISEQ13:138:C6FWNANXX:2:2105:8678:44428_1:80820633",3.1e-12
"29452","HISEQ13:138:C6FWNANXX:2:2215:13041:81465_1:120615535",3.1e-12
"29453","HISEQ13:138:C6FWNANXX:2:2107:1404:12553_1:83252673",3.1e-12
"29454","HISEQ13:138:C6FWNANXX:2:2216:5084:100208_1:122592593",3.1e-12
"29455","HISEQ13:138:C6FWNANXX:2:1115:20936:84836_1:22831036",3.1e-12
"29456","HISEQ13:138:C6FWNANXX:2:2212:12388:25121_1:114902503",3.1e-12
"29457","HISEQ13:138:C6FWNANXX:2:1201:4426:58388_1:25632965",3.1e-12
"29458","HISEQ13:138:C6FWNANXX:2:1213:18025:44081_1:43578799",3.1e-12
"29459","HISEQ13:138:C6FWNANXX:2:1303:15148:73870_1:53539419",3.1e-12
"29460","HISEQ13:138:C6FWNANXX:2:2203:11265:30384_1:101746996",3.1e-12
"29461","HISEQ13:138:C6FWNANXX:2:2101:15955:41957_1:75131960",3.1e-12
"29462","HISEQ13:138:C6FWNANXX:2:2207:13379:19808_1:107312668",3.1e-12
"29463","HISEQ13:138:C6FWNANXX:2:2310:9020:75607_1:136701904",3.1e-12
"29464","HISEQ13:138:C6FWNANXX:2:2315:9680:99305_1:145033529",3.1e-12
"29465","HISEQ13:138:C6FWNANXX:2:2303:9371:5240_1:125441966",3.1e-12
"29466","HISEQ13:138:C6FWNANXX:2:2216:13196:36122_1:121509752",3.1e-12
"29467","HISEQ13:138:C6FWNANXX:2:2308:15391:6880_1:132646338",3.1e-12
"29468","HISEQ13:138:C6FWNANXX:2:1213:2714:26599_1:43286543",3.2e-12
"29469","HISEQ13:138:C6FWNANXX:2:1302:16487:60431_1:51880736",3.2e-12
"29470","HISEQ13:138:C6FWNANXX:2:2315:9049:4895_1:143472484",3.2e-12
"29471","HISEQ13:138:C6FWNANXX:2:1310:14212:81684_1:64292356",3.2e-12
"29472","HISEQ13:138:C6FWNANXX:2:1112:10015:3203_1:16715866",3.2e-12
"29473","HISEQ13:138:C6FWNANXX:2:1213:19917:92694_1:44381228",3.2e-12
"29474","HISEQ13:138:C6FWNANXX:2:2115:8926:10502_1:95421283",3.2e-12
"29475","HISEQ13:138:C6FWNANXX:2:1309:13517:40243_1:62070553",3.2e-12
"29476","HISEQ13:138:C6FWNANXX:2:1301:11869:5205_1:49614742",3.2e-12
"29477","HISEQ13:138:C6FWNANXX:2:1304:6339:74290_1:55017894",3.2e-12
"29478","HISEQ13:138:C6FWNANXX:2:1315:21251:37598_1:71749916",3.2e-12
"29479","HISEQ13:138:C6FWNANXX:2:2201:4844:92969_1:99818901",3.2e-12
"29480","HISEQ13:138:C6FWNANXX:2:2311:9493:94982_1:138546009",3.2e-12
"29481","HISEQ13:138:C6FWNANXX:2:1201:13804:20366_1:25076010",3.2e-12
"29482","HISEQ13:138:C6FWNANXX:2:2204:12826:37118_1:103253637",3.2e-12
"29483","HISEQ13:138:C6FWNANXX:2:2311:2930:94509_1:138540624",3.2e-12
"29484","HISEQ13:138:C6FWNANXX:2:1310:14571:53537_1:63850671",3.2e-12
"29485","HISEQ13:138:C6FWNANXX:2:2110:17508:54321_1:88362467",3.2e-12
"29486","HISEQ13:138:C6FWNANXX:2:1213:6861:8521_1:42992432",3.2e-12
"29487","HISEQ13:138:C6FWNANXX:2:2210:17947:61149_1:112396019",3.2e-12
"29488","HISEQ13:138:C6FWNANXX:2:1113:6186:83894_1:19478477",3.2e-12
"29489","HISEQ13:138:C6FWNANXX:2:1210:19274:44579_1:38835325",3.2e-12
"29490","HISEQ13:138:C6FWNANXX:2:1214:9512:27224_1:44937141",3.2e-12
"29491","HISEQ13:138:C6FWNANXX:2:1215:7102:9056_1:46297537",3.2e-12
"29492","HISEQ13:138:C6FWNANXX:2:1308:7603:25217_1:60286376",3.2e-12
"29493","HISEQ13:138:C6FWNANXX:2:2109:4782:9148_1:86164485",3.2e-12
"29494","HISEQ13:138:C6FWNANXX:2:2110:2404:43982_1:88198656",3.2e-12
"29495","HISEQ13:138:C6FWNANXX:2:2205:9490:7168_1:104241745",3.2e-12
"29496","HISEQ13:138:C6FWNANXX:2:2209:6873:67863_1:110990611",3.2e-12
"29497","HISEQ13:138:C6FWNANXX:2:2210:5846:99740_1:112980919",3.2e-12
"29498","HISEQ13:138:C6FWNANXX:2:2307:8262:41487_1:131689072",3.2e-12
"29499","HISEQ13:138:C6FWNANXX:2:2314:17121:33105_1:142312118",3.2e-12
"29500","HISEQ13:138:C6FWNANXX:2:1210:2360:65085_1:39152188",3.2e-12
"29501","HISEQ13:138:C6FWNANXX:2:2111:6537:68986_1:90119380",3.2e-12
"29502","HISEQ13:138:C6FWNANXX:2:2213:13385:2536_1:116114446",3.2e-12
"29503","HISEQ13:138:C6FWNANXX:2:1111:12487:92502_1:16545209",3.2e-12
"29504","HISEQ13:138:C6FWNANXX:2:2203:7964:31542_1:101764311",3.2e-12
"29505","HISEQ13:138:C6FWNANXX:2:2115:18930:56989_1:96175127",3.2e-12
"29506","HISEQ13:138:C6FWNANXX:2:2315:1583:95242_1:144960828",3.2e-12
"29507","HISEQ13:138:C6FWNANXX:2:1307:10085:73026_1:59503801",3.2e-12
"29508","HISEQ13:138:C6FWNANXX:2:2104:14231:93892_1:80106028",3.2e-12
"29509","HISEQ13:138:C6FWNANXX:2:2310:1411:6360_1:135635926",3.2e-12
"29510","HISEQ13:138:C6FWNANXX:2:1209:6684:73428_1:37731722",3.2e-12
"29511","HISEQ13:138:C6FWNANXX:2:2115:5489:41727_1:95924896",3.2e-12
"29512","HISEQ13:138:C6FWNANXX:2:1112:7576:96559_1:18056331",3.2e-12
"29513","HISEQ13:138:C6FWNANXX:2:2311:19423:69829_1:138152439",3.2e-12
"29514","HISEQ13:138:C6FWNANXX:2:2107:10986:60281_1:83962741",3.2e-12
"29515","HISEQ13:138:C6FWNANXX:2:2102:4430:93358_1:77268477",3.2e-12
"29516","HISEQ13:138:C6FWNANXX:2:2303:16764:56627_1:126175085",3.2e-12
"29517","HISEQ13:138:C6FWNANXX:2:1115:6293:62789_1:22454495",3.2e-12
"29518","HISEQ13:138:C6FWNANXX:2:1201:8307:63203_1:25703941",3.2e-12
"29519","HISEQ13:138:C6FWNANXX:2:1309:12939:37803_1:62034809",3.2e-12
"29520","HISEQ13:138:C6FWNANXX:2:2306:13052:50363_1:130364368",3.2e-12
"29521","HISEQ13:138:C6FWNANXX:2:1206:3156:91770_1:33454201",3.2e-12
"29522","HISEQ13:138:C6FWNANXX:2:1314:6977:24235_1:69837165",3.2e-12
"29523","HISEQ13:138:C6FWNANXX:2:2205:19527:49206_1:104852115",3.2e-12
"29524","HISEQ13:138:C6FWNANXX:2:1313:10233:93570_1:69342649",3.2e-12
"29525","HISEQ13:138:C6FWNANXX:2:1212:21093:57851_1:42182113",3.2e-12
"29526","HISEQ13:138:C6FWNANXX:2:2106:11105:48463_1:82323083",3.2e-12
"29527","HISEQ13:138:C6FWNANXX:2:2106:11105:48463_1:82323084",3.2e-12
"29528","HISEQ13:138:C6FWNANXX:2:2303:18371:96028_1:126734691",3.2e-12
"29529","HISEQ13:138:C6FWNANXX:2:2304:12252:83192_1:127964170",3.2e-12
"29530","HISEQ13:138:C6FWNANXX:2:2311:12805:39451_1:137672052",3.2e-12
"29531","HISEQ13:138:C6FWNANXX:2:1216:11448:53951_1:48752221",3.2e-12
"29532","HISEQ13:138:C6FWNANXX:2:1116:12614:27898_1:23549828",3.2e-12
"29533","HISEQ13:138:C6FWNANXX:2:1204:18874:84467_1:30375796",3.2e-12
"29534","HISEQ13:138:C6FWNANXX:2:2314:10154:28777_1:142240573",3.2e-12
"29535","HISEQ13:138:C6FWNANXX:2:2314:19659:57451_1:142712992",3.2e-12
"29536","HISEQ13:138:C6FWNANXX:2:1310:8592:75167_1:64188867",3.2e-12
"29537","HISEQ13:138:C6FWNANXX:2:2205:16533:35413_1:104651171",3.2e-12
"29538","HISEQ13:138:C6FWNANXX:2:2208:16794:15290_1:108708904",3.2e-12
"29539","HISEQ13:138:C6FWNANXX:2:1214:5096:30186_1:44986168",3.2e-12
"29540","HISEQ13:138:C6FWNANXX:2:2208:19167:52978_1:109270552",3.2e-12
"29541","HISEQ13:138:C6FWNANXX:2:1104:15598:36987_1:4908119",3.2e-12
"29542","HISEQ13:138:C6FWNANXX:2:1103:9000:58265_1:3757725",3.3e-12
"29543","HISEQ13:138:C6FWNANXX:2:2311:12129:12663_1:137253433",3.3e-12
"29544","HISEQ13:138:C6FWNANXX:2:1306:5264:49631_1:57627589",3.3e-12
"29545","HISEQ13:138:C6FWNANXX:2:2210:18201:90208_1:112838539",3.3e-12
"29546","HISEQ13:138:C6FWNANXX:2:1316:18519:65443_1:73946149",3.3e-12
"29547","HISEQ13:138:C6FWNANXX:2:1306:3712:3848_1:56928985",3.3e-12
"29548","HISEQ13:138:C6FWNANXX:2:2110:11753:3067_1:87577580",3.3e-12
"29549","HISEQ13:138:C6FWNANXX:2:2301:3293:59194_1:123410210",3.3e-12
"29550","HISEQ13:138:C6FWNANXX:2:2310:8179:60204_1:136465723",3.3e-12
"29551","HISEQ13:138:C6FWNANXX:2:1216:13495:82915_1:49258900",3.3e-12
"29552","HISEQ13:138:C6FWNANXX:2:1216:17832:76679_1:49150094",3.3e-12
"29553","HISEQ13:138:C6FWNANXX:2:1109:8965:60716_1:12836854",3.3e-12
"29554","HISEQ13:138:C6FWNANXX:2:1107:8011:79967_1:10050528",3.3e-12
"29555","HISEQ13:138:C6FWNANXX:2:1114:8443:97076_1:21361548",3.3e-12
"29556","HISEQ13:138:C6FWNANXX:2:2109:1415:52922_1:86828122",3.3e-12
"29557","HISEQ13:138:C6FWNANXX:2:2111:1374:76755_1:90252268",3.3e-12
"29558","HISEQ13:138:C6FWNANXX:2:2113:9718:83995_1:93405158",3.3e-12
"29559","HISEQ13:138:C6FWNANXX:2:2203:9498:18721_1:101579153",3.3e-12
"29560","HISEQ13:138:C6FWNANXX:2:2205:17433:37846_1:104687803",3.3e-12
"29561","HISEQ13:138:C6FWNANXX:2:2311:14431:81976_1:138341659",3.3e-12
"29562","HISEQ13:138:C6FWNANXX:2:2116:9135:34181_1:97426354",3.3e-12
"29563","HISEQ13:138:C6FWNANXX:2:2112:2263:92899_1:91970283",3.3e-12
"29564","HISEQ13:138:C6FWNANXX:2:1314:4646:96456_1:71064535",3.3e-12
"29565","HISEQ13:138:C6FWNANXX:2:1303:15059:83730_1:53683838",3.3e-12
"29566","HISEQ13:138:C6FWNANXX:2:1304:11995:3233_1:53955616",3.3e-12
"29567","HISEQ13:138:C6FWNANXX:2:2108:2356:34966_1:85058614",3.3e-12
"29568","HISEQ13:138:C6FWNANXX:2:2107:20292:92016_1:84438648",3.3e-12
"29569","HISEQ13:138:C6FWNANXX:2:2108:2972:48383_1:85262446",3.3e-12
"29570","HISEQ13:138:C6FWNANXX:2:2212:1241:80151_1:115771571",3.3e-12
"29571","HISEQ13:138:C6FWNANXX:2:2310:16105:78958_1:136752789",3.3e-12
"29572","HISEQ13:138:C6FWNANXX:2:2216:21300:40573_1:121587759",3.3e-12
"29573","HISEQ13:138:C6FWNANXX:2:1114:13280:12745_1:19942217",3.3e-12
"29574","HISEQ13:138:C6FWNANXX:2:1116:4928:57774_1:24061877",3.3e-12
"29575","HISEQ13:138:C6FWNANXX:2:1212:19724:67342_1:42337052",3.3e-12
"29576","HISEQ13:138:C6FWNANXX:2:1215:7254:32284_1:46691816",3.3e-12
"29577","HISEQ13:138:C6FWNANXX:2:1308:2293:48083_1:60642013",3.3e-12
"29578","HISEQ13:138:C6FWNANXX:2:2104:14719:97554_1:80159338",3.3e-12
"29579","HISEQ13:138:C6FWNANXX:2:2105:7176:56106_1:80990785",3.3e-12
"29580","HISEQ13:138:C6FWNANXX:2:2107:12694:16815_1:83317789",3.3e-12
"29581","HISEQ13:138:C6FWNANXX:2:2205:13625:47633_1:104828582",3.3e-12
"29582","HISEQ13:138:C6FWNANXX:2:2209:15670:8142_1:110085754",3.3e-12
"29583","HISEQ13:138:C6FWNANXX:2:1204:5224:96126_1:30547312",3.3e-12
"29584","HISEQ13:138:C6FWNANXX:2:2114:3302:17008_1:93919875",3.3e-12
"29585","HISEQ13:138:C6FWNANXX:2:2213:7993:18054_1:116361345",3.3e-12
"29586","HISEQ13:138:C6FWNANXX:2:2310:13830:28363_1:135977512",3.3e-12
"29587","HISEQ13:138:C6FWNANXX:2:1308:12429:53738_1:60729627",3.3e-12
"29588","HISEQ13:138:C6FWNANXX:2:2216:8485:34980_1:121488049",3.3e-12
"29589","HISEQ13:138:C6FWNANXX:2:1203:5502:93049_1:29051265",3.3e-12
"29590","HISEQ13:138:C6FWNANXX:2:1211:20930:84423_1:41041342",3.3e-12
"29591","HISEQ13:138:C6FWNANXX:2:2112:1483:58442_1:91423475",3.3e-12
"29592","HISEQ13:138:C6FWNANXX:2:1310:12664:43477_1:63686273",3.3e-12
"29593","HISEQ13:138:C6FWNANXX:2:1206:17263:14397_1:32285474",3.3e-12
"29594","HISEQ13:138:C6FWNANXX:2:2216:8839:75714_1:122179235",3.3e-12
"29595","HISEQ13:138:C6FWNANXX:2:1114:18467:28000_1:20198961",3.3e-12
"29596","HISEQ13:138:C6FWNANXX:2:2201:11698:65987_1:99436651",3.3e-12
"29597","HISEQ13:138:C6FWNANXX:2:2312:12999:100174_1:140197616",3.3e-12
"29598","HISEQ13:138:C6FWNANXX:2:1316:9965:10279_1:72984667",3.3e-12
"29599","HISEQ13:138:C6FWNANXX:2:2109:17132:43860_1:86694707",3.3e-12
"29600","HISEQ13:138:C6FWNANXX:2:2212:17676:31324_1:115002202",3.3e-12
"29601","HISEQ13:138:C6FWNANXX:2:1106:20286:55176_1:8160977",3.3e-12
"29602","HISEQ13:138:C6FWNANXX:2:1109:5558:81772_1:13172484",3.3e-12
"29603","HISEQ13:138:C6FWNANXX:2:2111:21182:45250_1:89743256",3.3e-12
"29604","HISEQ13:138:C6FWNANXX:2:2103:8690:3647_1:77398753",3.3e-12
"29605","HISEQ13:138:C6FWNANXX:2:1209:12754:72076_1:37713379",3.3e-12
"29606","HISEQ13:138:C6FWNANXX:2:2115:17410:14161_1:95480320",3.3e-12
"29607","HISEQ13:138:C6FWNANXX:2:2310:20617:84266_1:136837014",3.4e-12
"29608","HISEQ13:138:C6FWNANXX:2:2108:11651:17787_1:84805677",3.4e-12
"29609","HISEQ13:138:C6FWNANXX:2:1205:8437:22195_1:30919987",3.4e-12
"29610","HISEQ13:138:C6FWNANXX:2:2115:16193:76897_1:96500252",3.4e-12
"29611","HISEQ13:138:C6FWNANXX:2:2312:3380:85806_1:139968515",3.4e-12
"29612","HISEQ13:138:C6FWNANXX:2:2316:7108:96284_1:146650184",3.4e-12
"29613","HISEQ13:138:C6FWNANXX:2:2304:6370:70012_1:127776802",3.4e-12
"29614","HISEQ13:138:C6FWNANXX:2:2310:16689:79521_1:136764234",3.4e-12
"29615","HISEQ13:138:C6FWNANXX:2:2301:12555:48393_1:123260769",3.4e-12
"29616","HISEQ13:138:C6FWNANXX:2:1110:20192:75959_1:14642184",3.4e-12
"29617","HISEQ13:138:C6FWNANXX:2:1314:4267:15751_1:69696183",3.4e-12
"29618","HISEQ13:138:C6FWNANXX:2:1316:4397:10273_1:72983433",3.4e-12
"29619","HISEQ13:138:C6FWNANXX:2:2101:3167:48633_1:75225345",3.4e-12
"29620","HISEQ13:138:C6FWNANXX:2:1112:11810:19035_1:16813115",3.4e-12
"29621","HISEQ13:138:C6FWNANXX:2:1310:17842:20967_1:63329232",3.4e-12
"29622","HISEQ13:138:C6FWNANXX:2:2105:12024:56583_1:80999055",3.4e-12
"29623","HISEQ13:138:C6FWNANXX:2:2109:6122:87813_1:87362415",3.4e-12
"29624","HISEQ13:138:C6FWNANXX:2:1106:3818:90777_1:8703055",3.4e-12
"29625","HISEQ13:138:C6FWNANXX:2:2107:16042:42482_1:83696153",3.4e-12
"29626","HISEQ13:138:C6FWNANXX:2:2203:15216:19286_1:101590970",3.4e-12
"29627","HISEQ13:138:C6FWNANXX:2:2208:20154:96971_1:109934807",3.4e-12
"29628","HISEQ13:138:C6FWNANXX:2:2106:6797:25577_1:81987098",3.4e-12
"29629","HISEQ13:138:C6FWNANXX:2:2214:5960:100027_1:119293422",3.4e-12
"29630","HISEQ13:138:C6FWNANXX:2:2201:12835:61881_1:99379732",3.4e-12
"29631","HISEQ13:138:C6FWNANXX:2:2115:20980:76247_1:96488837",3.4e-12
"29632","HISEQ13:138:C6FWNANXX:2:2208:18743:63941_1:109435935",3.4e-12
"29633","HISEQ13:138:C6FWNANXX:2:1306:13282:9440_1:57014859",3.4e-12
"29634","HISEQ13:138:C6FWNANXX:2:2314:1625:42172_1:142456795",3.4e-12
"29635","HISEQ13:138:C6FWNANXX:2:2108:15934:12436_1:84724328",3.4e-12
"29636","HISEQ13:138:C6FWNANXX:2:1308:7368:62870_1:60873473",3.4e-12
"29637","HISEQ13:138:C6FWNANXX:2:1115:1650:45312_1:22156740",3.4e-12
"29638","HISEQ13:138:C6FWNANXX:2:2107:14415:94777_1:84478911",3.4e-12
"29639","HISEQ13:138:C6FWNANXX:2:1202:19205:71407_1:27278864",3.4e-12
"29640","HISEQ13:138:C6FWNANXX:2:1212:20801:69373_1:42369816",3.4e-12
"29641","HISEQ13:138:C6FWNANXX:2:2103:17655:59253_1:78193107",3.4e-12
"29642","HISEQ13:138:C6FWNANXX:2:2309:10068:74300_1:135166576",3.4e-12
"29643","HISEQ13:138:C6FWNANXX:2:2208:14989:63166_1:109424023",3.4e-12
"29644","HISEQ13:138:C6FWNANXX:2:1205:21241:58499_1:31463419",3.4e-12
"29645","HISEQ13:138:C6FWNANXX:2:2310:8377:43873_1:136214996",3.4e-12
"29646","HISEQ13:138:C6FWNANXX:2:1102:19783:84583_1:2682922",3.4e-12
"29647","HISEQ13:138:C6FWNANXX:2:1105:6267:32854_1:6326333",3.4e-12
"29648","HISEQ13:138:C6FWNANXX:2:1205:4112:51358_1:31356047",3.4e-12
"29649","HISEQ13:138:C6FWNANXX:2:1315:17077:68031_1:72273689",3.4e-12
"29650","HISEQ13:138:C6FWNANXX:2:2215:13041:81465_1:120615536",3.4e-12
"29651","HISEQ13:138:C6FWNANXX:2:2313:11570:100060_1:141793578",3.4e-12
"29652","HISEQ13:138:C6FWNANXX:2:2302:11603:85570_1:125183235",3.4e-12
"29653","HISEQ13:138:C6FWNANXX:2:1315:18156:17943_1:71413013",3.5e-12
"29654","HISEQ13:138:C6FWNANXX:2:1113:6875:8274_1:18231619",3.5e-12
"29655","HISEQ13:138:C6FWNANXX:2:2104:12920:12515_1:78936029",3.5e-12
"29656","HISEQ13:138:C6FWNANXX:2:2313:13352:41448_1:140842365",3.5e-12
"29657","HISEQ13:138:C6FWNANXX:2:1208:18535:34815_1:35600617",3.5e-12
"29658","HISEQ13:138:C6FWNANXX:2:2102:14994:43706_1:76560848",3.5e-12
"29659","HISEQ13:138:C6FWNANXX:2:2114:7060:21610_1:93993601",3.5e-12
"29660","HISEQ13:138:C6FWNANXX:2:1111:12528:67115_1:16086347",3.5e-12
"29661","HISEQ13:138:C6FWNANXX:2:1115:15015:76357_1:22684442",3.5e-12
"29662","HISEQ13:138:C6FWNANXX:2:1211:15034:91244_1:41148713",3.5e-12
"29663","HISEQ13:138:C6FWNANXX:2:1107:9005:81444_1:10073684",3.5e-12
"29664","HISEQ13:138:C6FWNANXX:2:2212:14996:32559_1:115021809",3.5e-12
"29665","HISEQ13:138:C6FWNANXX:2:2213:11261:73027_1:117244799",3.5e-12
"29666","HISEQ13:138:C6FWNANXX:2:2109:18378:77403_1:87205160",3.5e-12
"29667","HISEQ13:138:C6FWNANXX:2:1112:14912:91520_1:17975749",3.5e-12
"29668","HISEQ13:138:C6FWNANXX:2:1306:12108:84526_1:58163333",3.5e-12
"29669","HISEQ13:138:C6FWNANXX:2:2306:10436:96678_1:131044679",3.5e-12
"29670","HISEQ13:138:C6FWNANXX:2:1102:16586:63964_1:2375482",3.5e-12
"29671","HISEQ13:138:C6FWNANXX:2:1107:16825:61360_1:9768623",3.5e-12
"29672","HISEQ13:138:C6FWNANXX:2:2103:17946:74019_1:78402381",3.5e-12
"29673","HISEQ13:138:C6FWNANXX:2:2114:5685:74004_1:94846537",3.5e-12
"29674","HISEQ13:138:C6FWNANXX:2:1207:6737:37971_1:34134060",3.5e-12
"29675","HISEQ13:138:C6FWNANXX:2:2110:8673:61173_1:88463907",3.5e-12
"29676","HISEQ13:138:C6FWNANXX:2:1107:7367:11976_1:9008515",3.5e-12
"29677","HISEQ13:138:C6FWNANXX:2:1205:11383:37476_1:31146447",3.5e-12
"29678","HISEQ13:138:C6FWNANXX:2:2309:5093:95818_1:135494168",3.5e-12
"29679","HISEQ13:138:C6FWNANXX:2:2311:2638:96979_1:138576425",3.5e-12
"29680","HISEQ13:138:C6FWNANXX:2:1103:17624:82493_1:4115442",3.5e-12
"29681","HISEQ13:138:C6FWNANXX:2:1108:2860:69333_1:11418306",3.5e-12
"29682","HISEQ13:138:C6FWNANXX:2:1205:3723:83053_1:31831741",3.5e-12
"29683","HISEQ13:138:C6FWNANXX:2:2203:17181:27002_1:101701132",3.5e-12
"29684","HISEQ13:138:C6FWNANXX:2:1206:16861:54661_1:32894591",3.5e-12
"29685","HISEQ13:138:C6FWNANXX:2:2109:12868:63784_1:86998920",3.5e-12
"29686","HISEQ13:138:C6FWNANXX:2:1204:3891:75267_1:30239072",3.5e-12
"29687","HISEQ13:138:C6FWNANXX:2:1214:5777:99361_1:46150929",3.5e-12
"29688","HISEQ13:138:C6FWNANXX:2:1215:6003:15785_1:46411360",3.5e-12
"29689","HISEQ13:138:C6FWNANXX:2:2214:7267:87521_1:119089551",3.5e-12
"29690","HISEQ13:138:C6FWNANXX:2:2307:8110:9990_1:131222511",3.5e-12
"29691","HISEQ13:138:C6FWNANXX:2:2314:11553:84386_1:143155464",3.5e-12
"29692","HISEQ13:138:C6FWNANXX:2:2115:4481:48329_1:96033809",3.5e-12
"29693","HISEQ13:138:C6FWNANXX:2:2209:17712:85622_1:111262839",3.5e-12
"29694","HISEQ13:138:C6FWNANXX:2:2314:2825:63591_1:142812484",3.6e-12
"29695","HISEQ13:138:C6FWNANXX:2:1108:2164:44874_1:11035901",3.6e-12
"29696","HISEQ13:138:C6FWNANXX:2:2104:8836:38076_1:79302444",3.6e-12
"29697","HISEQ13:138:C6FWNANXX:2:1304:20446:22533_1:54247451",3.6e-12
"29698","HISEQ13:138:C6FWNANXX:2:2205:10298:18972_1:104412835",3.6e-12
"29699","HISEQ13:138:C6FWNANXX:2:1210:4345:58925_1:39055506",3.6e-12
"29700","HISEQ13:138:C6FWNANXX:2:2209:15181:69330_1:111014919",3.6e-12
"29701","HISEQ13:138:C6FWNANXX:2:2216:20568:40232_1:121579093",3.6e-12
"29702","HISEQ13:138:C6FWNANXX:2:2111:14872:91144_1:90500641",3.6e-12
"29703","HISEQ13:138:C6FWNANXX:2:1112:16736:62378_1:17496964",3.6e-12
"29704","HISEQ13:138:C6FWNANXX:2:2107:13639:45744_1:83744145",3.6e-12
"29705","HISEQ13:138:C6FWNANXX:2:1101:9928:43746_1:616564",3.6e-12
"29706","HISEQ13:138:C6FWNANXX:2:1105:5295:54427_1:6649507",3.6e-12
"29707","HISEQ13:138:C6FWNANXX:2:1207:2879:36392_1:34111070",3.6e-12
"29708","HISEQ13:138:C6FWNANXX:2:2209:8115:32954_1:110459208",3.6e-12
"29709","HISEQ13:138:C6FWNANXX:2:2315:9680:99305_1:145033528",3.6e-12
"29710","HISEQ13:138:C6FWNANXX:2:2313:6910:82145_1:141501300",3.6e-12
"29711","HISEQ13:138:C6FWNANXX:2:1104:13295:13218_1:4553149",3.6e-12
"29712","HISEQ13:138:C6FWNANXX:2:1201:12463:52392_1:25546130",3.6e-12
"29713","HISEQ13:138:C6FWNANXX:2:1315:2341:98918_1:72803259",3.6e-12
"29714","HISEQ13:138:C6FWNANXX:2:2106:4166:22446_1:81939102",3.6e-12
"29715","HISEQ13:138:C6FWNANXX:2:2308:13968:32413_1:133029758",3.6e-12
"29716","HISEQ13:138:C6FWNANXX:2:1316:5600:17447_1:73105804",3.6e-12
"29717","HISEQ13:138:C6FWNANXX:2:2103:18161:77856_1:78455696",3.6e-12
"29718","HISEQ13:138:C6FWNANXX:2:2103:3806:5559_1:77426174",3.6e-12
"29719","HISEQ13:138:C6FWNANXX:2:2111:13281:45748_1:89745780",3.6e-12
"29720","HISEQ13:138:C6FWNANXX:2:1105:11079:23138_1:6180956",3.6e-12
"29721","HISEQ13:138:C6FWNANXX:2:1116:3105:15727_1:23336851",3.6e-12
"29722","HISEQ13:138:C6FWNANXX:2:2113:18077:62721_1:93065539",3.6e-12
"29723","HISEQ13:138:C6FWNANXX:2:2309:14476:19889_1:134335761",3.6e-12
"29724","HISEQ13:138:C6FWNANXX:2:1103:15710:21803_1:3218563",3.6e-12
"29725","HISEQ13:138:C6FWNANXX:2:1110:20294:12371_1:13639653",3.6e-12
"29726","HISEQ13:138:C6FWNANXX:2:2208:15276:64128_1:109439027",3.6e-12
"29727","HISEQ13:138:C6FWNANXX:2:2211:4323:68324_1:114035043",3.6e-12
"29728","HISEQ13:138:C6FWNANXX:2:1308:19393:44769_1:60594922",3.6e-12
"29729","HISEQ13:138:C6FWNANXX:2:2212:19274:61434_1:115476259",3.6e-12
"29730","HISEQ13:138:C6FWNANXX:2:2301:5040:23492_1:122906984",3.6e-12
"29731","HISEQ13:138:C6FWNANXX:2:1204:5516:38857_1:29696490",3.6e-12
"29732","HISEQ13:138:C6FWNANXX:2:1311:8690:53630_1:65426879",3.6e-12
"29733","HISEQ13:138:C6FWNANXX:2:2216:18290:28124_1:121376595",3.6e-12
"29734","HISEQ13:138:C6FWNANXX:2:1115:16847:46660_1:22181004",3.6e-12
"29735","HISEQ13:138:C6FWNANXX:2:2308:1296:57375_1:133404834",3.6e-12
"29736","HISEQ13:138:C6FWNANXX:2:2316:3247:35587_1:145624304",3.6e-12
"29737","HISEQ13:138:C6FWNANXX:2:1105:2237:4371_1:5896542",3.6e-12
"29738","HISEQ13:138:C6FWNANXX:2:1211:15993:38076_1:40294874",3.6e-12
"29739","HISEQ13:138:C6FWNANXX:2:2106:5896:53434_1:82395852",3.6e-12
"29740","HISEQ13:138:C6FWNANXX:2:2210:17807:43673_1:112128192",3.6e-12
"29741","HISEQ13:138:C6FWNANXX:2:2312:2516:51798_1:139427005",3.6e-12
"29742","HISEQ13:138:C6FWNANXX:2:2109:19534:50949_1:86800947",3.6e-12
"29743","HISEQ13:138:C6FWNANXX:2:2303:1423:47305_1:126041703",3.6e-12
"29744","HISEQ13:138:C6FWNANXX:2:2111:19973:14257_1:89260610",3.6e-12
"29745","HISEQ13:138:C6FWNANXX:2:2302:12345:43606_1:124587964",3.6e-12
"29746","HISEQ13:138:C6FWNANXX:2:1207:19652:20877_1:33880398",3.6e-12
"29747","HISEQ13:138:C6FWNANXX:2:1209:21141:63376_1:37578151",3.6e-12
"29748","HISEQ13:138:C6FWNANXX:2:1305:15550:11989_1:55565060",3.6e-12
"29749","HISEQ13:138:C6FWNANXX:2:2209:14145:70493_1:111029856",3.6e-12
"29750","HISEQ13:138:C6FWNANXX:2:1302:11472:42625_1:51618144",3.7e-12
"29751","HISEQ13:138:C6FWNANXX:2:1204:20203:17656_1:29384212",3.7e-12
"29752","HISEQ13:138:C6FWNANXX:2:2316:3722:88825_1:146523392",3.7e-12
"29753","HISEQ13:138:C6FWNANXX:2:1103:14360:45142_1:3562248",3.7e-12
"29754","HISEQ13:138:C6FWNANXX:2:1309:1317:60557_1:62392066",3.7e-12
"29755","HISEQ13:138:C6FWNANXX:2:2102:19338:70324_1:76941463",3.7e-12
"29756","HISEQ13:138:C6FWNANXX:2:2212:20671:11152_1:114688855",3.7e-12
"29757","HISEQ13:138:C6FWNANXX:2:1113:8964:33181_1:18638896",3.7e-12
"29758","HISEQ13:138:C6FWNANXX:2:2315:12219:6731_1:143501988",3.7e-12
"29759","HISEQ13:138:C6FWNANXX:2:1102:17998:28740_1:1857157",3.7e-12
"29760","HISEQ13:138:C6FWNANXX:2:1105:14642:45314_1:6515447",3.7e-12
"29761","HISEQ13:138:C6FWNANXX:2:2315:18735:69337_1:144538911",3.7e-12
"29762","HISEQ13:138:C6FWNANXX:2:1105:4332:32920_1:6325960",3.7e-12
"29763","HISEQ13:138:C6FWNANXX:2:1116:9992:32089_1:23622053",3.7e-12
"29764","HISEQ13:138:C6FWNANXX:2:1211:7702:19283_1:39991480",3.7e-12
"29765","HISEQ13:138:C6FWNANXX:2:2311:19731:42165_1:137715864",3.7e-12
"29766","HISEQ13:138:C6FWNANXX:2:2302:6666:66181_1:124904747",3.7e-12
"29767","HISEQ13:138:C6FWNANXX:2:1210:10417:77573_1:39348801",3.7e-12
"29768","HISEQ13:138:C6FWNANXX:2:2115:8272:96146_1:96815400",3.7e-12
"29769","HISEQ13:138:C6FWNANXX:2:1205:9511:2506_1:30627624",3.7e-12
"29770","HISEQ13:138:C6FWNANXX:2:2112:7003:82676_1:91809422",3.7e-12
"29771","HISEQ13:138:C6FWNANXX:2:2110:4477:46796_1:88245403",3.7e-12
"29772","HISEQ13:138:C6FWNANXX:2:2213:15375:85506_1:117446695",3.7e-12
"29773","HISEQ13:138:C6FWNANXX:2:1214:11273:99255_1:46152110",3.7e-12
"29774","HISEQ13:138:C6FWNANXX:2:2212:3231:24285_1:114888671",3.7e-12
"29775","HISEQ13:138:C6FWNANXX:2:1316:1310:77224_1:74148102",3.7e-12
"29776","HISEQ13:138:C6FWNANXX:2:1301:11215:85986_1:50802108",3.7e-12
"29777","HISEQ13:138:C6FWNANXX:2:2102:5260:10859_1:76094592",3.7e-12
"29778","HISEQ13:138:C6FWNANXX:2:2214:8513:4189_1:117724464",3.7e-12
"29779","HISEQ13:138:C6FWNANXX:2:1107:2271:45355_1:9520193",3.7e-12
"29780","HISEQ13:138:C6FWNANXX:2:1314:14729:55341_1:70369392",3.7e-12
"29781","HISEQ13:138:C6FWNANXX:2:2314:4128:22889_1:142141884",3.7e-12
"29782","HISEQ13:138:C6FWNANXX:2:1214:4631:82929_1:45873434",3.7e-12
"29783","HISEQ13:138:C6FWNANXX:2:2108:7057:45661_1:85221678",3.7e-12
"29784","HISEQ13:138:C6FWNANXX:2:2309:15558:45708_1:134726043",3.7e-12
"29785","HISEQ13:138:C6FWNANXX:2:1113:14134:33755_1:18652027",3.7e-12
"29786","HISEQ13:138:C6FWNANXX:2:2209:5778:93512_1:111381591",3.7e-12
"29787","HISEQ13:138:C6FWNANXX:2:2316:10214:83150_1:146427623",3.7e-12
"29788","HISEQ13:138:C6FWNANXX:2:2115:7557:28183_1:95706012",3.7e-12
"29789","HISEQ13:138:C6FWNANXX:2:1102:14357:93418_1:2811930",3.7e-12
"29790","HISEQ13:138:C6FWNANXX:2:2216:4319:37063_1:121524760",3.7e-12
"29791","HISEQ13:138:C6FWNANXX:2:2302:7013:29483_1:124387725",3.7e-12
"29792","HISEQ13:138:C6FWNANXX:2:2216:20508:25029_1:121326354",3.8e-12
"29793","HISEQ13:138:C6FWNANXX:2:1312:3915:70407_1:67313850",3.8e-12
"29794","HISEQ13:138:C6FWNANXX:2:1301:15238:49238_1:50262629",3.8e-12
"29795","HISEQ13:138:C6FWNANXX:2:2309:3373:85864_1:135340805",3.8e-12
"29796","HISEQ13:138:C6FWNANXX:2:2307:13332:44266_1:131734361",3.8e-12
"29797","HISEQ13:138:C6FWNANXX:2:2202:17263:56104_1:100702971",3.8e-12
"29798","HISEQ13:138:C6FWNANXX:2:1311:8664:62859_1:65576361",3.8e-12
"29799","HISEQ13:138:C6FWNANXX:2:1204:5615:16001_1:29359224",3.8e-12
"29800","HISEQ13:138:C6FWNANXX:2:2106:18822:4014_1:81673653",3.8e-12
"29801","HISEQ13:138:C6FWNANXX:2:2101:16427:97097_1:75917060",3.8e-12
"29802","HISEQ13:138:C6FWNANXX:2:2201:1643:39637_1:99060367",3.8e-12
"29803","HISEQ13:138:C6FWNANXX:2:1108:15267:63187_1:11322973",3.8e-12
"29804","HISEQ13:138:C6FWNANXX:2:1105:16196:93318_1:7236801",3.8e-12
"29805","HISEQ13:138:C6FWNANXX:2:1307:9621:20233_1:58688072",3.8e-12
"29806","HISEQ13:138:C6FWNANXX:2:2115:14048:11874_1:95442816",3.8e-12
"29807","HISEQ13:138:C6FWNANXX:2:1109:21030:89592_1:13298155",3.8e-12
"29808","HISEQ13:138:C6FWNANXX:2:1207:4192:92103_1:34960674",3.8e-12
"29809","HISEQ13:138:C6FWNANXX:2:1301:3895:52122_1:50304093",3.8e-12
"29810","HISEQ13:138:C6FWNANXX:2:2209:2573:88571_1:111305740",3.8e-12
"29811","HISEQ13:138:C6FWNANXX:2:2312:11858:85329_1:139962130",3.8e-12
"29812","HISEQ13:138:C6FWNANXX:2:2312:12478:28979_1:139065930",3.8e-12
"29813","HISEQ13:138:C6FWNANXX:2:1304:18068:78365_1:55079752",3.8e-12
"29814","HISEQ13:138:C6FWNANXX:2:2210:9725:52420_1:112260482",3.8e-12
"29815","HISEQ13:138:C6FWNANXX:2:2302:2899:61880_1:124844063",3.8e-12
"29816","HISEQ13:138:C6FWNANXX:2:1115:15868:50172_1:22240190",3.8e-12
"29817","HISEQ13:138:C6FWNANXX:2:1310:3708:30750_1:63485464",3.8e-12
"29818","HISEQ13:138:C6FWNANXX:2:1314:12405:6840_1:69546014",3.8e-12
"29819","HISEQ13:138:C6FWNANXX:2:2215:9895:46617_1:120039556",3.8e-12
"29820","HISEQ13:138:C6FWNANXX:2:2216:19362:22830_1:121288332",3.8e-12
"29821","HISEQ13:138:C6FWNANXX:2:1109:7280:70219_1:12987544",3.8e-12
"29822","HISEQ13:138:C6FWNANXX:2:2301:8816:17600_1:122826307",3.8e-12
"29823","HISEQ13:138:C6FWNANXX:2:2314:12608:93146_1:143299490",3.8e-12
"29824","HISEQ13:138:C6FWNANXX:2:1206:20262:83790_1:33336279",3.8e-12
"29825","HISEQ13:138:C6FWNANXX:2:1309:16929:82821_1:62747679",3.8e-12
"29826","HISEQ13:138:C6FWNANXX:2:2104:6069:2594_1:78790634",3.8e-12
"29827","HISEQ13:138:C6FWNANXX:2:1308:7594:45861_1:60608333",3.8e-12
"29828","HISEQ13:138:C6FWNANXX:2:2116:17648:30657_1:97370230",3.8e-12
"29829","HISEQ13:138:C6FWNANXX:2:1302:6250:86660_1:52265590",3.8e-12
"29830","HISEQ13:138:C6FWNANXX:2:1315:1851:80163_1:72476517",3.8e-12
"29831","HISEQ13:138:C6FWNANXX:2:2109:19260:41139_1:86653244",3.9e-12
"29832","HISEQ13:138:C6FWNANXX:2:2203:5378:22239_1:101628139",3.9e-12
"29833","HISEQ13:138:C6FWNANXX:2:1310:3975:55504_1:63880114",3.9e-12
"29834","HISEQ13:138:C6FWNANXX:2:2301:15417:8384_1:122696742",3.9e-12
"29835","HISEQ13:138:C6FWNANXX:2:2303:16783:37294_1:125901617",3.9e-12
"29836","HISEQ13:138:C6FWNANXX:2:2310:9249:73987_1:136675343",3.9e-12
"29837","HISEQ13:138:C6FWNANXX:2:2101:6858:38198_1:75076584",3.9e-12
"29838","HISEQ13:138:C6FWNANXX:2:1109:2058:46445_1:12609495",3.9e-12
"29839","HISEQ13:138:C6FWNANXX:2:1206:2544:2223_1:32097433",3.9e-12
"29840","HISEQ13:138:C6FWNANXX:2:2102:12376:90355_1:77227233",3.9e-12
"29841","HISEQ13:138:C6FWNANXX:2:2104:15331:96520_1:80145220",3.9e-12
"29842","HISEQ13:138:C6FWNANXX:2:2204:15191:15399_1:102941605",3.9e-12
"29843","HISEQ13:138:C6FWNANXX:2:1216:8160:44251_1:48587509",3.9e-12
"29844","HISEQ13:138:C6FWNANXX:2:2109:10392:47325_1:86746285",3.9e-12
"29845","HISEQ13:138:C6FWNANXX:2:2213:13179:36889_1:116661750",3.9e-12
"29846","HISEQ13:138:C6FWNANXX:2:2107:12694:16815_1:83317788",3.9e-12
"29847","HISEQ13:138:C6FWNANXX:2:2303:18518:57879_1:126193472",3.9e-12
"29848","HISEQ13:138:C6FWNANXX:2:2106:18960:20794_1:81919917",3.9e-12
"29849","HISEQ13:138:C6FWNANXX:2:1115:20409:53976_1:22304842",3.9e-12
"29850","HISEQ13:138:C6FWNANXX:2:1306:3593:70849_1:57952289",3.9e-12
"29851","HISEQ13:138:C6FWNANXX:2:2214:1750:88085_1:119096528",3.9e-12
"29852","HISEQ13:138:C6FWNANXX:2:2314:12287:68103_1:142888993",3.9e-12
"29853","HISEQ13:138:C6FWNANXX:2:1101:9350:15313_1:198303",3.9e-12
"29854","HISEQ13:138:C6FWNANXX:2:1302:3820:86855_1:52268900",3.9e-12
"29855","HISEQ13:138:C6FWNANXX:2:1302:5037:37719_1:51544001",3.9e-12
"29856","HISEQ13:138:C6FWNANXX:2:2212:6539:3354_1:114570353",3.9e-12
"29857","HISEQ13:138:C6FWNANXX:2:2314:20738:91937_1:143280408",3.9e-12
"29858","HISEQ13:138:C6FWNANXX:2:1101:14754:44950_1:635934",3.9e-12
"29859","HISEQ13:138:C6FWNANXX:2:2310:14779:63598_1:136520275",3.9e-12
"29860","HISEQ13:138:C6FWNANXX:2:2314:5369:43814_1:142486394",3.9e-12
"29861","HISEQ13:138:C6FWNANXX:2:2112:12351:74918_1:91687007",3.9e-12
"29862","HISEQ13:138:C6FWNANXX:2:2315:3274:91777_1:144906359",3.9e-12
"29863","HISEQ13:138:C6FWNANXX:2:1210:5873:33921_1:38664242",3.9e-12
"29864","HISEQ13:138:C6FWNANXX:2:2309:3852:58831_1:134926147",3.9e-12
"29865","HISEQ13:138:C6FWNANXX:2:2314:9565:39442_1:142413291",3.9e-12
"29866","HISEQ13:138:C6FWNANXX:2:1202:5612:49194_1:26949977",3.9e-12
"29867","HISEQ13:138:C6FWNANXX:2:1210:7158:53264_1:38969581",3.9e-12
"29868","HISEQ13:138:C6FWNANXX:2:1212:16350:22467_1:41604205",3.9e-12
"29869","HISEQ13:138:C6FWNANXX:2:1315:18317:64837_1:72217800",3.9e-12
"29870","HISEQ13:138:C6FWNANXX:2:1304:18068:78365_1:55079751",3.9e-12
"29871","HISEQ13:138:C6FWNANXX:2:2306:5363:10453_1:129774491",3.9e-12
"29872","HISEQ13:138:C6FWNANXX:2:2301:3476:22187_1:122888976",3.9e-12
"29873","HISEQ13:138:C6FWNANXX:2:2109:15705:60767_1:86953798",3.9e-12
"29874","HISEQ13:138:C6FWNANXX:2:1113:19382:33537_1:18649139",3.9e-12
"29875","HISEQ13:138:C6FWNANXX:2:1202:17288:82483_1:27440020",3.9e-12
"29876","HISEQ13:138:C6FWNANXX:2:1309:2666:47507_1:62185998",3.9e-12
"29877","HISEQ13:138:C6FWNANXX:2:1205:11356:85429_1:31866125",4e-12
"29878","HISEQ13:138:C6FWNANXX:2:1213:3048:15320_1:43102399",4e-12
"29879","HISEQ13:138:C6FWNANXX:2:1304:12597:84342_1:55168462",4e-12
"29880","HISEQ13:138:C6FWNANXX:2:2106:3135:43026_1:82243160",4e-12
"29881","HISEQ13:138:C6FWNANXX:2:1216:3000:69558_1:49024634",4e-12
"29882","HISEQ13:138:C6FWNANXX:2:2301:11927:63424_1:123471898",4e-12
"29883","HISEQ13:138:C6FWNANXX:2:1215:11648:89771_1:47667116",4e-12
"29884","HISEQ13:138:C6FWNANXX:2:1301:10004:33963_1:50038023",4e-12
"29885","HISEQ13:138:C6FWNANXX:2:2303:15578:56540_1:126174850",4e-12
"29886","HISEQ13:138:C6FWNANXX:2:2205:7391:80556_1:105304674",4e-12
"29887","HISEQ13:138:C6FWNANXX:2:2211:12286:44769_1:113669520",4e-12
"29888","HISEQ13:138:C6FWNANXX:2:2211:15926:98073_1:114504494",4e-12
"29889","HISEQ13:138:C6FWNANXX:2:1210:8747:85545_1:39474242",4e-12
"29890","HISEQ13:138:C6FWNANXX:2:2305:18766:96490_1:129590420",4e-12
"29891","HISEQ13:138:C6FWNANXX:2:1303:14894:57039_1:53292755",4e-12
"29892","HISEQ13:138:C6FWNANXX:2:2205:15086:88433_1:105418303",4e-12
"29893","HISEQ13:138:C6FWNANXX:2:1302:1658:79635_1:52161775",4e-12
"29894","HISEQ13:138:C6FWNANXX:2:1205:13883:50825_1:31350308",4e-12
"29895","HISEQ13:138:C6FWNANXX:2:1205:18671:59993_1:31485149",4e-12
"29896","HISEQ13:138:C6FWNANXX:2:2302:15286:24821_1:124325619",4e-12
"29897","HISEQ13:138:C6FWNANXX:2:1114:16329:30314_1:20240397",4e-12
"29898","HISEQ13:138:C6FWNANXX:2:1105:10191:88375_1:7160531",4e-12
"29899","HISEQ13:138:C6FWNANXX:2:1201:7992:9290_1:24912304",4e-12
"29900","HISEQ13:138:C6FWNANXX:2:2211:1666:8891_1:113105255",4e-12
"29901","HISEQ13:138:C6FWNANXX:2:2301:8541:86221_1:123791947",4e-12
"29902","HISEQ13:138:C6FWNANXX:2:1112:14002:71645_1:17647460",4e-12
"29903","HISEQ13:138:C6FWNANXX:2:2215:3651:70957_1:120440336",4e-12
"29904","HISEQ13:138:C6FWNANXX:2:1106:6420:37628_1:7891648",4e-12
"29905","HISEQ13:138:C6FWNANXX:2:1115:15282:52275_1:22278372",4e-12
"29906","HISEQ13:138:C6FWNANXX:2:1311:3294:51610_1:65393157",4e-12
"29907","HISEQ13:138:C6FWNANXX:2:1312:19055:86137_1:67576993",4e-12
"29908","HISEQ13:138:C6FWNANXX:2:2108:7289:21505_1:84860648",4e-12
"29909","HISEQ13:138:C6FWNANXX:2:2212:9120:30481_1:114984925",4e-12
"29910","HISEQ13:138:C6FWNANXX:2:2313:10926:22765_1:140542388",4e-12
"29911","HISEQ13:138:C6FWNANXX:2:2313:13139:91000_1:141643687",4e-12
"29912","HISEQ13:138:C6FWNANXX:2:1214:9512:27224_1:44937142",4e-12
"29913","HISEQ13:138:C6FWNANXX:2:1214:8085:50659_1:45331772",4e-12
"29914","HISEQ13:138:C6FWNANXX:2:1316:18051:90272_1:74383001",4e-12
"29915","HISEQ13:138:C6FWNANXX:2:1111:18844:55944_1:15897583",4e-12
"29916","HISEQ13:138:C6FWNANXX:2:2203:10809:78912_1:102439381",4e-12
"29917","HISEQ13:138:C6FWNANXX:2:2212:9111:26523_1:114925516",4e-12
"29918","HISEQ13:138:C6FWNANXX:2:2105:18187:57340_1:81011093",4e-12
"29919","HISEQ13:138:C6FWNANXX:2:2216:19957:30554_1:121418860",4e-12
"29920","HISEQ13:138:C6FWNANXX:2:1314:3328:86710_1:70898851",4e-12
"29921","HISEQ13:138:C6FWNANXX:2:1110:7051:69248_1:14533749",4e-12
"29922","HISEQ13:138:C6FWNANXX:2:1209:1929:80440_1:37839880",4e-12
"29923","HISEQ13:138:C6FWNANXX:2:1102:6089:91630_1:2784482",4e-12
"29924","HISEQ13:138:C6FWNANXX:2:1209:9233:85720_1:37923784",4.1e-12
"29925","HISEQ13:138:C6FWNANXX:2:2211:8671:63454_1:113958278",4.1e-12
"29926","HISEQ13:138:C6FWNANXX:2:1115:12095:33940_1:21964968",4.1e-12
"29927","HISEQ13:138:C6FWNANXX:2:1215:8681:52749_1:47034278",4.1e-12
"29928","HISEQ13:138:C6FWNANXX:2:1207:4605:76341_1:34720299",4.1e-12
"29929","HISEQ13:138:C6FWNANXX:2:2209:6811:65729_1:110956302",4.1e-12
"29930","HISEQ13:138:C6FWNANXX:2:2205:10374:89932_1:105439417",4.1e-12
"29931","HISEQ13:138:C6FWNANXX:2:2304:20254:38207_1:127319580",4.1e-12
"29932","HISEQ13:138:C6FWNANXX:2:1304:12304:41219_1:54520647",4.1e-12
"29933","HISEQ13:138:C6FWNANXX:2:2109:8545:27105_1:86438971",4.1e-12
"29934","HISEQ13:138:C6FWNANXX:2:2214:4941:60851_1:118650873",4.1e-12
"29935","HISEQ13:138:C6FWNANXX:2:1313:15478:19747_1:68109600",4.1e-12
"29936","HISEQ13:138:C6FWNANXX:2:2311:17249:65015_1:138076405",4.1e-12
"29937","HISEQ13:138:C6FWNANXX:2:1115:1460:14915_1:21642199",4.1e-12
"29938","HISEQ13:138:C6FWNANXX:2:1112:10015:3203_1:16715867",4.1e-12
"29939","HISEQ13:138:C6FWNANXX:2:1212:12890:8097_1:41399233",4.1e-12
"29940","HISEQ13:138:C6FWNANXX:2:1214:18148:91056_1:46014732",4.1e-12
"29941","HISEQ13:138:C6FWNANXX:2:1312:10291:69964_1:67307052",4.1e-12
"29942","HISEQ13:138:C6FWNANXX:2:2105:6623:41269_1:80776500",4.1e-12
"29943","HISEQ13:138:C6FWNANXX:2:2106:19018:9757_1:81758696",4.1e-12
"29944","HISEQ13:138:C6FWNANXX:2:2306:17572:6359_1:129718017",4.1e-12
"29945","HISEQ13:138:C6FWNANXX:2:2109:18227:28412_1:86459800",4.1e-12
"29946","HISEQ13:138:C6FWNANXX:2:2105:20227:28701_1:80594179",4.1e-12
"29947","HISEQ13:138:C6FWNANXX:2:1301:15317:45148_1:50204276",4.1e-12
"29948","HISEQ13:138:C6FWNANXX:2:1210:15630:20728_1:38457717",4.1e-12
"29949","HISEQ13:138:C6FWNANXX:2:1109:11024:2711_1:11923740",4.1e-12
"29950","HISEQ13:138:C6FWNANXX:2:1115:9589:63164_1:22459501",4.1e-12
"29951","HISEQ13:138:C6FWNANXX:2:1305:19348:12478_1:55573261",4.1e-12
"29952","HISEQ13:138:C6FWNANXX:2:1315:19200:69311_1:72295950",4.1e-12
"29953","HISEQ13:138:C6FWNANXX:2:1315:10991:43162_1:71842245",4.1e-12
"29954","HISEQ13:138:C6FWNANXX:2:1206:21243:74314_1:33194408",4.1e-12
"29955","HISEQ13:138:C6FWNANXX:2:1308:9341:27526_1:60325308",4.1e-12
"29956","HISEQ13:138:C6FWNANXX:2:1215:15001:14385_1:46387601",4.1e-12
"29957","HISEQ13:138:C6FWNANXX:2:1213:9976:85343_1:44259292",4.1e-12
"29958","HISEQ13:138:C6FWNANXX:2:2213:13498:55912_1:116967455",4.1e-12
"29959","HISEQ13:138:C6FWNANXX:2:1213:10150:25990_1:43275741",4.1e-12
"29960","HISEQ13:138:C6FWNANXX:2:2209:15924:83798_1:111235860",4.1e-12
"29961","HISEQ13:138:C6FWNANXX:2:1114:14324:33024_1:20285784",4.1e-12
"29962","HISEQ13:138:C6FWNANXX:2:2206:9364:76813_1:106698045",4.1e-12
"29963","HISEQ13:138:C6FWNANXX:2:2216:12447:91520_1:122450364",4.1e-12
"29964","HISEQ13:138:C6FWNANXX:2:2206:16880:67927_1:106566673",4.1e-12
"29965","HISEQ13:138:C6FWNANXX:2:2115:9280:74280_1:96458117",4.1e-12
"29966","HISEQ13:138:C6FWNANXX:2:1306:11749:60696_1:57796688",4.1e-12
"29967","HISEQ13:138:C6FWNANXX:2:2109:7404:40214_1:86635790",4.1e-12
"29968","HISEQ13:138:C6FWNANXX:2:2114:11946:62048_1:94652056",4.1e-12
"29969","HISEQ13:138:C6FWNANXX:2:2208:16364:65532_1:109461818",4.1e-12
"29970","HISEQ13:138:C6FWNANXX:2:2303:2634:79990_1:126501398",4.1e-12
"29971","HISEQ13:138:C6FWNANXX:2:1304:14576:8815_1:54042211",4.1e-12
"29972","HISEQ13:138:C6FWNANXX:2:2102:19087:8191_1:76057882",4.1e-12
"29973","HISEQ13:138:C6FWNANXX:2:1312:3364:96538_1:67747237",4.1e-12
"29974","HISEQ13:138:C6FWNANXX:2:2216:18157:76963_1:122202329",4.1e-12
"29975","HISEQ13:138:C6FWNANXX:2:2301:1938:17754_1:122828521",4.1e-12
"29976","HISEQ13:138:C6FWNANXX:2:1212:12205:30723_1:41737075",4.1e-12
"29977","HISEQ13:138:C6FWNANXX:2:2312:20362:77380_1:139835852",4.1e-12
"29978","HISEQ13:138:C6FWNANXX:2:1308:8920:74972_1:61061269",4.1e-12
"29979","HISEQ13:138:C6FWNANXX:2:1109:6919:74371_1:13053942",4.1e-12
"29980","HISEQ13:138:C6FWNANXX:2:2212:4798:28886_1:114960312",4.1e-12
"29981","HISEQ13:138:C6FWNANXX:2:2109:17758:89859_1:87395059",4.1e-12
"29982","HISEQ13:138:C6FWNANXX:2:2212:17704:81360_1:115794550",4.2e-12
"29983","HISEQ13:138:C6FWNANXX:2:1305:1899:18511_1:55663040",4.2e-12
"29984","HISEQ13:138:C6FWNANXX:2:1307:14076:2375_1:58416247",4.2e-12
"29985","HISEQ13:138:C6FWNANXX:2:1314:19427:55754_1:70378691",4.2e-12
"29986","HISEQ13:138:C6FWNANXX:2:2309:2443:7535_1:134146937",4.2e-12
"29987","HISEQ13:138:C6FWNANXX:2:1312:9802:85538_1:67566795",4.2e-12
"29988","HISEQ13:138:C6FWNANXX:2:2211:17423:77309_1:114178188",4.2e-12
"29989","HISEQ13:138:C6FWNANXX:2:1108:13576:34691_1:10878792",4.2e-12
"29990","HISEQ13:138:C6FWNANXX:2:1212:16217:97933_1:42836869",4.2e-12
"29991","HISEQ13:138:C6FWNANXX:2:2312:11770:56871_1:139508145",4.2e-12
"29992","HISEQ13:138:C6FWNANXX:2:1115:5244:51514_1:22263393",4.2e-12
"29993","HISEQ13:138:C6FWNANXX:2:2115:1715:66075_1:96322314",4.2e-12
"29994","HISEQ13:138:C6FWNANXX:2:2210:9935:22485_1:111803093",4.2e-12
"29995","HISEQ13:138:C6FWNANXX:2:1309:6920:40536_1:62076862",4.2e-12
"29996","HISEQ13:138:C6FWNANXX:2:1204:5516:3523_1:29190175",4.2e-12
"29997","HISEQ13:138:C6FWNANXX:2:1304:17596:30245_1:54358320",4.2e-12
"29998","HISEQ13:138:C6FWNANXX:2:1309:16317:41630_1:62094568",4.2e-12
"29999","HISEQ13:138:C6FWNANXX:2:2315:13142:73133_1:144598594",4.2e-12
"30000","HISEQ13:138:C6FWNANXX:2:1116:3824:15309_1:23332628",4.2e-12
"30001","HISEQ13:138:C6FWNANXX:2:1213:8551:35114_1:43427437",4.2e-12
"30002","HISEQ13:138:C6FWNANXX:2:1308:18064:95703_1:61389682",4.2e-12
"30003","HISEQ13:138:C6FWNANXX:2:2111:11349:33213_1:89550299",4.2e-12
"30004","HISEQ13:138:C6FWNANXX:2:2111:20449:20365_1:89354035",4.2e-12
"30005","HISEQ13:138:C6FWNANXX:2:2111:7547:46348_1:89756303",4.2e-12
"30006","HISEQ13:138:C6FWNANXX:2:2106:14545:55072_1:82423368",4.2e-12
"30007","HISEQ13:138:C6FWNANXX:2:1308:13195:41548_1:60542966",4.2e-12
"30008","HISEQ13:138:C6FWNANXX:2:2112:10222:87783_1:91893500",4.2e-12
"30009","HISEQ13:138:C6FWNANXX:2:1111:16044:67031_1:16087242",4.2e-12
"30010","HISEQ13:138:C6FWNANXX:2:1306:13732:30085_1:57332309",4.2e-12
"30011","HISEQ13:138:C6FWNANXX:2:1313:17926:49719_1:68608339",4.2e-12
"30012","HISEQ13:138:C6FWNANXX:2:2308:5942:30762_1:133005611",4.2e-12
"30013","HISEQ13:138:C6FWNANXX:2:1103:10585:6223_1:2983884",4.2e-12
"30014","HISEQ13:138:C6FWNANXX:2:1307:20086:32844_1:58885967",4.2e-12
"30015","HISEQ13:138:C6FWNANXX:2:1102:3067:85150_1:2687239",4.2e-12
"30016","HISEQ13:138:C6FWNANXX:2:2311:19960:90441_1:138477249",4.2e-12
"30017","HISEQ13:138:C6FWNANXX:2:2314:15202:63216_1:142806931",4.2e-12
"30018","HISEQ13:138:C6FWNANXX:2:2107:5940:77643_1:84218948",4.2e-12
"30019","HISEQ13:138:C6FWNANXX:2:2302:15462:52009_1:124708439",4.2e-12
"30020","HISEQ13:138:C6FWNANXX:2:1210:6110:5217_1:38211246",4.2e-12
"30021","HISEQ13:138:C6FWNANXX:2:1114:7469:92878_1:21289413",4.2e-12
"30022","HISEQ13:138:C6FWNANXX:2:1216:6209:48471_1:48656416",4.2e-12
"30023","HISEQ13:138:C6FWNANXX:2:1304:13812:61233_1:54821554",4.2e-12
"30024","HISEQ13:138:C6FWNANXX:2:2212:7987:76822_1:115720873",4.2e-12
"30025","HISEQ13:138:C6FWNANXX:2:1314:11889:100422_1:71134776",4.2e-12
"30026","HISEQ13:138:C6FWNANXX:2:1213:16683:4494_1:42924887",4.2e-12
"30027","HISEQ13:138:C6FWNANXX:2:1110:6205:49483_1:14221523",4.2e-12
"30028","HISEQ13:138:C6FWNANXX:2:1307:21093:54587_1:59220279",4.2e-12
"30029","HISEQ13:138:C6FWNANXX:2:1110:8044:13380_1:13653084",4.2e-12
"30030","HISEQ13:138:C6FWNANXX:2:1303:16620:85074_1:53706584",4.2e-12
"30031","HISEQ13:138:C6FWNANXX:2:1315:7544:64920_1:72215527",4.2e-12
"30032","HISEQ13:138:C6FWNANXX:2:2214:14115:78121_1:118936139",4.2e-12
"30033","HISEQ13:138:C6FWNANXX:2:2312:10086:3767_1:138669286",4.2e-12
"30034","HISEQ13:138:C6FWNANXX:2:1308:1532:45521_1:60603281",4.2e-12
"30035","HISEQ13:138:C6FWNANXX:2:2114:2435:19487_1:93955834",4.2e-12
"30036","HISEQ13:138:C6FWNANXX:2:1116:8173:12022_1:23277675",4.3e-12
"30037","HISEQ13:138:C6FWNANXX:2:2204:1922:7583_1:102831152",4.3e-12
"30038","HISEQ13:138:C6FWNANXX:2:2307:12274:26395_1:131467399",4.3e-12
"30039","HISEQ13:138:C6FWNANXX:2:1104:6389:69138_1:5386728",4.3e-12
"30040","HISEQ13:138:C6FWNANXX:2:1205:16479:30986_1:31051032",4.3e-12
"30041","HISEQ13:138:C6FWNANXX:2:1309:16670:24041_1:61818718",4.3e-12
"30042","HISEQ13:138:C6FWNANXX:2:2316:8015:21265_1:145383847",4.3e-12
"30043","HISEQ13:138:C6FWNANXX:2:1303:10906:82706_1:53668161",4.3e-12
"30044","HISEQ13:138:C6FWNANXX:2:2102:11384:36845_1:76464260",4.3e-12
"30045","HISEQ13:138:C6FWNANXX:2:2105:2159:86220_1:81424638",4.3e-12
"30046","HISEQ13:138:C6FWNANXX:2:2115:5666:5377_1:95334680",4.3e-12
"30047","HISEQ13:138:C6FWNANXX:2:2207:20568:26543_1:107412976",4.3e-12
"30048","HISEQ13:138:C6FWNANXX:2:2315:8639:99789_1:145041688",4.3e-12
"30049","HISEQ13:138:C6FWNANXX:2:1209:13092:56299_1:37466280",4.3e-12
"30050","HISEQ13:138:C6FWNANXX:2:1109:14687:25493_1:12281430",4.3e-12
"30051","HISEQ13:138:C6FWNANXX:2:2204:14102:5232_1:102798273",4.3e-12
"30052","HISEQ13:138:C6FWNANXX:2:2309:17820:33702_1:134545262",4.3e-12
"30053","HISEQ13:138:C6FWNANXX:2:1110:9129:31620_1:13941546",4.3e-12
"30054","HISEQ13:138:C6FWNANXX:2:1305:7886:22989_1:55728180",4.3e-12
"30055","HISEQ13:138:C6FWNANXX:2:2307:10778:85557_1:132346859",4.3e-12
"30056","HISEQ13:138:C6FWNANXX:2:2102:9789:43165_1:76552668",4.3e-12
"30057","HISEQ13:138:C6FWNANXX:2:1308:1532:45521_1:60603280",4.3e-12
"30058","HISEQ13:138:C6FWNANXX:2:1306:11230:53084_1:57681893",4.3e-12
"30059","HISEQ13:138:C6FWNANXX:2:2115:4427:21150_1:95591369",4.3e-12
"30060","HISEQ13:138:C6FWNANXX:2:1111:8390:25819_1:15413098",4.3e-12
"30061","HISEQ13:138:C6FWNANXX:2:2101:6009:69709_1:75524724",4.3e-12
"30062","HISEQ13:138:C6FWNANXX:2:2204:12319:67968_1:103695682",4.3e-12
"30063","HISEQ13:138:C6FWNANXX:2:1111:14664:40650_1:15649447",4.4e-12
"30064","HISEQ13:138:C6FWNANXX:2:1109:2516:63753_1:12886954",4.4e-12
"30065","HISEQ13:138:C6FWNANXX:2:1110:11933:89473_1:14852424",4.4e-12
"30066","HISEQ13:138:C6FWNANXX:2:1204:17594:42540_1:29754375",4.4e-12
"30067","HISEQ13:138:C6FWNANXX:2:2213:9107:97300_1:117633830",4.4e-12
"30068","HISEQ13:138:C6FWNANXX:2:1212:18141:48972_1:42035014",4.4e-12
"30069","HISEQ13:138:C6FWNANXX:2:2309:7612:27579_1:134452401",4.4e-12
"30070","HISEQ13:138:C6FWNANXX:2:1307:12354:7216_1:58488797",4.4e-12
"30071","HISEQ13:138:C6FWNANXX:2:1205:7167:76503_1:31734347",4.4e-12
"30072","HISEQ13:138:C6FWNANXX:2:1215:13840:75896_1:47429076",4.4e-12
"30073","HISEQ13:138:C6FWNANXX:2:1311:3955:45443_1:65291663",4.4e-12
"30074","HISEQ13:138:C6FWNANXX:2:2112:11949:76956_1:91718755",4.4e-12
"30075","HISEQ13:138:C6FWNANXX:2:2207:9996:48011_1:107726370",4.4e-12
"30076","HISEQ13:138:C6FWNANXX:2:1112:13374:86041_1:17885475",4.4e-12
"30077","HISEQ13:138:C6FWNANXX:2:2104:18166:29438_1:79178530",4.4e-12
"30078","HISEQ13:138:C6FWNANXX:2:1105:12647:86502_1:7134491",4.4e-12
"30079","HISEQ13:138:C6FWNANXX:2:1104:17164:16327_1:4602246",4.4e-12
"30080","HISEQ13:138:C6FWNANXX:2:1312:11690:52715_1:67023933",4.4e-12
"30081","HISEQ13:138:C6FWNANXX:2:1116:11524:65978_1:24200029",4.4e-12
"30082","HISEQ13:138:C6FWNANXX:2:1307:6036:74697_1:59526281",4.4e-12
"30083","HISEQ13:138:C6FWNANXX:2:1312:10490:21957_1:66522863",4.4e-12
"30084","HISEQ13:138:C6FWNANXX:2:2305:6140:77325_1:129311215",4.4e-12
"30085","HISEQ13:138:C6FWNANXX:2:1304:17178:74386_1:55020010",4.4e-12
"30086","HISEQ13:138:C6FWNANXX:2:2110:10959:53608_1:88349585",4.4e-12
"30087","HISEQ13:138:C6FWNANXX:2:1105:7738:91331_1:7205117",4.4e-12
"30088","HISEQ13:138:C6FWNANXX:2:2211:5928:10127_1:113125327",4.4e-12
"30089","HISEQ13:138:C6FWNANXX:2:1104:8577:54364_1:5166968",4.4e-12
"30090","HISEQ13:138:C6FWNANXX:2:1307:2205:58029_1:59270492",4.4e-12
"30091","HISEQ13:138:C6FWNANXX:2:2209:9019:40184_1:110569327",4.4e-12
"30092","HISEQ13:138:C6FWNANXX:2:2214:17787:27159_1:118102364",4.4e-12
"30093","HISEQ13:138:C6FWNANXX:2:2203:5397:13159_1:101499498",4.4e-12
"30094","HISEQ13:138:C6FWNANXX:2:2104:18113:84464_1:79970717",4.4e-12
"30095","HISEQ13:138:C6FWNANXX:2:2313:9139:36063_1:140756233",4.4e-12
"30096","HISEQ13:138:C6FWNANXX:2:1106:3350:83344_1:8589198",4.4e-12
"30097","HISEQ13:138:C6FWNANXX:2:2204:17551:13893_1:102919928",4.4e-12
"30098","HISEQ13:138:C6FWNANXX:2:2106:12400:66126_1:82585166",4.4e-12
"30099","HISEQ13:138:C6FWNANXX:2:1212:5541:16402_1:41509902",4.4e-12
"30100","HISEQ13:138:C6FWNANXX:2:1114:14928:11088_1:19917324",4.4e-12
"30101","HISEQ13:138:C6FWNANXX:2:1316:14844:64378_1:73927655",4.4e-12
"30102","HISEQ13:138:C6FWNANXX:2:2107:17827:25979_1:83452463",4.4e-12
"30103","HISEQ13:138:C6FWNANXX:2:2313:17201:71301_1:141328849",4.4e-12
"30104","HISEQ13:138:C6FWNANXX:2:2202:17218:86565_1:101139134",4.5e-12
"30105","HISEQ13:138:C6FWNANXX:2:2309:11090:85311_1:135334748",4.5e-12
"30106","HISEQ13:138:C6FWNANXX:2:1302:8262:70246_1:52022652",4.5e-12
"30107","HISEQ13:138:C6FWNANXX:2:1209:4653:90403_1:37997400",4.5e-12
"30108","HISEQ13:138:C6FWNANXX:2:2214:15451:58508_1:118615777",4.5e-12
"30109","HISEQ13:138:C6FWNANXX:2:2216:6055:76510_1:122195451",4.5e-12
"30110","HISEQ13:138:C6FWNANXX:2:2302:15165:2932_1:124013721",4.5e-12
"30111","HISEQ13:138:C6FWNANXX:2:2106:7256:90457_1:82939588",4.5e-12
"30112","HISEQ13:138:C6FWNANXX:2:1103:16459:96085_1:4319037",4.5e-12
"30113","HISEQ13:138:C6FWNANXX:2:1104:6797:62794_1:5293624",4.5e-12
"30114","HISEQ13:138:C6FWNANXX:2:2115:19681:52265_1:96101981",4.5e-12
"30115","HISEQ13:138:C6FWNANXX:2:2112:17949:26070_1:90923192",4.5e-12
"30116","HISEQ13:138:C6FWNANXX:2:2303:17661:60662_1:126232171",4.5e-12
"30117","HISEQ13:138:C6FWNANXX:2:2310:11062:86627_1:136869660",4.5e-12
"30118","HISEQ13:138:C6FWNANXX:2:2303:11937:88641_1:126626901",4.5e-12
"30119","HISEQ13:138:C6FWNANXX:2:1206:17516:31048_1:32537458",4.5e-12
"30120","HISEQ13:138:C6FWNANXX:2:2206:19251:39124_1:106143788",4.5e-12
"30121","HISEQ13:138:C6FWNANXX:2:2311:18543:72048_1:138188166",4.5e-12
"30122","HISEQ13:138:C6FWNANXX:2:2316:15993:60274_1:146044634",4.5e-12
"30123","HISEQ13:138:C6FWNANXX:2:2209:9348:63793_1:110930097",4.5e-12
"30124","HISEQ13:138:C6FWNANXX:2:1307:5945:100321_1:59921392",4.5e-12
"30125","HISEQ13:138:C6FWNANXX:2:2314:4533:99911_1:143408650",4.5e-12
"30126","HISEQ13:138:C6FWNANXX:2:2301:20994:76822_1:123663996",4.5e-12
"30127","HISEQ13:138:C6FWNANXX:2:1205:6864:41164_1:31201970",4.5e-12
"30128","HISEQ13:138:C6FWNANXX:2:2114:1601:59564_1:94609164",4.5e-12
"30129","HISEQ13:138:C6FWNANXX:2:2308:14782:17838_1:132812186",4.5e-12
"30130","HISEQ13:138:C6FWNANXX:2:1110:1776:7451_1:13557205",4.5e-12
"30131","HISEQ13:138:C6FWNANXX:2:1114:3407:4505_1:19805762",4.5e-12
"30132","HISEQ13:138:C6FWNANXX:2:1102:3217:59270_1:2306502",4.6e-12
"30133","HISEQ13:138:C6FWNANXX:2:1109:19234:87411_1:13262080",4.6e-12
"30134","HISEQ13:138:C6FWNANXX:2:2113:3671:20259_1:92388762",4.6e-12
"30135","HISEQ13:138:C6FWNANXX:2:2204:8751:22214_1:103038448",4.6e-12
"30136","HISEQ13:138:C6FWNANXX:2:2306:2841:68591_1:130631730",4.6e-12
"30137","HISEQ13:138:C6FWNANXX:2:2308:15408:53282_1:133347179",4.6e-12
"30138","HISEQ13:138:C6FWNANXX:2:1316:21263:97763_1:74512941",4.6e-12
"30139","HISEQ13:138:C6FWNANXX:2:1113:3397:36171_1:18686433",4.6e-12
"30140","HISEQ13:138:C6FWNANXX:2:1108:6082:58898_1:11254988",4.6e-12
"30141","HISEQ13:138:C6FWNANXX:2:2310:20588:77998_1:136738364",4.6e-12
"30142","HISEQ13:138:C6FWNANXX:2:2106:5039:42515_1:82236104",4.6e-12
"30143","HISEQ13:138:C6FWNANXX:2:2305:6546:11412_1:128353342",4.6e-12
"30144","HISEQ13:138:C6FWNANXX:2:2309:8707:68061_1:135070385",4.6e-12
"30145","HISEQ13:138:C6FWNANXX:2:2312:2310:93649_1:140091794",4.6e-12
"30146","HISEQ13:138:C6FWNANXX:2:1208:21296:53437_1:35886281",4.6e-12
"30147","HISEQ13:138:C6FWNANXX:2:2316:18921:28006_1:145500119",4.6e-12
"30148","HISEQ13:138:C6FWNANXX:2:2109:13925:55041_1:86865338",4.6e-12
"30149","HISEQ13:138:C6FWNANXX:2:1303:21187:74073_1:53544199",4.6e-12
"30150","HISEQ13:138:C6FWNANXX:2:1215:16910:4172_1:46214411",4.6e-12
"30151","HISEQ13:138:C6FWNANXX:2:1313:13643:76450_1:69055238",4.6e-12
"30152","HISEQ13:138:C6FWNANXX:2:2114:11655:69864_1:94778841",4.6e-12
"30153","HISEQ13:138:C6FWNANXX:2:2112:12351:74918_1:91687006",4.6e-12
"30154","HISEQ13:138:C6FWNANXX:2:1201:16604:48388_1:25487568",4.6e-12
"30155","HISEQ13:138:C6FWNANXX:2:2201:18112:55870_1:99294542",4.6e-12
"30156","HISEQ13:138:C6FWNANXX:2:2312:1911:22503_1:138964810",4.6e-12
"30157","HISEQ13:138:C6FWNANXX:2:1206:19628:81872_1:33305985",4.6e-12
"30158","HISEQ13:138:C6FWNANXX:2:1108:19221:35085_1:10887636",4.6e-12
"30159","HISEQ13:138:C6FWNANXX:2:1209:13568:82473_1:37873861",4.6e-12
"30160","HISEQ13:138:C6FWNANXX:2:1114:4526:71855_1:20935209",4.6e-12
"30161","HISEQ13:138:C6FWNANXX:2:1207:8339:88747_1:34908033",4.6e-12
"30162","HISEQ13:138:C6FWNANXX:2:2304:10375:45559_1:127425191",4.6e-12
"30163","HISEQ13:138:C6FWNANXX:2:1105:10165:91043_1:7201880",4.6e-12
"30164","HISEQ13:138:C6FWNANXX:2:1302:13277:85217_1:52244893",4.6e-12
"30165","HISEQ13:138:C6FWNANXX:2:1307:6066:87933_1:59729894",4.6e-12
"30166","HISEQ13:138:C6FWNANXX:2:2105:4472:32371_1:80645439",4.6e-12
"30167","HISEQ13:138:C6FWNANXX:2:2215:18336:7223_1:119391315",4.6e-12
"30168","HISEQ13:138:C6FWNANXX:2:2302:16315:83943_1:125158987",4.6e-12
"30169","HISEQ13:138:C6FWNANXX:2:2203:10236:12569_1:101493127",4.7e-12
"30170","HISEQ13:138:C6FWNANXX:2:1214:16165:16139_1:44753955",4.7e-12
"30171","HISEQ13:138:C6FWNANXX:2:2111:13679:58861_1:89956299",4.7e-12
"30172","HISEQ13:138:C6FWNANXX:2:2205:6743:82045_1:105326360",4.7e-12
"30173","HISEQ13:138:C6FWNANXX:2:2311:7243:38921_1:137663005",4.7e-12
"30174","HISEQ13:138:C6FWNANXX:2:2108:2132:73340_1:85640467",4.7e-12
"30175","HISEQ13:138:C6FWNANXX:2:2212:12031:25547_1:114910358",4.7e-12
"30176","HISEQ13:138:C6FWNANXX:2:2211:19204:12251_1:113162574",4.7e-12
"30177","HISEQ13:138:C6FWNANXX:2:2306:15272:73650_1:130708038",4.7e-12
"30178","HISEQ13:138:C6FWNANXX:2:1101:1630:60250_1:859341",4.7e-12
"30179","HISEQ13:138:C6FWNANXX:2:2109:6389:93792_1:87453501",4.7e-12
"30180","HISEQ13:138:C6FWNANXX:2:2110:6447:70907_1:88610748",4.7e-12
"30181","HISEQ13:138:C6FWNANXX:2:1211:7488:73939_1:40869211",4.7e-12
"30182","HISEQ13:138:C6FWNANXX:2:2103:20233:38511_1:77899607",4.7e-12
"30183","HISEQ13:138:C6FWNANXX:2:2114:18499:9699_1:93801965",4.7e-12
"30184","HISEQ13:138:C6FWNANXX:2:2307:6350:61884_1:131992675",4.7e-12
"30185","HISEQ13:138:C6FWNANXX:2:1205:2396:61203_1:31500698",4.7e-12
"30186","HISEQ13:138:C6FWNANXX:2:1315:10322:88260_1:72621447",4.7e-12
"30187","HISEQ13:138:C6FWNANXX:2:2215:16734:7323_1:119395109",4.7e-12
"30188","HISEQ13:138:C6FWNANXX:2:2308:17384:75302_1:133679860",4.7e-12
"30189","HISEQ13:138:C6FWNANXX:2:2111:2370:13329_1:89241776",4.7e-12
"30190","HISEQ13:138:C6FWNANXX:2:1107:1880:80613_1:10060714",4.7e-12
"30191","HISEQ13:138:C6FWNANXX:2:1311:5476:71240_1:65709845",4.7e-12
"30192","HISEQ13:138:C6FWNANXX:2:1107:12345:47049_1:9548825",4.7e-12
"30193","HISEQ13:138:C6FWNANXX:2:2215:8698:83068_1:120643072",4.7e-12
"30194","HISEQ13:138:C6FWNANXX:2:2312:18618:88081_1:140007390",4.7e-12
"30195","HISEQ13:138:C6FWNANXX:2:1301:13624:94444_1:50927438",4.7e-12
"30196","HISEQ13:138:C6FWNANXX:2:1105:12360:99422_1:7328042",4.7e-12
"30197","HISEQ13:138:C6FWNANXX:2:2112:20404:56149_1:91391707",4.7e-12
"30198","HISEQ13:138:C6FWNANXX:2:2311:10168:42287_1:137717926",4.7e-12
"30199","HISEQ13:138:C6FWNANXX:2:2313:3363:3627_1:140232328",4.7e-12
"30200","HISEQ13:138:C6FWNANXX:2:1212:4656:49134_1:42036341",4.7e-12
"30201","HISEQ13:138:C6FWNANXX:2:1109:6305:41466_1:12531795",4.7e-12
"30202","HISEQ13:138:C6FWNANXX:2:1204:11685:31783_1:29594037",4.7e-12
"30203","HISEQ13:138:C6FWNANXX:2:2205:13466:64400_1:105070977",4.7e-12
"30204","HISEQ13:138:C6FWNANXX:2:2216:20721:80773_1:122270554",4.7e-12
"30205","HISEQ13:138:C6FWNANXX:2:2301:7661:91370_1:123866594",4.7e-12
"30206","HISEQ13:138:C6FWNANXX:2:2205:9490:7168_1:104241744",4.7e-12
"30207","HISEQ13:138:C6FWNANXX:2:2201:2756:35621_1:99004213",4.7e-12
"30208","HISEQ13:138:C6FWNANXX:2:1313:4946:82786_1:69162515",4.7e-12
"30209","HISEQ13:138:C6FWNANXX:2:1102:15451:88690_1:2741589",4.7e-12
"30210","HISEQ13:138:C6FWNANXX:2:2101:19702:82975_1:75715674",4.7e-12
"30211","HISEQ13:138:C6FWNANXX:2:1105:19786:35208_1:6362280",4.8e-12
"30212","HISEQ13:138:C6FWNANXX:2:1302:15460:42127_1:51611655",4.8e-12
"30213","HISEQ13:138:C6FWNANXX:2:2210:12647:4462_1:111528684",4.8e-12
"30214","HISEQ13:138:C6FWNANXX:2:2314:5528:31406_1:142280858",4.8e-12
"30215","HISEQ13:138:C6FWNANXX:2:1216:14289:97726_1:49512778",4.8e-12
"30216","HISEQ13:138:C6FWNANXX:2:1302:14503:77722_1:52134690",4.8e-12
"30217","HISEQ13:138:C6FWNANXX:2:1316:10617:50263_1:73681521",4.8e-12
"30218","HISEQ13:138:C6FWNANXX:2:2202:15170:57744_1:100724143",4.8e-12
"30219","HISEQ13:138:C6FWNANXX:2:2113:14721:2474_1:92105409",4.8e-12
"30220","HISEQ13:138:C6FWNANXX:2:1114:10642:21381_1:20088721",4.8e-12
"30221","HISEQ13:138:C6FWNANXX:2:2212:7845:36670_1:115083815",4.8e-12
"30222","HISEQ13:138:C6FWNANXX:2:1114:17753:48554_1:20546619",4.8e-12
"30223","HISEQ13:138:C6FWNANXX:2:1115:4986:72237_1:22610195",4.8e-12
"30224","HISEQ13:138:C6FWNANXX:2:2206:2303:59805_1:106445436",4.8e-12
"30225","HISEQ13:138:C6FWNANXX:2:2213:2423:81445_1:117375613",4.8e-12
"30226","HISEQ13:138:C6FWNANXX:2:2316:7057:54562_1:145945394",4.8e-12
"30227","HISEQ13:138:C6FWNANXX:2:2314:7089:62243_1:142789001",4.8e-12
"30228","HISEQ13:138:C6FWNANXX:2:1104:9427:27587_1:4768608",4.8e-12
"30229","HISEQ13:138:C6FWNANXX:2:1105:13343:32459_1:6320246",4.8e-12
"30230","HISEQ13:138:C6FWNANXX:2:2204:2234:14808_1:102931491",4.8e-12
"30231","HISEQ13:138:C6FWNANXX:2:1204:2356:90826_1:30468976",4.8e-12
"30232","HISEQ13:138:C6FWNANXX:2:2302:16963:42469_1:124571232",4.8e-12
"30233","HISEQ13:138:C6FWNANXX:2:1203:15888:87434_1:28967956",4.8e-12
"30234","HISEQ13:138:C6FWNANXX:2:1212:19334:47587_1:42014712",4.8e-12
"30235","HISEQ13:138:C6FWNANXX:2:2314:19222:42509_1:142468604",4.8e-12
"30236","HISEQ13:138:C6FWNANXX:2:1108:13236:57268_1:11233340",4.8e-12
"30237","HISEQ13:138:C6FWNANXX:2:1305:5228:75693_1:56519370",4.8e-12
"30238","HISEQ13:138:C6FWNANXX:2:2216:16223:61198_1:121933928",4.8e-12
"30239","HISEQ13:138:C6FWNANXX:2:2313:9339:37132_1:140772476",4.8e-12
"30240","HISEQ13:138:C6FWNANXX:2:1211:10920:15337_1:39928007",4.8e-12
"30241","HISEQ13:138:C6FWNANXX:2:2203:12661:50981_1:102040244",4.8e-12
"30242","HISEQ13:138:C6FWNANXX:2:1316:8942:90226_1:74376756",4.8e-12
"30243","HISEQ13:138:C6FWNANXX:2:2316:6620:28309_1:145501762",4.8e-12
"30244","HISEQ13:138:C6FWNANXX:2:1116:5277:45326_1:23848452",4.8e-12
"30245","HISEQ13:138:C6FWNANXX:2:1306:16572:22873_1:57221556",4.8e-12
"30246","HISEQ13:138:C6FWNANXX:2:2106:4588:3289_1:81659746",4.8e-12
"30247","HISEQ13:138:C6FWNANXX:2:1116:17877:8918_1:23223992",4.8e-12
"30248","HISEQ13:138:C6FWNANXX:2:1201:5540:47899_1:25478378",4.8e-12
"30249","HISEQ13:138:C6FWNANXX:2:1303:1781:38373_1:53013410",4.8e-12
"30250","HISEQ13:138:C6FWNANXX:2:2212:12212:60556_1:115463337",4.8e-12
"30251","HISEQ13:138:C6FWNANXX:2:1306:4867:15518_1:57108786",4.8e-12
"30252","HISEQ13:138:C6FWNANXX:2:1208:13504:53919_1:35892482",4.8e-12
"30253","HISEQ13:138:C6FWNANXX:2:1110:21337:2871_1:13490035",4.9e-12
"30254","HISEQ13:138:C6FWNANXX:2:1111:3236:9785_1:15157038",4.9e-12
"30255","HISEQ13:138:C6FWNANXX:2:2114:17452:23592_1:94028397",4.9e-12
"30256","HISEQ13:138:C6FWNANXX:2:1112:5009:82648_1:17826338",4.9e-12
"30257","HISEQ13:138:C6FWNANXX:2:1303:2406:58350_1:53309076",4.9e-12
"30258","HISEQ13:138:C6FWNANXX:2:1308:1542:20289_1:60211397",4.9e-12
"30259","HISEQ13:138:C6FWNANXX:2:2214:1700:75887_1:118896728",4.9e-12
"30260","HISEQ13:138:C6FWNANXX:2:1306:14612:66267_1:57885336",4.9e-12
"30261","HISEQ13:138:C6FWNANXX:2:1315:10788:17135_1:71398684",4.9e-12
"30262","HISEQ13:138:C6FWNANXX:2:1107:1665:49351_1:9581832",4.9e-12
"30263","HISEQ13:138:C6FWNANXX:2:1205:12768:73917_1:31694076",4.9e-12
"30264","HISEQ13:138:C6FWNANXX:2:1316:19532:64396_1:73928722",4.9e-12
"30265","HISEQ13:138:C6FWNANXX:2:1103:11071:59570_1:3776336",4.9e-12
"30266","HISEQ13:138:C6FWNANXX:2:1111:4053:37913_1:15603313",4.9e-12
"30267","HISEQ13:138:C6FWNANXX:2:1206:10710:19164_1:32355015",4.9e-12
"30268","HISEQ13:138:C6FWNANXX:2:1307:10393:20652_1:58695935",4.9e-12
"30269","HISEQ13:138:C6FWNANXX:2:1310:8385:43724_1:63689245",4.9e-12
"30270","HISEQ13:138:C6FWNANXX:2:2102:6500:99176_1:77350698",4.9e-12
"30271","HISEQ13:138:C6FWNANXX:2:2301:4659:76382_1:123653937",4.9e-12
"30272","HISEQ13:138:C6FWNANXX:2:2307:18494:59390_1:131957559",4.9e-12
"30273","HISEQ13:138:C6FWNANXX:2:2307:7971:80183_1:132264749",4.9e-12
"30274","HISEQ13:138:C6FWNANXX:2:2205:19386:27588_1:104540605",4.9e-12
"30275","HISEQ13:138:C6FWNANXX:2:1110:2441:27809_1:13880868",4.9e-12
"30276","HISEQ13:138:C6FWNANXX:2:2306:8834:52407_1:130393233",4.9e-12
"30277","HISEQ13:138:C6FWNANXX:2:2314:19262:93948_1:143313035",4.9e-12
"30278","HISEQ13:138:C6FWNANXX:2:1101:17410:21371_1:288790",4.9e-12
"30279","HISEQ13:138:C6FWNANXX:2:1103:3562:56778_1:3734432",4.9e-12
"30280","HISEQ13:138:C6FWNANXX:2:1111:7748:71734_1:16162996",4.9e-12
"30281","HISEQ13:138:C6FWNANXX:2:2303:20514:90213_1:126649487",4.9e-12
"30282","HISEQ13:138:C6FWNANXX:2:1205:8562:35812_1:31123574",4.9e-12
"30283","HISEQ13:138:C6FWNANXX:2:2116:10658:17075_1:97145087",4.9e-12
"30284","HISEQ13:138:C6FWNANXX:2:2107:5709:6241_1:83155890",4.9e-12
"30285","HISEQ13:138:C6FWNANXX:2:2210:9403:87343_1:112794477",4.9e-12
"30286","HISEQ13:138:C6FWNANXX:2:1109:9374:36233_1:12449473",4.9e-12
"30287","HISEQ13:138:C6FWNANXX:2:2104:20642:95436_1:80128334",4.9e-12
"30288","HISEQ13:138:C6FWNANXX:2:2115:13212:50003_1:96063829",4.9e-12
"30289","HISEQ13:138:C6FWNANXX:2:2213:12876:11460_1:116254911",4.9e-12
"30290","HISEQ13:138:C6FWNANXX:2:1314:16522:65096_1:70535479",4.9e-12
"30291","HISEQ13:138:C6FWNANXX:2:2311:13341:64568_1:138067798",4.9e-12
"30292","HISEQ13:138:C6FWNANXX:2:2112:11587:46870_1:91245506",4.9e-12
"30293","HISEQ13:138:C6FWNANXX:2:2111:16954:27552_1:89465756",4.9e-12
"30294","HISEQ13:138:C6FWNANXX:2:2102:7990:2290_1:75974112",4.9e-12
"30295","HISEQ13:138:C6FWNANXX:2:1308:13638:54522_1:60745317",4.9e-12
"30296","HISEQ13:138:C6FWNANXX:2:1215:14438:81774_1:47530806",4.9e-12
"30297","HISEQ13:138:C6FWNANXX:2:2202:9970:22552_1:100227994",4.9e-12
"30298","HISEQ13:138:C6FWNANXX:2:2304:20440:48532_1:127470126",4.9e-12
"30299","HISEQ13:138:C6FWNANXX:2:1315:9694:85523_1:72573227",4.9e-12
"30300","HISEQ13:138:C6FWNANXX:2:1112:12617:31918_1:17002163",4.9e-12
"30301","HISEQ13:138:C6FWNANXX:2:1111:8193:87087_1:16441441",5e-12
"30302","HISEQ13:138:C6FWNANXX:2:2310:10490:46865_1:136261586",5e-12
"30303","HISEQ13:138:C6FWNANXX:2:1203:13216:7428_1:27789933",5e-12
"30304","HISEQ13:138:C6FWNANXX:2:2202:17263:56104_1:100702972",5e-12
"30305","HISEQ13:138:C6FWNANXX:2:2213:20642:44856_1:116791558",5e-12
"30306","HISEQ13:138:C6FWNANXX:2:1314:5227:39099_1:70091547",5e-12
"30307","HISEQ13:138:C6FWNANXX:2:1212:14102:79329_1:42532633",5e-12
"30308","HISEQ13:138:C6FWNANXX:2:1315:20044:32127_1:71655410",5e-12
"30309","HISEQ13:138:C6FWNANXX:2:2209:1769:42097_1:110598292",5e-12
"30310","HISEQ13:138:C6FWNANXX:2:2205:19527:49206_1:104852116",5e-12
"30311","HISEQ13:138:C6FWNANXX:2:1303:5789:86186_1:53719247",5e-12
"30312","HISEQ13:138:C6FWNANXX:2:2111:15991:54125_1:89880413",5e-12
"30313","HISEQ13:138:C6FWNANXX:2:2313:8078:29441_1:140646287",5e-12
"30314","HISEQ13:138:C6FWNANXX:2:2103:7621:4539_1:77412825",5e-12
"30315","HISEQ13:138:C6FWNANXX:2:1107:10610:49338_1:9583504",5e-12
"30316","HISEQ13:138:C6FWNANXX:2:1205:13395:82241_1:31818578",5e-12
"30317","HISEQ13:138:C6FWNANXX:2:2111:3335:54226_1:89877910",5e-12
"30318","HISEQ13:138:C6FWNANXX:2:2216:1382:37258_1:121528315",5e-12
"30319","HISEQ13:138:C6FWNANXX:2:1216:19421:74528_1:49115706",5e-12
"30320","HISEQ13:138:C6FWNANXX:2:1114:17453:50819_1:20584060",5e-12
"30321","HISEQ13:138:C6FWNANXX:2:1115:11385:4498_1:21465244",5e-12
"30322","HISEQ13:138:C6FWNANXX:2:2104:6824:71935_1:79788248",5e-12
"30323","HISEQ13:138:C6FWNANXX:2:2107:3875:58221_1:83927774",5e-12
"30324","HISEQ13:138:C6FWNANXX:2:2110:20218:48754_1:88279341",5e-12
"30325","HISEQ13:138:C6FWNANXX:2:2316:15036:89015_1:146530005",5e-12
"30326","HISEQ13:138:C6FWNANXX:2:2110:9138:37145_1:88097008",5e-12
"30327","HISEQ13:138:C6FWNANXX:2:1116:3410:49234_1:23912482",5e-12
"30328","HISEQ13:138:C6FWNANXX:2:1215:16453:53622_1:47053031",5e-12
"30329","HISEQ13:138:C6FWNANXX:2:2206:10738:86248_1:106832322",5e-12
"30330","HISEQ13:138:C6FWNANXX:2:1215:6003:15785_1:46411359",5e-12
"30331","HISEQ13:138:C6FWNANXX:2:1211:21152:96497_1:41235703",5e-12
"30332","HISEQ13:138:C6FWNANXX:2:2303:6706:88906_1:126629458",5e-12
"30333","HISEQ13:138:C6FWNANXX:2:1302:16078:67115_1:51980036",5e-12
"30334","HISEQ13:138:C6FWNANXX:2:2305:18358:70718_1:129215756",5e-12
"30335","HISEQ13:138:C6FWNANXX:2:1216:18666:24869_1:48252881",5e-12
"30336","HISEQ13:138:C6FWNANXX:2:2110:7695:54171_1:88356689",5e-12
"30337","HISEQ13:138:C6FWNANXX:2:2215:2432:98711_1:120899619",5e-12
"30338","HISEQ13:138:C6FWNANXX:2:1203:9833:17272_1:27936800",5e-12
"30339","HISEQ13:138:C6FWNANXX:2:1313:13975:37755_1:68412248",5e-12
"30340","HISEQ13:138:C6FWNANXX:2:1108:2433:90502_1:11752036",5e-12
"30341","HISEQ13:138:C6FWNANXX:2:1305:9400:30039_1:55836201",5e-12
"30342","HISEQ13:138:C6FWNANXX:2:1207:17588:5368_1:33644345",5e-12
"30343","HISEQ13:138:C6FWNANXX:2:1314:4721:80063_1:70788514",5e-12
"30344","HISEQ13:138:C6FWNANXX:2:2207:11158:18423_1:107290280",5e-12
"30345","HISEQ13:138:C6FWNANXX:2:1113:17190:77056_1:19368425",5e-12
"30346","HISEQ13:138:C6FWNANXX:2:1212:4112:81734_1:42567475",5e-12
"30347","HISEQ13:138:C6FWNANXX:2:2210:6227:66871_1:112481302",5e-12
"30348","HISEQ13:138:C6FWNANXX:2:2305:14884:32745_1:128661805",5e-12
"30349","HISEQ13:138:C6FWNANXX:2:1205:12210:7793_1:30707023",5e-12
"30350","HISEQ13:138:C6FWNANXX:2:2110:16800:100457_1:89060876",5e-12
"30351","HISEQ13:138:C6FWNANXX:2:2310:10490:46865_1:136261585",5e-12
"30352","HISEQ13:138:C6FWNANXX:2:1213:13429:69006_1:43991667",5e-12
"30353","HISEQ13:138:C6FWNANXX:2:2215:7960:93141_1:120809303",5e-12
"30354","HISEQ13:138:C6FWNANXX:2:1107:15987:93340_1:10259328",5.1e-12
"30355","HISEQ13:138:C6FWNANXX:2:1212:3457:37400_1:41844763",5.1e-12
"30356","HISEQ13:138:C6FWNANXX:2:2112:13438:90006_1:91929328",5.1e-12
"30357","HISEQ13:138:C6FWNANXX:2:2207:1766:7524_1:107130510",5.1e-12
"30358","HISEQ13:138:C6FWNANXX:2:2206:16880:67927_1:106566672",5.1e-12
"30359","HISEQ13:138:C6FWNANXX:2:2311:12033:66218_1:138091176",5.1e-12
"30360","HISEQ13:138:C6FWNANXX:2:1306:9504:20146_1:57178324",5.1e-12
"30361","HISEQ13:138:C6FWNANXX:2:2116:15577:7619_1:96987905",5.1e-12
"30362","HISEQ13:138:C6FWNANXX:2:2108:1447:42790_1:85179456",5.1e-12
"30363","HISEQ13:138:C6FWNANXX:2:1213:11530:65959_1:43937579",5.1e-12
"30364","HISEQ13:138:C6FWNANXX:2:2310:9335:65750_1:136553638",5.1e-12
"30365","HISEQ13:138:C6FWNANXX:2:2104:9278:81746_1:79929763",5.1e-12
"30366","HISEQ13:138:C6FWNANXX:2:1201:12806:80420_1:25958394",5.1e-12
"30367","HISEQ13:138:C6FWNANXX:2:1203:18268:27599_1:28089444",5.1e-12
"30368","HISEQ13:138:C6FWNANXX:2:1311:15569:76593_1:65802603",5.1e-12
"30369","HISEQ13:138:C6FWNANXX:2:1316:8225:13221_1:73032271",5.1e-12
"30370","HISEQ13:138:C6FWNANXX:2:1115:8319:59614_1:22399690",5.1e-12
"30371","HISEQ13:138:C6FWNANXX:2:1309:17464:86867_1:62811512",5.1e-12
"30372","HISEQ13:138:C6FWNANXX:2:1310:3149:43608_1:63688230",5.1e-12
"30373","HISEQ13:138:C6FWNANXX:2:1312:4240:11038_1:66344683",5.1e-12
"30374","HISEQ13:138:C6FWNANXX:2:2211:10110:64303_1:113973850",5.1e-12
"30375","HISEQ13:138:C6FWNANXX:2:2104:18852:91769_1:80078479",5.1e-12
"30376","HISEQ13:138:C6FWNANXX:2:2201:16364:45048_1:99140883",5.1e-12
"30377","HISEQ13:138:C6FWNANXX:2:1101:9613:50872_1:723223",5.1e-12
"30378","HISEQ13:138:C6FWNANXX:2:2110:18087:65734_1:88534485",5.1e-12
"30379","HISEQ13:138:C6FWNANXX:2:1206:18370:70615_1:33137075",5.1e-12
"30380","HISEQ13:138:C6FWNANXX:2:1107:1665:49351_1:9581833",5.1e-12
"30381","HISEQ13:138:C6FWNANXX:2:1114:8918:81113_1:21091518",5.1e-12
"30382","HISEQ13:138:C6FWNANXX:2:1303:9495:66585_1:53432276",5.1e-12
"30383","HISEQ13:138:C6FWNANXX:2:2113:6698:36909_1:92651592",5.1e-12
"30384","HISEQ13:138:C6FWNANXX:2:1111:14664:40650_1:15649448",5.1e-12
"30385","HISEQ13:138:C6FWNANXX:2:1216:2403:43743_1:48573716",5.1e-12
"30386","HISEQ13:138:C6FWNANXX:2:2214:19351:8406_1:117796229",5.1e-12
"30387","HISEQ13:138:C6FWNANXX:2:2314:2786:40855_1:142436446",5.1e-12
"30388","HISEQ13:138:C6FWNANXX:2:2102:4034:57126_1:76750419",5.1e-12
"30389","HISEQ13:138:C6FWNANXX:2:2215:6839:38626_1:119907984",5.1e-12
"30390","HISEQ13:138:C6FWNANXX:2:2216:18113:87588_1:122384739",5.1e-12
"30391","HISEQ13:138:C6FWNANXX:2:2101:9199:93320_1:75862419",5.1e-12
"30392","HISEQ13:138:C6FWNANXX:2:1213:13877:82451_1:44210630",5.1e-12
"30393","HISEQ13:138:C6FWNANXX:2:1102:8164:89041_1:2747773",5.1e-12
"30394","HISEQ13:138:C6FWNANXX:2:1104:15982:47305_1:5064493",5.1e-12
"30395","HISEQ13:138:C6FWNANXX:2:1110:16618:13743_1:13658758",5.1e-12
"30396","HISEQ13:138:C6FWNANXX:2:2105:1452:87486_1:81442487",5.1e-12
"30397","HISEQ13:138:C6FWNANXX:2:2214:17247:65843_1:118735443",5.1e-12
"30398","HISEQ13:138:C6FWNANXX:2:1110:2441:27809_1:13880867",5.1e-12
"30399","HISEQ13:138:C6FWNANXX:2:1301:18822:5537_1:49623231",5.1e-12
"30400","HISEQ13:138:C6FWNANXX:2:2110:19550:65918_1:88538426",5.1e-12
"30401","HISEQ13:138:C6FWNANXX:2:1102:14260:12676_1:1620208",5.2e-12
"30402","HISEQ13:138:C6FWNANXX:2:1103:14532:24106_1:3251968",5.2e-12
"30403","HISEQ13:138:C6FWNANXX:2:2204:1468:85275_1:103944617",5.2e-12
"30404","HISEQ13:138:C6FWNANXX:2:2305:8988:23000_1:128524107",5.2e-12
"30405","HISEQ13:138:C6FWNANXX:2:1309:8088:47161_1:62179148",5.2e-12
"30406","HISEQ13:138:C6FWNANXX:2:2312:5890:30708_1:139092300",5.2e-12
"30407","HISEQ13:138:C6FWNANXX:2:2314:2455:86119_1:143182017",5.2e-12
"30408","HISEQ13:138:C6FWNANXX:2:2109:5599:20999_1:86343484",5.2e-12
"30409","HISEQ13:138:C6FWNANXX:2:2212:19378:85147_1:115855055",5.2e-12
"30410","HISEQ13:138:C6FWNANXX:2:1106:11813:81294_1:8560470",5.2e-12
"30411","HISEQ13:138:C6FWNANXX:2:1301:16159:89213_1:50850743",5.2e-12
"30412","HISEQ13:138:C6FWNANXX:2:2106:9364:7067_1:81716096",5.2e-12
"30413","HISEQ13:138:C6FWNANXX:2:2213:1771:35628_1:116639623",5.2e-12
"30414","HISEQ13:138:C6FWNANXX:2:2302:17804:99206_1:125375843",5.2e-12
"30415","HISEQ13:138:C6FWNANXX:2:2307:12144:89388_1:132403113",5.2e-12
"30416","HISEQ13:138:C6FWNANXX:2:2307:12448:87199_1:132369839",5.2e-12
"30417","HISEQ13:138:C6FWNANXX:2:2213:2124:69353_1:117182561",5.2e-12
"30418","HISEQ13:138:C6FWNANXX:2:2301:2727:26920_1:122956047",5.2e-12
"30419","HISEQ13:138:C6FWNANXX:2:2316:1298:17603_1:145319589",5.2e-12
"30420","HISEQ13:138:C6FWNANXX:2:1302:13978:69434_1:52012605",5.2e-12
"30421","HISEQ13:138:C6FWNANXX:2:1315:8948:14594_1:71355866",5.2e-12
"30422","HISEQ13:138:C6FWNANXX:2:2114:4156:49222_1:94438414",5.2e-12
"30423","HISEQ13:138:C6FWNANXX:2:2116:15837:22835_1:97240519",5.2e-12
"30424","HISEQ13:138:C6FWNANXX:2:1210:18071:34075_1:38670636",5.2e-12
"30425","HISEQ13:138:C6FWNANXX:2:2210:20087:9303_1:111606211",5.2e-12
"30426","HISEQ13:138:C6FWNANXX:2:2316:5942:63637_1:146097453",5.2e-12
"30427","HISEQ13:138:C6FWNANXX:2:1209:15713:22703_1:36942156",5.2e-12
"30428","HISEQ13:138:C6FWNANXX:2:2207:21091:29739_1:107457585",5.2e-12
"30429","HISEQ13:138:C6FWNANXX:2:2215:1401:12734_1:119478226",5.2e-12
"30430","HISEQ13:138:C6FWNANXX:2:2201:20783:30204_1:98928474",5.2e-12
"30431","HISEQ13:138:C6FWNANXX:2:2114:7719:65418_1:94704619",5.2e-12
"30432","HISEQ13:138:C6FWNANXX:2:1107:5439:84784_1:10126713",5.2e-12
"30433","HISEQ13:138:C6FWNANXX:2:2115:19681:52265_1:96101982",5.2e-12
"30434","HISEQ13:138:C6FWNANXX:2:2102:8683:38836_1:76492235",5.3e-12
"30435","HISEQ13:138:C6FWNANXX:2:2214:11292:35630_1:118239034",5.3e-12
"30436","HISEQ13:138:C6FWNANXX:2:2105:17856:92021_1:81514970",5.3e-12
"30437","HISEQ13:138:C6FWNANXX:2:2210:4932:38438_1:112045672",5.3e-12
"30438","HISEQ13:138:C6FWNANXX:2:1202:12324:90025_1:27552659",5.3e-12
"30439","HISEQ13:138:C6FWNANXX:2:2115:13471:14786_1:95491783",5.3e-12
"30440","HISEQ13:138:C6FWNANXX:2:2205:19543:53919_1:104920983",5.3e-12
"30441","HISEQ13:138:C6FWNANXX:2:2208:18626:79523_1:109674078",5.3e-12
"30442","HISEQ13:138:C6FWNANXX:2:2212:15497:9506_1:114666637",5.3e-12
"30443","HISEQ13:138:C6FWNANXX:2:2315:14978:49795_1:144217833",5.3e-12
"30444","HISEQ13:138:C6FWNANXX:2:1201:2275:23073_1:25114102",5.3e-12
"30445","HISEQ13:138:C6FWNANXX:2:1305:2998:89981_1:56734356",5.3e-12
"30446","HISEQ13:138:C6FWNANXX:2:1208:13448:37340_1:35638061",5.3e-12
"30447","HISEQ13:138:C6FWNANXX:2:1208:5318:33632_1:35579024",5.3e-12
"30448","HISEQ13:138:C6FWNANXX:2:1116:10933:60341_1:24106056",5.3e-12
"30449","HISEQ13:138:C6FWNANXX:2:2109:7235:78735_1:87222020",5.3e-12
"30450","HISEQ13:138:C6FWNANXX:2:2302:2899:61880_1:124844062",5.3e-12
"30451","HISEQ13:138:C6FWNANXX:2:2305:1567:50226_1:128914888",5.3e-12
"30452","HISEQ13:138:C6FWNANXX:2:1111:21368:99100_1:16671434",5.3e-12
"30453","HISEQ13:138:C6FWNANXX:2:1305:20539:28671_1:55815948",5.3e-12
"30454","HISEQ13:138:C6FWNANXX:2:1305:5418:39122_1:55970367",5.3e-12
"30455","HISEQ13:138:C6FWNANXX:2:2104:19730:31573_1:79210852",5.3e-12
"30456","HISEQ13:138:C6FWNANXX:2:2202:4590:18435_1:100166355",5.3e-12
"30457","HISEQ13:138:C6FWNANXX:2:1205:9466:60075_1:31487053",5.3e-12
"30458","HISEQ13:138:C6FWNANXX:2:1316:2221:36398_1:73434399",5.3e-12
"30459","HISEQ13:138:C6FWNANXX:2:1315:4186:88757_1:72629081",5.3e-12
"30460","HISEQ13:138:C6FWNANXX:2:2109:11738:97342_1:87508092",5.3e-12
"30461","HISEQ13:138:C6FWNANXX:2:2209:7464:37764_1:110534698",5.3e-12
"30462","HISEQ13:138:C6FWNANXX:2:1110:2993:35359_1:13998922",5.3e-12
"30463","HISEQ13:138:C6FWNANXX:2:1212:16048:38614_1:41867694",5.3e-12
"30464","HISEQ13:138:C6FWNANXX:2:2116:2633:77591_1:98139623",5.3e-12
"30465","HISEQ13:138:C6FWNANXX:2:2206:10717:84768_1:106814190",5.3e-12
"30466","HISEQ13:138:C6FWNANXX:2:2313:20305:85884_1:141564710",5.3e-12
"30467","HISEQ13:138:C6FWNANXX:2:1203:15590:13444_1:27878569",5.3e-12
"30468","HISEQ13:138:C6FWNANXX:2:1108:3760:59655_1:11266442",5.3e-12
"30469","HISEQ13:138:C6FWNANXX:2:1302:13300:50174_1:51729329",5.3e-12
"30470","HISEQ13:138:C6FWNANXX:2:1312:18448:77742_1:67436123",5.3e-12
"30471","HISEQ13:138:C6FWNANXX:2:2112:6231:31641_1:91006613",5.3e-12
"30472","HISEQ13:138:C6FWNANXX:2:2202:7254:49695_1:100609340",5.3e-12
"30473","HISEQ13:138:C6FWNANXX:2:2216:4560:44779_1:121656337",5.3e-12
"30474","HISEQ13:138:C6FWNANXX:2:2216:16689:89212_1:122409658",5.3e-12
"30475","HISEQ13:138:C6FWNANXX:2:2213:20607:21251_1:116415136",5.3e-12
"30476","HISEQ13:138:C6FWNANXX:2:1115:16476:26001_1:21834634",5.3e-12
"30477","HISEQ13:138:C6FWNANXX:2:1306:17739:57854_1:57756077",5.3e-12
"30478","HISEQ13:138:C6FWNANXX:2:1310:4827:6548_1:63101411",5.3e-12
"30479","HISEQ13:138:C6FWNANXX:2:2304:7922:72566_1:127812705",5.3e-12
"30480","HISEQ13:138:C6FWNANXX:2:1316:5242:62919_1:73899509",5.3e-12
"30481","HISEQ13:138:C6FWNANXX:2:2102:11288:69369_1:76925503",5.3e-12
"30482","HISEQ13:138:C6FWNANXX:2:1212:16471:9013_1:41413093",5.3e-12
"30483","HISEQ13:138:C6FWNANXX:2:1215:5899:61285_1:47182483",5.3e-12
"30484","HISEQ13:138:C6FWNANXX:2:1104:10061:3881_1:4415762",5.3e-12
"30485","HISEQ13:138:C6FWNANXX:2:1113:15205:11405_1:18282830",5.3e-12
"30486","HISEQ13:138:C6FWNANXX:2:1206:3899:65605_1:33058555",5.3e-12
"30487","HISEQ13:138:C6FWNANXX:2:1208:8407:10571_1:35226104",5.3e-12
"30488","HISEQ13:138:C6FWNANXX:2:2109:13265:62010_1:86972402",5.3e-12
"30489","HISEQ13:138:C6FWNANXX:2:2301:4763:50722_1:123290760",5.3e-12
"30490","HISEQ13:138:C6FWNANXX:2:2108:2460:62621_1:85477801",5.3e-12
"30491","HISEQ13:138:C6FWNANXX:2:1201:14084:45565_1:25447315",5.3e-12
"30492","HISEQ13:138:C6FWNANXX:2:1304:1567:92192_1:55282425",5.3e-12
"30493","HISEQ13:138:C6FWNANXX:2:2211:13952:3990_1:113029874",5.3e-12
"30494","HISEQ13:138:C6FWNANXX:2:2310:13333:18753_1:135829963",5.3e-12
"30495","HISEQ13:138:C6FWNANXX:2:2310:15397:35761_1:136093005",5.3e-12
"30496","HISEQ13:138:C6FWNANXX:2:2301:10881:68011_1:123538568",5.3e-12
"30497","HISEQ13:138:C6FWNANXX:2:1106:17282:54418_1:8148988",5.3e-12
"30498","HISEQ13:138:C6FWNANXX:2:1108:6494:35111_1:10885066",5.3e-12
"30499","HISEQ13:138:C6FWNANXX:2:1110:13327:18688_1:13737470",5.3e-12
"30500","HISEQ13:138:C6FWNANXX:2:2109:13265:62010_1:86972403",5.3e-12
"30501","HISEQ13:138:C6FWNANXX:2:2215:19113:88268_1:120732812",5.3e-12
"30502","HISEQ13:138:C6FWNANXX:2:1316:15703:91071_1:74394767",5.3e-12
"30503","HISEQ13:138:C6FWNANXX:2:1312:6315:87122_1:67590962",5.3e-12
"30504","HISEQ13:138:C6FWNANXX:2:2104:17368:62186_1:79649432",5.3e-12
"30505","HISEQ13:138:C6FWNANXX:2:1302:14937:50646_1:51737063",5.3e-12
"30506","HISEQ13:138:C6FWNANXX:2:2216:13434:83136_1:122307246",5.3e-12
"30507","HISEQ13:138:C6FWNANXX:2:2307:17764:3851_1:131135210",5.4e-12
"30508","HISEQ13:138:C6FWNANXX:2:2308:3504:87728_1:133861603",5.4e-12
"30509","HISEQ13:138:C6FWNANXX:2:1203:15069:82065_1:28890113",5.4e-12
"30510","HISEQ13:138:C6FWNANXX:2:1106:7552:97799_1:8810736",5.4e-12
"30511","HISEQ13:138:C6FWNANXX:2:1115:12588:28256_1:21872094",5.4e-12
"30512","HISEQ13:138:C6FWNANXX:2:1314:18185:54378_1:70353293",5.4e-12
"30513","HISEQ13:138:C6FWNANXX:2:2309:10793:93997_1:135464680",5.4e-12
"30514","HISEQ13:138:C6FWNANXX:2:1205:5962:72037_1:31666017",5.4e-12
"30515","HISEQ13:138:C6FWNANXX:2:1115:15552:40749_1:22079867",5.4e-12
"30516","HISEQ13:138:C6FWNANXX:2:1116:18567:81621_1:24474627",5.4e-12
"30517","HISEQ13:138:C6FWNANXX:2:2307:13996:26492_1:131467702",5.4e-12
"30518","HISEQ13:138:C6FWNANXX:2:1213:8451:50168_1:43675697",5.4e-12
"30519","HISEQ13:138:C6FWNANXX:2:1108:3999:73659_1:11486145",5.4e-12
"30520","HISEQ13:138:C6FWNANXX:2:2116:3218:90887_1:98358774",5.4e-12
"30521","HISEQ13:138:C6FWNANXX:2:1201:10127:55509_1:25593621",5.4e-12
"30522","HISEQ13:138:C6FWNANXX:2:1312:7926:21838_1:66522282",5.4e-12
"30523","HISEQ13:138:C6FWNANXX:2:1102:8583:68733_1:2444086",5.4e-12
"30524","HISEQ13:138:C6FWNANXX:2:1304:16325:40488_1:54510083",5.4e-12
"30525","HISEQ13:138:C6FWNANXX:2:1316:20232:19909_1:73152465",5.4e-12
"30526","HISEQ13:138:C6FWNANXX:2:1213:1974:94766_1:44414666",5.4e-12
"30527","HISEQ13:138:C6FWNANXX:2:1105:2375:18367_1:6107704",5.4e-12
"30528","HISEQ13:138:C6FWNANXX:2:1216:15000:1982_1:47855185",5.4e-12
"30529","HISEQ13:138:C6FWNANXX:2:2303:20903:44207_1:125998677",5.4e-12
"30530","HISEQ13:138:C6FWNANXX:2:2313:18046:83695_1:141527952",5.4e-12
"30531","HISEQ13:138:C6FWNANXX:2:1103:17131:32167_1:3371101",5.4e-12
"30532","HISEQ13:138:C6FWNANXX:2:1106:20746:62187_1:8268527",5.4e-12
"30533","HISEQ13:138:C6FWNANXX:2:2115:15560:58714_1:96203186",5.4e-12
"30534","HISEQ13:138:C6FWNANXX:2:1109:9985:64358_1:12896535",5.4e-12
"30535","HISEQ13:138:C6FWNANXX:2:2312:5665:29860_1:139080231",5.4e-12
"30536","HISEQ13:138:C6FWNANXX:2:1313:2714:88941_1:69262464",5.4e-12
"30537","HISEQ13:138:C6FWNANXX:2:2216:9084:63838_1:121979353",5.4e-12
"30538","HISEQ13:138:C6FWNANXX:2:2103:10639:14557_1:77555811",5.4e-12
"30539","HISEQ13:138:C6FWNANXX:2:2209:3235:31303_1:110435623",5.4e-12
"30540","HISEQ13:138:C6FWNANXX:2:2310:17687:67557_1:136581460",5.4e-12
"30541","HISEQ13:138:C6FWNANXX:2:2106:14163:20068_1:81908121",5.4e-12
"30542","HISEQ13:138:C6FWNANXX:2:1201:9875:62761_1:25700494",5.4e-12
"30543","HISEQ13:138:C6FWNANXX:2:2206:10467:98820_1:107019727",5.4e-12
"30544","HISEQ13:138:C6FWNANXX:2:1213:15783:29534_1:43337997",5.4e-12
"30545","HISEQ13:138:C6FWNANXX:2:2308:12621:2863_1:132586177",5.4e-12
"30546","HISEQ13:138:C6FWNANXX:2:2105:19939:85699_1:81420692",5.4e-12
"30547","HISEQ13:138:C6FWNANXX:2:1204:19045:16186_1:29361690",5.4e-12
"30548","HISEQ13:138:C6FWNANXX:2:1109:8464:91160_1:13319161",5.5e-12
"30549","HISEQ13:138:C6FWNANXX:2:1112:3497:79997_1:17781037",5.5e-12
"30550","HISEQ13:138:C6FWNANXX:2:1310:15475:65217_1:64032592",5.5e-12
"30551","HISEQ13:138:C6FWNANXX:2:1313:14341:55530_1:68707538",5.5e-12
"30552","HISEQ13:138:C6FWNANXX:2:1105:3489:16501_1:6081868",5.5e-12
"30553","HISEQ13:138:C6FWNANXX:2:1211:18592:86414_1:41072843",5.5e-12
"30554","HISEQ13:138:C6FWNANXX:2:1214:16088:27474_1:44942707",5.5e-12
"30555","HISEQ13:138:C6FWNANXX:2:1309:18827:79395_1:62693180",5.5e-12
"30556","HISEQ13:138:C6FWNANXX:2:1209:16592:31271_1:37077626",5.5e-12
"30557","HISEQ13:138:C6FWNANXX:2:1209:20298:45658_1:37300009",5.5e-12
"30558","HISEQ13:138:C6FWNANXX:2:1311:21268:64240_1:65599374",5.5e-12
"30559","HISEQ13:138:C6FWNANXX:2:1209:13092:56299_1:37466279",5.5e-12
"30560","HISEQ13:138:C6FWNANXX:2:1102:20230:74953_1:2538804",5.5e-12
"30561","HISEQ13:138:C6FWNANXX:2:2216:7259:53909_1:121809126",5.5e-12
"30562","HISEQ13:138:C6FWNANXX:2:2301:1665:83995_1:123759184",5.5e-12
"30563","HISEQ13:138:C6FWNANXX:2:1308:16807:91978_1:61330354",5.5e-12
"30564","HISEQ13:138:C6FWNANXX:2:2211:18724:20080_1:113282645",5.5e-12
"30565","HISEQ13:138:C6FWNANXX:2:1107:17174:70599_1:9910612",5.5e-12
"30566","HISEQ13:138:C6FWNANXX:2:1110:12794:48594_1:14210767",5.5e-12
"30567","HISEQ13:138:C6FWNANXX:2:1112:11691:76995_1:17733359",5.5e-12
"30568","HISEQ13:138:C6FWNANXX:2:1305:15706:74780_1:56510223",5.5e-12
"30569","HISEQ13:138:C6FWNANXX:2:2205:10585:38597_1:104697500",5.5e-12
"30570","HISEQ13:138:C6FWNANXX:2:2311:4187:55934_1:137927967",5.5e-12
"30571","HISEQ13:138:C6FWNANXX:2:1116:9992:32089_1:23622052",5.5e-12
"30572","HISEQ13:138:C6FWNANXX:2:1206:10411:43544_1:32726152",5.5e-12
"30573","HISEQ13:138:C6FWNANXX:2:1312:7511:14290_1:66399100",5.5e-12
"30574","HISEQ13:138:C6FWNANXX:2:1214:19601:49195_1:45308847",5.5e-12
"30575","HISEQ13:138:C6FWNANXX:2:1305:3001:50239_1:56135817",5.5e-12
"30576","HISEQ13:138:C6FWNANXX:2:1103:7869:41324_1:3505508",5.5e-12
"30577","HISEQ13:138:C6FWNANXX:2:1209:11136:59707_1:37517251",5.5e-12
"30578","HISEQ13:138:C6FWNANXX:2:2116:13044:61185_1:97871146",5.5e-12
"30579","HISEQ13:138:C6FWNANXX:2:2211:5101:54152_1:113813236",5.5e-12
"30580","HISEQ13:138:C6FWNANXX:2:1207:2817:14026_1:33775255",5.5e-12
"30581","HISEQ13:138:C6FWNANXX:2:1114:7112:47386_1:20523426",5.5e-12
"30582","HISEQ13:138:C6FWNANXX:2:1302:18189:37800_1:51550317",5.5e-12
"30583","HISEQ13:138:C6FWNANXX:2:2315:8240:30103_1:143889634",5.5e-12
"30584","HISEQ13:138:C6FWNANXX:2:2115:9023:98226_1:96848640",5.5e-12
"30585","HISEQ13:138:C6FWNANXX:2:2313:13050:12933_1:140383113",5.5e-12
"30586","HISEQ13:138:C6FWNANXX:2:2209:2589:13595_1:110166299",5.5e-12
"30587","HISEQ13:138:C6FWNANXX:2:1109:13465:47300_1:12627245",5.6e-12
"30588","HISEQ13:138:C6FWNANXX:2:1302:3990:87074_1:52272618",5.6e-12
"30589","HISEQ13:138:C6FWNANXX:2:2202:11623:69992_1:100898592",5.6e-12
"30590","HISEQ13:138:C6FWNANXX:2:2301:17310:28248_1:122976549",5.6e-12
"30591","HISEQ13:138:C6FWNANXX:2:1204:1382:21450_1:29435553",5.6e-12
"30592","HISEQ13:138:C6FWNANXX:2:2206:15554:44274_1:106219909",5.6e-12
"30593","HISEQ13:138:C6FWNANXX:2:2302:7002:98762_1:125370421",5.6e-12
"30594","HISEQ13:138:C6FWNANXX:2:1308:20799:82094_1:61178598",5.6e-12
"30595","HISEQ13:138:C6FWNANXX:2:2106:19192:73095_1:82689636",5.6e-12
"30596","HISEQ13:138:C6FWNANXX:2:1311:8919:51671_1:65394238",5.6e-12
"30597","HISEQ13:138:C6FWNANXX:2:2208:7052:83259_1:109728373",5.6e-12
"30598","HISEQ13:138:C6FWNANXX:2:1110:11933:89473_1:14852423",5.6e-12
"30599","HISEQ13:138:C6FWNANXX:2:1206:19628:81872_1:33305984",5.6e-12
"30600","HISEQ13:138:C6FWNANXX:2:2212:14693:3895_1:114580239",5.6e-12
"30601","HISEQ13:138:C6FWNANXX:2:2301:21164:77739_1:123674301",5.6e-12
"30602","HISEQ13:138:C6FWNANXX:2:2314:18529:13393_1:141990070",5.6e-12
"30603","HISEQ13:138:C6FWNANXX:2:1214:8807:40109_1:45155642",5.6e-12
"30604","HISEQ13:138:C6FWNANXX:2:2112:12113:37738_1:91101268",5.6e-12
"30605","HISEQ13:138:C6FWNANXX:2:2213:12421:95725_1:117606583",5.6e-12
"30606","HISEQ13:138:C6FWNANXX:2:1209:2391:63054_1:37570593",5.6e-12
"30607","HISEQ13:138:C6FWNANXX:2:2307:13749:10160_1:131227216",5.6e-12
"30608","HISEQ13:138:C6FWNANXX:2:1203:17373:5781_1:27768481",5.6e-12
"30609","HISEQ13:138:C6FWNANXX:2:1210:17042:17079_1:38402656",5.6e-12
"30610","HISEQ13:138:C6FWNANXX:2:1213:7287:76681_1:44114546",5.6e-12
"30611","HISEQ13:138:C6FWNANXX:2:2116:4318:76297_1:98119121",5.6e-12
"30612","HISEQ13:138:C6FWNANXX:2:2207:21044:45699_1:107692333",5.6e-12
"30613","HISEQ13:138:C6FWNANXX:2:2211:3970:45442_1:113675673",5.6e-12
"30614","HISEQ13:138:C6FWNANXX:2:2116:18182:41936_1:97556703",5.6e-12
"30615","HISEQ13:138:C6FWNANXX:2:2204:9488:74864_1:103795115",5.6e-12
"30616","HISEQ13:138:C6FWNANXX:2:1204:9105:41294_1:29734479",5.6e-12
"30617","HISEQ13:138:C6FWNANXX:2:2316:11928:69952_1:146204418",5.6e-12
"30618","HISEQ13:138:C6FWNANXX:2:1314:3561:18736_1:69742596",5.6e-12
"30619","HISEQ13:138:C6FWNANXX:2:2304:8593:80961_1:127931001",5.6e-12
"30620","HISEQ13:138:C6FWNANXX:2:2115:18589:64131_1:96293297",5.6e-12
"30621","HISEQ13:138:C6FWNANXX:2:2109:8487:98799_1:87529823",5.6e-12
"30622","HISEQ13:138:C6FWNANXX:2:1116:13168:80227_1:24447195",5.6e-12
"30623","HISEQ13:138:C6FWNANXX:2:2215:11135:82324_1:120631332",5.6e-12
"30624","HISEQ13:138:C6FWNANXX:2:1301:17137:7664_1:49652518",5.6e-12
"30625","HISEQ13:138:C6FWNANXX:2:2215:3753:66219_1:120361436",5.6e-12
"30626","HISEQ13:138:C6FWNANXX:2:1206:16205:37324_1:32632466",5.7e-12
"30627","HISEQ13:138:C6FWNANXX:2:1301:13524:92176_1:50894445",5.7e-12
"30628","HISEQ13:138:C6FWNANXX:2:1314:21157:34263_1:70013952",5.7e-12
"30629","HISEQ13:138:C6FWNANXX:2:1113:11456:77691_1:19375418",5.7e-12
"30630","HISEQ13:138:C6FWNANXX:2:1208:14326:74775_1:36217702",5.7e-12
"30631","HISEQ13:138:C6FWNANXX:2:1310:10380:41644_1:63657623",5.7e-12
"30632","HISEQ13:138:C6FWNANXX:2:1314:4586:37961_1:70070202",5.7e-12
"30633","HISEQ13:138:C6FWNANXX:2:1104:5448:26342_1:4749275",5.7e-12
"30634","HISEQ13:138:C6FWNANXX:2:2114:11522:82742_1:94985184",5.7e-12
"30635","HISEQ13:138:C6FWNANXX:2:2108:6550:49686_1:85282204",5.7e-12
"30636","HISEQ13:138:C6FWNANXX:2:2207:11841:82305_1:108235358",5.7e-12
"30637","HISEQ13:138:C6FWNANXX:2:2210:8865:65422_1:112459758",5.7e-12
"30638","HISEQ13:138:C6FWNANXX:2:2110:11192:17830_1:87802528",5.7e-12
"30639","HISEQ13:138:C6FWNANXX:2:1211:16586:61656_1:40674054",5.7e-12
"30640","HISEQ13:138:C6FWNANXX:2:2115:14639:91919_1:96746019",5.7e-12
"30641","HISEQ13:138:C6FWNANXX:2:1303:10388:98576_1:53906198",5.7e-12
"30642","HISEQ13:138:C6FWNANXX:2:1107:16206:77627_1:10017407",5.7e-12
"30643","HISEQ13:138:C6FWNANXX:2:1108:13934:66850_1:11381163",5.7e-12
"30644","HISEQ13:138:C6FWNANXX:2:2208:2006:38245_1:109046055",5.7e-12
"30645","HISEQ13:138:C6FWNANXX:2:1206:12748:60717_1:32984998",5.7e-12
"30646","HISEQ13:138:C6FWNANXX:2:2308:14994:16090_1:132785605",5.7e-12
"30647","HISEQ13:138:C6FWNANXX:2:1208:12224:67097_1:36097634",5.7e-12
"30648","HISEQ13:138:C6FWNANXX:2:1310:6976:60780_1:63964044",5.7e-12
"30649","HISEQ13:138:C6FWNANXX:2:1315:19508:55926_1:72063159",5.7e-12
"30650","HISEQ13:138:C6FWNANXX:2:2111:15549:41631_1:89682922",5.7e-12
"30651","HISEQ13:138:C6FWNANXX:2:2204:5674:25370_1:103083909",5.7e-12
"30652","HISEQ13:138:C6FWNANXX:2:1106:17205:30068_1:7779966",5.7e-12
"30653","HISEQ13:138:C6FWNANXX:2:2307:12649:56571_1:131915588",5.7e-12
"30654","HISEQ13:138:C6FWNANXX:2:1211:21399:25736_1:40094965",5.7e-12
"30655","HISEQ13:138:C6FWNANXX:2:1113:15202:98114_1:19717997",5.7e-12
"30656","HISEQ13:138:C6FWNANXX:2:2111:18919:35434_1:89585960",5.7e-12
"30657","HISEQ13:138:C6FWNANXX:2:2201:19121:54526_1:99276824",5.7e-12
"30658","HISEQ13:138:C6FWNANXX:2:2309:3828:82804_1:135295276",5.7e-12
"30659","HISEQ13:138:C6FWNANXX:2:2311:13206:15083_1:137292575",5.7e-12
"30660","HISEQ13:138:C6FWNANXX:2:1303:2317:19219_1:52727837",5.7e-12
"30661","HISEQ13:138:C6FWNANXX:2:2314:4168:45979_1:142519629",5.7e-12
"30662","HISEQ13:138:C6FWNANXX:2:1213:2874:88698_1:44311615",5.7e-12
"30663","HISEQ13:138:C6FWNANXX:2:2311:12718:93741_1:138527025",5.7e-12
"30664","HISEQ13:138:C6FWNANXX:2:1110:14300:75368_1:14633419",5.7e-12
"30665","HISEQ13:138:C6FWNANXX:2:1114:11543:7210_1:19850105",5.7e-12
"30666","HISEQ13:138:C6FWNANXX:2:1115:15346:42558_1:22113823",5.7e-12
"30667","HISEQ13:138:C6FWNANXX:2:1215:18451:31750_1:46685654",5.7e-12
"30668","HISEQ13:138:C6FWNANXX:2:2213:9317:2444_1:116109780",5.7e-12
"30669","HISEQ13:138:C6FWNANXX:2:2306:7644:100602_1:131103085",5.7e-12
"30670","HISEQ13:138:C6FWNANXX:2:1111:5989:68314_1:16106206",5.7e-12
"30671","HISEQ13:138:C6FWNANXX:2:1310:15232:90706_1:64435480",5.7e-12
"30672","HISEQ13:138:C6FWNANXX:2:1309:12329:21271_1:61774827",5.7e-12
"30673","HISEQ13:138:C6FWNANXX:2:2303:16075:79784_1:126503772",5.7e-12
"30674","HISEQ13:138:C6FWNANXX:2:2110:2946:51992_1:88321514",5.7e-12
"30675","HISEQ13:138:C6FWNANXX:2:2308:20325:44416_1:133211729",5.7e-12
"30676","HISEQ13:138:C6FWNANXX:2:1108:10256:85445_1:11671222",5.7e-12
"30677","HISEQ13:138:C6FWNANXX:2:1108:2829:60755_1:11285667",5.8e-12
"30678","HISEQ13:138:C6FWNANXX:2:1308:9375:27544_1:60325314",5.8e-12
"30679","HISEQ13:138:C6FWNANXX:2:2303:7714:96052_1:126732664",5.8e-12
"30680","HISEQ13:138:C6FWNANXX:2:1204:7686:66750_1:30109433",5.8e-12
"30681","HISEQ13:138:C6FWNANXX:2:2314:9460:54006_1:142656729",5.8e-12
"30682","HISEQ13:138:C6FWNANXX:2:1313:15478:19747_1:68109601",5.8e-12
"30683","HISEQ13:138:C6FWNANXX:2:2116:16771:63511_1:97912907",5.8e-12
"30684","HISEQ13:138:C6FWNANXX:2:1201:14902:17875_1:25039490",5.8e-12
"30685","HISEQ13:138:C6FWNANXX:2:1309:16670:24041_1:61818719",5.8e-12
"30686","HISEQ13:138:C6FWNANXX:2:1215:8743:95678_1:47765490",5.8e-12
"30687","HISEQ13:138:C6FWNANXX:2:1206:1748:47116_1:32777492",5.8e-12
"30688","HISEQ13:138:C6FWNANXX:2:1308:7679:11086_1:60070505",5.8e-12
"30689","HISEQ13:138:C6FWNANXX:2:1205:21048:26000_1:30981035",5.8e-12
"30690","HISEQ13:138:C6FWNANXX:2:2113:19822:47391_1:92821373",5.8e-12
"30691","HISEQ13:138:C6FWNANXX:2:2215:6146:88815_1:120738483",5.8e-12
"30692","HISEQ13:138:C6FWNANXX:2:2216:10458:97920_1:122555530",5.8e-12
"30693","HISEQ13:138:C6FWNANXX:2:2305:12004:2581_1:128227229",5.8e-12
"30694","HISEQ13:138:C6FWNANXX:2:1315:18490:72325_1:72346587",5.8e-12
"30695","HISEQ13:138:C6FWNANXX:2:1108:12870:89028_1:11730871",5.8e-12
"30696","HISEQ13:138:C6FWNANXX:2:1310:4767:17151_1:63267280",5.8e-12
"30697","HISEQ13:138:C6FWNANXX:2:2215:5894:87350_1:120713277",5.8e-12
"30698","HISEQ13:138:C6FWNANXX:2:2201:12757:9211_1:98627238",5.8e-12
"30699","HISEQ13:138:C6FWNANXX:2:1312:1665:52850_1:67025946",5.8e-12
"30700","HISEQ13:138:C6FWNANXX:2:2315:11030:85368_1:144799785",5.8e-12
"30701","HISEQ13:138:C6FWNANXX:2:2114:19081:42592_1:94335832",5.8e-12
"30702","HISEQ13:138:C6FWNANXX:2:2113:11010:100665_1:93674380",5.8e-12
"30703","HISEQ13:138:C6FWNANXX:2:2305:8441:72883_1:129246101",5.8e-12
"30704","HISEQ13:138:C6FWNANXX:2:1215:2348:35314_1:46741890",5.8e-12
"30705","HISEQ13:138:C6FWNANXX:2:2214:5842:21444_1:118006231",5.8e-12
"30706","HISEQ13:138:C6FWNANXX:2:2211:21068:78344_1:114194692",5.9e-12
"30707","HISEQ13:138:C6FWNANXX:2:1309:7320:10482_1:61600775",5.9e-12
"30708","HISEQ13:138:C6FWNANXX:2:1112:10761:34626_1:17046546",5.9e-12
"30709","HISEQ13:138:C6FWNANXX:2:2311:7641:47733_1:137799581",5.9e-12
"30710","HISEQ13:138:C6FWNANXX:2:1309:2597:76157_1:62638908",5.9e-12
"30711","HISEQ13:138:C6FWNANXX:2:2103:2234:2130_1:77376476",5.9e-12
"30712","HISEQ13:138:C6FWNANXX:2:2115:2360:88542_1:96690012",5.9e-12
"30713","HISEQ13:138:C6FWNANXX:2:2303:10287:70501_1:126372311",5.9e-12
"30714","HISEQ13:138:C6FWNANXX:2:1102:17277:74224_1:2527217",5.9e-12
"30715","HISEQ13:138:C6FWNANXX:2:1104:8581:58685_1:5230354",5.9e-12
"30716","HISEQ13:138:C6FWNANXX:2:1112:19754:31370_1:16995526",5.9e-12
"30717","HISEQ13:138:C6FWNANXX:2:2201:16017:89702_1:99774951",5.9e-12
"30718","HISEQ13:138:C6FWNANXX:2:1204:16663:43640_1:29769009",5.9e-12
"30719","HISEQ13:138:C6FWNANXX:2:1308:20509:19789_1:60207447",5.9e-12
"30720","HISEQ13:138:C6FWNANXX:2:2111:7112:33650_1:89557101",5.9e-12
"30721","HISEQ13:138:C6FWNANXX:2:2205:13007:53034_1:104909055",5.9e-12
"30722","HISEQ13:138:C6FWNANXX:2:2204:13472:61765_1:103609677",5.9e-12
"30723","HISEQ13:138:C6FWNANXX:2:2314:8507:5012_1:141853767",5.9e-12
"30724","HISEQ13:138:C6FWNANXX:2:2305:6518:9632_1:128327839",5.9e-12
"30725","HISEQ13:138:C6FWNANXX:2:1115:15375:7358_1:21517264",5.9e-12
"30726","HISEQ13:138:C6FWNANXX:2:2110:15808:92070_1:88936526",5.9e-12
"30727","HISEQ13:138:C6FWNANXX:2:2113:4010:79282_1:93331199",5.9e-12
"30728","HISEQ13:138:C6FWNANXX:2:1109:11102:36688_1:12457827",5.9e-12
"30729","HISEQ13:138:C6FWNANXX:2:1204:2616:47742_1:29826243",5.9e-12
"30730","HISEQ13:138:C6FWNANXX:2:2305:6386:82072_1:129380546",5.9e-12
"30731","HISEQ13:138:C6FWNANXX:2:1215:7877:83790_1:47563551",5.9e-12
"30732","HISEQ13:138:C6FWNANXX:2:2213:6530:71082_1:117211739",5.9e-12
"30733","HISEQ13:138:C6FWNANXX:2:1112:1384:31053_1:16987846",5.9e-12
"30734","HISEQ13:138:C6FWNANXX:2:2313:6448:27776_1:140621777",5.9e-12
"30735","HISEQ13:138:C6FWNANXX:2:1313:9943:99615_1:69443163",5.9e-12
"30736","HISEQ13:138:C6FWNANXX:2:2314:4591:14159_1:141999522",5.9e-12
"30737","HISEQ13:138:C6FWNANXX:2:1207:14399:74960_1:34699585",5.9e-12
"30738","HISEQ13:138:C6FWNANXX:2:1309:5204:99244_1:63001761",5.9e-12
"30739","HISEQ13:138:C6FWNANXX:2:2108:12937:73699_1:85646251",5.9e-12
"30740","HISEQ13:138:C6FWNANXX:2:1301:2382:88300_1:50837107",5.9e-12
"30741","HISEQ13:138:C6FWNANXX:2:2201:19588:87717_1:99747096",5.9e-12
"30742","HISEQ13:138:C6FWNANXX:2:1111:10809:2288_1:15038914",5.9e-12
"30743","HISEQ13:138:C6FWNANXX:2:2216:11192:14563_1:121149204",5.9e-12
"30744","HISEQ13:138:C6FWNANXX:2:1106:10266:56574_1:8181800",6e-12
"30745","HISEQ13:138:C6FWNANXX:2:2106:16514:63125_1:82541716",6e-12
"30746","HISEQ13:138:C6FWNANXX:2:1211:18809:97357_1:41251828",6e-12
"30747","HISEQ13:138:C6FWNANXX:2:2112:14663:100374_1:92091245",6e-12
"30748","HISEQ13:138:C6FWNANXX:2:1306:12165:85002_1:58170668",6e-12
"30749","HISEQ13:138:C6FWNANXX:2:2302:4381:56855_1:124773608",6e-12
"30750","HISEQ13:138:C6FWNANXX:2:2115:6781:61081_1:96241978",6e-12
"30751","HISEQ13:138:C6FWNANXX:2:2206:20852:51629_1:106327482",6e-12
"30752","HISEQ13:138:C6FWNANXX:2:1103:9291:14837_1:3112953",6e-12
"30753","HISEQ13:138:C6FWNANXX:2:2302:17672:39303_1:124529511",6e-12
"30754","HISEQ13:138:C6FWNANXX:2:2212:3238:94612_1:116003654",6e-12
"30755","HISEQ13:138:C6FWNANXX:2:2310:13590:37165_1:136112243",6e-12
"30756","HISEQ13:138:C6FWNANXX:2:2116:3499:18875_1:97172301",6e-12
"30757","HISEQ13:138:C6FWNANXX:2:2213:9808:74961_1:117272392",6e-12
"30758","HISEQ13:138:C6FWNANXX:2:2107:8957:40349_1:83665267",6e-12
"30759","HISEQ13:138:C6FWNANXX:2:1107:17812:8874_1:8964359",6e-12
"30760","HISEQ13:138:C6FWNANXX:2:2101:9888:58953_1:75372147",6e-12
"30761","HISEQ13:138:C6FWNANXX:2:1104:12981:67036_1:5357849",6e-12
"30762","HISEQ13:138:C6FWNANXX:2:1111:9722:81892_1:16346707",6e-12
"30763","HISEQ13:138:C6FWNANXX:2:1113:2371:96129_1:19681788",6e-12
"30764","HISEQ13:138:C6FWNANXX:2:2115:20584:11906_1:95444034",6e-12
"30765","HISEQ13:138:C6FWNANXX:2:2104:10680:47600_1:79439483",6e-12
"30766","HISEQ13:138:C6FWNANXX:2:2114:14475:15549_1:93897630",6e-12
"30767","HISEQ13:138:C6FWNANXX:2:1206:14838:31267_1:32540795",6e-12
"30768","HISEQ13:138:C6FWNANXX:2:1206:6467:73767_1:33184075",6e-12
"30769","HISEQ13:138:C6FWNANXX:2:2206:21200:94609_1:106958704",6e-12
"30770","HISEQ13:138:C6FWNANXX:2:2215:9121:58981_1:120242572",6e-12
"30771","HISEQ13:138:C6FWNANXX:2:2301:11016:20391_1:122865804",6e-12
"30772","HISEQ13:138:C6FWNANXX:2:2305:11852:63326_1:129108953",6e-12
"30773","HISEQ13:138:C6FWNANXX:2:1304:3768:6165_1:53998566",6.1e-12
"30774","HISEQ13:138:C6FWNANXX:2:2116:16874:85260_1:98271088",6.1e-12
"30775","HISEQ13:138:C6FWNANXX:2:2312:16460:29815_1:139082333",6.1e-12
"30776","HISEQ13:138:C6FWNANXX:2:1115:1975:6978_1:21505852",6.1e-12
"30777","HISEQ13:138:C6FWNANXX:2:1308:7603:25217_1:60286377",6.1e-12
"30778","HISEQ13:138:C6FWNANXX:2:2307:18088:12836_1:131268619",6.1e-12
"30779","HISEQ13:138:C6FWNANXX:2:1113:9064:13309_1:18314356",6.1e-12
"30780","HISEQ13:138:C6FWNANXX:2:1107:13537:24811_1:9208921",6.1e-12
"30781","HISEQ13:138:C6FWNANXX:2:2110:17266:86064_1:88845595",6.1e-12
"30782","HISEQ13:138:C6FWNANXX:2:1314:13396:85391_1:70879784",6.1e-12
"30783","HISEQ13:138:C6FWNANXX:2:2307:11808:9113_1:131212111",6.1e-12
"30784","HISEQ13:138:C6FWNANXX:2:1306:6422:11478_1:57044047",6.1e-12
"30785","HISEQ13:138:C6FWNANXX:2:1208:17193:57176_1:35943423",6.1e-12
"30786","HISEQ13:138:C6FWNANXX:2:1304:4296:29142_1:54341030",6.1e-12
"30787","HISEQ13:138:C6FWNANXX:2:2202:11756:57470_1:100720149",6.1e-12
"30788","HISEQ13:138:C6FWNANXX:2:1310:11381:81282_1:64287807",6.1e-12
"30789","HISEQ13:138:C6FWNANXX:2:1108:4102:74459_1:11497842",6.1e-12
"30790","HISEQ13:138:C6FWNANXX:2:2106:16260:95072_1:83011497",6.1e-12
"30791","HISEQ13:138:C6FWNANXX:2:2107:13660:73537_1:84160372",6.1e-12
"30792","HISEQ13:138:C6FWNANXX:2:1104:8746:39449_1:4943641",6.1e-12
"30793","HISEQ13:138:C6FWNANXX:2:2106:4761:78970_1:82771011",6.1e-12
"30794","HISEQ13:138:C6FWNANXX:2:2305:14113:46698_1:128865888",6.1e-12
"30795","HISEQ13:138:C6FWNANXX:2:2309:2509:56834_1:134895218",6.1e-12
"30796","HISEQ13:138:C6FWNANXX:2:1201:3996:2783_1:24815862",6.1e-12
"30797","HISEQ13:138:C6FWNANXX:2:1313:3227:30112_1:68281731",6.2e-12
"30798","HISEQ13:138:C6FWNANXX:2:1310:17460:42694_1:63675188",6.2e-12
"30799","HISEQ13:138:C6FWNANXX:2:2316:9540:83568_1:146435714",6.2e-12
"30800","HISEQ13:138:C6FWNANXX:2:2216:6620:71301_1:122106093",6.2e-12
"30801","HISEQ13:138:C6FWNANXX:2:1304:6749:47789_1:54621251",6.2e-12
"30802","HISEQ13:138:C6FWNANXX:2:1314:3328:86710_1:70898850",6.2e-12
"30803","HISEQ13:138:C6FWNANXX:2:1301:10067:12442_1:49721769",6.2e-12
"30804","HISEQ13:138:C6FWNANXX:2:1214:9850:66601_1:45600735",6.2e-12
"30805","HISEQ13:138:C6FWNANXX:2:1308:7912:38041_1:60488045",6.2e-12
"30806","HISEQ13:138:C6FWNANXX:2:1210:6782:18245_1:38416406",6.2e-12
"30807","HISEQ13:138:C6FWNANXX:2:2103:20639:94436_1:78691305",6.2e-12
"30808","HISEQ13:138:C6FWNANXX:2:1211:10965:75629_1:40897720",6.2e-12
"30809","HISEQ13:138:C6FWNANXX:2:1213:4877:36145_1:43443301",6.2e-12
"30810","HISEQ13:138:C6FWNANXX:2:2314:1352:88074_1:143214300",6.2e-12
"30811","HISEQ13:138:C6FWNANXX:2:1102:9314:65713_1:2400054",6.2e-12
"30812","HISEQ13:138:C6FWNANXX:2:1107:17998:55167_1:9673089",6.2e-12
"30813","HISEQ13:138:C6FWNANXX:2:2207:11841:82305_1:108235359",6.2e-12
"30814","HISEQ13:138:C6FWNANXX:2:2310:4060:89512_1:136915605",6.2e-12
"30815","HISEQ13:138:C6FWNANXX:2:1108:9278:37456_1:10920890",6.2e-12
"30816","HISEQ13:138:C6FWNANXX:2:1114:12166:33493_1:20289506",6.2e-12
"30817","HISEQ13:138:C6FWNANXX:2:1112:5931:61241_1:17474660",6.2e-12
"30818","HISEQ13:138:C6FWNANXX:2:2112:14297:93126_1:91976430",6.2e-12
"30819","HISEQ13:138:C6FWNANXX:2:2202:19335:22349_1:100226093",6.2e-12
"30820","HISEQ13:138:C6FWNANXX:2:2312:17299:8794_1:138750073",6.2e-12
"30821","HISEQ13:138:C6FWNANXX:2:2103:16290:74218_1:78402139",6.2e-12
"30822","HISEQ13:138:C6FWNANXX:2:2205:4392:52185_1:104892902",6.2e-12
"30823","HISEQ13:138:C6FWNANXX:2:1215:6766:87217_1:47618679",6.2e-12
"30824","HISEQ13:138:C6FWNANXX:2:2304:5641:51996_1:127514135",6.2e-12
"30825","HISEQ13:138:C6FWNANXX:2:1112:19050:83694_1:17845518",6.2e-12
"30826","HISEQ13:138:C6FWNANXX:2:1206:20688:45113_1:32750861",6.2e-12
"30827","HISEQ13:138:C6FWNANXX:2:1313:6843:4374_1:67856147",6.2e-12
"30828","HISEQ13:138:C6FWNANXX:2:1103:18789:91038_1:4245455",6.2e-12
"30829","HISEQ13:138:C6FWNANXX:2:1108:20311:91144_1:11763540",6.2e-12
"30830","HISEQ13:138:C6FWNANXX:2:1113:6378:53190_1:18967448",6.2e-12
"30831","HISEQ13:138:C6FWNANXX:2:2112:16993:68356_1:91584282",6.2e-12
"30832","HISEQ13:138:C6FWNANXX:2:2213:7495:12717_1:116273623",6.2e-12
"30833","HISEQ13:138:C6FWNANXX:2:2301:19003:42946_1:123184480",6.2e-12
"30834","HISEQ13:138:C6FWNANXX:2:2114:2150:39441_1:94279250",6.3e-12
"30835","HISEQ13:138:C6FWNANXX:2:2302:16376:49191_1:124666053",6.3e-12
"30836","HISEQ13:138:C6FWNANXX:2:2305:14589:31378_1:128643730",6.3e-12
"30837","HISEQ13:138:C6FWNANXX:2:1304:12710:43435_1:54554716",6.3e-12
"30838","HISEQ13:138:C6FWNANXX:2:2216:6530:65093_1:121999894",6.3e-12
"30839","HISEQ13:138:C6FWNANXX:2:1304:10649:18331_1:54182753",6.3e-12
"30840","HISEQ13:138:C6FWNANXX:2:2215:17538:96479_1:120865216",6.3e-12
"30841","HISEQ13:138:C6FWNANXX:2:1209:10723:18976_1:36883103",6.3e-12
"30842","HISEQ13:138:C6FWNANXX:2:2102:11097:80082_1:77079967",6.3e-12
"30843","HISEQ13:138:C6FWNANXX:2:1314:19555:93381_1:71016552",6.3e-12
"30844","HISEQ13:138:C6FWNANXX:2:2310:14185:64185_1:136527979",6.3e-12
"30845","HISEQ13:138:C6FWNANXX:2:1107:11837:70106_1:9902015",6.3e-12
"30846","HISEQ13:138:C6FWNANXX:2:1203:14184:3411_1:27731291",6.3e-12
"30847","HISEQ13:138:C6FWNANXX:2:1308:17166:88411_1:61275971",6.3e-12
"30848","HISEQ13:138:C6FWNANXX:2:2103:11738:20950_1:77644663",6.3e-12
"30849","HISEQ13:138:C6FWNANXX:2:2206:4968:28561_1:105987269",6.3e-12
"30850","HISEQ13:138:C6FWNANXX:2:1105:3318:77796_1:7000468",6.3e-12
"30851","HISEQ13:138:C6FWNANXX:2:2114:20568:49846_1:94453904",6.3e-12
"30852","HISEQ13:138:C6FWNANXX:2:2311:1222:46898_1:137786404",6.3e-12
"30853","HISEQ13:138:C6FWNANXX:2:2113:4657:91451_1:93523879",6.3e-12
"30854","HISEQ13:138:C6FWNANXX:2:1208:5904:5962_1:35153195",6.3e-12
"30855","HISEQ13:138:C6FWNANXX:2:2106:12471:52002_1:82378502",6.3e-12
"30856","HISEQ13:138:C6FWNANXX:2:2202:2292:80526_1:101050861",6.3e-12
"30857","HISEQ13:138:C6FWNANXX:2:1316:8760:57856_1:73812757",6.4e-12
"30858","HISEQ13:138:C6FWNANXX:2:1305:11682:69045_1:56422519",6.4e-12
"30859","HISEQ13:138:C6FWNANXX:2:2305:14057:78962_1:129334615",6.4e-12
"30860","HISEQ13:138:C6FWNANXX:2:1105:2065:98276_1:7310693",6.4e-12
"30861","HISEQ13:138:C6FWNANXX:2:2204:4570:22893_1:103048417",6.4e-12
"30862","HISEQ13:138:C6FWNANXX:2:2210:13278:15803_1:111703981",6.4e-12
"30863","HISEQ13:138:C6FWNANXX:2:1101:16050:46722_1:661909",6.4e-12
"30864","HISEQ13:138:C6FWNANXX:2:1307:16040:69241_1:59443163",6.4e-12
"30865","HISEQ13:138:C6FWNANXX:2:1116:3096:9456_1:23229396",6.4e-12
"30866","HISEQ13:138:C6FWNANXX:2:2215:14874:59056_1:120247977",6.4e-12
"30867","HISEQ13:138:C6FWNANXX:2:2102:14259:78596_1:77059261",6.4e-12
"30868","HISEQ13:138:C6FWNANXX:2:1309:2597:76157_1:62638909",6.4e-12
"30869","HISEQ13:138:C6FWNANXX:2:2203:3164:81994_1:102480786",6.4e-12
"30870","HISEQ13:138:C6FWNANXX:2:1113:9943:42788_1:18798959",6.4e-12
"30871","HISEQ13:138:C6FWNANXX:2:1303:1355:51107_1:53201326",6.4e-12
"30872","HISEQ13:138:C6FWNANXX:2:2316:3710:18036_1:145328466",6.4e-12
"30873","HISEQ13:138:C6FWNANXX:2:1201:1847:69525_1:25798741",6.4e-12
"30874","HISEQ13:138:C6FWNANXX:2:2202:3777:60128_1:100758087",6.4e-12
"30875","HISEQ13:138:C6FWNANXX:2:2211:17620:71948_1:114092192",6.4e-12
"30876","HISEQ13:138:C6FWNANXX:2:1307:12212:79369_1:59600477",6.4e-12
"30877","HISEQ13:138:C6FWNANXX:2:2115:12430:17872_1:95540630",6.4e-12
"30878","HISEQ13:138:C6FWNANXX:2:2308:11045:85630_1:133832760",6.4e-12
"30879","HISEQ13:138:C6FWNANXX:2:1306:12200:23135_1:57224448",6.4e-12
"30880","HISEQ13:138:C6FWNANXX:2:2315:14138:74884_1:144627173",6.4e-12
"30881","HISEQ13:138:C6FWNANXX:2:2111:2370:13329_1:89241775",6.4e-12
"30882","HISEQ13:138:C6FWNANXX:2:2216:17607:64328_1:121989429",6.4e-12
"30883","HISEQ13:138:C6FWNANXX:2:1304:12710:43435_1:54554717",6.4e-12
"30884","HISEQ13:138:C6FWNANXX:2:2114:5723:19639_1:93960503",6.4e-12
"30885","HISEQ13:138:C6FWNANXX:2:1107:19584:81594_1:10079621",6.5e-12
"30886","HISEQ13:138:C6FWNANXX:2:1211:4086:86846_1:41077844",6.5e-12
"30887","HISEQ13:138:C6FWNANXX:2:1306:13503:7850_1:56991971",6.5e-12
"30888","HISEQ13:138:C6FWNANXX:2:1315:1364:10212_1:71277756",6.5e-12
"30889","HISEQ13:138:C6FWNANXX:2:1204:19066:38176_1:29687976",6.5e-12
"30890","HISEQ13:138:C6FWNANXX:2:2213:4719:94687_1:117588785",6.5e-12
"30891","HISEQ13:138:C6FWNANXX:2:1310:5907:33473_1:63525557",6.5e-12
"30892","HISEQ13:138:C6FWNANXX:2:2309:18153:27680_1:134454482",6.5e-12
"30893","HISEQ13:138:C6FWNANXX:2:1107:5495:3047_1:8873231",6.5e-12
"30894","HISEQ13:138:C6FWNANXX:2:1208:18984:9687_1:35212950",6.5e-12
"30895","HISEQ13:138:C6FWNANXX:2:1308:4427:61169_1:60845557",6.5e-12
"30896","HISEQ13:138:C6FWNANXX:2:1306:10533:20311_1:57182271",6.5e-12
"30897","HISEQ13:138:C6FWNANXX:2:1212:12535:24210_1:41631564",6.5e-12
"30898","HISEQ13:138:C6FWNANXX:2:2202:14320:95881_1:101271551",6.5e-12
"30899","HISEQ13:138:C6FWNANXX:2:2109:17216:56154_1:86881175",6.5e-12
"30900","HISEQ13:138:C6FWNANXX:2:2215:11053:36935_1:119880053",6.5e-12
"30901","HISEQ13:138:C6FWNANXX:2:1310:1645:95276_1:64506490",6.5e-12
"30902","HISEQ13:138:C6FWNANXX:2:2210:15149:25634_1:111853614",6.5e-12
"30903","HISEQ13:138:C6FWNANXX:2:1207:18680:20975_1:33880220",6.5e-12
"30904","HISEQ13:138:C6FWNANXX:2:2306:2502:43567_1:130262723",6.5e-12
"30905","HISEQ13:138:C6FWNANXX:2:1110:15671:83469_1:14758761",6.5e-12
"30906","HISEQ13:138:C6FWNANXX:2:1309:11747:34845_1:61987012",6.5e-12
"30907","HISEQ13:138:C6FWNANXX:2:1316:14421:82841_1:74251969",6.5e-12
"30908","HISEQ13:138:C6FWNANXX:2:1102:11293:58350_1:2293159",6.5e-12
"30909","HISEQ13:138:C6FWNANXX:2:1309:3506:97122_1:62970325",6.5e-12
"30910","HISEQ13:138:C6FWNANXX:2:1305:4235:51668_1:56158557",6.5e-12
"30911","HISEQ13:138:C6FWNANXX:2:2314:4675:9233_1:141917888",6.5e-12
"30912","HISEQ13:138:C6FWNANXX:2:1308:13147:85495_1:61228052",6.5e-12
"30913","HISEQ13:138:C6FWNANXX:2:1309:18715:56480_1:62327626",6.5e-12
"30914","HISEQ13:138:C6FWNANXX:2:1309:2989:40960_1:62080005",6.5e-12
"30915","HISEQ13:138:C6FWNANXX:2:2312:3704:52742_1:139439286",6.5e-12
"30916","HISEQ13:138:C6FWNANXX:2:1112:18624:93177_1:18000875",6.5e-12
"30917","HISEQ13:138:C6FWNANXX:2:1104:17545:99369_1:5841709",6.5e-12
"30918","HISEQ13:138:C6FWNANXX:2:1114:21046:9047_1:19885408",6.5e-12
"30919","HISEQ13:138:C6FWNANXX:2:1313:18657:21261_1:68139321",6.5e-12
"30920","HISEQ13:138:C6FWNANXX:2:1104:6926:24172_1:4715799",6.6e-12
"30921","HISEQ13:138:C6FWNANXX:2:2110:4731:90865_1:88915960",6.6e-12
"30922","HISEQ13:138:C6FWNANXX:2:2110:6039:25293_1:87916359",6.6e-12
"30923","HISEQ13:138:C6FWNANXX:2:2303:5402:65765_1:126304013",6.6e-12
"30924","HISEQ13:138:C6FWNANXX:2:1111:5026:72397_1:16175564",6.6e-12
"30925","HISEQ13:138:C6FWNANXX:2:2310:19485:19601_1:135842687",6.6e-12
"30926","HISEQ13:138:C6FWNANXX:2:2214:20641:39448_1:118302163",6.6e-12
"30927","HISEQ13:138:C6FWNANXX:2:2309:7479:51050_1:134808255",6.6e-12
"30928","HISEQ13:138:C6FWNANXX:2:1106:15799:97484_1:8804830",6.6e-12
"30929","HISEQ13:138:C6FWNANXX:2:2112:5021:11363_1:90753725",6.6e-12
"30930","HISEQ13:138:C6FWNANXX:2:2109:11300:13127_1:86226594",6.6e-12
"30931","HISEQ13:138:C6FWNANXX:2:2112:18654:59800_1:91450476",6.6e-12
"30932","HISEQ13:138:C6FWNANXX:2:2115:2403:56472_1:96163349",6.6e-12
"30933","HISEQ13:138:C6FWNANXX:2:1208:5237:81727_1:36320595",6.6e-12
"30934","HISEQ13:138:C6FWNANXX:2:1213:19770:85093_1:44257223",6.6e-12
"30935","HISEQ13:138:C6FWNANXX:2:1316:6231:10079_1:72979623",6.6e-12
"30936","HISEQ13:138:C6FWNANXX:2:2101:1707:87388_1:75776042",6.6e-12
"30937","HISEQ13:138:C6FWNANXX:2:2104:12859:60086_1:79619349",6.6e-12
"30938","HISEQ13:138:C6FWNANXX:2:2207:7771:77915_1:108167381",6.6e-12
"30939","HISEQ13:138:C6FWNANXX:2:2210:2264:37433_1:112029997",6.6e-12
"30940","HISEQ13:138:C6FWNANXX:2:2301:11308:82286_1:123740028",6.6e-12
"30941","HISEQ13:138:C6FWNANXX:2:2101:20660:73222_1:75577214",6.6e-12
"30942","HISEQ13:138:C6FWNANXX:2:2110:3230:71682_1:88621578",6.6e-12
"30943","HISEQ13:138:C6FWNANXX:2:2309:5132:50232_1:134792472",6.6e-12
"30944","HISEQ13:138:C6FWNANXX:2:2216:9705:83299_1:122310624",6.6e-12
"30945","HISEQ13:138:C6FWNANXX:2:1204:16431:82355_1:30345271",6.6e-12
"30946","HISEQ13:138:C6FWNANXX:2:1313:9147:86479_1:69221735",6.6e-12
"30947","HISEQ13:138:C6FWNANXX:2:2311:11476:58490_1:137968836",6.6e-12
"30948","HISEQ13:138:C6FWNANXX:2:2313:15751:30476_1:140664388",6.6e-12
"30949","HISEQ13:138:C6FWNANXX:2:1103:9208:13943_1:3098119",6.6e-12
"30950","HISEQ13:138:C6FWNANXX:2:2111:1520:58658_1:89949858",6.6e-12
"30951","HISEQ13:138:C6FWNANXX:2:1210:17326:98830_1:39684551",6.6e-12
"30952","HISEQ13:138:C6FWNANXX:2:2216:11949:45412_1:121666178",6.6e-12
"30953","HISEQ13:138:C6FWNANXX:2:2114:3586:22305_1:94005305",6.6e-12
"30954","HISEQ13:138:C6FWNANXX:2:2310:20477:82628_1:136810533",6.6e-12
"30955","HISEQ13:138:C6FWNANXX:2:1313:16692:71774_1:68980586",6.6e-12
"30956","HISEQ13:138:C6FWNANXX:2:1201:8914:76965_1:25906222",6.7e-12
"30957","HISEQ13:138:C6FWNANXX:2:1208:3114:46723_1:35777979",6.7e-12
"30958","HISEQ13:138:C6FWNANXX:2:1304:5664:11786_1:54085144",6.7e-12
"30959","HISEQ13:138:C6FWNANXX:2:1206:13337:51842_1:32852018",6.7e-12
"30960","HISEQ13:138:C6FWNANXX:2:1214:5623:4298_1:44555813",6.7e-12
"30961","HISEQ13:138:C6FWNANXX:2:2103:3758:86023_1:78570838",6.7e-12
"30962","HISEQ13:138:C6FWNANXX:2:2213:15154:24156_1:116457905",6.7e-12
"30963","HISEQ13:138:C6FWNANXX:2:2110:19543:75078_1:88678053",6.7e-12
"30964","HISEQ13:138:C6FWNANXX:2:2103:9662:96344_1:78718124",6.7e-12
"30965","HISEQ13:138:C6FWNANXX:2:2108:6267:36388_1:85082192",6.7e-12
"30966","HISEQ13:138:C6FWNANXX:2:2114:7273:99991_1:95264300",6.7e-12
"30967","HISEQ13:138:C6FWNANXX:2:1213:10845:47943_1:43638596",6.7e-12
"30968","HISEQ13:138:C6FWNANXX:2:1314:2560:83079_1:70839036",6.7e-12
"30969","HISEQ13:138:C6FWNANXX:2:2207:14383:19736_1:107309216",6.7e-12
"30970","HISEQ13:138:C6FWNANXX:2:2216:1231:18916_1:121217579",6.7e-12
"30971","HISEQ13:138:C6FWNANXX:2:1203:1891:35020_1:28196752",6.7e-12
"30972","HISEQ13:138:C6FWNANXX:2:2110:15389:85150_1:88829972",6.7e-12
"30973","HISEQ13:138:C6FWNANXX:2:2302:16095:26579_1:124350601",6.7e-12
"30974","HISEQ13:138:C6FWNANXX:2:1210:7036:26275_1:38546670",6.7e-12
"30975","HISEQ13:138:C6FWNANXX:2:1108:14448:38808_1:10945064",6.7e-12
"30976","HISEQ13:138:C6FWNANXX:2:1112:17799:72291_1:17660714",6.7e-12
"30977","HISEQ13:138:C6FWNANXX:2:1311:8286:34199_1:65110414",6.7e-12
"30978","HISEQ13:138:C6FWNANXX:2:2105:20733:81041_1:81355163",6.7e-12
"30979","HISEQ13:138:C6FWNANXX:2:1111:19092:50842_1:15815880",6.7e-12
"30980","HISEQ13:138:C6FWNANXX:2:2213:13439:89913_1:117515253",6.7e-12
"30981","HISEQ13:138:C6FWNANXX:2:2308:17836:66893_1:133551419",6.7e-12
"30982","HISEQ13:138:C6FWNANXX:2:2214:9695:19321_1:117974463",6.7e-12
"30983","HISEQ13:138:C6FWNANXX:2:1106:15861:53538_1:8137222",6.7e-12
"30984","HISEQ13:138:C6FWNANXX:2:1209:17444:52501_1:37408887",6.7e-12
"30985","HISEQ13:138:C6FWNANXX:2:1314:15785:27455_1:69894475",6.8e-12
"30986","HISEQ13:138:C6FWNANXX:2:1113:15472:79823_1:19413644",6.8e-12
"30987","HISEQ13:138:C6FWNANXX:2:1302:10583:97660_1:52429737",6.8e-12
"30988","HISEQ13:138:C6FWNANXX:2:1314:15489:84633_1:70867501",6.8e-12
"30989","HISEQ13:138:C6FWNANXX:2:1103:13905:45452_1:3565807",6.8e-12
"30990","HISEQ13:138:C6FWNANXX:2:1308:6294:18040_1:60177999",6.8e-12
"30991","HISEQ13:138:C6FWNANXX:2:2109:4043:22702_1:86370107",6.8e-12
"30992","HISEQ13:138:C6FWNANXX:2:2112:14734:18115_1:90806569",6.8e-12
"30993","HISEQ13:138:C6FWNANXX:2:2114:15614:6794_1:93757105",6.8e-12
"30994","HISEQ13:138:C6FWNANXX:2:2313:12287:52349_1:141019755",6.8e-12
"30995","HISEQ13:138:C6FWNANXX:2:1104:18250:77774_1:5519850",6.8e-12
"30996","HISEQ13:138:C6FWNANXX:2:1306:16394:46438_1:57579816",6.8e-12
"30997","HISEQ13:138:C6FWNANXX:2:2103:20811:96174_1:78716534",6.8e-12
"30998","HISEQ13:138:C6FWNANXX:2:1203:18333:28163_1:28096985",6.8e-12
"30999","HISEQ13:138:C6FWNANXX:2:1208:7104:86159_1:36390690",6.8e-12
"31000","HISEQ13:138:C6FWNANXX:2:1306:10810:32730_1:57369954",6.8e-12
"31001","HISEQ13:138:C6FWNANXX:2:2111:7867:84725_1:90386457",6.8e-12
"31002","HISEQ13:138:C6FWNANXX:2:2116:14497:16976_1:97141583",6.8e-12
"31003","HISEQ13:138:C6FWNANXX:2:2208:9339:87224_1:109785450",6.8e-12
"31004","HISEQ13:138:C6FWNANXX:2:2209:14501:21839_1:110294297",6.8e-12
"31005","HISEQ13:138:C6FWNANXX:2:1116:11535:49300_1:23918425",6.8e-12
"31006","HISEQ13:138:C6FWNANXX:2:1305:10608:67694_1:56399341",6.8e-12
"31007","HISEQ13:138:C6FWNANXX:2:2301:2912:20741_1:122867746",6.8e-12
"31008","HISEQ13:138:C6FWNANXX:2:1108:20384:36378_1:10907227",6.8e-12
"31009","HISEQ13:138:C6FWNANXX:2:2214:4700:64457_1:118708185",6.8e-12
"31010","HISEQ13:138:C6FWNANXX:2:2312:4198:16113_1:138862343",6.8e-12
"31011","HISEQ13:138:C6FWNANXX:2:2308:1994:79134_1:133733225",6.8e-12
"31012","HISEQ13:138:C6FWNANXX:2:1213:17136:89536_1:44331329",6.8e-12
"31013","HISEQ13:138:C6FWNANXX:2:1113:7001:15681_1:18350844",6.8e-12
"31014","HISEQ13:138:C6FWNANXX:2:2116:18735:22462_1:97232966",6.9e-12
"31015","HISEQ13:138:C6FWNANXX:2:2211:6071:48223_1:113719225",6.9e-12
"31016","HISEQ13:138:C6FWNANXX:2:2211:8279:25404_1:113363179",6.9e-12
"31017","HISEQ13:138:C6FWNANXX:2:1109:7523:52447_1:12705360",6.9e-12
"31018","HISEQ13:138:C6FWNANXX:2:1113:3553:41200_1:18768888",6.9e-12
"31019","HISEQ13:138:C6FWNANXX:2:1205:9632:32038_1:31068114",6.9e-12
"31020","HISEQ13:138:C6FWNANXX:2:1212:13000:95315_1:42795429",6.9e-12
"31021","HISEQ13:138:C6FWNANXX:2:1305:12667:24667_1:55754924",6.9e-12
"31022","HISEQ13:138:C6FWNANXX:2:1308:19459:39198_1:60505352",6.9e-12
"31023","HISEQ13:138:C6FWNANXX:2:1309:12475:15922_1:61688383",6.9e-12
"31024","HISEQ13:138:C6FWNANXX:2:1301:3437:93396_1:50910785",6.9e-12
"31025","HISEQ13:138:C6FWNANXX:2:2101:14407:32340_1:74996222",6.9e-12
"31026","HISEQ13:138:C6FWNANXX:2:2102:8867:22446_1:76258257",6.9e-12
"31027","HISEQ13:138:C6FWNANXX:2:1209:8954:8996_1:36727207",6.9e-12
"31028","HISEQ13:138:C6FWNANXX:2:2303:4480:53618_1:126130151",6.9e-12
"31029","HISEQ13:138:C6FWNANXX:2:1207:4993:23128_1:33911347",6.9e-12
"31030","HISEQ13:138:C6FWNANXX:2:1309:11976:30565_1:61919768",6.9e-12
"31031","HISEQ13:138:C6FWNANXX:2:1315:21250:76416_1:72415801",6.9e-12
"31032","HISEQ13:138:C6FWNANXX:2:1204:18834:36561_1:29665603",6.9e-12
"31033","HISEQ13:138:C6FWNANXX:2:2303:16028:38508_1:125919003",6.9e-12
"31034","HISEQ13:138:C6FWNANXX:2:2308:20351:82675_1:133789635",6.9e-12
"31035","HISEQ13:138:C6FWNANXX:2:1310:15475:65217_1:64032593",6.9e-12
"31036","HISEQ13:138:C6FWNANXX:2:1304:4708:24687_1:54274336",6.9e-12
"31037","HISEQ13:138:C6FWNANXX:2:2313:8279:35501_1:140747810",6.9e-12
"31038","HISEQ13:138:C6FWNANXX:2:2212:8057:60418_1:115458608",6.9e-12
"31039","HISEQ13:138:C6FWNANXX:2:2303:3788:19721_1:125647419",7e-12
"31040","HISEQ13:138:C6FWNANXX:2:1204:10017:44386_1:29778860",7e-12
"31041","HISEQ13:138:C6FWNANXX:2:2111:4147:78912_1:90286809",7e-12
"31042","HISEQ13:138:C6FWNANXX:2:2201:1643:39637_1:99060366",7e-12
"31043","HISEQ13:138:C6FWNANXX:2:2212:12328:11555_1:114694359",7e-12
"31044","HISEQ13:138:C6FWNANXX:2:1311:10701:36504_1:65151228",7e-12
"31045","HISEQ13:138:C6FWNANXX:2:1304:20476:18446_1:54184609",7e-12
"31046","HISEQ13:138:C6FWNANXX:2:1208:4219:79281_1:36285600",7e-12
"31047","HISEQ13:138:C6FWNANXX:2:2209:2178:14132_1:110173781",7e-12
"31048","HISEQ13:138:C6FWNANXX:2:1201:7916:67487_1:25766525",7e-12
"31049","HISEQ13:138:C6FWNANXX:2:2203:17575:68340_1:102291171",7e-12
"31050","HISEQ13:138:C6FWNANXX:2:1312:12131:53862_1:67044893",7e-12
"31051","HISEQ13:138:C6FWNANXX:2:2104:18912:100433_1:80199401",7e-12
"31052","HISEQ13:138:C6FWNANXX:2:2116:10082:43306_1:97579374",7e-12
"31053","HISEQ13:138:C6FWNANXX:2:2214:2339:32421_1:118184268",7e-12
"31054","HISEQ13:138:C6FWNANXX:2:1312:20831:34912_1:66736411",7e-12
"31055","HISEQ13:138:C6FWNANXX:2:1109:11418:52538_1:12710121",7.1e-12
"31056","HISEQ13:138:C6FWNANXX:2:2304:16247:28063_1:127176186",7.1e-12
"31057","HISEQ13:138:C6FWNANXX:2:1115:14090:10536_1:21572490",7.1e-12
"31058","HISEQ13:138:C6FWNANXX:2:1304:13658:59127_1:54791644",7.1e-12
"31059","HISEQ13:138:C6FWNANXX:2:1306:8037:11133_1:57040570",7.1e-12
"31060","HISEQ13:138:C6FWNANXX:2:1302:14412:40245_1:51582216",7.1e-12
"31061","HISEQ13:138:C6FWNANXX:2:1115:13856:45065_1:22155132",7.1e-12
"31062","HISEQ13:138:C6FWNANXX:2:1209:16615:73755_1:37741720",7.1e-12
"31063","HISEQ13:138:C6FWNANXX:2:2315:1342:74404_1:144616517",7.1e-12
"31064","HISEQ13:138:C6FWNANXX:2:1306:11125:46770_1:57586260",7.1e-12
"31065","HISEQ13:138:C6FWNANXX:2:2309:4956:7086_1:134139743",7.1e-12
"31066","HISEQ13:138:C6FWNANXX:2:1209:7679:6867_1:36696001",7.1e-12
"31067","HISEQ13:138:C6FWNANXX:2:1311:12245:95456_1:66108972",7.1e-12
"31068","HISEQ13:138:C6FWNANXX:2:2113:6321:70561_1:93191123",7.1e-12
"31069","HISEQ13:138:C6FWNANXX:2:1208:3091:31609_1:35547929",7.1e-12
"31070","HISEQ13:138:C6FWNANXX:2:1208:10523:51391_1:35853079",7.1e-12
"31071","HISEQ13:138:C6FWNANXX:2:1316:18370:50388_1:73683332",7.1e-12
"31072","HISEQ13:138:C6FWNANXX:2:2115:12060:75734_1:96478800",7.1e-12
"31073","HISEQ13:138:C6FWNANXX:2:2214:6286:40341_1:118315414",7.1e-12
"31074","HISEQ13:138:C6FWNANXX:2:2215:5055:93177_1:120808780",7.1e-12
"31075","HISEQ13:138:C6FWNANXX:2:2310:9643:67509_1:136579834",7.1e-12
"31076","HISEQ13:138:C6FWNANXX:2:2316:11871:4323_1:145097219",7.1e-12
"31077","HISEQ13:138:C6FWNANXX:2:2112:15372:36340_1:91082259",7.1e-12
"31078","HISEQ13:138:C6FWNANXX:2:2211:10821:40420_1:113598601",7.1e-12
"31079","HISEQ13:138:C6FWNANXX:2:1210:17496:49143_1:38905238",7.1e-12
"31080","HISEQ13:138:C6FWNANXX:2:1108:20629:76437_1:11532295",7.2e-12
"31081","HISEQ13:138:C6FWNANXX:2:2307:16745:24329_1:131438170",7.2e-12
"31082","HISEQ13:138:C6FWNANXX:2:1312:16508:35476_1:66743654",7.2e-12
"31083","HISEQ13:138:C6FWNANXX:2:1205:21032:86229_1:31878995",7.2e-12
"31084","HISEQ13:138:C6FWNANXX:2:1306:1539:63329_1:57836809",7.2e-12
"31085","HISEQ13:138:C6FWNANXX:2:1210:17934:99070_1:39688458",7.2e-12
"31086","HISEQ13:138:C6FWNANXX:2:1308:20336:70626_1:60996981",7.2e-12
"31087","HISEQ13:138:C6FWNANXX:2:2207:14975:98262_1:108473283",7.2e-12
"31088","HISEQ13:138:C6FWNANXX:2:2208:13180:29917_1:108925088",7.2e-12
"31089","HISEQ13:138:C6FWNANXX:2:2211:13077:71286_1:114083388",7.2e-12
"31090","HISEQ13:138:C6FWNANXX:2:2316:13765:27450_1:145486365",7.2e-12
"31091","HISEQ13:138:C6FWNANXX:2:2111:2930:54552_1:89885600",7.2e-12
"31092","HISEQ13:138:C6FWNANXX:2:1116:19871:22178_1:23452154",7.2e-12
"31093","HISEQ13:138:C6FWNANXX:2:1310:17070:94258_1:64493477",7.2e-12
"31094","HISEQ13:138:C6FWNANXX:2:2305:9311:2727_1:128226783",7.2e-12
"31095","HISEQ13:138:C6FWNANXX:2:1114:18646:69964_1:20904824",7.2e-12
"31096","HISEQ13:138:C6FWNANXX:2:2301:20181:6182_1:122665839",7.2e-12
"31097","HISEQ13:138:C6FWNANXX:2:1202:1956:12865_1:26417453",7.2e-12
"31098","HISEQ13:138:C6FWNANXX:2:1308:7171:31563_1:60386528",7.2e-12
"31099","HISEQ13:138:C6FWNANXX:2:2208:5049:11689_1:108650664",7.2e-12
"31100","HISEQ13:138:C6FWNANXX:2:1214:17390:46331_1:45262571",7.3e-12
"31101","HISEQ13:138:C6FWNANXX:2:2204:4411:15803_1:102947002",7.3e-12
"31102","HISEQ13:138:C6FWNANXX:2:1309:15738:90993_1:62874797",7.3e-12
"31103","HISEQ13:138:C6FWNANXX:2:2211:3029:32825_1:113479863",7.3e-12
"31104","HISEQ13:138:C6FWNANXX:2:1211:5338:8050_1:39810315",7.3e-12
"31105","HISEQ13:138:C6FWNANXX:2:1204:10513:22846_1:29459677",7.3e-12
"31106","HISEQ13:138:C6FWNANXX:2:1213:10388:2527_1:42894581",7.3e-12
"31107","HISEQ13:138:C6FWNANXX:2:1304:8251:55829_1:54742104",7.3e-12
"31108","HISEQ13:138:C6FWNANXX:2:1305:9443:67027_1:56391736",7.3e-12
"31109","HISEQ13:138:C6FWNANXX:2:2305:10616:44140_1:128828654",7.3e-12
"31110","HISEQ13:138:C6FWNANXX:2:1216:5140:3511_1:47882474",7.3e-12
"31111","HISEQ13:138:C6FWNANXX:2:2203:21003:26421_1:101691350",7.3e-12
"31112","HISEQ13:138:C6FWNANXX:2:2305:1567:50226_1:128914887",7.3e-12
"31113","HISEQ13:138:C6FWNANXX:2:2307:3562:58481_1:131939825",7.3e-12
"31114","HISEQ13:138:C6FWNANXX:2:1105:16682:18200_1:6106711",7.3e-12
"31115","HISEQ13:138:C6FWNANXX:2:1203:4009:39701_1:28263324",7.3e-12
"31116","HISEQ13:138:C6FWNANXX:2:1307:5872:58397_1:59275083",7.3e-12
"31117","HISEQ13:138:C6FWNANXX:2:1204:8240:41452_1:29734328",7.3e-12
"31118","HISEQ13:138:C6FWNANXX:2:1106:8328:73908_1:8445992",7.3e-12
"31119","HISEQ13:138:C6FWNANXX:2:2104:9289:17184_1:79000435",7.3e-12
"31120","HISEQ13:138:C6FWNANXX:2:1104:12518:9032_1:4494504",7.4e-12
"31121","HISEQ13:138:C6FWNANXX:2:1205:9862:49720_1:31330784",7.4e-12
"31122","HISEQ13:138:C6FWNANXX:2:1214:6844:8337_1:44622796",7.4e-12
"31123","HISEQ13:138:C6FWNANXX:2:2215:16677:37455_1:119889473",7.4e-12
"31124","HISEQ13:138:C6FWNANXX:2:2102:7073:42160_1:76538164",7.4e-12
"31125","HISEQ13:138:C6FWNANXX:2:1203:11800:100050_1:29156648",7.4e-12
"31126","HISEQ13:138:C6FWNANXX:2:1206:12334:48331_1:32798686",7.4e-12
"31127","HISEQ13:138:C6FWNANXX:2:2212:1591:3556_1:114573326",7.4e-12
"31128","HISEQ13:138:C6FWNANXX:2:1205:8143:95972_1:32022685",7.4e-12
"31129","HISEQ13:138:C6FWNANXX:2:1215:2318:68064_1:47296516",7.4e-12
"31130","HISEQ13:138:C6FWNANXX:2:1115:2981:46587_1:22177989",7.4e-12
"31131","HISEQ13:138:C6FWNANXX:2:2316:4915:52512_1:145910788",7.4e-12
"31132","HISEQ13:138:C6FWNANXX:2:1301:7592:14280_1:49750497",7.4e-12
"31133","HISEQ13:138:C6FWNANXX:2:1107:16087:59257_1:9737981",7.4e-12
"31134","HISEQ13:138:C6FWNANXX:2:1216:17841:74286_1:49110971",7.4e-12
"31135","HISEQ13:138:C6FWNANXX:2:1311:12348:45301_1:65293410",7.4e-12
"31136","HISEQ13:138:C6FWNANXX:2:2109:5889:68997_1:87074006",7.4e-12
"31137","HISEQ13:138:C6FWNANXX:2:2104:19382:25763_1:79128188",7.4e-12
"31138","HISEQ13:138:C6FWNANXX:2:2205:15814:56110_1:104952793",7.4e-12
"31139","HISEQ13:138:C6FWNANXX:2:2112:3668:32329_1:91017798",7.4e-12
"31140","HISEQ13:138:C6FWNANXX:2:2316:20721:69688_1:146202019",7.4e-12
"31141","HISEQ13:138:C6FWNANXX:2:2306:18646:57719_1:130472169",7.4e-12
"31142","HISEQ13:138:C6FWNANXX:2:1212:2559:57228_1:42166208",7.4e-12
"31143","HISEQ13:138:C6FWNANXX:2:2215:16734:7323_1:119395110",7.4e-12
"31144","HISEQ13:138:C6FWNANXX:2:1209:9034:5064_1:36669021",7.4e-12
"31145","HISEQ13:138:C6FWNANXX:2:2106:2283:82709_1:82825366",7.4e-12
"31146","HISEQ13:138:C6FWNANXX:2:2301:1556:61409_1:123441846",7.4e-12
"31147","HISEQ13:138:C6FWNANXX:2:1115:9891:94981_1:23000131",7.4e-12
"31148","HISEQ13:138:C6FWNANXX:2:1209:10000:94429_1:38061051",7.4e-12
"31149","HISEQ13:138:C6FWNANXX:2:1104:4040:58121_1:5221987",7.4e-12
"31150","HISEQ13:138:C6FWNANXX:2:1310:2094:45070_1:63711952",7.4e-12
"31151","HISEQ13:138:C6FWNANXX:2:1306:18013:96969_1:58351821",7.4e-12
"31152","HISEQ13:138:C6FWNANXX:2:1106:19887:8045_1:7445338",7.4e-12
"31153","HISEQ13:138:C6FWNANXX:2:1308:5661:36678_1:60464418",7.5e-12
"31154","HISEQ13:138:C6FWNANXX:2:2105:8473:14401_1:80385104",7.5e-12
"31155","HISEQ13:138:C6FWNANXX:2:2107:15201:44928_1:83733262",7.5e-12
"31156","HISEQ13:138:C6FWNANXX:2:2203:17181:27002_1:101701131",7.5e-12
"31157","HISEQ13:138:C6FWNANXX:2:2304:13447:2844_1:126812607",7.5e-12
"31158","HISEQ13:138:C6FWNANXX:2:1308:5560:42776_1:60560905",7.5e-12
"31159","HISEQ13:138:C6FWNANXX:2:1313:10907:90333_1:69288982",7.5e-12
"31160","HISEQ13:138:C6FWNANXX:2:1312:18741:29249_1:66642454",7.5e-12
"31161","HISEQ13:138:C6FWNANXX:2:1106:12886:100805_1:8855707",7.5e-12
"31162","HISEQ13:138:C6FWNANXX:2:1305:18356:47426_1:56097072",7.5e-12
"31163","HISEQ13:138:C6FWNANXX:2:1206:12475:56161_1:32916410",7.5e-12
"31164","HISEQ13:138:C6FWNANXX:2:2302:10157:11678_1:124136963",7.5e-12
"31165","HISEQ13:138:C6FWNANXX:2:1103:10348:58275_1:3757988",7.5e-12
"31166","HISEQ13:138:C6FWNANXX:2:1103:20850:51855_1:3663036",7.5e-12
"31167","HISEQ13:138:C6FWNANXX:2:2206:9655:91480_1:106908616",7.5e-12
"31168","HISEQ13:138:C6FWNANXX:2:1315:20184:42190_1:71827116",7.5e-12
"31169","HISEQ13:138:C6FWNANXX:2:2109:18407:51116_1:86804573",7.5e-12
"31170","HISEQ13:138:C6FWNANXX:2:2309:16671:27503_1:134454168",7.5e-12
"31171","HISEQ13:138:C6FWNANXX:2:1114:3909:73536_1:20964648",7.5e-12
"31172","HISEQ13:138:C6FWNANXX:2:1306:13268:5212_1:56949997",7.5e-12
"31173","HISEQ13:138:C6FWNANXX:2:1201:6805:58942_1:25640830",7.5e-12
"31174","HISEQ13:138:C6FWNANXX:2:1311:15222:33784_1:65107733",7.5e-12
"31175","HISEQ13:138:C6FWNANXX:2:2314:9210:91638_1:143273857",7.5e-12
"31176","HISEQ13:138:C6FWNANXX:2:1212:3910:100582_1:42879201",7.5e-12
"31177","HISEQ13:138:C6FWNANXX:2:2113:10417:97353_1:93622093",7.5e-12
"31178","HISEQ13:138:C6FWNANXX:2:2212:14497:19877_1:114819450",7.5e-12
"31179","HISEQ13:138:C6FWNANXX:2:1312:19268:68968_1:67292395",7.6e-12
"31180","HISEQ13:138:C6FWNANXX:2:2309:1962:92577_1:135444006",7.6e-12
"31181","HISEQ13:138:C6FWNANXX:2:1201:12460:21646_1:25093954",7.6e-12
"31182","HISEQ13:138:C6FWNANXX:2:1206:4787:44251_1:32736541",7.6e-12
"31183","HISEQ13:138:C6FWNANXX:2:1314:5227:39099_1:70091548",7.6e-12
"31184","HISEQ13:138:C6FWNANXX:2:2105:14042:43557_1:80810657",7.6e-12
"31185","HISEQ13:138:C6FWNANXX:2:1207:12120:57382_1:34431522",7.6e-12
"31186","HISEQ13:138:C6FWNANXX:2:2316:10453:24370_1:145435071",7.6e-12
"31187","HISEQ13:138:C6FWNANXX:2:2103:4321:60567_1:78208349",7.6e-12
"31188","HISEQ13:138:C6FWNANXX:2:2108:16549:68944_1:85575164",7.6e-12
"31189","HISEQ13:138:C6FWNANXX:2:2203:17976:59528_1:102165597",7.6e-12
"31190","HISEQ13:138:C6FWNANXX:2:2306:13491:80023_1:130801930",7.6e-12
"31191","HISEQ13:138:C6FWNANXX:2:1314:12801:26365_1:69876650",7.6e-12
"31192","HISEQ13:138:C6FWNANXX:2:1111:20773:64450_1:16040962",7.6e-12
"31193","HISEQ13:138:C6FWNANXX:2:1211:2584:47555_1:40444760",7.6e-12
"31194","HISEQ13:138:C6FWNANXX:2:2303:7423:19975_1:125651517",7.6e-12
"31195","HISEQ13:138:C6FWNANXX:2:2316:13898:79116_1:146360240",7.6e-12
"31196","HISEQ13:138:C6FWNANXX:2:1110:15779:63168_1:14441004",7.6e-12
"31197","HISEQ13:138:C6FWNANXX:2:1302:8576:57019_1:51831719",7.6e-12
"31198","HISEQ13:138:C6FWNANXX:2:2108:18102:3222_1:84586263",7.6e-12
"31199","HISEQ13:138:C6FWNANXX:2:2207:12923:94608_1:108417114",7.6e-12
"31200","HISEQ13:138:C6FWNANXX:2:1208:8372:76167_1:36235968",7.6e-12
"31201","HISEQ13:138:C6FWNANXX:2:2109:12639:30771_1:86496063",7.6e-12
"31202","HISEQ13:138:C6FWNANXX:2:2205:19786:49990_1:104863161",7.6e-12
"31203","HISEQ13:138:C6FWNANXX:2:2311:17245:77732_1:138274934",7.6e-12
"31204","HISEQ13:138:C6FWNANXX:2:1305:16510:96100_1:56831817",7.6e-12
"31205","HISEQ13:138:C6FWNANXX:2:1206:9542:7060_1:32174365",7.6e-12
"31206","HISEQ13:138:C6FWNANXX:2:1106:6676:41728_1:7952447",7.6e-12
"31207","HISEQ13:138:C6FWNANXX:2:1103:9241:23269_1:3239674",7.7e-12
"31208","HISEQ13:138:C6FWNANXX:2:1214:13499:97927_1:46127059",7.7e-12
"31209","HISEQ13:138:C6FWNANXX:2:1307:21058:14054_1:58597867",7.7e-12
"31210","HISEQ13:138:C6FWNANXX:2:2207:8628:35089_1:107535321",7.7e-12
"31211","HISEQ13:138:C6FWNANXX:2:2305:1510:8381_1:128308705",7.7e-12
"31212","HISEQ13:138:C6FWNANXX:2:2203:13141:8101_1:101429711",7.7e-12
"31213","HISEQ13:138:C6FWNANXX:2:1116:20452:95634_1:24715086",7.7e-12
"31214","HISEQ13:138:C6FWNANXX:2:2103:4548:71929_1:78367343",7.7e-12
"31215","HISEQ13:138:C6FWNANXX:2:2305:13037:35271_1:128701505",7.7e-12
"31216","HISEQ13:138:C6FWNANXX:2:2215:10018:14850_1:119517384",7.7e-12
"31217","HISEQ13:138:C6FWNANXX:2:1312:12630:26058_1:66592179",7.7e-12
"31218","HISEQ13:138:C6FWNANXX:2:2113:4953:54227_1:92926967",7.7e-12
"31219","HISEQ13:138:C6FWNANXX:2:1108:12902:14847_1:10573491",7.7e-12
"31220","HISEQ13:138:C6FWNANXX:2:1206:13641:71248_1:33143802",7.7e-12
"31221","HISEQ13:138:C6FWNANXX:2:1314:19847:40835_1:70124622",7.7e-12
"31222","HISEQ13:138:C6FWNANXX:2:2103:5023:82888_1:78524844",7.7e-12
"31223","HISEQ13:138:C6FWNANXX:2:1112:8536:92882_1:17994636",7.7e-12
"31224","HISEQ13:138:C6FWNANXX:2:1102:13344:81736_1:2637523",7.7e-12
"31225","HISEQ13:138:C6FWNANXX:2:1216:13157:61651_1:48887418",7.7e-12
"31226","HISEQ13:138:C6FWNANXX:2:1309:2301:19489_1:61741243",7.7e-12
"31227","HISEQ13:138:C6FWNANXX:2:2106:6449:57463_1:82454843",7.7e-12
"31228","HISEQ13:138:C6FWNANXX:2:2208:18114:35059_1:109004189",7.7e-12
"31229","HISEQ13:138:C6FWNANXX:2:2303:6475:28779_1:125779018",7.7e-12
"31230","HISEQ13:138:C6FWNANXX:2:2203:18883:28193_1:101716024",7.7e-12
"31231","HISEQ13:138:C6FWNANXX:2:2212:5358:90841_1:115944146",7.7e-12
"31232","HISEQ13:138:C6FWNANXX:2:2105:18249:37374_1:80720339",7.8e-12
"31233","HISEQ13:138:C6FWNANXX:2:1111:15953:83370_1:16375626",7.8e-12
"31234","HISEQ13:138:C6FWNANXX:2:1313:11874:94546_1:69359824",7.8e-12
"31235","HISEQ13:138:C6FWNANXX:2:2212:17436:25634_1:114911340",7.8e-12
"31236","HISEQ13:138:C6FWNANXX:2:1116:2311:18248_1:23379550",7.8e-12
"31237","HISEQ13:138:C6FWNANXX:2:2311:19731:42165_1:137715863",7.8e-12
"31238","HISEQ13:138:C6FWNANXX:2:1305:18649:30145_1:55837979",7.8e-12
"31239","HISEQ13:138:C6FWNANXX:2:2306:5909:52703_1:130396458",7.8e-12
"31240","HISEQ13:138:C6FWNANXX:2:1114:13724:16391_1:20005218",7.8e-12
"31241","HISEQ13:138:C6FWNANXX:2:1215:15306:20441_1:46489271",7.8e-12
"31242","HISEQ13:138:C6FWNANXX:2:2301:11353:11400_1:122738212",7.8e-12
"31243","HISEQ13:138:C6FWNANXX:2:1116:12788:69237_1:24257018",7.9e-12
"31244","HISEQ13:138:C6FWNANXX:2:1207:4372:65692_1:34555448",7.9e-12
"31245","HISEQ13:138:C6FWNANXX:2:2202:10640:58645_1:100737536",7.9e-12
"31246","HISEQ13:138:C6FWNANXX:2:1304:11551:69687_1:54948586",7.9e-12
"31247","HISEQ13:138:C6FWNANXX:2:1103:13256:12415_1:3076521",7.9e-12
"31248","HISEQ13:138:C6FWNANXX:2:2310:5521:5833_1:135629024",7.9e-12
"31249","HISEQ13:138:C6FWNANXX:2:1107:4051:73639_1:9953886",7.9e-12
"31250","HISEQ13:138:C6FWNANXX:2:2216:6530:65093_1:121999895",7.9e-12
"31251","HISEQ13:138:C6FWNANXX:2:2212:5276:26293_1:114920800",7.9e-12
"31252","HISEQ13:138:C6FWNANXX:2:1116:18904:66077_1:24205799",7.9e-12
"31253","HISEQ13:138:C6FWNANXX:2:2105:15562:61287_1:81067719",7.9e-12
"31254","HISEQ13:138:C6FWNANXX:2:1215:12023:39953_1:46819603",7.9e-12
"31255","HISEQ13:138:C6FWNANXX:2:1303:11496:18450_1:52718412",7.9e-12
"31256","HISEQ13:138:C6FWNANXX:2:1214:4227:78650_1:45801732",7.9e-12
"31257","HISEQ13:138:C6FWNANXX:2:2211:2049:6631_1:113070345",7.9e-12
"31258","HISEQ13:138:C6FWNANXX:2:2306:16636:85125_1:130875473",7.9e-12
"31259","HISEQ13:138:C6FWNANXX:2:2107:3633:50156_1:83809143",8e-12
"31260","HISEQ13:138:C6FWNANXX:2:2201:3701:4030_1:98554216",8e-12
"31261","HISEQ13:138:C6FWNANXX:2:1313:10369:99563_1:69443252",8e-12
"31262","HISEQ13:138:C6FWNANXX:2:2113:7860:23216_1:92432463",8e-12
"31263","HISEQ13:138:C6FWNANXX:2:2207:19900:19604_1:107310196",8e-12
"31264","HISEQ13:138:C6FWNANXX:2:1204:17429:8793_1:29266628",8e-12
"31265","HISEQ13:138:C6FWNANXX:2:1206:19906:73370_1:33179110",8e-12
"31266","HISEQ13:138:C6FWNANXX:2:2206:9320:37395_1:106116438",8e-12
"31267","HISEQ13:138:C6FWNANXX:2:2203:12416:73163_1:102357493",8e-12
"31268","HISEQ13:138:C6FWNANXX:2:2106:3575:11667_1:81781564",8e-12
"31269","HISEQ13:138:C6FWNANXX:2:2312:13079:92695_1:140078053",8e-12
"31270","HISEQ13:138:C6FWNANXX:2:1104:5630:15659_1:4588848",8e-12
"31271","HISEQ13:138:C6FWNANXX:2:2103:13274:18647_1:77613025",8e-12
"31272","HISEQ13:138:C6FWNANXX:2:1304:20619:22821_1:54251154",8e-12
"31273","HISEQ13:138:C6FWNANXX:2:1209:10534:17348_1:36859719",8e-12
"31274","HISEQ13:138:C6FWNANXX:2:1210:18960:55814_1:39011327",8e-12
"31275","HISEQ13:138:C6FWNANXX:2:2309:4462:19950_1:134333872",8e-12
"31276","HISEQ13:138:C6FWNANXX:2:2115:14090:31219_1:95755930",8e-12
"31277","HISEQ13:138:C6FWNANXX:2:2309:11841:85294_1:135334898",8e-12
"31278","HISEQ13:138:C6FWNANXX:2:2313:19815:17197_1:140451724",8e-12
"31279","HISEQ13:138:C6FWNANXX:2:1313:10815:23385_1:68171176",8.1e-12
"31280","HISEQ13:138:C6FWNANXX:2:1107:21403:6679_1:8930242",8.1e-12
"31281","HISEQ13:138:C6FWNANXX:2:1213:2973:10703_1:43024683",8.1e-12
"31282","HISEQ13:138:C6FWNANXX:2:1306:10122:21777_1:57204983",8.1e-12
"31283","HISEQ13:138:C6FWNANXX:2:1207:14168:40874_1:34181193",8.1e-12
"31284","HISEQ13:138:C6FWNANXX:2:2311:3199:69053_1:138137317",8.1e-12
"31285","HISEQ13:138:C6FWNANXX:2:1303:13474:39477_1:53030250",8.1e-12
"31286","HISEQ13:138:C6FWNANXX:2:2102:13067:58319_1:76769871",8.1e-12
"31287","HISEQ13:138:C6FWNANXX:2:2301:3868:6852_1:122673391",8.1e-12
"31288","HISEQ13:138:C6FWNANXX:2:1310:15544:4028_1:63063075",8.1e-12
"31289","HISEQ13:138:C6FWNANXX:2:2108:3837:72892_1:85633248",8.1e-12
"31290","HISEQ13:138:C6FWNANXX:2:1202:11913:15719_1:26459613",8.1e-12
"31291","HISEQ13:138:C6FWNANXX:2:1206:14681:30781_1:32533241",8.1e-12
"31292","HISEQ13:138:C6FWNANXX:2:2107:3922:21675_1:83386413",8.1e-12
"31293","HISEQ13:138:C6FWNANXX:2:1112:4756:22124_1:16844040",8.1e-12
"31294","HISEQ13:138:C6FWNANXX:2:1113:9389:75570_1:19341301",8.1e-12
"31295","HISEQ13:138:C6FWNANXX:2:1315:18478:16024_1:71383408",8.1e-12
"31296","HISEQ13:138:C6FWNANXX:2:2108:15375:86591_1:85843282",8.1e-12
"31297","HISEQ13:138:C6FWNANXX:2:1213:8013:81658_1:44197108",8.1e-12
"31298","HISEQ13:138:C6FWNANXX:2:2114:5082:98630_1:95243716",8.1e-12
"31299","HISEQ13:138:C6FWNANXX:2:1104:13566:92574_1:5740030",8.1e-12
"31300","HISEQ13:138:C6FWNANXX:2:1106:11118:49290_1:8071549",8.1e-12
"31301","HISEQ13:138:C6FWNANXX:2:1108:15401:24146_1:10716753",8.1e-12
"31302","HISEQ13:138:C6FWNANXX:2:1204:19851:27264_1:29528386",8.1e-12
"31303","HISEQ13:138:C6FWNANXX:2:2312:6624:79283_1:139865137",8.1e-12
"31304","HISEQ13:138:C6FWNANXX:2:1102:11444:26550_1:1826546",8.2e-12
"31305","HISEQ13:138:C6FWNANXX:2:1307:3538:70322_1:59460093",8.2e-12
"31306","HISEQ13:138:C6FWNANXX:2:2111:17663:87176_1:90431657",8.2e-12
"31307","HISEQ13:138:C6FWNANXX:2:1207:13650:53222_1:34367377",8.2e-12
"31308","HISEQ13:138:C6FWNANXX:2:1207:9706:16691_1:33814224",8.2e-12
"31309","HISEQ13:138:C6FWNANXX:2:2315:16052:40307_1:144060781",8.2e-12
"31310","HISEQ13:138:C6FWNANXX:2:1109:19124:75110_1:13068520",8.2e-12
"31311","HISEQ13:138:C6FWNANXX:2:1313:5393:68171_1:68914859",8.2e-12
"31312","HISEQ13:138:C6FWNANXX:2:2114:7133:77020_1:94895619",8.2e-12
"31313","HISEQ13:138:C6FWNANXX:2:1214:2604:20306_1:44822196",8.2e-12
"31314","HISEQ13:138:C6FWNANXX:2:2212:13151:8212_1:114644888",8.2e-12
"31315","HISEQ13:138:C6FWNANXX:2:2209:17560:4677_1:110033509",8.2e-12
"31316","HISEQ13:138:C6FWNANXX:2:1103:12156:3968_1:2950270",8.2e-12
"31317","HISEQ13:138:C6FWNANXX:2:2315:17101:79630_1:144705997",8.2e-12
"31318","HISEQ13:138:C6FWNANXX:2:1111:5950:66799_1:16080590",8.2e-12
"31319","HISEQ13:138:C6FWNANXX:2:2109:5180:93357_1:87445722",8.2e-12
"31320","HISEQ13:138:C6FWNANXX:2:2202:8623:82323_1:101076885",8.2e-12
"31321","HISEQ13:138:C6FWNANXX:2:1302:4553:69102_1:52007291",8.2e-12
"31322","HISEQ13:138:C6FWNANXX:2:1312:17330:3151_1:66216976",8.2e-12
"31323","HISEQ13:138:C6FWNANXX:2:1208:5054:7084_1:35172129",8.2e-12
"31324","HISEQ13:138:C6FWNANXX:2:2109:7343:17313_1:86290622",8.2e-12
"31325","HISEQ13:138:C6FWNANXX:2:2111:14872:91144_1:90500640",8.2e-12
"31326","HISEQ13:138:C6FWNANXX:2:2114:7064:82948_1:94988194",8.2e-12
"31327","HISEQ13:138:C6FWNANXX:2:2211:18394:13605_1:113181832",8.2e-12
"31328","HISEQ13:138:C6FWNANXX:2:2301:1665:83995_1:123759183",8.2e-12
"31329","HISEQ13:138:C6FWNANXX:2:2213:5566:47965_1:116836188",8.3e-12
"31330","HISEQ13:138:C6FWNANXX:2:2215:14673:56495_1:120201922",8.3e-12
"31331","HISEQ13:138:C6FWNANXX:2:2305:4506:89687_1:129489132",8.3e-12
"31332","HISEQ13:138:C6FWNANXX:2:2111:12475:11212_1:89208791",8.3e-12
"31333","HISEQ13:138:C6FWNANXX:2:2207:3692:79758_1:108196380",8.3e-12
"31334","HISEQ13:138:C6FWNANXX:2:1103:11365:18386_1:3165360",8.3e-12
"31335","HISEQ13:138:C6FWNANXX:2:2308:2993:25227_1:132919109",8.3e-12
"31336","HISEQ13:138:C6FWNANXX:2:1208:15419:79171_1:36283952",8.3e-12
"31337","HISEQ13:138:C6FWNANXX:2:2207:16193:92587_1:108387988",8.3e-12
"31338","HISEQ13:138:C6FWNANXX:2:2213:5367:45049_1:116792466",8.3e-12
"31339","HISEQ13:138:C6FWNANXX:2:1210:14182:72685_1:39271251",8.3e-12
"31340","HISEQ13:138:C6FWNANXX:2:2308:17187:21206_1:132861383",8.3e-12
"31341","HISEQ13:138:C6FWNANXX:2:1108:8398:45328_1:11044935",8.3e-12
"31342","HISEQ13:138:C6FWNANXX:2:1301:9467:28233_1:49953489",8.3e-12
"31343","HISEQ13:138:C6FWNANXX:2:2106:18635:60568_1:82504844",8.3e-12
"31344","HISEQ13:138:C6FWNANXX:2:1101:17143:4256_1:36772",8.3e-12
"31345","HISEQ13:138:C6FWNANXX:2:1115:11252:59097_1:22391843",8.3e-12
"31346","HISEQ13:138:C6FWNANXX:2:1212:2877:60977_1:42227456",8.3e-12
"31347","HISEQ13:138:C6FWNANXX:2:1207:15503:88194_1:34901761",8.3e-12
"31348","HISEQ13:138:C6FWNANXX:2:1207:20847:78614_1:34757857",8.3e-12
"31349","HISEQ13:138:C6FWNANXX:2:1207:20798:22702_1:33906927",8.3e-12
"31350","HISEQ13:138:C6FWNANXX:2:1101:10983:44586_1:631316",8.3e-12
"31351","HISEQ13:138:C6FWNANXX:2:1106:15847:29170_1:7764652",8.3e-12
"31352","HISEQ13:138:C6FWNANXX:2:1107:10834:56673_1:9694838",8.3e-12
"31353","HISEQ13:138:C6FWNANXX:2:2206:15230:2825_1:105613392",8.4e-12
"31354","HISEQ13:138:C6FWNANXX:2:1111:14086:38472_1:15613340",8.4e-12
"31355","HISEQ13:138:C6FWNANXX:2:2213:18656:79294_1:117346661",8.4e-12
"31356","HISEQ13:138:C6FWNANXX:2:2307:18088:12836_1:131268618",8.4e-12
"31357","HISEQ13:138:C6FWNANXX:2:1103:11288:53489_1:3683465",8.4e-12
"31358","HISEQ13:138:C6FWNANXX:2:1108:17844:36565_1:10910741",8.4e-12
"31359","HISEQ13:138:C6FWNANXX:2:1202:15803:56906_1:27065274",8.4e-12
"31360","HISEQ13:138:C6FWNANXX:2:1211:5741:17375_1:39959409",8.4e-12
"31361","HISEQ13:138:C6FWNANXX:2:1304:4808:72976_1:54995551",8.4e-12
"31362","HISEQ13:138:C6FWNANXX:2:1309:4319:24517_1:61824073",8.4e-12
"31363","HISEQ13:138:C6FWNANXX:2:1310:2231:22798_1:63357670",8.4e-12
"31364","HISEQ13:138:C6FWNANXX:2:1310:4222:58673_1:63927996",8.4e-12
"31365","HISEQ13:138:C6FWNANXX:2:1314:6577:22001_1:69803124",8.4e-12
"31366","HISEQ13:138:C6FWNANXX:2:2110:7629:12693_1:87722121",8.4e-12
"31367","HISEQ13:138:C6FWNANXX:2:2312:5872:73402_1:139769291",8.4e-12
"31368","HISEQ13:138:C6FWNANXX:2:1103:9061:85390_1:4158760",8.4e-12
"31369","HISEQ13:138:C6FWNANXX:2:1301:9581:6169_1:49628744",8.4e-12
"31370","HISEQ13:138:C6FWNANXX:2:1207:9197:24183_1:33927436",8.4e-12
"31371","HISEQ13:138:C6FWNANXX:2:1314:13725:13048_1:69651909",8.4e-12
"31372","HISEQ13:138:C6FWNANXX:2:2103:16109:27842_1:77745244",8.4e-12
"31373","HISEQ13:138:C6FWNANXX:2:2214:2935:12725_1:117862229",8.4e-12
"31374","HISEQ13:138:C6FWNANXX:2:2305:10636:11211_1:128350370",8.4e-12
"31375","HISEQ13:138:C6FWNANXX:2:1309:2320:88349_1:62832496",8.4e-12
"31376","HISEQ13:138:C6FWNANXX:2:1112:9591:76280_1:17724597",8.4e-12
"31377","HISEQ13:138:C6FWNANXX:2:1104:16759:58481_1:5228193",8.5e-12
"31378","HISEQ13:138:C6FWNANXX:2:1112:17938:49606_1:17290835",8.5e-12
"31379","HISEQ13:138:C6FWNANXX:2:1115:12404:7961_1:21525166",8.5e-12
"31380","HISEQ13:138:C6FWNANXX:2:1313:9764:56357_1:68719216",8.5e-12
"31381","HISEQ13:138:C6FWNANXX:2:1107:11133:84865_1:10127890",8.5e-12
"31382","HISEQ13:138:C6FWNANXX:2:2204:14081:95946_1:104097797",8.5e-12
"31383","HISEQ13:138:C6FWNANXX:2:1216:17841:74286_1:49110972",8.5e-12
"31384","HISEQ13:138:C6FWNANXX:2:1303:9674:70237_1:53483666",8.5e-12
"31385","HISEQ13:138:C6FWNANXX:2:2113:21220:34122_1:92610479",8.5e-12
"31386","HISEQ13:138:C6FWNANXX:2:1112:19050:83694_1:17845519",8.5e-12
"31387","HISEQ13:138:C6FWNANXX:2:1201:9856:49177_1:25497694",8.5e-12
"31388","HISEQ13:138:C6FWNANXX:2:1211:21378:75939_1:40903748",8.5e-12
"31389","HISEQ13:138:C6FWNANXX:2:1302:15504:44671_1:51648782",8.5e-12
"31390","HISEQ13:138:C6FWNANXX:2:1309:7132:53507_1:62281884",8.5e-12
"31391","HISEQ13:138:C6FWNANXX:2:2211:1240:68867_1:114042075",8.5e-12
"31392","HISEQ13:138:C6FWNANXX:2:2316:14070:9600_1:145186809",8.5e-12
"31393","HISEQ13:138:C6FWNANXX:2:2316:14070:9600_1:145186810",8.5e-12
"31394","HISEQ13:138:C6FWNANXX:2:1109:13934:23552_1:12253774",8.5e-12
"31395","HISEQ13:138:C6FWNANXX:2:1109:18376:32577_1:12395724",8.5e-12
"31396","HISEQ13:138:C6FWNANXX:2:1306:7265:34507_1:57399125",8.5e-12
"31397","HISEQ13:138:C6FWNANXX:2:2108:3193:77393_1:85701023",8.5e-12
"31398","HISEQ13:138:C6FWNANXX:2:2114:13669:36381_1:94233565",8.5e-12
"31399","HISEQ13:138:C6FWNANXX:2:2216:20113:66568_1:122028236",8.5e-12
"31400","HISEQ13:138:C6FWNANXX:2:1107:19522:10687_1:8991477",8.5e-12
"31401","HISEQ13:138:C6FWNANXX:2:1203:14136:16274_1:27922682",8.5e-12
"31402","HISEQ13:138:C6FWNANXX:2:2111:11454:63123_1:90025319",8.5e-12
"31403","HISEQ13:138:C6FWNANXX:2:1213:18756:55780_1:43773097",8.5e-12
"31404","HISEQ13:138:C6FWNANXX:2:1115:3784:58452_1:22377822",8.6e-12
"31405","HISEQ13:138:C6FWNANXX:2:2205:14733:62477_1:105042087",8.6e-12
"31406","HISEQ13:138:C6FWNANXX:2:2309:16716:90607_1:135415796",8.6e-12
"31407","HISEQ13:138:C6FWNANXX:2:1310:5085:12023_1:63188183",8.6e-12
"31408","HISEQ13:138:C6FWNANXX:2:1207:8901:93379_1:34980519",8.6e-12
"31409","HISEQ13:138:C6FWNANXX:2:2105:21232:6956_1:80278674",8.6e-12
"31410","HISEQ13:138:C6FWNANXX:2:1201:12463:52392_1:25546129",8.6e-12
"31411","HISEQ13:138:C6FWNANXX:2:1202:15977:93161_1:27597223",8.6e-12
"31412","HISEQ13:138:C6FWNANXX:2:2111:14898:20325_1:89352850",8.6e-12
"31413","HISEQ13:138:C6FWNANXX:2:1202:7997:12997_1:26418589",8.6e-12
"31414","HISEQ13:138:C6FWNANXX:2:1208:18783:36766_1:35631382",8.6e-12
"31415","HISEQ13:138:C6FWNANXX:2:2216:16909:43233_1:121629486",8.6e-12
"31416","HISEQ13:138:C6FWNANXX:2:1312:6753:67159_1:67260929",8.6e-12
"31417","HISEQ13:138:C6FWNANXX:2:1104:19430:42865_1:4997725",8.6e-12
"31418","HISEQ13:138:C6FWNANXX:2:1115:20723:50634_1:22249693",8.6e-12
"31419","HISEQ13:138:C6FWNANXX:2:1306:16676:47823_1:57602900",8.6e-12
"31420","HISEQ13:138:C6FWNANXX:2:1204:15797:25308_1:29497867",8.6e-12
"31421","HISEQ13:138:C6FWNANXX:2:2309:13805:66222_1:135040317",8.6e-12
"31422","HISEQ13:138:C6FWNANXX:2:1110:18321:37327_1:14034020",8.6e-12
"31423","HISEQ13:138:C6FWNANXX:2:1110:7882:55390_1:14316529",8.7e-12
"31424","HISEQ13:138:C6FWNANXX:2:2306:10113:64631_1:130573754",8.7e-12
"31425","HISEQ13:138:C6FWNANXX:2:2111:16270:97391_1:90611900",8.7e-12
"31426","HISEQ13:138:C6FWNANXX:2:2310:8690:84595_1:136838571",8.7e-12
"31427","HISEQ13:138:C6FWNANXX:2:1308:5252:51710_1:60697202",8.7e-12
"31428","HISEQ13:138:C6FWNANXX:2:2304:14793:35906_1:127287216",8.7e-12
"31429","HISEQ13:138:C6FWNANXX:2:1303:16108:30486_1:52897245",8.7e-12
"31430","HISEQ13:138:C6FWNANXX:2:2310:2355:64495_1:136529561",8.7e-12
"31431","HISEQ13:138:C6FWNANXX:2:1208:14326:74775_1:36217701",8.7e-12
"31432","HISEQ13:138:C6FWNANXX:2:1304:10276:22729_1:54245717",8.7e-12
"31433","HISEQ13:138:C6FWNANXX:2:2105:4790:52584_1:80940067",8.7e-12
"31434","HISEQ13:138:C6FWNANXX:2:1213:4934:74863_1:44085056",8.7e-12
"31435","HISEQ13:138:C6FWNANXX:2:1313:5719:56212_1:68714147",8.7e-12
"31436","HISEQ13:138:C6FWNANXX:2:1214:18148:91056_1:46014733",8.7e-12
"31437","HISEQ13:138:C6FWNANXX:2:2306:16993:50167_1:130361247",8.7e-12
"31438","HISEQ13:138:C6FWNANXX:2:1203:2783:65435_1:28641003",8.8e-12
"31439","HISEQ13:138:C6FWNANXX:2:1206:9412:48687_1:32801793",8.8e-12
"31440","HISEQ13:138:C6FWNANXX:2:2208:20302:69838_1:109526869",8.8e-12
"31441","HISEQ13:138:C6FWNANXX:2:2301:16275:81275_1:123726895",8.8e-12
"31442","HISEQ13:138:C6FWNANXX:2:1209:3553:7389_1:36703016",8.8e-12
"31443","HISEQ13:138:C6FWNANXX:2:1301:5266:68149_1:50540109",8.8e-12
"31444","HISEQ13:138:C6FWNANXX:2:2308:12621:2863_1:132586176",8.8e-12
"31445","HISEQ13:138:C6FWNANXX:2:2111:3354:13703_1:89245798",8.8e-12
"31446","HISEQ13:138:C6FWNANXX:2:1113:3028:30360_1:18592416",8.8e-12
"31447","HISEQ13:138:C6FWNANXX:2:1308:10463:76730_1:61089417",8.8e-12
"31448","HISEQ13:138:C6FWNANXX:2:1304:20895:97259_1:55365185",8.8e-12
"31449","HISEQ13:138:C6FWNANXX:2:1208:12564:62048_1:36020311",8.8e-12
"31450","HISEQ13:138:C6FWNANXX:2:1316:3773:3807_1:72869882",8.8e-12
"31451","HISEQ13:138:C6FWNANXX:2:1103:19360:77002_1:4037856",8.8e-12
"31452","HISEQ13:138:C6FWNANXX:2:2108:8227:70594_1:85600218",8.8e-12
"31453","HISEQ13:138:C6FWNANXX:2:1214:21316:78887_1:45809365",8.8e-12
"31454","HISEQ13:138:C6FWNANXX:2:1102:1694:66166_1:2405958",8.8e-12
"31455","HISEQ13:138:C6FWNANXX:2:1307:13210:55442_1:59230304",8.8e-12
"31456","HISEQ13:138:C6FWNANXX:2:2205:10832:49104_1:104850479",8.8e-12
"31457","HISEQ13:138:C6FWNANXX:2:2209:1904:54978_1:110791655",8.8e-12
"31458","HISEQ13:138:C6FWNANXX:2:1115:6469:42733_1:22111919",8.8e-12
"31459","HISEQ13:138:C6FWNANXX:2:1106:8328:73908_1:8445991",8.9e-12
"31460","HISEQ13:138:C6FWNANXX:2:1212:14970:79450_1:42532817",8.9e-12
"31461","HISEQ13:138:C6FWNANXX:2:1116:7328:4727_1:23148131",8.9e-12
"31462","HISEQ13:138:C6FWNANXX:2:1308:21095:79904_1:61142685",8.9e-12
"31463","HISEQ13:138:C6FWNANXX:2:2214:13558:59038_1:118623680",8.9e-12
"31464","HISEQ13:138:C6FWNANXX:2:2214:8174:37415_1:118266705",8.9e-12
"31465","HISEQ13:138:C6FWNANXX:2:2301:19735:78457_1:123684551",8.9e-12
"31466","HISEQ13:138:C6FWNANXX:2:1302:4954:76466_1:52114652",8.9e-12
"31467","HISEQ13:138:C6FWNANXX:2:2209:11260:24866_1:110339037",8.9e-12
"31468","HISEQ13:138:C6FWNANXX:2:2303:7952:65182_1:126293862",8.9e-12
"31469","HISEQ13:138:C6FWNANXX:2:2310:8604:100147_1:137076171",8.9e-12
"31470","HISEQ13:138:C6FWNANXX:2:1214:4634:60676_1:45498380",8.9e-12
"31471","HISEQ13:138:C6FWNANXX:2:1314:17151:62107_1:70484539",8.9e-12
"31472","HISEQ13:138:C6FWNANXX:2:2110:7361:79228_1:88736456",8.9e-12
"31473","HISEQ13:138:C6FWNANXX:2:2114:16402:7634_1:93769402",8.9e-12
"31474","HISEQ13:138:C6FWNANXX:2:2116:19792:47705_1:97651198",8.9e-12
"31475","HISEQ13:138:C6FWNANXX:2:2115:4683:24004_1:95640211",8.9e-12
"31476","HISEQ13:138:C6FWNANXX:2:1109:5933:82241_1:13176649",8.9e-12
"31477","HISEQ13:138:C6FWNANXX:2:1206:8726:34442_1:32585355",8.9e-12
"31478","HISEQ13:138:C6FWNANXX:2:2206:9202:21541_1:105885940",8.9e-12
"31479","HISEQ13:138:C6FWNANXX:2:1209:3213:51838_1:37394483",8.9e-12
"31480","HISEQ13:138:C6FWNANXX:2:2207:1839:98269_1:108470951",8.9e-12
"31481","HISEQ13:138:C6FWNANXX:2:1201:17307:97130_1:26205792",9e-12
"31482","HISEQ13:138:C6FWNANXX:2:1306:11495:54904_1:57708916",9e-12
"31483","HISEQ13:138:C6FWNANXX:2:1106:14445:44186_1:7992336",9e-12
"31484","HISEQ13:138:C6FWNANXX:2:1116:18189:41479_1:23782931",9e-12
"31485","HISEQ13:138:C6FWNANXX:2:1202:15518:82043_1:27435986",9e-12
"31486","HISEQ13:138:C6FWNANXX:2:1211:20287:44258_1:40395763",9e-12
"31487","HISEQ13:138:C6FWNANXX:2:1216:21296:35264_1:48434935",9e-12
"31488","HISEQ13:138:C6FWNANXX:2:2312:16233:59792_1:139556622",9e-12
"31489","HISEQ13:138:C6FWNANXX:2:1110:6139:11127_1:13616870",9e-12
"31490","HISEQ13:138:C6FWNANXX:2:1301:14890:16503_1:49784840",9e-12
"31491","HISEQ13:138:C6FWNANXX:2:1108:10746:78395_1:11561489",9e-12
"31492","HISEQ13:138:C6FWNANXX:2:1305:8759:89808_1:56735537",9e-12
"31493","HISEQ13:138:C6FWNANXX:2:2207:13011:8107_1:107140011",9e-12
"31494","HISEQ13:138:C6FWNANXX:2:1103:1835:7016_1:2996911",9e-12
"31495","HISEQ13:138:C6FWNANXX:2:1310:15605:60273_1:63958039",9e-12
"31496","HISEQ13:138:C6FWNANXX:2:1313:5353:15864_1:68045453",9e-12
"31497","HISEQ13:138:C6FWNANXX:2:2311:17545:70015_1:138156064",9e-12
"31498","HISEQ13:138:C6FWNANXX:2:2102:20368:85321_1:77157473",9e-12
"31499","HISEQ13:138:C6FWNANXX:2:2107:4681:98961_1:84536603",9e-12
"31500","HISEQ13:138:C6FWNANXX:2:2303:10696:9085_1:125499645",9e-12
"31501","HISEQ13:138:C6FWNANXX:2:2306:12366:51170_1:130375392",9e-12
"31502","HISEQ13:138:C6FWNANXX:2:2308:4968:94668_1:133968508",9e-12
"31503","HISEQ13:138:C6FWNANXX:2:2110:6339:88242_1:88873962",9e-12
"31504","HISEQ13:138:C6FWNANXX:2:1204:10931:22720_1:29455938",9e-12
"31505","HISEQ13:138:C6FWNANXX:2:2114:20568:49846_1:94453903",9e-12
"31506","HISEQ13:138:C6FWNANXX:2:2107:13071:47968_1:83777217",9e-12
"31507","HISEQ13:138:C6FWNANXX:2:2305:8865:40977_1:128781125",9e-12
"31508","HISEQ13:138:C6FWNANXX:2:2316:7012:71291_1:146228346",9e-12
"31509","HISEQ13:138:C6FWNANXX:2:1307:9173:80291_1:59615452",9.1e-12
"31510","HISEQ13:138:C6FWNANXX:2:1116:7955:13783_1:23307673",9.1e-12
"31511","HISEQ13:138:C6FWNANXX:2:2206:15738:24951_1:105934718",9.1e-12
"31512","HISEQ13:138:C6FWNANXX:2:1109:17269:6064_1:11979836",9.1e-12
"31513","HISEQ13:138:C6FWNANXX:2:1206:12505:21007_1:32385296",9.1e-12
"31514","HISEQ13:138:C6FWNANXX:2:2206:12960:89577_1:106884002",9.1e-12
"31515","HISEQ13:138:C6FWNANXX:2:2215:16965:71931_1:120459689",9.1e-12
"31516","HISEQ13:138:C6FWNANXX:2:2106:3158:61001_1:82509258",9.1e-12
"31517","HISEQ13:138:C6FWNANXX:2:1209:5884:80451_1:37840706",9.1e-12
"31518","HISEQ13:138:C6FWNANXX:2:1304:19433:54940_1:54728948",9.1e-12
"31519","HISEQ13:138:C6FWNANXX:2:2108:10191:82527_1:85782214",9.1e-12
"31520","HISEQ13:138:C6FWNANXX:2:2114:16080:84098_1:95010326",9.1e-12
"31521","HISEQ13:138:C6FWNANXX:2:2314:19462:8932_1:141916836",9.1e-12
"31522","HISEQ13:138:C6FWNANXX:2:1204:9677:13626_1:29325330",9.1e-12
"31523","HISEQ13:138:C6FWNANXX:2:2115:17579:17263_1:95533786",9.1e-12
"31524","HISEQ13:138:C6FWNANXX:2:2302:1485:38736_1:124516156",9.1e-12
"31525","HISEQ13:138:C6FWNANXX:2:1109:19431:91141_1:13321357",9.1e-12
"31526","HISEQ13:138:C6FWNANXX:2:2207:12696:6305_1:107113873",9.1e-12
"31527","HISEQ13:138:C6FWNANXX:2:1204:7724:7205_1:29240964",9.1e-12
"31528","HISEQ13:138:C6FWNANXX:2:1308:5902:88406_1:61273834",9.1e-12
"31529","HISEQ13:138:C6FWNANXX:2:2110:1683:56634_1:88393850",9.1e-12
"31530","HISEQ13:138:C6FWNANXX:2:2111:3354:13703_1:89245797",9.1e-12
"31531","HISEQ13:138:C6FWNANXX:2:2112:10560:2901_1:90692996",9.2e-12
"31532","HISEQ13:138:C6FWNANXX:2:1110:17664:9620_1:13595541",9.2e-12
"31533","HISEQ13:138:C6FWNANXX:2:1207:2955:2888_1:33603012",9.2e-12
"31534","HISEQ13:138:C6FWNANXX:2:2307:6465:66958_1:132067226",9.2e-12
"31535","HISEQ13:138:C6FWNANXX:2:1206:3959:11802_1:32245164",9.2e-12
"31536","HISEQ13:138:C6FWNANXX:2:2208:1598:10207_1:108627880",9.2e-12
"31537","HISEQ13:138:C6FWNANXX:2:2301:8936:39250_1:123130610",9.2e-12
"31538","HISEQ13:138:C6FWNANXX:2:1313:5556:18100_1:68083002",9.2e-12
"31539","HISEQ13:138:C6FWNANXX:2:2104:8309:66853_1:79716360",9.2e-12
"31540","HISEQ13:138:C6FWNANXX:2:2311:13206:15083_1:137292574",9.2e-12
"31541","HISEQ13:138:C6FWNANXX:2:1211:7763:3788_1:39743092",9.2e-12
"31542","HISEQ13:138:C6FWNANXX:2:1305:4756:17214_1:55641384",9.2e-12
"31543","HISEQ13:138:C6FWNANXX:2:1103:14389:81039_1:4096143",9.2e-12
"31544","HISEQ13:138:C6FWNANXX:2:1310:7495:99751_1:64578824",9.2e-12
"31545","HISEQ13:138:C6FWNANXX:2:2115:17157:28878_1:95720132",9.2e-12
"31546","HISEQ13:138:C6FWNANXX:2:2302:4644:80604_1:125110722",9.2e-12
"31547","HISEQ13:138:C6FWNANXX:2:2111:8197:88230_1:90446818",9.2e-12
"31548","HISEQ13:138:C6FWNANXX:2:1208:9367:55878_1:35922495",9.2e-12
"31549","HISEQ13:138:C6FWNANXX:2:1304:4472:55384_1:54733661",9.2e-12
"31550","HISEQ13:138:C6FWNANXX:2:2307:3533:13730_1:131277005",9.2e-12
"31551","HISEQ13:138:C6FWNANXX:2:2314:5709:11855_1:141962788",9.2e-12
"31552","HISEQ13:138:C6FWNANXX:2:1313:12480:47661_1:68574046",9.3e-12
"31553","HISEQ13:138:C6FWNANXX:2:2104:18072:31222_1:79203546",9.3e-12
"31554","HISEQ13:138:C6FWNANXX:2:2201:5783:19815_1:98779198",9.3e-12
"31555","HISEQ13:138:C6FWNANXX:2:1116:14833:51746_1:23957757",9.3e-12
"31556","HISEQ13:138:C6FWNANXX:2:1203:15691:11856_1:27856497",9.3e-12
"31557","HISEQ13:138:C6FWNANXX:2:1305:19052:82099_1:56620871",9.3e-12
"31558","HISEQ13:138:C6FWNANXX:2:2205:18399:90931_1:105455388",9.3e-12
"31559","HISEQ13:138:C6FWNANXX:2:2101:3269:84586_1:75737618",9.3e-12
"31560","HISEQ13:138:C6FWNANXX:2:2305:16826:51141_1:128932527",9.3e-12
"31561","HISEQ13:138:C6FWNANXX:2:2311:13638:68738_1:138131464",9.3e-12
"31562","HISEQ13:138:C6FWNANXX:2:1211:8257:5922_1:39775219",9.3e-12
"31563","HISEQ13:138:C6FWNANXX:2:2211:16963:24579_1:113352985",9.3e-12
"31564","HISEQ13:138:C6FWNANXX:2:2112:11949:76956_1:91718754",9.3e-12
"31565","HISEQ13:138:C6FWNANXX:2:2315:20618:16032_1:143659930",9.3e-12
"31566","HISEQ13:138:C6FWNANXX:2:1104:15598:36987_1:4908118",9.3e-12
"31567","HISEQ13:138:C6FWNANXX:2:1216:13444:69062_1:49018078",9.3e-12
"31568","HISEQ13:138:C6FWNANXX:2:2201:6520:81712_1:99659875",9.3e-12
"31569","HISEQ13:138:C6FWNANXX:2:2210:19839:58359_1:112354668",9.3e-12
"31570","HISEQ13:138:C6FWNANXX:2:2309:3353:87786_1:135371385",9.3e-12
"31571","HISEQ13:138:C6FWNANXX:2:1111:20083:19498_1:15312196",9.3e-12
"31572","HISEQ13:138:C6FWNANXX:2:1116:3803:5357_1:23160187",9.3e-12
"31573","HISEQ13:138:C6FWNANXX:2:1310:11723:60744_1:63961152",9.3e-12
"31574","HISEQ13:138:C6FWNANXX:2:2202:6827:95608_1:101266516",9.3e-12
"31575","HISEQ13:138:C6FWNANXX:2:1209:14233:92450_1:38030844",9.3e-12
"31576","HISEQ13:138:C6FWNANXX:2:2206:20738:78860_1:106729021",9.3e-12
"31577","HISEQ13:138:C6FWNANXX:2:2208:9551:2080_1:108510497",9.3e-12
"31578","HISEQ13:138:C6FWNANXX:2:2213:15411:27118_1:116505649",9.3e-12
"31579","HISEQ13:138:C6FWNANXX:2:1114:11586:44504_1:20477872",9.3e-12
"31580","HISEQ13:138:C6FWNANXX:2:1213:15056:39305_1:43499330",9.4e-12
"31581","HISEQ13:138:C6FWNANXX:2:1305:10044:67189_1:56391925",9.4e-12
"31582","HISEQ13:138:C6FWNANXX:2:1111:5243:4465_1:15069485",9.4e-12
"31583","HISEQ13:138:C6FWNANXX:2:2206:4459:24014_1:105921546",9.4e-12
"31584","HISEQ13:138:C6FWNANXX:2:2101:2445:43456_1:75150807",9.4e-12
"31585","HISEQ13:138:C6FWNANXX:2:2111:16807:84625_1:90388476",9.4e-12
"31586","HISEQ13:138:C6FWNANXX:2:2309:16713:12997_1:134229488",9.4e-12
"31587","HISEQ13:138:C6FWNANXX:2:1110:8686:37136_1:14028094",9.4e-12
"31588","HISEQ13:138:C6FWNANXX:2:2209:15848:87999_1:111296744",9.4e-12
"31589","HISEQ13:138:C6FWNANXX:2:1206:6706:62491_1:33010205",9.4e-12
"31590","HISEQ13:138:C6FWNANXX:2:2104:16310:47132_1:79433501",9.4e-12
"31591","HISEQ13:138:C6FWNANXX:2:1302:14921:4886_1:51064285",9.4e-12
"31592","HISEQ13:138:C6FWNANXX:2:1103:20344:46117_1:3578272",9.4e-12
"31593","HISEQ13:138:C6FWNANXX:2:2309:20314:75750_1:135191714",9.4e-12
"31594","HISEQ13:138:C6FWNANXX:2:2313:13739:43419_1:140874877",9.4e-12
"31595","HISEQ13:138:C6FWNANXX:2:1101:7705:80256_1:1159181",9.4e-12
"31596","HISEQ13:138:C6FWNANXX:2:1101:8016:69982_1:1004499",9.5e-12
"31597","HISEQ13:138:C6FWNANXX:2:1207:3896:44955_1:34239992",9.5e-12
"31598","HISEQ13:138:C6FWNANXX:2:2203:15496:82511_1:102493648",9.5e-12
"31599","HISEQ13:138:C6FWNANXX:2:2216:4045:90545_1:122432634",9.5e-12
"31600","HISEQ13:138:C6FWNANXX:2:2312:9205:71694_1:139741860",9.5e-12
"31601","HISEQ13:138:C6FWNANXX:2:2314:12321:14339_1:142005290",9.5e-12
"31602","HISEQ13:138:C6FWNANXX:2:1114:2977:68400_1:20876166",9.5e-12
"31603","HISEQ13:138:C6FWNANXX:2:1304:20865:48821_1:54639054",9.5e-12
"31604","HISEQ13:138:C6FWNANXX:2:1115:5008:82206_1:22780930",9.5e-12
"31605","HISEQ13:138:C6FWNANXX:2:1212:13679:16859_1:41518609",9.5e-12
"31606","HISEQ13:138:C6FWNANXX:2:1214:17887:76265_1:45766533",9.5e-12
"31607","HISEQ13:138:C6FWNANXX:2:2211:20040:75858_1:114155165",9.5e-12
"31608","HISEQ13:138:C6FWNANXX:2:1113:17284:69286_1:19239018",9.5e-12
"31609","HISEQ13:138:C6FWNANXX:2:2109:2380:87633_1:87357641",9.5e-12
"31610","HISEQ13:138:C6FWNANXX:2:1204:16413:13715_1:29326676",9.5e-12
"31611","HISEQ13:138:C6FWNANXX:2:2206:7555:21503_1:105885649",9.5e-12
"31612","HISEQ13:138:C6FWNANXX:2:2207:7275:61377_1:107922146",9.5e-12
"31613","HISEQ13:138:C6FWNANXX:2:2215:12674:30011_1:119769374",9.5e-12
"31614","HISEQ13:138:C6FWNANXX:2:2214:16793:72925_1:118850514",9.5e-12
"31615","HISEQ13:138:C6FWNANXX:2:2111:4077:39820_1:89652864",9.6e-12
"31616","HISEQ13:138:C6FWNANXX:2:1216:6367:15916_1:48095062",9.6e-12
"31617","HISEQ13:138:C6FWNANXX:2:2106:15356:34637_1:82120651",9.6e-12
"31618","HISEQ13:138:C6FWNANXX:2:1306:17002:8375_1:57000145",9.6e-12
"31619","HISEQ13:138:C6FWNANXX:2:1203:11264:37803_1:28238670",9.6e-12
"31620","HISEQ13:138:C6FWNANXX:2:1302:21066:13247_1:51187016",9.6e-12
"31621","HISEQ13:138:C6FWNANXX:2:1116:14935:34598_1:23665808",9.6e-12
"31622","HISEQ13:138:C6FWNANXX:2:1212:16849:15398_1:41498058",9.6e-12
"31623","HISEQ13:138:C6FWNANXX:2:1115:3430:89141_1:22900035",9.6e-12
"31624","HISEQ13:138:C6FWNANXX:2:1303:18208:44707_1:53108891",9.6e-12
"31625","HISEQ13:138:C6FWNANXX:2:1309:18371:91253_1:62883284",9.6e-12
"31626","HISEQ13:138:C6FWNANXX:2:1115:15155:17939_1:21695045",9.6e-12
"31627","HISEQ13:138:C6FWNANXX:2:2214:15146:72297_1:118841977",9.6e-12
"31628","HISEQ13:138:C6FWNANXX:2:2101:5673:80424_1:75677492",9.6e-12
"31629","HISEQ13:138:C6FWNANXX:2:1107:13618:4367_1:8894214",9.6e-12
"31630","HISEQ13:138:C6FWNANXX:2:1307:9632:77692_1:59573348",9.6e-12
"31631","HISEQ13:138:C6FWNANXX:2:1308:13415:23466_1:60260165",9.6e-12
"31632","HISEQ13:138:C6FWNANXX:2:1209:11980:87143_1:37947877",9.6e-12
"31633","HISEQ13:138:C6FWNANXX:2:1308:20402:12099_1:60088389",9.6e-12
"31634","HISEQ13:138:C6FWNANXX:2:1315:6574:77749_1:72434034",9.6e-12
"31635","HISEQ13:138:C6FWNANXX:2:2103:13509:39286_1:77909016",9.6e-12
"31636","HISEQ13:138:C6FWNANXX:2:2115:18164:31611_1:95764793",9.6e-12
"31637","HISEQ13:138:C6FWNANXX:2:2213:16699:61748_1:117060552",9.6e-12
"31638","HISEQ13:138:C6FWNANXX:2:1311:19038:97914_1:66151154",9.7e-12
"31639","HISEQ13:138:C6FWNANXX:2:2215:7902:21192_1:119619610",9.7e-12
"31640","HISEQ13:138:C6FWNANXX:2:2209:11806:60564_1:110881123",9.7e-12
"31641","HISEQ13:138:C6FWNANXX:2:2112:4388:14540_1:90775421",9.7e-12
"31642","HISEQ13:138:C6FWNANXX:2:1205:1518:30907_1:31048333",9.7e-12
"31643","HISEQ13:138:C6FWNANXX:2:1307:20070:14501_1:58605201",9.7e-12
"31644","HISEQ13:138:C6FWNANXX:2:2101:7728:94773_1:75883372",9.7e-12
"31645","HISEQ13:138:C6FWNANXX:2:2101:8707:5132_1:74605363",9.7e-12
"31646","HISEQ13:138:C6FWNANXX:2:1105:3007:17300_1:6093006",9.7e-12
"31647","HISEQ13:138:C6FWNANXX:2:2309:4677:8071_1:134155066",9.7e-12
"31648","HISEQ13:138:C6FWNANXX:2:1210:4373:85614_1:39473452",9.7e-12
"31649","HISEQ13:138:C6FWNANXX:2:2314:6888:59404_1:142743576",9.7e-12
"31650","HISEQ13:138:C6FWNANXX:2:2108:2539:98678_1:86022206",9.7e-12
"31651","HISEQ13:138:C6FWNANXX:2:1308:13828:74042_1:61050535",9.7e-12
"31652","HISEQ13:138:C6FWNANXX:2:1108:19221:35085_1:10887635",9.7e-12
"31653","HISEQ13:138:C6FWNANXX:2:1103:20198:33875_1:3397399",9.7e-12
"31654","HISEQ13:138:C6FWNANXX:2:1108:20384:36378_1:10907226",9.7e-12
"31655","HISEQ13:138:C6FWNANXX:2:2211:17423:77309_1:114178187",9.7e-12
"31656","HISEQ13:138:C6FWNANXX:2:1115:1617:49527_1:22228504",9.7e-12
"31657","HISEQ13:138:C6FWNANXX:2:1207:6001:94830_1:35002467",9.7e-12
"31658","HISEQ13:138:C6FWNANXX:2:1206:13844:13447_1:32270028",9.8e-12
"31659","HISEQ13:138:C6FWNANXX:2:1313:5464:3798_1:67847323",9.8e-12
"31660","HISEQ13:138:C6FWNANXX:2:1314:16043:75278_1:70709968",9.8e-12
"31661","HISEQ13:138:C6FWNANXX:2:2105:6171:71415_1:81209914",9.8e-12
"31662","HISEQ13:138:C6FWNANXX:2:2202:7434:39045_1:100461127",9.8e-12
"31663","HISEQ13:138:C6FWNANXX:2:2115:4515:56714_1:96167980",9.8e-12
"31664","HISEQ13:138:C6FWNANXX:2:1107:13247:94695_1:10278171",9.8e-12
"31665","HISEQ13:138:C6FWNANXX:2:1316:5047:6603_1:72917774",9.8e-12
"31666","HISEQ13:138:C6FWNANXX:2:2313:8396:49214_1:140966242",9.8e-12
"31667","HISEQ13:138:C6FWNANXX:2:2104:10817:47783_1:79443066",9.8e-12
"31668","HISEQ13:138:C6FWNANXX:2:2309:17359:39961_1:134639808",9.8e-12
"31669","HISEQ13:138:C6FWNANXX:2:2309:18598:25384_1:134420184",9.8e-12
"31670","HISEQ13:138:C6FWNANXX:2:1216:9104:53876_1:48751735",9.8e-12
"31671","HISEQ13:138:C6FWNANXX:2:1114:14996:80106_1:21076160",9.8e-12
"31672","HISEQ13:138:C6FWNANXX:2:1206:6227:37857_1:32638223",9.8e-12
"31673","HISEQ13:138:C6FWNANXX:2:2103:9640:68582_1:78322680",9.8e-12
"31674","HISEQ13:138:C6FWNANXX:2:2104:17887:95214_1:80124274",9.8e-12
"31675","HISEQ13:138:C6FWNANXX:2:1214:11648:78901_1:45807397",9.8e-12
"31676","HISEQ13:138:C6FWNANXX:2:2206:18365:20947_1:105876898",9.8e-12
"31677","HISEQ13:138:C6FWNANXX:2:1205:9096:51924_1:31364544",9.8e-12
"31678","HISEQ13:138:C6FWNANXX:2:1315:20196:10623_1:71290243",9.8e-12
"31679","HISEQ13:138:C6FWNANXX:2:2303:10474:18722_1:125634123",9.8e-12
"31680","HISEQ13:138:C6FWNANXX:2:1211:16672:91488_1:41153091",9.9e-12
"31681","HISEQ13:138:C6FWNANXX:2:1315:16707:26487_1:71556459",9.9e-12
"31682","HISEQ13:138:C6FWNANXX:2:1105:7816:32665_1:6322899",9.9e-12
"31683","HISEQ13:138:C6FWNANXX:2:1304:17546:34860_1:54428755",9.9e-12
"31684","HISEQ13:138:C6FWNANXX:2:1312:3451:22638_1:66533700",9.9e-12
"31685","HISEQ13:138:C6FWNANXX:2:2311:6415:35488_1:137608453",9.9e-12
"31686","HISEQ13:138:C6FWNANXX:2:1302:9787:38413_1:51556059",9.9e-12
"31687","HISEQ13:138:C6FWNANXX:2:1215:17029:51103_1:47010615",9.9e-12
"31688","HISEQ13:138:C6FWNANXX:2:2309:18664:34410_1:134556727",9.9e-12
"31689","HISEQ13:138:C6FWNANXX:2:1108:3770:19135_1:10637587",9.9e-12
"31690","HISEQ13:138:C6FWNANXX:2:2202:1256:83304_1:101089740",9.9e-12
"31691","HISEQ13:138:C6FWNANXX:2:2201:19324:46786_1:99166541",9.9e-12
"31692","HISEQ13:138:C6FWNANXX:2:1111:3228:53536_1:15857238",1e-11
"31693","HISEQ13:138:C6FWNANXX:2:2303:21282:12989_1:125554786",1e-11
"31694","HISEQ13:138:C6FWNANXX:2:1209:8365:91115_1:38009999",1e-11
"31695","HISEQ13:138:C6FWNANXX:2:2108:13896:91900_1:85922246",1e-11
"31696","HISEQ13:138:C6FWNANXX:2:1304:9813:71136_1:54970659",1e-11
"31697","HISEQ13:138:C6FWNANXX:2:1316:4237:8593_1:72952651",1e-11
"31698","HISEQ13:138:C6FWNANXX:2:1105:2536:30338_1:6288244",1e-11
"31699","HISEQ13:138:C6FWNANXX:2:2109:13514:29846_1:86481281",1e-11
"31700","HISEQ13:138:C6FWNANXX:2:2109:9936:35854_1:86571045",1e-11
"31701","HISEQ13:138:C6FWNANXX:2:2205:20972:6078_1:104229429",1e-11
"31702","HISEQ13:138:C6FWNANXX:2:2312:4376:95482_1:140120095",1e-11
"31703","HISEQ13:138:C6FWNANXX:2:1204:4997:18327_1:29392430",1e-11
"31704","HISEQ13:138:C6FWNANXX:2:1313:15247:59330_1:68770261",1e-11
"31705","HISEQ13:138:C6FWNANXX:2:1107:17244:49235_1:9580990",1e-11
"31706","HISEQ13:138:C6FWNANXX:2:1209:16408:77790_1:37804040",1e-11
"31707","HISEQ13:138:C6FWNANXX:2:2115:1525:40176_1:95899764",1e-11
"31708","HISEQ13:138:C6FWNANXX:2:1202:18447:75757_1:27344764",1e-11
"31709","HISEQ13:138:C6FWNANXX:2:1214:17638:15193_1:44737809",1e-11
"31710","HISEQ13:138:C6FWNANXX:2:2107:19499:61651_1:83983076",1e-11
"31711","HISEQ13:138:C6FWNANXX:2:2108:7518:34881_1:85059542",1e-11
"31712","HISEQ13:138:C6FWNANXX:2:2204:13069:52625_1:103476064",1e-11
"31713","HISEQ13:138:C6FWNANXX:2:1211:9700:78356_1:40941313",1e-11
"31714","HISEQ13:138:C6FWNANXX:2:2108:16572:2210_1:84570934",1e-11
"31715","HISEQ13:138:C6FWNANXX:2:1213:2207:31091_1:43359749",1e-11
"31716","HISEQ13:138:C6FWNANXX:2:1316:9151:35083_1:73414184",1e-11
"31717","HISEQ13:138:C6FWNANXX:2:1103:10012:40950_1:3498559",1e-11
"31718","HISEQ13:138:C6FWNANXX:2:1301:12784:71158_1:50585762",1e-11
"31719","HISEQ13:138:C6FWNANXX:2:2210:17986:73804_1:112589765",1e-11
"31720","HISEQ13:138:C6FWNANXX:2:2112:7649:45625_1:91225236",1e-11
"31721","HISEQ13:138:C6FWNANXX:2:1209:7271:77079_1:37790479",1e-11
"31722","HISEQ13:138:C6FWNANXX:2:2101:5476:75842_1:75613600",1e-11
"31723","HISEQ13:138:C6FWNANXX:2:2104:15318:68535_1:79742790",1e-11
"31724","HISEQ13:138:C6FWNANXX:2:1104:1906:35637_1:4886654",1e-11
"31725","HISEQ13:138:C6FWNANXX:2:1301:13317:99668_1:51004572",1e-11
"31726","HISEQ13:138:C6FWNANXX:2:1314:16043:75278_1:70709967",1e-11
"31727","HISEQ13:138:C6FWNANXX:2:1101:16078:50956_1:724480",1e-11
"31728","HISEQ13:138:C6FWNANXX:2:1315:21179:52564_1:72007434",1e-11
"31729","HISEQ13:138:C6FWNANXX:2:1107:19967:64430_1:9814948",1e-11
"31730","HISEQ13:138:C6FWNANXX:2:1306:7787:72021_1:57972094",1e-11
"31731","HISEQ13:138:C6FWNANXX:2:2302:9723:74474_1:125022675",1e-11
"31732","HISEQ13:138:C6FWNANXX:2:1211:5973:46376_1:40425101",1e-11
"31733","HISEQ13:138:C6FWNANXX:2:2213:18936:23668_1:116450679",1e-11
"31734","HISEQ13:138:C6FWNANXX:2:2214:18468:54792_1:118554636",1e-11
"31735","HISEQ13:138:C6FWNANXX:2:2302:17661:63424_1:124867447",1e-11
"31736","HISEQ13:138:C6FWNANXX:2:1103:3164:21004_1:3204984",1e-11
"31737","HISEQ13:138:C6FWNANXX:2:1211:20648:88223_1:41101420",1e-11
"31738","HISEQ13:138:C6FWNANXX:2:1314:9634:54174_1:70347237",1e-11
"31739","HISEQ13:138:C6FWNANXX:2:2110:5154:72487_1:88633348",1e-11
"31740","HISEQ13:138:C6FWNANXX:2:2312:3964:24863_1:139000887",1e-11
"31741","HISEQ13:138:C6FWNANXX:2:2115:2361:63424_1:96277637",1e-11
"31742","HISEQ13:138:C6FWNANXX:2:2202:7579:53985_1:100669669",1e-11
"31743","HISEQ13:138:C6FWNANXX:2:2109:8816:79325_1:87233546",1e-11
"31744","HISEQ13:138:C6FWNANXX:2:1312:11364:80313_1:67480246",1e-11
"31745","HISEQ13:138:C6FWNANXX:2:2203:18466:54542_1:102094391",1e-11
"31746","HISEQ13:138:C6FWNANXX:2:2102:20913:67917_1:76905954",1e-11
"31747","HISEQ13:138:C6FWNANXX:2:2113:6896:93556_1:93560020",1e-11
"31748","HISEQ13:138:C6FWNANXX:2:2214:1568:45714_1:118399954",1e-11
"31749","HISEQ13:138:C6FWNANXX:2:1102:15416:43433_1:2072909",1e-11
"31750","HISEQ13:138:C6FWNANXX:2:1108:10486:20404_1:10658026",1e-11
"31751","HISEQ13:138:C6FWNANXX:2:1305:19642:56668_1:56237181",1e-11
"31752","HISEQ13:138:C6FWNANXX:2:2105:13925:10720_1:80331799",1e-11
"31753","HISEQ13:138:C6FWNANXX:2:2308:1295:85235_1:133823645",1e-11
"31754","HISEQ13:138:C6FWNANXX:2:2315:3078:20341_1:143726883",1e-11
"31755","HISEQ13:138:C6FWNANXX:2:1211:5338:8050_1:39810314",1e-11
"31756","HISEQ13:138:C6FWNANXX:2:1306:2683:92520_1:58283608",1e-11
"31757","HISEQ13:138:C6FWNANXX:2:1316:6755:5527_1:72900844",1e-11
"31758","HISEQ13:138:C6FWNANXX:2:2104:5954:34047_1:79244321",1e-11
"31759","HISEQ13:138:C6FWNANXX:2:2216:12167:61142_1:121933063",1e-11
"31760","HISEQ13:138:C6FWNANXX:2:2209:7861:57809_1:110838399",1e-11
"31761","HISEQ13:138:C6FWNANXX:2:1101:14213:5698_1:54633",1e-11
"31762","HISEQ13:138:C6FWNANXX:2:1107:5218:60220_1:9747254",1e-11
"31763","HISEQ13:138:C6FWNANXX:2:1102:15763:99618_1:2904566",1e-11
"31764","HISEQ13:138:C6FWNANXX:2:2307:3275:23815_1:131428377",1e-11
"31765","HISEQ13:138:C6FWNANXX:2:2201:20817:3391_1:98546704",1e-11
"31766","HISEQ13:138:C6FWNANXX:2:1110:20300:33627_1:13974869",1e-11
"31767","HISEQ13:138:C6FWNANXX:2:1107:12662:50505_1:9603177",1e-11
"31768","HISEQ13:138:C6FWNANXX:2:1114:20272:65705_1:20833477",1e-11
"31769","HISEQ13:138:C6FWNANXX:2:1202:6581:69727_1:27250927",1e-11
"31770","HISEQ13:138:C6FWNANXX:2:2216:1382:37258_1:121528314",1e-11
"31771","HISEQ13:138:C6FWNANXX:2:1208:18787:56647_1:35935856",1e-11
"31772","HISEQ13:138:C6FWNANXX:2:1209:14338:64417_1:37592569",1e-11
"31773","HISEQ13:138:C6FWNANXX:2:1303:14545:75639_1:53565341",1e-11
"31774","HISEQ13:138:C6FWNANXX:2:2104:8207:55377_1:79550673",1e-11
"31775","HISEQ13:138:C6FWNANXX:2:1110:9360:81409_1:14726234",1e-11
"31776","HISEQ13:138:C6FWNANXX:2:1114:8496:21666_1:20092459",1e-11
"31777","HISEQ13:138:C6FWNANXX:2:1202:16465:54050_1:27025059",1e-11
"31778","HISEQ13:138:C6FWNANXX:2:1212:14102:79329_1:42532632",1e-11
"31779","HISEQ13:138:C6FWNANXX:2:1311:20230:75192_1:65778603",1e-11
"31780","HISEQ13:138:C6FWNANXX:2:1313:9254:70731_1:68958009",1e-11
"31781","HISEQ13:138:C6FWNANXX:2:1315:20044:32127_1:71655411",1e-11
"31782","HISEQ13:138:C6FWNANXX:2:2211:1772:77553_1:114179050",1e-11
"31783","HISEQ13:138:C6FWNANXX:2:2202:21261:39679_1:100470560",1e-11
"31784","HISEQ13:138:C6FWNANXX:2:2108:16665:40375_1:85144654",1e-11
"31785","HISEQ13:138:C6FWNANXX:2:2214:13747:17201_1:117938102",1e-11
"31786","HISEQ13:138:C6FWNANXX:2:2203:15058:95526_1:102679898",1e-11
"31787","HISEQ13:138:C6FWNANXX:2:1113:4172:48270_1:18888006",1e-11
"31788","HISEQ13:138:C6FWNANXX:2:1109:7984:19858_1:12193808",1.1e-11
"31789","HISEQ13:138:C6FWNANXX:2:1202:7997:12997_1:26418588",1.1e-11
"31790","HISEQ13:138:C6FWNANXX:2:2112:18058:54412_1:91363853",1.1e-11
"31791","HISEQ13:138:C6FWNANXX:2:2205:5773:63285_1:105054980",1.1e-11
"31792","HISEQ13:138:C6FWNANXX:2:1115:14032:21785_1:21762643",1.1e-11
"31793","HISEQ13:138:C6FWNANXX:2:2203:18910:63315_1:102219479",1.1e-11
"31794","HISEQ13:138:C6FWNANXX:2:1107:8954:63064_1:9793595",1.1e-11
"31795","HISEQ13:138:C6FWNANXX:2:2207:4535:55469_1:107832969",1.1e-11
"31796","HISEQ13:138:C6FWNANXX:2:2312:17347:80075_1:139879244",1.1e-11
"31797","HISEQ13:138:C6FWNANXX:2:1113:19538:71867_1:19281152",1.1e-11
"31798","HISEQ13:138:C6FWNANXX:2:1215:12379:6240_1:46247634",1.1e-11
"31799","HISEQ13:138:C6FWNANXX:2:1215:15803:11828_1:46345679",1.1e-11
"31800","HISEQ13:138:C6FWNANXX:2:2211:20530:93698_1:114434339",1.1e-11
"31801","HISEQ13:138:C6FWNANXX:2:1210:11510:56937_1:39025905",1.1e-11
"31802","HISEQ13:138:C6FWNANXX:2:1212:2454:16522_1:41513080",1.1e-11
"31803","HISEQ13:138:C6FWNANXX:2:1212:6710:69971_1:42375136",1.1e-11
"31804","HISEQ13:138:C6FWNANXX:2:1109:12647:57387_1:12785762",1.1e-11
"31805","HISEQ13:138:C6FWNANXX:2:1304:10590:92517_1:55291829",1.1e-11
"31806","HISEQ13:138:C6FWNANXX:2:1310:14912:62869_1:63997023",1.1e-11
"31807","HISEQ13:138:C6FWNANXX:2:1111:10858:57021_1:15916544",1.1e-11
"31808","HISEQ13:138:C6FWNANXX:2:2208:13563:35927_1:109014446",1.1e-11
"31809","HISEQ13:138:C6FWNANXX:2:2210:16702:24059_1:111830987",1.1e-11
"31810","HISEQ13:138:C6FWNANXX:2:1310:11156:85816_1:64359012",1.1e-11
"31811","HISEQ13:138:C6FWNANXX:2:2114:18041:52454_1:94493603",1.1e-11
"31812","HISEQ13:138:C6FWNANXX:2:1114:9770:76493_1:21012022",1.1e-11
"31813","HISEQ13:138:C6FWNANXX:2:1305:11209:12669_1:55575344",1.1e-11
"31814","HISEQ13:138:C6FWNANXX:2:1307:20883:87625_1:59728913",1.1e-11
"31815","HISEQ13:138:C6FWNANXX:2:1309:1917:56056_1:62320218",1.1e-11
"31816","HISEQ13:138:C6FWNANXX:2:2112:1835:16552_1:90791106",1.1e-11
"31817","HISEQ13:138:C6FWNANXX:2:2214:8384:32123_1:118181427",1.1e-11
"31818","HISEQ13:138:C6FWNANXX:2:1108:14017:84719_1:11660310",1.1e-11
"31819","HISEQ13:138:C6FWNANXX:2:2206:12887:29626_1:106003104",1.1e-11
"31820","HISEQ13:138:C6FWNANXX:2:1314:5072:77413_1:70741586",1.1e-11
"31821","HISEQ13:138:C6FWNANXX:2:2115:20040:16561_1:95521906",1.1e-11
"31822","HISEQ13:138:C6FWNANXX:2:2202:13147:23090_1:100235690",1.1e-11
"31823","HISEQ13:138:C6FWNANXX:2:2111:12835:97867_1:90620172",1.1e-11
"31824","HISEQ13:138:C6FWNANXX:2:1206:2664:30735_1:32527158",1.1e-11
"31825","HISEQ13:138:C6FWNANXX:2:1313:2514:79934_1:69111892",1.1e-11
"31826","HISEQ13:138:C6FWNANXX:2:2213:10961:57317_1:116991362",1.1e-11
"31827","HISEQ13:138:C6FWNANXX:2:1114:11377:42131_1:20435898",1.1e-11
"31828","HISEQ13:138:C6FWNANXX:2:2312:7338:99008_1:140180522",1.1e-11
"31829","HISEQ13:138:C6FWNANXX:2:1313:14537:28243_1:68251049",1.1e-11
"31830","HISEQ13:138:C6FWNANXX:2:1314:21157:34263_1:70013951",1.1e-11
"31831","HISEQ13:138:C6FWNANXX:2:2113:12907:12037_1:92260263",1.1e-11
"31832","HISEQ13:138:C6FWNANXX:2:2113:17553:93447_1:93558280",1.1e-11
"31833","HISEQ13:138:C6FWNANXX:2:1206:2788:4246_1:32127541",1.1e-11
"31834","HISEQ13:138:C6FWNANXX:2:1216:5716:43960_1:48578643",1.1e-11
"31835","HISEQ13:138:C6FWNANXX:2:1302:21208:37114_1:51539616",1.1e-11
"31836","HISEQ13:138:C6FWNANXX:2:1301:2545:71751_1:50594680",1.1e-11
"31837","HISEQ13:138:C6FWNANXX:2:1312:5112:75728_1:67400365",1.1e-11
"31838","HISEQ13:138:C6FWNANXX:2:2212:16026:97263_1:116050204",1.1e-11
"31839","HISEQ13:138:C6FWNANXX:2:1201:3845:4500_1:24841860",1.1e-11
"31840","HISEQ13:138:C6FWNANXX:2:1301:12221:57756_1:50390551",1.1e-11
"31841","HISEQ13:138:C6FWNANXX:2:1208:14864:83813_1:36357418",1.1e-11
"31842","HISEQ13:138:C6FWNANXX:2:2316:13071:20061_1:145364076",1.1e-11
"31843","HISEQ13:138:C6FWNANXX:2:2316:10353:34061_1:145600295",1.1e-11
"31844","HISEQ13:138:C6FWNANXX:2:1305:5320:8595_1:55514175",1.1e-11
"31845","HISEQ13:138:C6FWNANXX:2:2315:7642:79999_1:144708223",1.1e-11
"31846","HISEQ13:138:C6FWNANXX:2:1108:8168:18458_1:10626932",1.1e-11
"31847","HISEQ13:138:C6FWNANXX:2:2210:18771:19160_1:111755212",1.1e-11
"31848","HISEQ13:138:C6FWNANXX:2:2101:10794:97133_1:75916107",1.1e-11
"31849","HISEQ13:138:C6FWNANXX:2:1212:17119:91327_1:42730803",1.1e-11
"31850","HISEQ13:138:C6FWNANXX:2:2109:17132:43860_1:86694708",1.1e-11
"31851","HISEQ13:138:C6FWNANXX:2:2304:16955:65331_1:127710707",1.1e-11
"31852","HISEQ13:138:C6FWNANXX:2:2106:14616:28089_1:82025473",1.1e-11
"31853","HISEQ13:138:C6FWNANXX:2:2115:7016:44571_1:95973561",1.1e-11
"31854","HISEQ13:138:C6FWNANXX:2:2203:10931:68151_1:102286251",1.1e-11
"31855","HISEQ13:138:C6FWNANXX:2:2209:5894:54874_1:110792367",1.1e-11
"31856","HISEQ13:138:C6FWNANXX:2:2214:9323:67640_1:118762558",1.1e-11
"31857","HISEQ13:138:C6FWNANXX:2:2315:19041:86653_1:144822243",1.1e-11
"31858","HISEQ13:138:C6FWNANXX:2:1302:14362:91668_1:52340557",1.1e-11
"31859","HISEQ13:138:C6FWNANXX:2:2110:12194:20427_1:87841410",1.1e-11
"31860","HISEQ13:138:C6FWNANXX:2:2310:13205:64727_1:136535398",1.1e-11
"31861","HISEQ13:138:C6FWNANXX:2:2316:11117:7351_1:145147795",1.1e-11
"31862","HISEQ13:138:C6FWNANXX:2:1216:9182:69649_1:49026059",1.1e-11
"31863","HISEQ13:138:C6FWNANXX:2:1101:15997:68389_1:984115",1.1e-11
"31864","HISEQ13:138:C6FWNANXX:2:1301:19213:6181_1:49630509",1.1e-11
"31865","HISEQ13:138:C6FWNANXX:2:1109:2719:100786_1:13471726",1.1e-11
"31866","HISEQ13:138:C6FWNANXX:2:1311:21115:98092_1:66155669",1.1e-11
"31867","HISEQ13:138:C6FWNANXX:2:2205:20626:9989_1:104283965",1.1e-11
"31868","HISEQ13:138:C6FWNANXX:2:1305:3821:20267_1:55689717",1.1e-11
"31869","HISEQ13:138:C6FWNANXX:2:1315:6778:87538_1:72607453",1.1e-11
"31870","HISEQ13:138:C6FWNANXX:2:2114:3541:98813_1:95247604",1.1e-11
"31871","HISEQ13:138:C6FWNANXX:2:2216:19603:19918_1:121238271",1.1e-11
"31872","HISEQ13:138:C6FWNANXX:2:1215:4099:61107_1:47177954",1.1e-11
"31873","HISEQ13:138:C6FWNANXX:2:2214:13147:61786_1:118668834",1.1e-11
"31874","HISEQ13:138:C6FWNANXX:2:1111:16448:48707_1:15778815",1.1e-11
"31875","HISEQ13:138:C6FWNANXX:2:1212:14541:88538_1:42685064",1.1e-11
"31876","HISEQ13:138:C6FWNANXX:2:2304:2637:60377_1:127636793",1.1e-11
"31877","HISEQ13:138:C6FWNANXX:2:1111:14466:11659_1:15187261",1.1e-11
"31878","HISEQ13:138:C6FWNANXX:2:2101:17177:69270_1:75523237",1.1e-11
"31879","HISEQ13:138:C6FWNANXX:2:1111:14226:64306_1:16039407",1.1e-11
"31880","HISEQ13:138:C6FWNANXX:2:1115:19872:64697_1:22487335",1.1e-11
"31881","HISEQ13:138:C6FWNANXX:2:2312:2405:75373_1:139800435",1.1e-11
"31882","HISEQ13:138:C6FWNANXX:2:2313:18625:37176_1:140774284",1.1e-11
"31883","HISEQ13:138:C6FWNANXX:2:1305:3001:50239_1:56135818",1.1e-11
"31884","HISEQ13:138:C6FWNANXX:2:1316:3134:77163_1:74148446",1.1e-11
"31885","HISEQ13:138:C6FWNANXX:2:2111:5716:88697_1:90455134",1.1e-11
"31886","HISEQ13:138:C6FWNANXX:2:1203:7681:84688_1:28925839",1.1e-11
"31887","HISEQ13:138:C6FWNANXX:2:1105:5452:86837_1:7136976",1.1e-11
"31888","HISEQ13:138:C6FWNANXX:2:1110:4514:96784_1:14968370",1.1e-11
"31889","HISEQ13:138:C6FWNANXX:2:1209:10000:94429_1:38061052",1.1e-11
"31890","HISEQ13:138:C6FWNANXX:2:2115:6704:58441_1:96197094",1.1e-11
"31891","HISEQ13:138:C6FWNANXX:2:1209:20797:71143_1:37699567",1.1e-11
"31892","HISEQ13:138:C6FWNANXX:2:2103:10666:10435_1:77495143",1.1e-11
"31893","HISEQ13:138:C6FWNANXX:2:2302:9723:74474_1:125022674",1.1e-11
"31894","HISEQ13:138:C6FWNANXX:2:1308:13847:61086_1:60847396",1.1e-11
"31895","HISEQ13:138:C6FWNANXX:2:2206:17437:9711_1:105712373",1.1e-11
"31896","HISEQ13:138:C6FWNANXX:2:1212:5293:98468_1:42842549",1.1e-11
"31897","HISEQ13:138:C6FWNANXX:2:1105:16109:84865_1:7108817",1.1e-11
"31898","HISEQ13:138:C6FWNANXX:2:1215:1855:37379_1:46775826",1.1e-11
"31899","HISEQ13:138:C6FWNANXX:2:2114:14700:41371_1:94314658",1.1e-11
"31900","HISEQ13:138:C6FWNANXX:2:2202:1913:84924_1:101111372",1.1e-11
"31901","HISEQ13:138:C6FWNANXX:2:2204:9069:8319_1:102843281",1.1e-11
"31902","HISEQ13:138:C6FWNANXX:2:2206:11102:96397_1:106982907",1.1e-11
"31903","HISEQ13:138:C6FWNANXX:2:2211:20323:15255_1:113209367",1.1e-11
"31904","HISEQ13:138:C6FWNANXX:2:2216:4849:100684_1:122601001",1.1e-11
"31905","HISEQ13:138:C6FWNANXX:2:2206:15589:31081_1:106025452",1.1e-11
"31906","HISEQ13:138:C6FWNANXX:2:1111:14086:38472_1:15613341",1.1e-11
"31907","HISEQ13:138:C6FWNANXX:2:1209:8426:47374_1:37324849",1.1e-11
"31908","HISEQ13:138:C6FWNANXX:2:2108:8665:100288_1:86049572",1.1e-11
"31909","HISEQ13:138:C6FWNANXX:2:1211:3101:34112_1:40227943",1.1e-11
"31910","HISEQ13:138:C6FWNANXX:2:2207:21279:27237_1:107420380",1.1e-11
"31911","HISEQ13:138:C6FWNANXX:2:2210:12309:99059_1:112974659",1.1e-11
"31912","HISEQ13:138:C6FWNANXX:2:1302:6657:37977_1:51548161",1.1e-11
"31913","HISEQ13:138:C6FWNANXX:2:2111:17576:69255_1:90130320",1.1e-11
"31914","HISEQ13:138:C6FWNANXX:2:2212:12555:37169_1:115092747",1.1e-11
"31915","HISEQ13:138:C6FWNANXX:2:2307:2024:4373_1:131139751",1.1e-11
"31916","HISEQ13:138:C6FWNANXX:2:1204:6130:5422_1:29215870",1.1e-11
"31917","HISEQ13:138:C6FWNANXX:2:1205:18198:56253_1:31432856",1.1e-11
"31918","HISEQ13:138:C6FWNANXX:2:1101:15287:24606_1:336736",1.1e-11
"31919","HISEQ13:138:C6FWNANXX:2:1111:9941:55990_1:15895700",1.1e-11
"31920","HISEQ13:138:C6FWNANXX:2:1114:2159:78955_1:21052392",1.1e-11
"31921","HISEQ13:138:C6FWNANXX:2:2111:15779:35097_1:89581557",1.1e-11
"31922","HISEQ13:138:C6FWNANXX:2:2202:18823:23682_1:100243874",1.1e-11
"31923","HISEQ13:138:C6FWNANXX:2:1207:19672:15858_1:33804868",1.1e-11
"31924","HISEQ13:138:C6FWNANXX:2:2105:16483:32603_1:80651188",1.1e-11
"31925","HISEQ13:138:C6FWNANXX:2:1109:14354:75318_1:13071530",1.1e-11
"31926","HISEQ13:138:C6FWNANXX:2:1302:18688:66268_1:51969534",1.1e-11
"31927","HISEQ13:138:C6FWNANXX:2:2206:6406:52884_1:106343131",1.1e-11
"31928","HISEQ13:138:C6FWNANXX:2:2311:10066:32308_1:137561819",1.1e-11
"31929","HISEQ13:138:C6FWNANXX:2:1202:4078:82495_1:27437607",1.1e-11
"31930","HISEQ13:138:C6FWNANXX:2:1211:7857:33014_1:40212715",1.1e-11
"31931","HISEQ13:138:C6FWNANXX:2:1314:13213:28319_1:69910803",1.1e-11
"31932","HISEQ13:138:C6FWNANXX:2:2115:6132:13308_1:95465586",1.1e-11
"31933","HISEQ13:138:C6FWNANXX:2:2115:8171:86676_1:96658565",1.1e-11
"31934","HISEQ13:138:C6FWNANXX:2:2206:17697:18135_1:105836854",1.1e-11
"31935","HISEQ13:138:C6FWNANXX:2:2208:13201:99451_1:109971589",1.1e-11
"31936","HISEQ13:138:C6FWNANXX:2:2305:18906:80575_1:129360801",1.1e-11
"31937","HISEQ13:138:C6FWNANXX:2:1101:9151:89336_1:1292704",1.1e-11
"31938","HISEQ13:138:C6FWNANXX:2:1109:9847:90613_1:13311684",1.1e-11
"31939","HISEQ13:138:C6FWNANXX:2:1303:10267:23415_1:52792378",1.1e-11
"31940","HISEQ13:138:C6FWNANXX:2:2114:17405:71618_1:94808464",1.1e-11
"31941","HISEQ13:138:C6FWNANXX:2:1103:14389:81039_1:4096144",1.1e-11
"31942","HISEQ13:138:C6FWNANXX:2:1215:2438:34748_1:46729051",1.1e-11
"31943","HISEQ13:138:C6FWNANXX:2:1201:17787:14918_1:24995404",1.1e-11
"31944","HISEQ13:138:C6FWNANXX:2:1208:15383:41018_1:35695725",1.1e-11
"31945","HISEQ13:138:C6FWNANXX:2:2110:5687:55308_1:88375483",1.1e-11
"31946","HISEQ13:138:C6FWNANXX:2:2115:3346:29998_1:95733647",1.1e-11
"31947","HISEQ13:138:C6FWNANXX:2:2307:10258:84778_1:132335476",1.1e-11
"31948","HISEQ13:138:C6FWNANXX:2:1115:13335:87896_1:22880515",1.1e-11
"31949","HISEQ13:138:C6FWNANXX:2:1201:17319:37616_1:25330356",1.2e-11
"31950","HISEQ13:138:C6FWNANXX:2:2103:15696:16962_1:77588869",1.2e-11
"31951","HISEQ13:138:C6FWNANXX:2:2304:10282:7597_1:126880744",1.2e-11
"31952","HISEQ13:138:C6FWNANXX:2:2209:17605:76770_1:111129247",1.2e-11
"31953","HISEQ13:138:C6FWNANXX:2:1207:13827:34294_1:34083224",1.2e-11
"31954","HISEQ13:138:C6FWNANXX:2:1212:10559:11468_1:41441974",1.2e-11
"31955","HISEQ13:138:C6FWNANXX:2:2314:3099:62530_1:142796256",1.2e-11
"31956","HISEQ13:138:C6FWNANXX:2:2215:5499:57344_1:120216614",1.2e-11
"31957","HISEQ13:138:C6FWNANXX:2:2205:18909:41917_1:104746172",1.2e-11
"31958","HISEQ13:138:C6FWNANXX:2:2215:14533:62966_1:120309671",1.2e-11
"31959","HISEQ13:138:C6FWNANXX:2:2311:7460:61318_1:138015009",1.2e-11
"31960","HISEQ13:138:C6FWNANXX:2:1203:7092:27191_1:28080124",1.2e-11
"31961","HISEQ13:138:C6FWNANXX:2:1204:7939:34846_1:29637598",1.2e-11
"31962","HISEQ13:138:C6FWNANXX:2:2103:4471:11469_1:77508139",1.2e-11
"31963","HISEQ13:138:C6FWNANXX:2:2215:19156:89217_1:120745378",1.2e-11
"31964","HISEQ13:138:C6FWNANXX:2:2304:19713:43171_1:127390750",1.2e-11
"31965","HISEQ13:138:C6FWNANXX:2:2309:19683:48411_1:134768883",1.2e-11
"31966","HISEQ13:138:C6FWNANXX:2:2311:3918:83312_1:138363191",1.2e-11
"31967","HISEQ13:138:C6FWNANXX:2:1103:18454:77859_1:4048740",1.2e-11
"31968","HISEQ13:138:C6FWNANXX:2:1106:12947:18883_1:7607637",1.2e-11
"31969","HISEQ13:138:C6FWNANXX:2:1306:15006:15861_1:57114683",1.2e-11
"31970","HISEQ13:138:C6FWNANXX:2:1315:17190:94915_1:72736820",1.2e-11
"31971","HISEQ13:138:C6FWNANXX:2:1111:18716:3723_1:15060150",1.2e-11
"31972","HISEQ13:138:C6FWNANXX:2:1304:18325:27378_1:54317657",1.2e-11
"31973","HISEQ13:138:C6FWNANXX:2:1113:16016:60930_1:19097575",1.2e-11
"31974","HISEQ13:138:C6FWNANXX:2:2303:19493:6987_1:125468910",1.2e-11
"31975","HISEQ13:138:C6FWNANXX:2:1211:4605:49124_1:40469162",1.2e-11
"31976","HISEQ13:138:C6FWNANXX:2:1213:17597:76149_1:44108358",1.2e-11
"31977","HISEQ13:138:C6FWNANXX:2:1315:3927:23831_1:71511220",1.2e-11
"31978","HISEQ13:138:C6FWNANXX:2:2207:13936:75840_1:108138743",1.2e-11
"31979","HISEQ13:138:C6FWNANXX:2:1203:20719:53175_1:28463673",1.2e-11
"31980","HISEQ13:138:C6FWNANXX:2:2212:10724:52564_1:115336397",1.2e-11
"31981","HISEQ13:138:C6FWNANXX:2:2310:6068:14682_1:135763201",1.2e-11
"31982","HISEQ13:138:C6FWNANXX:2:2311:11302:54886_1:137913741",1.2e-11
"31983","HISEQ13:138:C6FWNANXX:2:1109:7454:56842_1:12776943",1.2e-11
"31984","HISEQ13:138:C6FWNANXX:2:2107:14807:76182_1:84198312",1.2e-11
"31985","HISEQ13:138:C6FWNANXX:2:1301:5266:68149_1:50540108",1.2e-11
"31986","HISEQ13:138:C6FWNANXX:2:2108:3368:98799_1:86026097",1.2e-11
"31987","HISEQ13:138:C6FWNANXX:2:2305:8093:99987_1:129639131",1.2e-11
"31988","HISEQ13:138:C6FWNANXX:2:2115:15909:56514_1:96170289",1.2e-11
"31989","HISEQ13:138:C6FWNANXX:2:1209:5521:9893_1:36742116",1.2e-11
"31990","HISEQ13:138:C6FWNANXX:2:2106:7256:90457_1:82939587",1.2e-11
"31991","HISEQ13:138:C6FWNANXX:2:1113:19172:35351_1:18677383",1.2e-11
"31992","HISEQ13:138:C6FWNANXX:2:1206:4581:45232_1:32747836",1.2e-11
"31993","HISEQ13:138:C6FWNANXX:2:1312:10356:97302_1:67761106",1.2e-11
"31994","HISEQ13:138:C6FWNANXX:2:2303:20744:39009_1:125927026",1.2e-11
"31995","HISEQ13:138:C6FWNANXX:2:1113:21155:6974_1:18209888",1.2e-11
"31996","HISEQ13:138:C6FWNANXX:2:2202:17327:33951_1:100388279",1.2e-11
"31997","HISEQ13:138:C6FWNANXX:2:2108:4439:60441_1:85443908",1.2e-11
"31998","HISEQ13:138:C6FWNANXX:2:2109:21247:3023_1:86076714",1.2e-11
"31999","HISEQ13:138:C6FWNANXX:2:1111:6760:66100_1:16067904",1.2e-11
"32000","HISEQ13:138:C6FWNANXX:2:1116:11438:6902_1:23188054",1.2e-11
"32001","HISEQ13:138:C6FWNANXX:2:1213:6543:59680_1:43832475",1.2e-11
"32002","HISEQ13:138:C6FWNANXX:2:1315:20969:25104_1:71536121",1.2e-11
"32003","HISEQ13:138:C6FWNANXX:2:2109:2725:91072_1:87411111",1.2e-11
"32004","HISEQ13:138:C6FWNANXX:2:1115:3784:58452_1:22377821",1.2e-11
"32005","HISEQ13:138:C6FWNANXX:2:1203:19507:99491_1:29146805",1.2e-11
"32006","HISEQ13:138:C6FWNANXX:2:2116:8523:61804_1:97882384",1.2e-11
"32007","HISEQ13:138:C6FWNANXX:2:1104:13203:77407_1:5511729",1.2e-11
"32008","HISEQ13:138:C6FWNANXX:2:2215:2388:13163_1:119486817",1.2e-11
"32009","HISEQ13:138:C6FWNANXX:2:1309:4050:12173_1:61627721",1.2e-11
"32010","HISEQ13:138:C6FWNANXX:2:2112:7296:43591_1:91193768",1.2e-11
"32011","HISEQ13:138:C6FWNANXX:2:1105:10191:88375_1:7160532",1.2e-11
"32012","HISEQ13:138:C6FWNANXX:2:2313:4211:38297_1:140791732",1.2e-11
"32013","HISEQ13:138:C6FWNANXX:2:2215:4540:92198_1:120792063",1.2e-11
"32014","HISEQ13:138:C6FWNANXX:2:2304:1360:69534_1:127768890",1.2e-11
"32015","HISEQ13:138:C6FWNANXX:2:1208:21342:60852_1:36002561",1.2e-11
"32016","HISEQ13:138:C6FWNANXX:2:1215:12970:71967_1:47361772",1.2e-11
"32017","HISEQ13:138:C6FWNANXX:2:1111:1657:53596_1:15856968",1.2e-11
"32018","HISEQ13:138:C6FWNANXX:2:1113:15142:98556_1:19726277",1.2e-11
"32019","HISEQ13:138:C6FWNANXX:2:1312:1592:20760_1:66504034",1.2e-11
"32020","HISEQ13:138:C6FWNANXX:2:2213:8320:14318_1:116301913",1.2e-11
"32021","HISEQ13:138:C6FWNANXX:2:1206:9973:47898_1:32790450",1.2e-11
"32022","HISEQ13:138:C6FWNANXX:2:1213:2684:31886_1:43372340",1.2e-11
"32023","HISEQ13:138:C6FWNANXX:2:2206:19292:82892_1:106787172",1.2e-11
"32024","HISEQ13:138:C6FWNANXX:2:1210:11510:56937_1:39025906",1.2e-11
"32025","HISEQ13:138:C6FWNANXX:2:2202:18168:94694_1:101254368",1.2e-11
"32026","HISEQ13:138:C6FWNANXX:2:1211:2137:30374_1:40167492",1.2e-11
"32027","HISEQ13:138:C6FWNANXX:2:2207:6950:71759_1:108078369",1.2e-11
"32028","HISEQ13:138:C6FWNANXX:2:2304:16484:91224_1:128079985",1.2e-11
"32029","HISEQ13:138:C6FWNANXX:2:1108:2860:69333_1:11418305",1.2e-11
"32030","HISEQ13:138:C6FWNANXX:2:2315:6873:21598_1:143748513",1.2e-11
"32031","HISEQ13:138:C6FWNANXX:2:1104:12667:72932_1:5444139",1.2e-11
"32032","HISEQ13:138:C6FWNANXX:2:1116:17942:57499_1:24056215",1.2e-11
"32033","HISEQ13:138:C6FWNANXX:2:2312:9292:95767_1:140128875",1.2e-11
"32034","HISEQ13:138:C6FWNANXX:2:1316:4562:2183_1:72839501",1.2e-11
"32035","HISEQ13:138:C6FWNANXX:2:2106:11096:58216_1:82466733",1.2e-11
"32036","HISEQ13:138:C6FWNANXX:2:2214:17681:63059_1:118690299",1.2e-11
"32037","HISEQ13:138:C6FWNANXX:2:2213:2319:2572_1:116112278",1.2e-11
"32038","HISEQ13:138:C6FWNANXX:2:1315:16918:49651_1:71954841",1.2e-11
"32039","HISEQ13:138:C6FWNANXX:2:2114:10486:40640_1:94301605",1.2e-11
"32040","HISEQ13:138:C6FWNANXX:2:2212:20088:23941_1:114884239",1.2e-11
"32041","HISEQ13:138:C6FWNANXX:2:2303:9062:97286_1:126750926",1.2e-11
"32042","HISEQ13:138:C6FWNANXX:2:2203:15032:63514_1:102222419",1.2e-11
"32043","HISEQ13:138:C6FWNANXX:2:2112:6708:9103_1:90740628",1.2e-11
"32044","HISEQ13:138:C6FWNANXX:2:1316:18081:13773_1:73047541",1.2e-11
"32045","HISEQ13:138:C6FWNANXX:2:2310:18322:69348_1:136608283",1.2e-11
"32046","HISEQ13:138:C6FWNANXX:2:1208:12179:67136_1:36097650",1.2e-11
"32047","HISEQ13:138:C6FWNANXX:2:1303:17436:48881_1:53171352",1.2e-11
"32048","HISEQ13:138:C6FWNANXX:2:1309:18141:40140_1:62071390",1.2e-11
"32049","HISEQ13:138:C6FWNANXX:2:2315:3337:11317_1:143578109",1.2e-11
"32050","HISEQ13:138:C6FWNANXX:2:1311:19485:67319_1:65652005",1.2e-11
"32051","HISEQ13:138:C6FWNANXX:2:2311:5306:38415_1:137654902",1.2e-11
"32052","HISEQ13:138:C6FWNANXX:2:2315:7841:81548_1:144737079",1.2e-11
"32053","HISEQ13:138:C6FWNANXX:2:2213:12727:55469_1:116959156",1.2e-11
"32054","HISEQ13:138:C6FWNANXX:2:1316:12977:24743_1:73233257",1.2e-11
"32055","HISEQ13:138:C6FWNANXX:2:2107:18227:24746_1:83433825",1.2e-11
"32056","HISEQ13:138:C6FWNANXX:2:2313:20487:9203_1:140324037",1.2e-11
"32057","HISEQ13:138:C6FWNANXX:2:1111:14226:64306_1:16039406",1.2e-11
"32058","HISEQ13:138:C6FWNANXX:2:1210:17724:57417_1:39034898",1.2e-11
"32059","HISEQ13:138:C6FWNANXX:2:1204:8954:26269_1:29511514",1.2e-11
"32060","HISEQ13:138:C6FWNANXX:2:1316:15980:44907_1:73585963",1.2e-11
"32061","HISEQ13:138:C6FWNANXX:2:2101:6859:95504_1:75894139",1.2e-11
"32062","HISEQ13:138:C6FWNANXX:2:2108:15609:55567_1:85374226",1.2e-11
"32063","HISEQ13:138:C6FWNANXX:2:2115:6317:27762_1:95701769",1.2e-11
"32064","HISEQ13:138:C6FWNANXX:2:2116:14125:2102_1:96896638",1.2e-11
"32065","HISEQ13:138:C6FWNANXX:2:2208:9751:69027_1:109513495",1.2e-11
"32066","HISEQ13:138:C6FWNANXX:2:2212:13742:79262_1:115762185",1.2e-11
"32067","HISEQ13:138:C6FWNANXX:2:2315:9818:35190_1:143973251",1.2e-11
"32068","HISEQ13:138:C6FWNANXX:2:2216:2656:51704_1:121770160",1.2e-11
"32069","HISEQ13:138:C6FWNANXX:2:2314:12608:93146_1:143299489",1.2e-11
"32070","HISEQ13:138:C6FWNANXX:2:1307:6238:46090_1:59086162",1.2e-11
"32071","HISEQ13:138:C6FWNANXX:2:1201:8608:17093_1:25027101",1.2e-11
"32072","HISEQ13:138:C6FWNANXX:2:1212:20528:55463_1:42141150",1.2e-11
"32073","HISEQ13:138:C6FWNANXX:2:2102:8616:21550_1:76247531",1.2e-11
"32074","HISEQ13:138:C6FWNANXX:2:2109:4551:83035_1:87290008",1.2e-11
"32075","HISEQ13:138:C6FWNANXX:2:2205:14732:72506_1:105189711",1.2e-11
"32076","HISEQ13:138:C6FWNANXX:2:2301:11107:24403_1:122922231",1.2e-11
"32077","HISEQ13:138:C6FWNANXX:2:2310:6607:42655_1:136195879",1.2e-11
"32078","HISEQ13:138:C6FWNANXX:2:2316:5690:31102_1:145548332",1.2e-11
"32079","HISEQ13:138:C6FWNANXX:2:1207:8595:45812_1:34256026",1.2e-11
"32080","HISEQ13:138:C6FWNANXX:2:1208:10138:69996_1:36140034",1.2e-11
"32081","HISEQ13:138:C6FWNANXX:2:1210:2261:31197_1:38619984",1.2e-11
"32082","HISEQ13:138:C6FWNANXX:2:2202:13273:95269_1:101264063",1.2e-11
"32083","HISEQ13:138:C6FWNANXX:2:2203:17303:6263_1:101405584",1.2e-11
"32084","HISEQ13:138:C6FWNANXX:2:2313:9472:93286_1:141682630",1.2e-11
"32085","HISEQ13:138:C6FWNANXX:2:1212:6519:27888_1:41691105",1.2e-11
"32086","HISEQ13:138:C6FWNANXX:2:1313:7675:43336_1:68502536",1.2e-11
"32087","HISEQ13:138:C6FWNANXX:2:2106:1787:27066_1:82008356",1.2e-11
"32088","HISEQ13:138:C6FWNANXX:2:2301:2528:48610_1:123262569",1.2e-11
"32089","HISEQ13:138:C6FWNANXX:2:1105:21382:43531_1:6490506",1.2e-11
"32090","HISEQ13:138:C6FWNANXX:2:2101:13688:90471_1:75820554",1.2e-11
"32091","HISEQ13:138:C6FWNANXX:2:2303:3788:19721_1:125647420",1.2e-11
"32092","HISEQ13:138:C6FWNANXX:2:2206:14602:46521_1:106252913",1.2e-11
"32093","HISEQ13:138:C6FWNANXX:2:1105:12226:92210_1:7217343",1.2e-11
"32094","HISEQ13:138:C6FWNANXX:2:1116:11081:96936_1:24734902",1.2e-11
"32095","HISEQ13:138:C6FWNANXX:2:2104:17073:84319_1:79970502",1.2e-11
"32096","HISEQ13:138:C6FWNANXX:2:2207:4863:16708_1:107263449",1.2e-11
"32097","HISEQ13:138:C6FWNANXX:2:1304:13004:88911_1:55235821",1.2e-11
"32098","HISEQ13:138:C6FWNANXX:2:2209:16029:8744_1:110093440",1.2e-11
"32099","HISEQ13:138:C6FWNANXX:2:1114:9941:16352_1:20004440",1.2e-11
"32100","HISEQ13:138:C6FWNANXX:2:1211:14312:69995_1:40806515",1.2e-11
"32101","HISEQ13:138:C6FWNANXX:2:1314:10179:88505_1:70934371",1.2e-11
"32102","HISEQ13:138:C6FWNANXX:2:2106:21047:28493_1:82030351",1.2e-11
"32103","HISEQ13:138:C6FWNANXX:2:2301:12304:10282_1:122724349",1.2e-11
"32104","HISEQ13:138:C6FWNANXX:2:1104:11835:7623_1:4472323",1.2e-11
"32105","HISEQ13:138:C6FWNANXX:2:1314:19984:89034_1:70945020",1.2e-11
"32106","HISEQ13:138:C6FWNANXX:2:1207:18194:47285_1:34280930",1.2e-11
"32107","HISEQ13:138:C6FWNANXX:2:2105:16271:78239_1:81310026",1.2e-11
"32108","HISEQ13:138:C6FWNANXX:2:1303:6809:50532_1:53194924",1.2e-11
"32109","HISEQ13:138:C6FWNANXX:2:2204:20170:68616_1:103707841",1.2e-11
"32110","HISEQ13:138:C6FWNANXX:2:2106:11903:27352_1:82014030",1.2e-11
"32111","HISEQ13:138:C6FWNANXX:2:2105:7262:73136_1:81235598",1.2e-11
"32112","HISEQ13:138:C6FWNANXX:2:2113:3863:52559_1:92902700",1.2e-11
"32113","HISEQ13:138:C6FWNANXX:2:2316:8015:21265_1:145383848",1.2e-11
"32114","HISEQ13:138:C6FWNANXX:2:2302:14365:89210_1:125233295",1.2e-11
"32115","HISEQ13:138:C6FWNANXX:2:1312:4973:88949_1:67619880",1.2e-11
"32116","HISEQ13:138:C6FWNANXX:2:1109:7415:25723_1:12283964",1.3e-11
"32117","HISEQ13:138:C6FWNANXX:2:2310:9141:50190_1:136311524",1.3e-11
"32118","HISEQ13:138:C6FWNANXX:2:1204:20950:4332_1:29204198",1.3e-11
"32119","HISEQ13:138:C6FWNANXX:2:2303:4202:100126_1:126789133",1.3e-11
"32120","HISEQ13:138:C6FWNANXX:2:1201:13360:31792_1:25244721",1.3e-11
"32121","HISEQ13:138:C6FWNANXX:2:1205:20823:7887_1:30708688",1.3e-11
"32122","HISEQ13:138:C6FWNANXX:2:1205:4929:26949_1:30989202",1.3e-11
"32123","HISEQ13:138:C6FWNANXX:2:2105:19792:38165_1:80731645",1.3e-11
"32124","HISEQ13:138:C6FWNANXX:2:2111:14331:95977_1:90583907",1.3e-11
"32125","HISEQ13:138:C6FWNANXX:2:2313:17822:15855_1:140431414",1.3e-11
"32126","HISEQ13:138:C6FWNANXX:2:1311:13316:53073_1:65419640",1.3e-11
"32127","HISEQ13:138:C6FWNANXX:2:1312:11625:63916_1:67209064",1.3e-11
"32128","HISEQ13:138:C6FWNANXX:2:2205:12408:95980_1:105527043",1.3e-11
"32129","HISEQ13:138:C6FWNANXX:2:1313:10004:50806_1:68627416",1.3e-11
"32130","HISEQ13:138:C6FWNANXX:2:2201:5722:87020_1:99737555",1.3e-11
"32131","HISEQ13:138:C6FWNANXX:2:1312:9789:18517_1:66469099",1.3e-11
"32132","HISEQ13:138:C6FWNANXX:2:1115:8502:90978_1:22931427",1.3e-11
"32133","HISEQ13:138:C6FWNANXX:2:1214:3440:7345_1:44605541",1.3e-11
"32134","HISEQ13:138:C6FWNANXX:2:1308:18638:14123_1:60118972",1.3e-11
"32135","HISEQ13:138:C6FWNANXX:2:2316:11928:69952_1:146204419",1.3e-11
"32136","HISEQ13:138:C6FWNANXX:2:1110:11209:88416_1:14836184",1.3e-11
"32137","HISEQ13:138:C6FWNANXX:2:2108:18869:19619_1:84832903",1.3e-11
"32138","HISEQ13:138:C6FWNANXX:2:2208:21184:25583_1:108863426",1.3e-11
"32139","HISEQ13:138:C6FWNANXX:2:2305:10735:76551_1:129301268",1.3e-11
"32140","HISEQ13:138:C6FWNANXX:2:1315:13512:66075_1:72238472",1.3e-11
"32141","HISEQ13:138:C6FWNANXX:2:1215:8526:98094_1:47808277",1.3e-11
"32142","HISEQ13:138:C6FWNANXX:2:1208:14383:43164_1:35726082",1.3e-11
"32143","HISEQ13:138:C6FWNANXX:2:2302:7362:3826_1:124026671",1.3e-11
"32144","HISEQ13:138:C6FWNANXX:2:2304:4181:7896_1:126883198",1.3e-11
"32145","HISEQ13:138:C6FWNANXX:2:1216:3250:73387_1:49090093",1.3e-11
"32146","HISEQ13:138:C6FWNANXX:2:2209:17896:82360_1:111213441",1.3e-11
"32147","HISEQ13:138:C6FWNANXX:2:1214:7271:79937_1:45823245",1.3e-11
"32148","HISEQ13:138:C6FWNANXX:2:1301:20490:69320_1:50561296",1.3e-11
"32149","HISEQ13:138:C6FWNANXX:2:2109:16098:71596_1:87117320",1.3e-11
"32150","HISEQ13:138:C6FWNANXX:2:2111:11978:91432_1:90504290",1.3e-11
"32151","HISEQ13:138:C6FWNANXX:2:2303:11552:24842_1:125723141",1.3e-11
"32152","HISEQ13:138:C6FWNANXX:2:2213:14014:88540_1:117495229",1.3e-11
"32153","HISEQ13:138:C6FWNANXX:2:2302:11564:75469_1:125037342",1.3e-11
"32154","HISEQ13:138:C6FWNANXX:2:1312:13783:82983_1:67522540",1.3e-11
"32155","HISEQ13:138:C6FWNANXX:2:1315:6915:69739_1:72297722",1.3e-11
"32156","HISEQ13:138:C6FWNANXX:2:1315:15965:88364_1:72622708",1.3e-11
"32157","HISEQ13:138:C6FWNANXX:2:2108:3343:32472_1:85021093",1.3e-11
"32158","HISEQ13:138:C6FWNANXX:2:2105:11279:65218_1:81121576",1.3e-11
"32159","HISEQ13:138:C6FWNANXX:2:1107:11245:98177_1:10331761",1.3e-11
"32160","HISEQ13:138:C6FWNANXX:2:2112:11698:96709_1:92031315",1.3e-11
"32161","HISEQ13:138:C6FWNANXX:2:2210:20387:79075_1:112670035",1.3e-11
"32162","HISEQ13:138:C6FWNANXX:2:2213:12876:11460_1:116254910",1.3e-11
"32163","HISEQ13:138:C6FWNANXX:2:1311:5592:90045_1:66021774",1.3e-11
"32164","HISEQ13:138:C6FWNANXX:2:2108:15007:67288_1:85552103",1.3e-11
"32165","HISEQ13:138:C6FWNANXX:2:2313:13841:17608_1:140458724",1.3e-11
"32166","HISEQ13:138:C6FWNANXX:2:1106:9119:5540_1:7405652",1.3e-11
"32167","HISEQ13:138:C6FWNANXX:2:2116:15892:36841_1:97473283",1.3e-11
"32168","HISEQ13:138:C6FWNANXX:2:2205:9414:27642_1:104538881",1.3e-11
"32169","HISEQ13:138:C6FWNANXX:2:1102:10761:79098_1:2600407",1.3e-11
"32170","HISEQ13:138:C6FWNANXX:2:1315:2068:67896_1:72266248",1.3e-11
"32171","HISEQ13:138:C6FWNANXX:2:1208:12014:96483_1:36551463",1.3e-11
"32172","HISEQ13:138:C6FWNANXX:2:1209:10136:15767_1:36836722",1.3e-11
"32173","HISEQ13:138:C6FWNANXX:2:1313:3227:30112_1:68281732",1.3e-11
"32174","HISEQ13:138:C6FWNANXX:2:1201:14672:29737_1:25211818",1.3e-11
"32175","HISEQ13:138:C6FWNANXX:2:1202:5879:42847_1:26858221",1.3e-11
"32176","HISEQ13:138:C6FWNANXX:2:2210:1776:89812_1:112831588",1.3e-11
"32177","HISEQ13:138:C6FWNANXX:2:1312:14431:13825_1:66392139",1.3e-11
"32178","HISEQ13:138:C6FWNANXX:2:1306:13078:87587_1:58209301",1.3e-11
"32179","HISEQ13:138:C6FWNANXX:2:1114:15032:3524_1:19791793",1.3e-11
"32180","HISEQ13:138:C6FWNANXX:2:1312:6314:20522_1:66500747",1.3e-11
"32181","HISEQ13:138:C6FWNANXX:2:1314:9374:67529_1:70576530",1.3e-11
"32182","HISEQ13:138:C6FWNANXX:2:1112:15125:26910_1:16921088",1.3e-11
"32183","HISEQ13:138:C6FWNANXX:2:2302:5683:73433_1:125007572",1.3e-11
"32184","HISEQ13:138:C6FWNANXX:2:1316:10863:69487_1:74014639",1.3e-11
"32185","HISEQ13:138:C6FWNANXX:2:2112:17036:25938_1:90919107",1.3e-11
"32186","HISEQ13:138:C6FWNANXX:2:1308:9239:79282_1:61132052",1.3e-11
"32187","HISEQ13:138:C6FWNANXX:2:1314:9580:55065_1:70363991",1.3e-11
"32188","HISEQ13:138:C6FWNANXX:2:2102:8890:7405_1:76045395",1.3e-11
"32189","HISEQ13:138:C6FWNANXX:2:1203:1939:68801_1:28692155",1.3e-11
"32190","HISEQ13:138:C6FWNANXX:2:2103:5401:4704_1:77412392",1.3e-11
"32191","HISEQ13:138:C6FWNANXX:2:2214:15277:91060_1:119148655",1.3e-11
"32192","HISEQ13:138:C6FWNANXX:2:1114:4500:74270_1:20977343",1.3e-11
"32193","HISEQ13:138:C6FWNANXX:2:2101:16549:65331_1:75466081",1.3e-11
"32194","HISEQ13:138:C6FWNANXX:2:2113:8875:62669_1:93063692",1.3e-11
"32195","HISEQ13:138:C6FWNANXX:2:1213:6287:19791_1:43176522",1.3e-11
"32196","HISEQ13:138:C6FWNANXX:2:1202:5237:78885_1:27386391",1.3e-11
"32197","HISEQ13:138:C6FWNANXX:2:1309:17371:15928_1:61689348",1.3e-11
"32198","HISEQ13:138:C6FWNANXX:2:2211:1647:65138_1:113983892",1.3e-11
"32199","HISEQ13:138:C6FWNANXX:2:1204:7724:7205_1:29240963",1.3e-11
"32200","HISEQ13:138:C6FWNANXX:2:2209:12052:41644_1:110592730",1.3e-11
"32201","HISEQ13:138:C6FWNANXX:2:1201:9455:100022_1:26247973",1.3e-11
"32202","HISEQ13:138:C6FWNANXX:2:1214:11835:2285_1:44523645",1.3e-11
"32203","HISEQ13:138:C6FWNANXX:2:2215:14880:98081_1:120894074",1.3e-11
"32204","HISEQ13:138:C6FWNANXX:2:2310:2954:26556_1:135948188",1.3e-11
"32205","HISEQ13:138:C6FWNANXX:2:1201:15772:30627_1:25226767",1.3e-11
"32206","HISEQ13:138:C6FWNANXX:2:1206:2017:99714_1:33571281",1.3e-11
"32207","HISEQ13:138:C6FWNANXX:2:1315:19984:10273_1:71285907",1.3e-11
"32208","HISEQ13:138:C6FWNANXX:2:2207:3821:86402_1:108293693",1.3e-11
"32209","HISEQ13:138:C6FWNANXX:2:1310:7235:56677_1:63896704",1.3e-11
"32210","HISEQ13:138:C6FWNANXX:2:2204:1637:54005_1:103495771",1.3e-11
"32211","HISEQ13:138:C6FWNANXX:2:1316:7569:98807_1:74527125",1.3e-11
"32212","HISEQ13:138:C6FWNANXX:2:1103:3870:55588_1:3715427",1.3e-11
"32213","HISEQ13:138:C6FWNANXX:2:2114:16844:62988_1:94665653",1.3e-11
"32214","HISEQ13:138:C6FWNANXX:2:1114:19957:32275_1:20274384",1.3e-11
"32215","HISEQ13:138:C6FWNANXX:2:1210:10774:81101_1:39403853",1.3e-11
"32216","HISEQ13:138:C6FWNANXX:2:2205:21198:86410_1:105390410",1.3e-11
"32217","HISEQ13:138:C6FWNANXX:2:1313:17424:23769_1:68180706",1.3e-11
"32218","HISEQ13:138:C6FWNANXX:2:2302:13679:39982_1:124535652",1.3e-11
"32219","HISEQ13:138:C6FWNANXX:2:2209:19562:12406_1:110150853",1.3e-11
"32220","HISEQ13:138:C6FWNANXX:2:1103:11512:79153_1:4065999",1.3e-11
"32221","HISEQ13:138:C6FWNANXX:2:2106:11838:58935_1:82477980",1.3e-11
"32222","HISEQ13:138:C6FWNANXX:2:2303:8044:67209_1:126322342",1.3e-11
"32223","HISEQ13:138:C6FWNANXX:2:1301:10801:65168_1:50497180",1.3e-11
"32224","HISEQ13:138:C6FWNANXX:2:2105:1555:60826_1:81057996",1.3e-11
"32225","HISEQ13:138:C6FWNANXX:2:1216:6679:39423_1:48501240",1.3e-11
"32226","HISEQ13:138:C6FWNANXX:2:1308:11558:57072_1:60783875",1.3e-11
"32227","HISEQ13:138:C6FWNANXX:2:1103:5089:8094_1:3012280",1.3e-11
"32228","HISEQ13:138:C6FWNANXX:2:1113:3909:18894_1:18403443",1.3e-11
"32229","HISEQ13:138:C6FWNANXX:2:1314:11945:55136_1:70364510",1.3e-11
"32230","HISEQ13:138:C6FWNANXX:2:1308:14307:2697_1:59939743",1.3e-11
"32231","HISEQ13:138:C6FWNANXX:2:1312:11652:31355_1:66677521",1.3e-11
"32232","HISEQ13:138:C6FWNANXX:2:1312:1803:37501_1:66777317",1.3e-11
"32233","HISEQ13:138:C6FWNANXX:2:2314:7940:23960_1:142158959",1.3e-11
"32234","HISEQ13:138:C6FWNANXX:2:2211:4544:51058_1:113766353",1.3e-11
"32235","HISEQ13:138:C6FWNANXX:2:2308:17943:43954_1:133203534",1.3e-11
"32236","HISEQ13:138:C6FWNANXX:2:1307:8760:12763_1:58576536",1.3e-11
"32237","HISEQ13:138:C6FWNANXX:2:1203:4611:84658_1:28925268",1.3e-11
"32238","HISEQ13:138:C6FWNANXX:2:2103:15981:33497_1:77824406",1.3e-11
"32239","HISEQ13:138:C6FWNANXX:2:1308:19459:39198_1:60505353",1.3e-11
"32240","HISEQ13:138:C6FWNANXX:2:1312:1647:49867_1:66976571",1.3e-11
"32241","HISEQ13:138:C6FWNANXX:2:1106:16539:53553_1:8137334",1.3e-11
"32242","HISEQ13:138:C6FWNANXX:2:2116:9357:89655_1:98339624",1.3e-11
"32243","HISEQ13:138:C6FWNANXX:2:1212:13590:81514_1:42569427",1.3e-11
"32244","HISEQ13:138:C6FWNANXX:2:1306:6885:26033_1:57269503",1.3e-11
"32245","HISEQ13:138:C6FWNANXX:2:1316:17957:96252_1:74486044",1.3e-11
"32246","HISEQ13:138:C6FWNANXX:2:2116:13564:68699_1:97994698",1.3e-11
"32247","HISEQ13:138:C6FWNANXX:2:1101:4500:47318_1:670734",1.3e-11
"32248","HISEQ13:138:C6FWNANXX:2:1308:8206:46060_1:60612153",1.3e-11
"32249","HISEQ13:138:C6FWNANXX:2:1114:10654:30083_1:20235016",1.3e-11
"32250","HISEQ13:138:C6FWNANXX:2:2110:6964:17106_1:87790056",1.3e-11
"32251","HISEQ13:138:C6FWNANXX:2:1109:1617:49769_1:12664593",1.3e-11
"32252","HISEQ13:138:C6FWNANXX:2:2309:20708:100093_1:135562214",1.3e-11
"32253","HISEQ13:138:C6FWNANXX:2:1114:11586:44504_1:20477871",1.3e-11
"32254","HISEQ13:138:C6FWNANXX:2:1113:15791:61326_1:19105875",1.3e-11
"32255","HISEQ13:138:C6FWNANXX:2:1211:12600:27663_1:40125215",1.3e-11
"32256","HISEQ13:138:C6FWNANXX:2:1302:3147:69556_1:52014193",1.3e-11
"32257","HISEQ13:138:C6FWNANXX:2:1312:11806:56958_1:67094015",1.3e-11
"32258","HISEQ13:138:C6FWNANXX:2:2109:6241:63605_1:86993855",1.3e-11
"32259","HISEQ13:138:C6FWNANXX:2:2210:13569:25567_1:111853333",1.3e-11
"32260","HISEQ13:138:C6FWNANXX:2:2213:9681:90488_1:117522460",1.3e-11
"32261","HISEQ13:138:C6FWNANXX:2:1304:12946:53251_1:54705536",1.3e-11
"32262","HISEQ13:138:C6FWNANXX:2:2101:4208:98939_1:75940038",1.3e-11
"32263","HISEQ13:138:C6FWNANXX:2:1214:11835:2285_1:44523646",1.3e-11
"32264","HISEQ13:138:C6FWNANXX:2:1212:13094:69604_1:42372267",1.3e-11
"32265","HISEQ13:138:C6FWNANXX:2:1202:16538:4215_1:26291662",1.3e-11
"32266","HISEQ13:138:C6FWNANXX:2:1311:9663:44617_1:65280836",1.3e-11
"32267","HISEQ13:138:C6FWNANXX:2:2113:7731:60638_1:93031425",1.3e-11
"32268","HISEQ13:138:C6FWNANXX:2:2206:19813:69508_1:106593135",1.3e-11
"32269","HISEQ13:138:C6FWNANXX:2:2312:18009:24042_1:138991926",1.3e-11
"32270","HISEQ13:138:C6FWNANXX:2:2306:4955:80943_1:130811194",1.3e-11
"32271","HISEQ13:138:C6FWNANXX:2:2303:10696:9085_1:125499646",1.3e-11
"32272","HISEQ13:138:C6FWNANXX:2:2306:12366:51170_1:130375391",1.3e-11
"32273","HISEQ13:138:C6FWNANXX:2:2307:12543:11610_1:131249166",1.3e-11
"32274","HISEQ13:138:C6FWNANXX:2:2308:13968:32413_1:133029757",1.3e-11
"32275","HISEQ13:138:C6FWNANXX:2:1214:5596:34532_1:45062082",1.3e-11
"32276","HISEQ13:138:C6FWNANXX:2:2302:8330:73337_1:125008078",1.3e-11
"32277","HISEQ13:138:C6FWNANXX:2:1106:13511:45674_1:8015210",1.3e-11
"32278","HISEQ13:138:C6FWNANXX:2:2107:15201:44928_1:83733263",1.3e-11
"32279","HISEQ13:138:C6FWNANXX:2:2107:16917:92917_1:84449192",1.3e-11
"32280","HISEQ13:138:C6FWNANXX:2:1213:4466:3167_1:42901564",1.3e-11
"32281","HISEQ13:138:C6FWNANXX:2:1109:4761:93401_1:13353857",1.3e-11
"32282","HISEQ13:138:C6FWNANXX:2:1207:4578:75635_1:34709086",1.3e-11
"32283","HISEQ13:138:C6FWNANXX:2:2303:1364:48716_1:126059305",1.3e-11
"32284","HISEQ13:138:C6FWNANXX:2:2313:19297:32888_1:140705452",1.3e-11
"32285","HISEQ13:138:C6FWNANXX:2:1302:18843:47035_1:51686009",1.3e-11
"32286","HISEQ13:138:C6FWNANXX:2:1110:1776:7451_1:13557204",1.4e-11
"32287","HISEQ13:138:C6FWNANXX:2:2210:5368:28684_1:111897262",1.4e-11
"32288","HISEQ13:138:C6FWNANXX:2:2303:10703:2330_1:125402923",1.4e-11
"32289","HISEQ13:138:C6FWNANXX:2:1116:1950:56783_1:24044201",1.4e-11
"32290","HISEQ13:138:C6FWNANXX:2:1316:19194:40428_1:73507484",1.4e-11
"32291","HISEQ13:138:C6FWNANXX:2:1209:10410:57868_1:37489421",1.4e-11
"32292","HISEQ13:138:C6FWNANXX:2:1201:20924:32315_1:25253460",1.4e-11
"32293","HISEQ13:138:C6FWNANXX:2:2309:3869:10192_1:134184999",1.4e-11
"32294","HISEQ13:138:C6FWNANXX:2:1316:16506:46763_1:73621266",1.4e-11
"32295","HISEQ13:138:C6FWNANXX:2:1115:15823:3561_1:21453561",1.4e-11
"32296","HISEQ13:138:C6FWNANXX:2:1308:12429:53738_1:60729626",1.4e-11
"32297","HISEQ13:138:C6FWNANXX:2:2101:17198:70332_1:75537404",1.4e-11
"32298","HISEQ13:138:C6FWNANXX:2:2107:8059:45778_1:83746690",1.4e-11
"32299","HISEQ13:138:C6FWNANXX:2:2110:13389:47589_1:88258808",1.4e-11
"32300","HISEQ13:138:C6FWNANXX:2:2115:11772:54965_1:96140906",1.4e-11
"32301","HISEQ13:138:C6FWNANXX:2:2206:16585:79319_1:106735567",1.4e-11
"32302","HISEQ13:138:C6FWNANXX:2:2310:12168:13683_1:135748578",1.4e-11
"32303","HISEQ13:138:C6FWNANXX:2:1116:3599:32699_1:23629377",1.4e-11
"32304","HISEQ13:138:C6FWNANXX:2:1206:20846:57213_1:32933109",1.4e-11
"32305","HISEQ13:138:C6FWNANXX:2:2110:14121:3445_1:87581602",1.4e-11
"32306","HISEQ13:138:C6FWNANXX:2:2302:8065:2421_1:124005083",1.4e-11
"32307","HISEQ13:138:C6FWNANXX:2:2303:13614:2229_1:125400026",1.4e-11
"32308","HISEQ13:138:C6FWNANXX:2:1214:21124:18624_1:44796692",1.4e-11
"32309","HISEQ13:138:C6FWNANXX:2:2202:19015:16781_1:100147199",1.4e-11
"32310","HISEQ13:138:C6FWNANXX:2:1102:15556:56473_1:2264854",1.4e-11
"32311","HISEQ13:138:C6FWNANXX:2:2207:8721:81087_1:108215848",1.4e-11
"32312","HISEQ13:138:C6FWNANXX:2:1312:6274:50780_1:66993795",1.4e-11
"32313","HISEQ13:138:C6FWNANXX:2:1102:17137:35058_1:1952208",1.4e-11
"32314","HISEQ13:138:C6FWNANXX:2:1104:8964:52263_1:5137145",1.4e-11
"32315","HISEQ13:138:C6FWNANXX:2:2210:8259:72893_1:112572853",1.4e-11
"32316","HISEQ13:138:C6FWNANXX:2:1203:15889:99636_1:29149766",1.4e-11
"32317","HISEQ13:138:C6FWNANXX:2:1316:12433:45607_1:73598400",1.4e-11
"32318","HISEQ13:138:C6FWNANXX:2:1211:2051:43357_1:40376252",1.4e-11
"32319","HISEQ13:138:C6FWNANXX:2:1107:2783:35067_1:9362848",1.4e-11
"32320","HISEQ13:138:C6FWNANXX:2:2208:6239:67205_1:109482651",1.4e-11
"32321","HISEQ13:138:C6FWNANXX:2:2105:19114:77640_1:81303235",1.4e-11
"32322","HISEQ13:138:C6FWNANXX:2:2304:4771:70698_1:127783668",1.4e-11
"32323","HISEQ13:138:C6FWNANXX:2:2311:12728:90808_1:138483760",1.4e-11
"32324","HISEQ13:138:C6FWNANXX:2:1202:13007:17033_1:26481798",1.4e-11
"32325","HISEQ13:138:C6FWNANXX:2:1309:7164:82269_1:62738074",1.4e-11
"32326","HISEQ13:138:C6FWNANXX:2:1216:19739:44087_1:48585798",1.4e-11
"32327","HISEQ13:138:C6FWNANXX:2:1301:9629:97341_1:50970857",1.4e-11
"32328","HISEQ13:138:C6FWNANXX:2:2102:5229:39577_1:76502142",1.4e-11
"32329","HISEQ13:138:C6FWNANXX:2:1302:14643:44509_1:51648550",1.4e-11
"32330","HISEQ13:138:C6FWNANXX:2:2209:18978:90876_1:111342942",1.4e-11
"32331","HISEQ13:138:C6FWNANXX:2:1205:2658:38692_1:31163656",1.4e-11
"32332","HISEQ13:138:C6FWNANXX:2:1316:6011:89473_1:74363126",1.4e-11
"32333","HISEQ13:138:C6FWNANXX:2:1207:7479:20249_1:33866908",1.4e-11
"32334","HISEQ13:138:C6FWNANXX:2:1313:4291:57259_1:68734910",1.4e-11
"32335","HISEQ13:138:C6FWNANXX:2:1103:11649:98768_1:4358603",1.4e-11
"32336","HISEQ13:138:C6FWNANXX:2:1113:4715:38361_1:18723945",1.4e-11
"32337","HISEQ13:138:C6FWNANXX:2:1201:4884:67297_1:25765926",1.4e-11
"32338","HISEQ13:138:C6FWNANXX:2:1210:2806:77775_1:39351323",1.4e-11
"32339","HISEQ13:138:C6FWNANXX:2:1211:15488:19160_1:39989167",1.4e-11
"32340","HISEQ13:138:C6FWNANXX:2:1215:20177:66976_1:47279272",1.4e-11
"32341","HISEQ13:138:C6FWNANXX:2:1307:5873:30191_1:58841000",1.4e-11
"32342","HISEQ13:138:C6FWNANXX:2:1202:5744:49605_1:26957339",1.4e-11
"32343","HISEQ13:138:C6FWNANXX:2:1303:4800:73719_1:53533811",1.4e-11
"32344","HISEQ13:138:C6FWNANXX:2:1311:12045:92708_1:66064167",1.4e-11
"32345","HISEQ13:138:C6FWNANXX:2:1316:11201:17250_1:73107001",1.4e-11
"32346","HISEQ13:138:C6FWNANXX:2:1316:12625:89871_1:74373179",1.4e-11
"32347","HISEQ13:138:C6FWNANXX:2:2116:10809:28227_1:97327117",1.4e-11
"32348","HISEQ13:138:C6FWNANXX:2:1306:10698:22139_1:57208865",1.4e-11
"32349","HISEQ13:138:C6FWNANXX:2:1106:19461:64264_1:8303172",1.4e-11
"32350","HISEQ13:138:C6FWNANXX:2:1207:4077:49930_1:34316211",1.4e-11
"32351","HISEQ13:138:C6FWNANXX:2:1313:11785:72036_1:68983744",1.4e-11
"32352","HISEQ13:138:C6FWNANXX:2:2201:16927:54621_1:99276412",1.4e-11
"32353","HISEQ13:138:C6FWNANXX:2:2203:15539:56421_1:102118763",1.4e-11
"32354","HISEQ13:138:C6FWNANXX:2:2203:21231:33631_1:101795176",1.4e-11
"32355","HISEQ13:138:C6FWNANXX:2:2206:17853:83029_1:106790461",1.4e-11
"32356","HISEQ13:138:C6FWNANXX:2:2307:3275:23815_1:131428376",1.4e-11
"32357","HISEQ13:138:C6FWNANXX:2:1102:4723:47957_1:2136947",1.4e-11
"32358","HISEQ13:138:C6FWNANXX:2:1112:12282:61374_1:17480109",1.4e-11
"32359","HISEQ13:138:C6FWNANXX:2:1113:3194:60542_1:19090661",1.4e-11
"32360","HISEQ13:138:C6FWNANXX:2:1302:9412:10130_1:51140860",1.4e-11
"32361","HISEQ13:138:C6FWNANXX:2:2105:19951:42248_1:80790038",1.4e-11
"32362","HISEQ13:138:C6FWNANXX:2:1207:6138:71462_1:34644008",1.4e-11
"32363","HISEQ13:138:C6FWNANXX:2:2104:11989:58377_1:79594477",1.4e-11
"32364","HISEQ13:138:C6FWNANXX:2:1107:2628:19686_1:9126956",1.4e-11
"32365","HISEQ13:138:C6FWNANXX:2:1102:15303:24910_1:1801759",1.4e-11
"32366","HISEQ13:138:C6FWNANXX:2:1109:6492:21573_1:12220823",1.4e-11
"32367","HISEQ13:138:C6FWNANXX:2:2305:16566:62892_1:129102527",1.4e-11
"32368","HISEQ13:138:C6FWNANXX:2:1206:20043:75481_1:33209412",1.4e-11
"32369","HISEQ13:138:C6FWNANXX:2:2216:8344:74006_1:122153503",1.4e-11
"32370","HISEQ13:138:C6FWNANXX:2:1303:7216:51708_1:53209914",1.4e-11
"32371","HISEQ13:138:C6FWNANXX:2:1314:9580:55065_1:70363992",1.4e-11
"32372","HISEQ13:138:C6FWNANXX:2:2311:11965:92139_1:138503366",1.4e-11
"32373","HISEQ13:138:C6FWNANXX:2:1301:12315:73045_1:50614686",1.4e-11
"32374","HISEQ13:138:C6FWNANXX:2:1313:20394:10591_1:67962593",1.4e-11
"32375","HISEQ13:138:C6FWNANXX:2:1101:15869:15499_1:199618",1.4e-11
"32376","HISEQ13:138:C6FWNANXX:2:1303:2371:20117_1:52742327",1.4e-11
"32377","HISEQ13:138:C6FWNANXX:2:1313:13283:29201_1:68267492",1.4e-11
"32378","HISEQ13:138:C6FWNANXX:2:2203:6928:59722_1:102163508",1.4e-11
"32379","HISEQ13:138:C6FWNANXX:2:2206:19461:97504_1:107002955",1.4e-11
"32380","HISEQ13:138:C6FWNANXX:2:1105:10185:91969_1:7213091",1.4e-11
"32381","HISEQ13:138:C6FWNANXX:2:2105:17911:53797_1:80960509",1.4e-11
"32382","HISEQ13:138:C6FWNANXX:2:1106:8348:57622_1:8196828",1.4e-11
"32383","HISEQ13:138:C6FWNANXX:2:1115:13534:31803_1:21931429",1.4e-11
"32384","HISEQ13:138:C6FWNANXX:2:2114:11171:16014_1:93905162",1.4e-11
"32385","HISEQ13:138:C6FWNANXX:2:2205:2569:72653_1:105187479",1.4e-11
"32386","HISEQ13:138:C6FWNANXX:2:2302:1324:39101_1:124523017",1.4e-11
"32387","HISEQ13:138:C6FWNANXX:2:1112:1643:27547_1:16930632",1.4e-11
"32388","HISEQ13:138:C6FWNANXX:2:2213:9681:90488_1:117522459",1.4e-11
"32389","HISEQ13:138:C6FWNANXX:2:2314:19452:61926_1:142787330",1.4e-11
"32390","HISEQ13:138:C6FWNANXX:2:2111:15921:82022_1:90344918",1.4e-11
"32391","HISEQ13:138:C6FWNANXX:2:2104:4759:26909_1:79139900",1.4e-11
"32392","HISEQ13:138:C6FWNANXX:2:2108:12889:31273_1:85007891",1.4e-11
"32393","HISEQ13:138:C6FWNANXX:2:2109:12706:21737_1:86356584",1.4e-11
"32394","HISEQ13:138:C6FWNANXX:2:2216:18578:8652_1:121050417",1.4e-11
"32395","HISEQ13:138:C6FWNANXX:2:1204:10017:44386_1:29778859",1.4e-11
"32396","HISEQ13:138:C6FWNANXX:2:2207:14396:40152_1:107609396",1.4e-11
"32397","HISEQ13:138:C6FWNANXX:2:1105:7319:90458_1:7189998",1.4e-11
"32398","HISEQ13:138:C6FWNANXX:2:2201:2903:42558_1:99103183",1.4e-11
"32399","HISEQ13:138:C6FWNANXX:2:2310:7733:12318_1:135728501",1.4e-11
"32400","HISEQ13:138:C6FWNANXX:2:1107:19042:64357_1:9814790",1.4e-11
"32401","HISEQ13:138:C6FWNANXX:2:2307:3411:49284_1:131807009",1.4e-11
"32402","HISEQ13:138:C6FWNANXX:2:1304:7886:87012_1:55208834",1.4e-11
"32403","HISEQ13:138:C6FWNANXX:2:2301:16132:23975_1:122916065",1.4e-11
"32404","HISEQ13:138:C6FWNANXX:2:1112:6921:83608_1:17843009",1.4e-11
"32405","HISEQ13:138:C6FWNANXX:2:2102:12251:48739_1:76631187",1.4e-11
"32406","HISEQ13:138:C6FWNANXX:2:1116:4214:25950_1:23513438",1.4e-11
"32407","HISEQ13:138:C6FWNANXX:2:1301:18050:74396_1:50634562",1.4e-11
"32408","HISEQ13:138:C6FWNANXX:2:1313:13742:45435_1:68536995",1.4e-11
"32409","HISEQ13:138:C6FWNANXX:2:2203:2609:79721_1:102448602",1.4e-11
"32410","HISEQ13:138:C6FWNANXX:2:2304:6874:77945_1:127887736",1.4e-11
"32411","HISEQ13:138:C6FWNANXX:2:2315:16980:46283_1:144160071",1.4e-11
"32412","HISEQ13:138:C6FWNANXX:2:1304:21348:93711_1:55308704",1.4e-11
"32413","HISEQ13:138:C6FWNANXX:2:2206:20062:94215_1:106951002",1.4e-11
"32414","HISEQ13:138:C6FWNANXX:2:2304:18481:37816_1:127315779",1.4e-11
"32415","HISEQ13:138:C6FWNANXX:2:1107:3316:74830_1:9972941",1.4e-11
"32416","HISEQ13:138:C6FWNANXX:2:1310:13056:72524_1:64150721",1.4e-11
"32417","HISEQ13:138:C6FWNANXX:2:2310:13034:64415_1:136531637",1.4e-11
"32418","HISEQ13:138:C6FWNANXX:2:2113:4908:17219_1:92337838",1.4e-11
"32419","HISEQ13:138:C6FWNANXX:2:1315:11661:71118_1:72324145",1.4e-11
"32420","HISEQ13:138:C6FWNANXX:2:1210:20403:71905_1:39260831",1.4e-11
"32421","HISEQ13:138:C6FWNANXX:2:1216:6128:42514_1:48557168",1.4e-11
"32422","HISEQ13:138:C6FWNANXX:2:1213:17299:63102_1:43892922",1.4e-11
"32423","HISEQ13:138:C6FWNANXX:2:1314:20241:89059_1:70945082",1.4e-11
"32424","HISEQ13:138:C6FWNANXX:2:1107:4297:93420_1:10257103",1.4e-11
"32425","HISEQ13:138:C6FWNANXX:2:1109:7982:68395_1:12959790",1.4e-11
"32426","HISEQ13:138:C6FWNANXX:2:1204:15906:44916_1:29787660",1.4e-11
"32427","HISEQ13:138:C6FWNANXX:2:1309:9835:28165_1:61880311",1.4e-11
"32428","HISEQ13:138:C6FWNANXX:2:2109:14863:43145_1:86682834",1.4e-11
"32429","HISEQ13:138:C6FWNANXX:2:2205:14302:10171_1:104286516",1.4e-11
"32430","HISEQ13:138:C6FWNANXX:2:2211:20303:63206_1:113956742",1.4e-11
"32431","HISEQ13:138:C6FWNANXX:2:1308:21057:79709_1:61138585",1.4e-11
"32432","HISEQ13:138:C6FWNANXX:2:1304:3499:63035_1:54849646",1.4e-11
"32433","HISEQ13:138:C6FWNANXX:2:2211:20171:15728_1:113213177",1.4e-11
"32434","HISEQ13:138:C6FWNANXX:2:2308:16126:50685_1:133305937",1.4e-11
"32435","HISEQ13:138:C6FWNANXX:2:1210:10175:78817_1:39368318",1.5e-11
"32436","HISEQ13:138:C6FWNANXX:2:2210:8519:23788_1:111825892",1.5e-11
"32437","HISEQ13:138:C6FWNANXX:2:2315:21237:39601_1:144049314",1.5e-11
"32438","HISEQ13:138:C6FWNANXX:2:1101:15533:60622_1:869219",1.5e-11
"32439","HISEQ13:138:C6FWNANXX:2:1201:3333:36206_1:25305768",1.5e-11
"32440","HISEQ13:138:C6FWNANXX:2:1213:12954:92886_1:44383969",1.5e-11
"32441","HISEQ13:138:C6FWNANXX:2:1313:4642:10181_1:67951164",1.5e-11
"32442","HISEQ13:138:C6FWNANXX:2:2303:8702:73239_1:126406739",1.5e-11
"32443","HISEQ13:138:C6FWNANXX:2:2316:20044:9888_1:145192385",1.5e-11
"32444","HISEQ13:138:C6FWNANXX:2:2116:7373:13147_1:97077416",1.5e-11
"32445","HISEQ13:138:C6FWNANXX:2:2105:20289:11840_1:80351147",1.5e-11
"32446","HISEQ13:138:C6FWNANXX:2:2203:19586:84502_1:102522915",1.5e-11
"32447","HISEQ13:138:C6FWNANXX:2:2306:4974:81923_1:130825808",1.5e-11
"32448","HISEQ13:138:C6FWNANXX:2:1109:18371:4811_1:11960434",1.5e-11
"32449","HISEQ13:138:C6FWNANXX:2:2116:11845:51151_1:97707417",1.5e-11
"32450","HISEQ13:138:C6FWNANXX:2:2206:12210:100686_1:107045645",1.5e-11
"32451","HISEQ13:138:C6FWNANXX:2:2206:19386:100662_1:107047000",1.5e-11
"32452","HISEQ13:138:C6FWNANXX:2:2114:16475:61998_1:94649050",1.5e-11
"32453","HISEQ13:138:C6FWNANXX:2:1305:3352:34689_1:55902123",1.5e-11
"32454","HISEQ13:138:C6FWNANXX:2:1308:13715:15364_1:60137029",1.5e-11
"32455","HISEQ13:138:C6FWNANXX:2:1115:10236:21397_1:21753418",1.5e-11
"32456","HISEQ13:138:C6FWNANXX:2:2215:14978:24900_1:119683008",1.5e-11
"32457","HISEQ13:138:C6FWNANXX:2:1314:10367:43650_1:70169086",1.5e-11
"32458","HISEQ13:138:C6FWNANXX:2:2207:15091:64522_1:107972084",1.5e-11
"32459","HISEQ13:138:C6FWNANXX:2:1313:20078:31790_1:68314000",1.5e-11
"32460","HISEQ13:138:C6FWNANXX:2:2310:3582:90939_1:136934621",1.5e-11
"32461","HISEQ13:138:C6FWNANXX:2:2313:15751:30476_1:140664389",1.5e-11
"32462","HISEQ13:138:C6FWNANXX:2:2216:14407:66215_1:122018578",1.5e-11
"32463","HISEQ13:138:C6FWNANXX:2:1301:13516:59816_1:50420412",1.5e-11
"32464","HISEQ13:138:C6FWNANXX:2:2209:8879:76521_1:111123621",1.5e-11
"32465","HISEQ13:138:C6FWNANXX:2:1316:8362:34532_1:73405287",1.5e-11
"32466","HISEQ13:138:C6FWNANXX:2:1112:15558:77701_1:17746479",1.5e-11
"32467","HISEQ13:138:C6FWNANXX:2:1313:13149:76912_1:69063506",1.5e-11
"32468","HISEQ13:138:C6FWNANXX:2:2204:17526:5626_1:102805825",1.5e-11
"32469","HISEQ13:138:C6FWNANXX:2:2209:18254:81934_1:111205830",1.5e-11
"32470","HISEQ13:138:C6FWNANXX:2:1104:20058:5348_1:4440076",1.5e-11
"32471","HISEQ13:138:C6FWNANXX:2:2206:13461:99300_1:107027576",1.5e-11
"32472","HISEQ13:138:C6FWNANXX:2:2112:19643:43527_1:91196214",1.5e-11
"32473","HISEQ13:138:C6FWNANXX:2:2205:9266:67513_1:105116645",1.5e-11
"32474","HISEQ13:138:C6FWNANXX:2:1206:7928:45103_1:32748458",1.5e-11
"32475","HISEQ13:138:C6FWNANXX:2:1306:15917:14597_1:57095702",1.5e-11
"32476","HISEQ13:138:C6FWNANXX:2:2308:4242:55130_1:133371286",1.5e-11
"32477","HISEQ13:138:C6FWNANXX:2:1201:7916:67487_1:25766526",1.5e-11
"32478","HISEQ13:138:C6FWNANXX:2:1215:14147:26792_1:46600012",1.5e-11
"32479","HISEQ13:138:C6FWNANXX:2:2102:7847:55650_1:76729819",1.5e-11
"32480","HISEQ13:138:C6FWNANXX:2:2104:12695:51795_1:79501076",1.5e-11
"32481","HISEQ13:138:C6FWNANXX:2:1108:2073:59890_1:11270029",1.5e-11
"32482","HISEQ13:138:C6FWNANXX:2:1310:4223:48311_1:63764255",1.5e-11
"32483","HISEQ13:138:C6FWNANXX:2:2210:2306:67570_1:112491721",1.5e-11
"32484","HISEQ13:138:C6FWNANXX:2:2305:12004:2581_1:128227228",1.5e-11
"32485","HISEQ13:138:C6FWNANXX:2:2208:3895:12179_1:108657974",1.5e-11
"32486","HISEQ13:138:C6FWNANXX:2:1207:17527:73635_1:34681113",1.5e-11
"32487","HISEQ13:138:C6FWNANXX:2:2302:5327:83331_1:125150054",1.5e-11
"32488","HISEQ13:138:C6FWNANXX:2:1101:3293:52116_1:740541",1.5e-11
"32489","HISEQ13:138:C6FWNANXX:2:1115:10740:32804_1:21947523",1.5e-11
"32490","HISEQ13:138:C6FWNANXX:2:2316:20344:46457_1:145809088",1.5e-11
"32491","HISEQ13:138:C6FWNANXX:2:1114:12904:31826_1:20264536",1.5e-11
"32492","HISEQ13:138:C6FWNANXX:2:2110:18442:16867_1:87788536",1.5e-11
"32493","HISEQ13:138:C6FWNANXX:2:2212:7987:76822_1:115720874",1.5e-11
"32494","HISEQ13:138:C6FWNANXX:2:2101:7182:57128_1:75347106",1.5e-11
"32495","HISEQ13:138:C6FWNANXX:2:1209:18781:96247_1:38090515",1.5e-11
"32496","HISEQ13:138:C6FWNANXX:2:2107:20971:78625_1:84236575",1.5e-11
"32497","HISEQ13:138:C6FWNANXX:2:2212:11160:19243_1:114806468",1.5e-11
"32498","HISEQ13:138:C6FWNANXX:2:1102:9934:44198_1:2082805",1.5e-11
"32499","HISEQ13:138:C6FWNANXX:2:1312:14786:50737_1:66991451",1.5e-11
"32500","HISEQ13:138:C6FWNANXX:2:1101:16050:46722_1:661908",1.5e-11
"32501","HISEQ13:138:C6FWNANXX:2:1109:3390:77692_1:13105247",1.5e-11
"32502","HISEQ13:138:C6FWNANXX:2:1313:5464:3798_1:67847322",1.5e-11
"32503","HISEQ13:138:C6FWNANXX:2:2109:14576:92221_1:87428545",1.5e-11
"32504","HISEQ13:138:C6FWNANXX:2:2301:19081:39472_1:123136049",1.5e-11
"32505","HISEQ13:138:C6FWNANXX:2:1109:1857:2680_1:11921888",1.5e-11
"32506","HISEQ13:138:C6FWNANXX:2:1301:13620:56377_1:50368816",1.5e-11
"32507","HISEQ13:138:C6FWNANXX:2:2116:15915:19438_1:97183052",1.5e-11
"32508","HISEQ13:138:C6FWNANXX:2:1302:21009:79090_1:52158052",1.5e-11
"32509","HISEQ13:138:C6FWNANXX:2:2207:15199:93977_1:108406299",1.5e-11
"32510","HISEQ13:138:C6FWNANXX:2:2301:12306:22503_1:122897585",1.5e-11
"32511","HISEQ13:138:C6FWNANXX:2:2316:12253:28438_1:145503118",1.5e-11
"32512","HISEQ13:138:C6FWNANXX:2:1309:17927:97963_1:62984722",1.5e-11
"32513","HISEQ13:138:C6FWNANXX:2:2309:17587:36761_1:134594231",1.5e-11
"32514","HISEQ13:138:C6FWNANXX:2:1308:10988:81818_1:61172739",1.5e-11
"32515","HISEQ13:138:C6FWNANXX:2:2104:19332:86749_1:80003119",1.5e-11
"32516","HISEQ13:138:C6FWNANXX:2:2304:11830:83952_1:127974843",1.5e-11
"32517","HISEQ13:138:C6FWNANXX:2:1301:14781:41074_1:50145655",1.5e-11
"32518","HISEQ13:138:C6FWNANXX:2:2108:3318:67254_1:85549802",1.5e-11
"32519","HISEQ13:138:C6FWNANXX:2:2302:1392:37514_1:124501945",1.5e-11
"32520","HISEQ13:138:C6FWNANXX:2:1108:6806:49885_1:11114769",1.5e-11
"32521","HISEQ13:138:C6FWNANXX:2:1304:10921:56210_1:54746526",1.5e-11
"32522","HISEQ13:138:C6FWNANXX:2:2102:11117:96240_1:77308892",1.5e-11
"32523","HISEQ13:138:C6FWNANXX:2:2104:8332:47993_1:79442654",1.5e-11
"32524","HISEQ13:138:C6FWNANXX:2:2302:10025:91399_1:125264276",1.5e-11
"32525","HISEQ13:138:C6FWNANXX:2:2107:10855:55122_1:83884982",1.5e-11
"32526","HISEQ13:138:C6FWNANXX:2:2306:3008:28202_1:130034816",1.5e-11
"32527","HISEQ13:138:C6FWNANXX:2:1204:9105:41294_1:29734478",1.5e-11
"32528","HISEQ13:138:C6FWNANXX:2:2311:6003:52350_1:137873695",1.5e-11
"32529","HISEQ13:138:C6FWNANXX:2:1115:18738:84495_1:22822150",1.5e-11
"32530","HISEQ13:138:C6FWNANXX:2:1102:19476:32397_1:1912310",1.5e-11
"32531","HISEQ13:138:C6FWNANXX:2:1304:13056:11187_1:54075571",1.5e-11
"32532","HISEQ13:138:C6FWNANXX:2:2304:8465:99206_1:128194151",1.5e-11
"32533","HISEQ13:138:C6FWNANXX:2:1110:17568:14409_1:13670680",1.5e-11
"32534","HISEQ13:138:C6FWNANXX:2:2215:20489:22491_1:119642739",1.5e-11
"32535","HISEQ13:138:C6FWNANXX:2:1215:15861:85363_1:47590552",1.5e-11
"32536","HISEQ13:138:C6FWNANXX:2:2216:6582:65923_1:122012735",1.5e-11
"32537","HISEQ13:138:C6FWNANXX:2:1214:3156:34871_1:45065792",1.5e-11
"32538","HISEQ13:138:C6FWNANXX:2:1110:16919:49415_1:14223661",1.5e-11
"32539","HISEQ13:138:C6FWNANXX:2:1215:2653:80889_1:47511584",1.5e-11
"32540","HISEQ13:138:C6FWNANXX:2:2301:1300:34797_1:123069008",1.5e-11
"32541","HISEQ13:138:C6FWNANXX:2:2115:13225:89719_1:96708764",1.5e-11
"32542","HISEQ13:138:C6FWNANXX:2:2109:5095:51512_1:86809708",1.5e-11
"32543","HISEQ13:138:C6FWNANXX:2:1112:3294:6325_1:16738597",1.5e-11
"32544","HISEQ13:138:C6FWNANXX:2:1113:6423:23143_1:18473940",1.5e-11
"32545","HISEQ13:138:C6FWNANXX:2:1216:7588:32131_1:48375488",1.5e-11
"32546","HISEQ13:138:C6FWNANXX:2:1316:14168:75515_1:74124623",1.5e-11
"32547","HISEQ13:138:C6FWNANXX:2:1304:7304:66442_1:54898780",1.5e-11
"32548","HISEQ13:138:C6FWNANXX:2:1316:2425:72414_1:74065071",1.5e-11
"32549","HISEQ13:138:C6FWNANXX:2:2114:18073:47034_1:94408716",1.5e-11
"32550","HISEQ13:138:C6FWNANXX:2:2210:4389:52325_1:112259432",1.5e-11
"32551","HISEQ13:138:C6FWNANXX:2:2314:17002:33085_1:142312115",1.5e-11
"32552","HISEQ13:138:C6FWNANXX:2:1108:11845:50910_1:11131407",1.5e-11
"32553","HISEQ13:138:C6FWNANXX:2:1115:20268:8420_1:21535421",1.5e-11
"32554","HISEQ13:138:C6FWNANXX:2:1116:11730:59942_1:24097707",1.5e-11
"32555","HISEQ13:138:C6FWNANXX:2:1307:13992:34809_1:58915262",1.5e-11
"32556","HISEQ13:138:C6FWNANXX:2:2103:16573:99014_1:78758769",1.5e-11
"32557","HISEQ13:138:C6FWNANXX:2:2202:2334:47353_1:100576538",1.5e-11
"32558","HISEQ13:138:C6FWNANXX:2:2302:13512:19116_1:124244727",1.5e-11
"32559","HISEQ13:138:C6FWNANXX:2:2313:16032:15502_1:140426954",1.5e-11
"32560","HISEQ13:138:C6FWNANXX:2:1102:17591:19015_1:1717291",1.5e-11
"32561","HISEQ13:138:C6FWNANXX:2:1214:19879:57769_1:45455606",1.5e-11
"32562","HISEQ13:138:C6FWNANXX:2:2316:13030:8284_1:145165128",1.5e-11
"32563","HISEQ13:138:C6FWNANXX:2:1115:9891:94981_1:23000132",1.5e-11
"32564","HISEQ13:138:C6FWNANXX:2:1209:18828:27064_1:37012306",1.5e-11
"32565","HISEQ13:138:C6FWNANXX:2:1215:10417:7431_1:46268277",1.5e-11
"32566","HISEQ13:138:C6FWNANXX:2:2112:6811:81286_1:91789429",1.5e-11
"32567","HISEQ13:138:C6FWNANXX:2:2209:8019:59943_1:110868924",1.5e-11
"32568","HISEQ13:138:C6FWNANXX:2:2209:1771:86525_1:111274968",1.5e-11
"32569","HISEQ13:138:C6FWNANXX:2:2311:17782:100504_1:138638214",1.5e-11
"32570","HISEQ13:138:C6FWNANXX:2:1116:16191:10107_1:23245193",1.5e-11
"32571","HISEQ13:138:C6FWNANXX:2:2210:20889:19786_1:111766915",1.5e-11
"32572","HISEQ13:138:C6FWNANXX:2:2211:11987:94299_1:114444408",1.5e-11
"32573","HISEQ13:138:C6FWNANXX:2:1104:8710:100383_1:5854747",1.5e-11
"32574","HISEQ13:138:C6FWNANXX:2:2201:14046:44755_1:99137005",1.5e-11
"32575","HISEQ13:138:C6FWNANXX:2:2310:18161:53838_1:136371748",1.5e-11
"32576","HISEQ13:138:C6FWNANXX:2:2311:12999:64847_1:138071660",1.5e-11
"32577","HISEQ13:138:C6FWNANXX:2:1202:16994:57944_1:27080344",1.5e-11
"32578","HISEQ13:138:C6FWNANXX:2:1113:9113:17967_1:18388453",1.5e-11
"32579","HISEQ13:138:C6FWNANXX:2:1115:6428:35672_1:21993299",1.5e-11
"32580","HISEQ13:138:C6FWNANXX:2:1309:8431:9670_1:61589321",1.5e-11
"32581","HISEQ13:138:C6FWNANXX:2:2214:1797:18872_1:117964866",1.5e-11
"32582","HISEQ13:138:C6FWNANXX:2:2304:3608:22998_1:127099246",1.5e-11
"32583","HISEQ13:138:C6FWNANXX:2:2312:12999:100174_1:140197615",1.5e-11
"32584","HISEQ13:138:C6FWNANXX:2:2116:12204:25357_1:97281753",1.5e-11
"32585","HISEQ13:138:C6FWNANXX:2:2304:18151:37899_1:127315748",1.5e-11
"32586","HISEQ13:138:C6FWNANXX:2:1102:6924:70431_1:2469930",1.5e-11
"32587","HISEQ13:138:C6FWNANXX:2:1212:19728:61269_1:42238956",1.5e-11
"32588","HISEQ13:138:C6FWNANXX:2:1208:16375:31838_1:35554297",1.5e-11
"32589","HISEQ13:138:C6FWNANXX:2:1105:8071:2584_1:5871506",1.5e-11
"32590","HISEQ13:138:C6FWNANXX:2:1207:18499:76984_1:34730758",1.5e-11
"32591","HISEQ13:138:C6FWNANXX:2:1301:16168:27911_1:49951068",1.5e-11
"32592","HISEQ13:138:C6FWNANXX:2:2312:6056:4483_1:138676496",1.5e-11
"32593","HISEQ13:138:C6FWNANXX:2:1110:16849:49153_1:14219709",1.5e-11
"32594","HISEQ13:138:C6FWNANXX:2:2101:17740:71231_1:75548192",1.5e-11
"32595","HISEQ13:138:C6FWNANXX:2:2111:16865:88490_1:90453370",1.5e-11
"32596","HISEQ13:138:C6FWNANXX:2:2203:9354:27958_1:101710691",1.5e-11
"32597","HISEQ13:138:C6FWNANXX:2:2211:6437:19907_1:113276317",1.5e-11
"32598","HISEQ13:138:C6FWNANXX:2:1316:11622:93146_1:74427683",1.5e-11
"32599","HISEQ13:138:C6FWNANXX:2:2106:20937:77730_1:82756153",1.5e-11
"32600","HISEQ13:138:C6FWNANXX:2:2206:20766:100307_1:107043464",1.5e-11
"32601","HISEQ13:138:C6FWNANXX:2:2101:11340:98590_1:75937697",1.5e-11
"32602","HISEQ13:138:C6FWNANXX:2:1113:13095:77700_1:19375777",1.5e-11
"32603","HISEQ13:138:C6FWNANXX:2:1306:12983:50444_1:57640521",1.5e-11
"32604","HISEQ13:138:C6FWNANXX:2:2314:8140:21678_1:142122387",1.5e-11
"32605","HISEQ13:138:C6FWNANXX:2:2211:11371:42987_1:113637873",1.5e-11
"32606","HISEQ13:138:C6FWNANXX:2:2106:2563:66467_1:82587044",1.5e-11
"32607","HISEQ13:138:C6FWNANXX:2:1313:12397:94443_1:69355665",1.5e-11
"32608","HISEQ13:138:C6FWNANXX:2:1313:19236:77277_1:69073172",1.5e-11
"32609","HISEQ13:138:C6FWNANXX:2:1309:13445:74896_1:62621294",1.5e-11
"32610","HISEQ13:138:C6FWNANXX:2:2108:20868:95208_1:85973081",1.5e-11
"32611","HISEQ13:138:C6FWNANXX:2:1111:8698:74710_1:16216152",1.5e-11
"32612","HISEQ13:138:C6FWNANXX:2:2305:17988:37313_1:128731965",1.5e-11
"32613","HISEQ13:138:C6FWNANXX:2:2107:6104:22709_1:83401759",1.6e-11
"32614","HISEQ13:138:C6FWNANXX:2:1309:15221:84550_1:62775318",1.6e-11
"32615","HISEQ13:138:C6FWNANXX:2:1301:16066:96500_1:50957381",1.6e-11
"32616","HISEQ13:138:C6FWNANXX:2:2109:10075:20653_1:86340488",1.6e-11
"32617","HISEQ13:138:C6FWNANXX:2:2303:8583:61342_1:126241011",1.6e-11
"32618","HISEQ13:138:C6FWNANXX:2:2315:4306:71588_1:144572381",1.6e-11
"32619","HISEQ13:138:C6FWNANXX:2:2102:13621:92427_1:77255848",1.6e-11
"32620","HISEQ13:138:C6FWNANXX:2:1201:2733:64762_1:25728327",1.6e-11
"32621","HISEQ13:138:C6FWNANXX:2:1103:9175:15474_1:3120235",1.6e-11
"32622","HISEQ13:138:C6FWNANXX:2:1214:18484:10891_1:44666514",1.6e-11
"32623","HISEQ13:138:C6FWNANXX:2:1303:7787:67214_1:53439360",1.6e-11
"32624","HISEQ13:138:C6FWNANXX:2:1315:2139:54666_1:72037736",1.6e-11
"32625","HISEQ13:138:C6FWNANXX:2:1216:2761:68723_1:49007091",1.6e-11
"32626","HISEQ13:138:C6FWNANXX:2:1206:3726:87372_1:33386196",1.6e-11
"32627","HISEQ13:138:C6FWNANXX:2:2312:8782:72645_1:139757939",1.6e-11
"32628","HISEQ13:138:C6FWNANXX:2:1108:4361:57260_1:11231609",1.6e-11
"32629","HISEQ13:138:C6FWNANXX:2:1111:16192:97237_1:16631985",1.6e-11
"32630","HISEQ13:138:C6FWNANXX:2:1209:12055:87475_1:37951730",1.6e-11
"32631","HISEQ13:138:C6FWNANXX:2:1305:17379:63665_1:56340954",1.6e-11
"32632","HISEQ13:138:C6FWNANXX:2:2105:12261:78846_1:81320218",1.6e-11
"32633","HISEQ13:138:C6FWNANXX:2:2211:10697:66804_1:114012890",1.6e-11
"32634","HISEQ13:138:C6FWNANXX:2:2303:11475:73753_1:126418025",1.6e-11
"32635","HISEQ13:138:C6FWNANXX:2:1301:17715:14131_1:49748733",1.6e-11
"32636","HISEQ13:138:C6FWNANXX:2:2102:19745:9569_1:76079644",1.6e-11
"32637","HISEQ13:138:C6FWNANXX:2:1110:9124:28496_1:13890112",1.6e-11
"32638","HISEQ13:138:C6FWNANXX:2:1212:19533:25362_1:41653063",1.6e-11
"32639","HISEQ13:138:C6FWNANXX:2:1308:11375:50211_1:60674985",1.6e-11
"32640","HISEQ13:138:C6FWNANXX:2:2211:3461:66856_1:114011516",1.6e-11
"32641","HISEQ13:138:C6FWNANXX:2:2310:17185:82729_1:136809971",1.6e-11
"32642","HISEQ13:138:C6FWNANXX:2:1111:5910:23939_1:15380748",1.6e-11
"32643","HISEQ13:138:C6FWNANXX:2:1210:14227:17798_1:38413848",1.6e-11
"32644","HISEQ13:138:C6FWNANXX:2:2109:7914:95519_1:87480391",1.6e-11
"32645","HISEQ13:138:C6FWNANXX:2:2112:8928:4652_1:90710015",1.6e-11
"32646","HISEQ13:138:C6FWNANXX:2:2113:12351:33819_1:92604609",1.6e-11
"32647","HISEQ13:138:C6FWNANXX:2:2216:16067:44788_1:121658819",1.6e-11
"32648","HISEQ13:138:C6FWNANXX:2:2209:15869:35179_1:110494686",1.6e-11
"32649","HISEQ13:138:C6FWNANXX:2:2205:16535:15539_1:104366977",1.6e-11
"32650","HISEQ13:138:C6FWNANXX:2:1214:9698:26977_1:44932938",1.6e-11
"32651","HISEQ13:138:C6FWNANXX:2:1116:7081:41088_1:23776163",1.6e-11
"32652","HISEQ13:138:C6FWNANXX:2:1316:15605:7561_1:72937629",1.6e-11
"32653","HISEQ13:138:C6FWNANXX:2:1107:17464:88299_1:10183006",1.6e-11
"32654","HISEQ13:138:C6FWNANXX:2:1307:16144:38123_1:58965684",1.6e-11
"32655","HISEQ13:138:C6FWNANXX:2:2112:20331:76732_1:91716622",1.6e-11
"32656","HISEQ13:138:C6FWNANXX:2:2203:4640:28053_1:101713314",1.6e-11
"32657","HISEQ13:138:C6FWNANXX:2:2208:15969:81855_1:109707420",1.6e-11
"32658","HISEQ13:138:C6FWNANXX:2:2305:9197:5753_1:128273459",1.6e-11
"32659","HISEQ13:138:C6FWNANXX:2:2308:4308:63803_1:133503176",1.6e-11
"32660","HISEQ13:138:C6FWNANXX:2:2313:18355:14976_1:140415596",1.6e-11
"32661","HISEQ13:138:C6FWNANXX:2:2303:19048:46226_1:126027075",1.6e-11
"32662","HISEQ13:138:C6FWNANXX:2:1102:7783:4436_1:1497682",1.6e-11
"32663","HISEQ13:138:C6FWNANXX:2:2108:4500:55789_1:85375799",1.6e-11
"32664","HISEQ13:138:C6FWNANXX:2:2108:7687:58761_1:85421567",1.6e-11
"32665","HISEQ13:138:C6FWNANXX:2:2204:20547:42049_1:103326314",1.6e-11
"32666","HISEQ13:138:C6FWNANXX:2:2311:18792:14985_1:137289915",1.6e-11
"32667","HISEQ13:138:C6FWNANXX:2:2316:15513:60563_1:146048842",1.6e-11
"32668","HISEQ13:138:C6FWNANXX:2:1204:12405:63556_1:30065735",1.6e-11
"32669","HISEQ13:138:C6FWNANXX:2:2312:8534:81263_1:139897415",1.6e-11
"32670","HISEQ13:138:C6FWNANXX:2:1103:14734:27626_1:3303985",1.6e-11
"32671","HISEQ13:138:C6FWNANXX:2:2116:16494:5265_1:96951063",1.6e-11
"32672","HISEQ13:138:C6FWNANXX:2:2202:6502:84335_1:101104996",1.6e-11
"32673","HISEQ13:138:C6FWNANXX:2:1212:13680:74586_1:42454746",1.6e-11
"32674","HISEQ13:138:C6FWNANXX:2:2107:13468:83616_1:84309879",1.6e-11
"32675","HISEQ13:138:C6FWNANXX:2:2204:15913:37286_1:103257808",1.6e-11
"32676","HISEQ13:138:C6FWNANXX:2:2101:10831:46158_1:75191657",1.6e-11
"32677","HISEQ13:138:C6FWNANXX:2:2309:2500:13285_1:134234490",1.6e-11
"32678","HISEQ13:138:C6FWNANXX:2:2313:13080:80883_1:141482084",1.6e-11
"32679","HISEQ13:138:C6FWNANXX:2:1111:14908:23686_1:15378639",1.6e-11
"32680","HISEQ13:138:C6FWNANXX:2:1209:19026:31632_1:37082085",1.6e-11
"32681","HISEQ13:138:C6FWNANXX:2:1315:16844:85318_1:72570439",1.6e-11
"32682","HISEQ13:138:C6FWNANXX:2:2105:16952:58452_1:81025341",1.6e-11
"32683","HISEQ13:138:C6FWNANXX:2:1104:19547:32486_1:4841473",1.6e-11
"32684","HISEQ13:138:C6FWNANXX:2:2305:8865:40977_1:128781126",1.6e-11
"32685","HISEQ13:138:C6FWNANXX:2:2203:8730:93549_1:102649722",1.6e-11
"32686","HISEQ13:138:C6FWNANXX:2:2306:18362:91733_1:130972132",1.6e-11
"32687","HISEQ13:138:C6FWNANXX:2:2109:11465:20840_1:86344546",1.6e-11
"32688","HISEQ13:138:C6FWNANXX:2:2209:4809:37157_1:110522896",1.6e-11
"32689","HISEQ13:138:C6FWNANXX:2:2306:5640:14380_1:129833229",1.6e-11
"32690","HISEQ13:138:C6FWNANXX:2:1204:3823:23457_1:29465876",1.6e-11
"32691","HISEQ13:138:C6FWNANXX:2:2203:20316:15579_1:101538306",1.6e-11
"32692","HISEQ13:138:C6FWNANXX:2:1313:13575:90516_1:69293652",1.6e-11
"32693","HISEQ13:138:C6FWNANXX:2:1206:16252:82858_1:33320332",1.6e-11
"32694","HISEQ13:138:C6FWNANXX:2:2204:12899:82523_1:103906876",1.6e-11
"32695","HISEQ13:138:C6FWNANXX:2:2306:20665:8285_1:129747765",1.6e-11
"32696","HISEQ13:138:C6FWNANXX:2:2313:21115:88238_1:141601443",1.6e-11
"32697","HISEQ13:138:C6FWNANXX:2:1112:15292:85687_1:17877601",1.6e-11
"32698","HISEQ13:138:C6FWNANXX:2:2213:14650:44612_1:116786399",1.6e-11
"32699","HISEQ13:138:C6FWNANXX:2:2316:6612:83798_1:146439302",1.6e-11
"32700","HISEQ13:138:C6FWNANXX:2:1103:11820:94233_1:4288746",1.6e-11
"32701","HISEQ13:138:C6FWNANXX:2:2216:17636:71199_1:122104209",1.6e-11
"32702","HISEQ13:138:C6FWNANXX:2:1214:19093:10816_1:44666638",1.6e-11
"32703","HISEQ13:138:C6FWNANXX:2:1306:12108:84526_1:58163332",1.6e-11
"32704","HISEQ13:138:C6FWNANXX:2:2306:10436:96678_1:131044680",1.6e-11
"32705","HISEQ13:138:C6FWNANXX:2:2312:6056:4483_1:138676497",1.6e-11
"32706","HISEQ13:138:C6FWNANXX:2:1105:16464:47784_1:6553611",1.6e-11
"32707","HISEQ13:138:C6FWNANXX:2:1304:8658:62817_1:54846953",1.6e-11
"32708","HISEQ13:138:C6FWNANXX:2:2113:9162:55067_1:92943729",1.6e-11
"32709","HISEQ13:138:C6FWNANXX:2:1206:13358:6876_1:32171226",1.6e-11
"32710","HISEQ13:138:C6FWNANXX:2:1215:2438:34748_1:46729052",1.6e-11
"32711","HISEQ13:138:C6FWNANXX:2:2201:12925:53411_1:99258095",1.6e-11
"32712","HISEQ13:138:C6FWNANXX:2:1110:1570:65739_1:14477515",1.6e-11
"32713","HISEQ13:138:C6FWNANXX:2:1204:16269:61506_1:30037377",1.6e-11
"32714","HISEQ13:138:C6FWNANXX:2:1205:14907:66926_1:31588946",1.6e-11
"32715","HISEQ13:138:C6FWNANXX:2:1209:6148:50054_1:37367630",1.6e-11
"32716","HISEQ13:138:C6FWNANXX:2:1212:9457:42337_1:41926927",1.6e-11
"32717","HISEQ13:138:C6FWNANXX:2:2106:14754:8182_1:81732371",1.6e-11
"32718","HISEQ13:138:C6FWNANXX:2:2204:20813:19728_1:103004097",1.6e-11
"32719","HISEQ13:138:C6FWNANXX:2:2301:2528:48610_1:123262570",1.6e-11
"32720","HISEQ13:138:C6FWNANXX:2:2301:6766:74922_1:123632884",1.6e-11
"32721","HISEQ13:138:C6FWNANXX:2:2314:10784:18689_1:142073820",1.6e-11
"32722","HISEQ13:138:C6FWNANXX:2:2301:9608:25014_1:122932456",1.6e-11
"32723","HISEQ13:138:C6FWNANXX:2:2216:6130:93599_1:122481789",1.6e-11
"32724","HISEQ13:138:C6FWNANXX:2:2303:8268:40433_1:125942965",1.6e-11
"32725","HISEQ13:138:C6FWNANXX:2:2303:3875:92898_1:126685505",1.6e-11
"32726","HISEQ13:138:C6FWNANXX:2:1211:10395:81145_1:40985945",1.6e-11
"32727","HISEQ13:138:C6FWNANXX:2:2204:17250:98253_1:104134507",1.6e-11
"32728","HISEQ13:138:C6FWNANXX:2:1204:17081:33643_1:29620943",1.6e-11
"32729","HISEQ13:138:C6FWNANXX:2:1316:21337:70416_1:74034286",1.6e-11
"32730","HISEQ13:138:C6FWNANXX:2:2206:10790:46327_1:106248549",1.6e-11
"32731","HISEQ13:138:C6FWNANXX:2:2207:18746:63990_1:107961514",1.6e-11
"32732","HISEQ13:138:C6FWNANXX:2:2303:10847:75758_1:126446275",1.6e-11
"32733","HISEQ13:138:C6FWNANXX:2:1201:3097:21199_1:25085019",1.6e-11
"32734","HISEQ13:138:C6FWNANXX:2:1101:5480:24785_1:338527",1.6e-11
"32735","HISEQ13:138:C6FWNANXX:2:1208:8105:89104_1:36437559",1.6e-11
"32736","HISEQ13:138:C6FWNANXX:2:1316:16164:6152_1:72911604",1.6e-11
"32737","HISEQ13:138:C6FWNANXX:2:2201:9907:95258_1:99855318",1.7e-11
"32738","HISEQ13:138:C6FWNANXX:2:1111:13206:17364_1:15278857",1.7e-11
"32739","HISEQ13:138:C6FWNANXX:2:1308:13029:69444_1:60975584",1.7e-11
"32740","HISEQ13:138:C6FWNANXX:2:2210:17588:51563_1:112250652",1.7e-11
"32741","HISEQ13:138:C6FWNANXX:2:2313:17609:12413_1:140375985",1.7e-11
"32742","HISEQ13:138:C6FWNANXX:2:1101:8100:9832_1:116340",1.7e-11
"32743","HISEQ13:138:C6FWNANXX:2:1111:20799:52900_1:15848672",1.7e-11
"32744","HISEQ13:138:C6FWNANXX:2:1208:8257:92620_1:36492092",1.7e-11
"32745","HISEQ13:138:C6FWNANXX:2:1307:19083:65297_1:59385871",1.7e-11
"32746","HISEQ13:138:C6FWNANXX:2:1310:5533:68229_1:64077994",1.7e-11
"32747","HISEQ13:138:C6FWNANXX:2:2212:10952:2688_1:114558509",1.7e-11
"32748","HISEQ13:138:C6FWNANXX:2:2105:8567:55776_1:80987439",1.7e-11
"32749","HISEQ13:138:C6FWNANXX:2:2304:10865:79551_1:127913541",1.7e-11
"32750","HISEQ13:138:C6FWNANXX:2:1111:12753:31314_1:15501307",1.7e-11
"32751","HISEQ13:138:C6FWNANXX:2:1102:12958:20792_1:1742294",1.7e-11
"32752","HISEQ13:138:C6FWNANXX:2:2207:10422:91536_1:108372343",1.7e-11
"32753","HISEQ13:138:C6FWNANXX:2:2310:7615:7369_1:135652341",1.7e-11
"32754","HISEQ13:138:C6FWNANXX:2:2107:3993:100776_1:84566110",1.7e-11
"32755","HISEQ13:138:C6FWNANXX:2:2202:16438:82207_1:101074750",1.7e-11
"32756","HISEQ13:138:C6FWNANXX:2:1104:12765:54126_1:5164079",1.7e-11
"32757","HISEQ13:138:C6FWNANXX:2:1309:14599:87166_1:62815054",1.7e-11
"32758","HISEQ13:138:C6FWNANXX:2:2207:20640:24929_1:107387419",1.7e-11
"32759","HISEQ13:138:C6FWNANXX:2:2215:7926:91708_1:120784498",1.7e-11
"32760","HISEQ13:138:C6FWNANXX:2:2210:11306:15468_1:111696070",1.7e-11
"32761","HISEQ13:138:C6FWNANXX:2:1115:1460:14915_1:21642200",1.7e-11
"32762","HISEQ13:138:C6FWNANXX:2:1202:16059:72898_1:27300401",1.7e-11
"32763","HISEQ13:138:C6FWNANXX:2:2201:9859:90079_1:99781009",1.7e-11
"32764","HISEQ13:138:C6FWNANXX:2:1104:4438:83388_1:5599680",1.7e-11
"32765","HISEQ13:138:C6FWNANXX:2:1210:10876:39593_1:38755851",1.7e-11
"32766","HISEQ13:138:C6FWNANXX:2:1210:8082:39804_1:38759274",1.7e-11
"32767","HISEQ13:138:C6FWNANXX:2:1315:11712:22413_1:71487560",1.7e-11
"32768","HISEQ13:138:C6FWNANXX:2:2213:11598:78080_1:117325337",1.7e-11
"32769","HISEQ13:138:C6FWNANXX:2:1215:3057:81246_1:47515910",1.7e-11
"32770","HISEQ13:138:C6FWNANXX:2:2116:15772:53171_1:97740725",1.7e-11
"32771","HISEQ13:138:C6FWNANXX:2:2108:2985:26761_1:84938093",1.7e-11
"32772","HISEQ13:138:C6FWNANXX:2:2208:11744:72565_1:109566639",1.7e-11
"32773","HISEQ13:138:C6FWNANXX:2:1102:15242:3794_1:1491915",1.7e-11
"32774","HISEQ13:138:C6FWNANXX:2:1301:6569:56981_1:50374699",1.7e-11
"32775","HISEQ13:138:C6FWNANXX:2:2215:3480:33428_1:119821059",1.7e-11
"32776","HISEQ13:138:C6FWNANXX:2:2305:6253:33402_1:128671338",1.7e-11
"32777","HISEQ13:138:C6FWNANXX:2:2104:20415:59227_1:79606527",1.7e-11
"32778","HISEQ13:138:C6FWNANXX:2:2203:6705:40993_1:101896577",1.7e-11
"32779","HISEQ13:138:C6FWNANXX:2:2112:7066:80076_1:91769720",1.7e-11
"32780","HISEQ13:138:C6FWNANXX:2:2215:12541:21969_1:119632869",1.7e-11
"32781","HISEQ13:138:C6FWNANXX:2:2303:5845:83775_1:126558174",1.7e-11
"32782","HISEQ13:138:C6FWNANXX:2:2204:19844:21026_1:103025942",1.7e-11
"32783","HISEQ13:138:C6FWNANXX:2:1308:13715:15364_1:60137030",1.7e-11
"32784","HISEQ13:138:C6FWNANXX:2:2101:7380:84184_1:75731162",1.7e-11
"32785","HISEQ13:138:C6FWNANXX:2:1116:4972:73788_1:24336772",1.7e-11
"32786","HISEQ13:138:C6FWNANXX:2:1308:12405:58856_1:60811859",1.7e-11
"32787","HISEQ13:138:C6FWNANXX:2:1107:2379:29865_1:9282880",1.7e-11
"32788","HISEQ13:138:C6FWNANXX:2:2103:11466:51673_1:78082710",1.7e-11
"32789","HISEQ13:138:C6FWNANXX:2:2306:5294:94621_1:131013833",1.7e-11
"32790","HISEQ13:138:C6FWNANXX:2:1113:13637:96580_1:19692641",1.7e-11
"32791","HISEQ13:138:C6FWNANXX:2:2314:21300:48745_1:142568530",1.7e-11
"32792","HISEQ13:138:C6FWNANXX:2:2207:12145:43579_1:107660904",1.7e-11
"32793","HISEQ13:138:C6FWNANXX:2:1110:17664:9620_1:13595542",1.7e-11
"32794","HISEQ13:138:C6FWNANXX:2:1209:15756:47252_1:37326271",1.7e-11
"32795","HISEQ13:138:C6FWNANXX:2:1306:14154:24686_1:57247892",1.7e-11
"32796","HISEQ13:138:C6FWNANXX:2:2213:11716:85459_1:117441995",1.7e-11
"32797","HISEQ13:138:C6FWNANXX:2:1114:19965:48589_1:20547053",1.7e-11
"32798","HISEQ13:138:C6FWNANXX:2:2211:3638:67198_1:114015557",1.7e-11
"32799","HISEQ13:138:C6FWNANXX:2:1304:13879:43674_1:54558721",1.7e-11
"32800","HISEQ13:138:C6FWNANXX:2:2310:2268:14819_1:135766202",1.7e-11
"32801","HISEQ13:138:C6FWNANXX:2:1110:18291:97087_1:14975301",1.7e-11
"32802","HISEQ13:138:C6FWNANXX:2:1114:15192:65820_1:20836568",1.7e-11
"32803","HISEQ13:138:C6FWNANXX:2:2110:16832:86642_1:88853009",1.7e-11
"32804","HISEQ13:138:C6FWNANXX:2:1307:16575:4477_1:58447614",1.7e-11
"32805","HISEQ13:138:C6FWNANXX:2:2308:13448:87855_1:133867190",1.7e-11
"32806","HISEQ13:138:C6FWNANXX:2:2316:9636:33225_1:145583127",1.7e-11
"32807","HISEQ13:138:C6FWNANXX:2:2208:12260:78507_1:109657772",1.7e-11
"32808","HISEQ13:138:C6FWNANXX:2:1111:18735:89831_1:16495233",1.7e-11
"32809","HISEQ13:138:C6FWNANXX:2:2308:7976:38349_1:133119577",1.7e-11
"32810","HISEQ13:138:C6FWNANXX:2:2105:11607:21733_1:80490627",1.7e-11
"32811","HISEQ13:138:C6FWNANXX:2:1301:8820:45346_1:50206729",1.7e-11
"32812","HISEQ13:138:C6FWNANXX:2:2211:12350:88211_1:114345881",1.7e-11
"32813","HISEQ13:138:C6FWNANXX:2:2115:16789:39203_1:95886666",1.7e-11
"32814","HISEQ13:138:C6FWNANXX:2:1207:6170:42135_1:34198870",1.7e-11
"32815","HISEQ13:138:C6FWNANXX:2:1216:16148:38109_1:48481633",1.7e-11
"32816","HISEQ13:138:C6FWNANXX:2:1310:4501:17249_1:63267233",1.7e-11
"32817","HISEQ13:138:C6FWNANXX:2:2308:5490:92763_1:133941887",1.7e-11
"32818","HISEQ13:138:C6FWNANXX:2:2210:10275:87677_1:112798482",1.7e-11
"32819","HISEQ13:138:C6FWNANXX:2:2202:6096:18974_1:100173809",1.7e-11
"32820","HISEQ13:138:C6FWNANXX:2:1207:11422:5522_1:33646955",1.7e-11
"32821","HISEQ13:138:C6FWNANXX:2:2104:15334:19738_1:79037591",1.7e-11
"32822","HISEQ13:138:C6FWNANXX:2:1311:2613:55014_1:65449797",1.7e-11
"32823","HISEQ13:138:C6FWNANXX:2:2314:15198:38342_1:142397760",1.7e-11
"32824","HISEQ13:138:C6FWNANXX:2:2313:9339:37132_1:140772477",1.7e-11
"32825","HISEQ13:138:C6FWNANXX:2:1114:20274:75477_1:20997353",1.7e-11
"32826","HISEQ13:138:C6FWNANXX:2:1206:19777:50953_1:32838146",1.7e-11
"32827","HISEQ13:138:C6FWNANXX:2:1109:18765:9980_1:12038764",1.7e-11
"32828","HISEQ13:138:C6FWNANXX:2:1113:19800:92077_1:19618808",1.7e-11
"32829","HISEQ13:138:C6FWNANXX:2:2214:19333:84641_1:119043035",1.7e-11
"32830","HISEQ13:138:C6FWNANXX:2:2112:9973:23002_1:90874086",1.7e-11
"32831","HISEQ13:138:C6FWNANXX:2:1207:14332:92825_1:34973909",1.7e-11
"32832","HISEQ13:138:C6FWNANXX:2:2211:17179:36351_1:113537571",1.7e-11
"32833","HISEQ13:138:C6FWNANXX:2:2303:18108:93511_1:126698983",1.7e-11
"32834","HISEQ13:138:C6FWNANXX:2:1115:15447:26804_1:21847069",1.7e-11
"32835","HISEQ13:138:C6FWNANXX:2:2115:17415:20921_1:95590025",1.7e-11
"32836","HISEQ13:138:C6FWNANXX:2:1114:20191:34459_1:20308328",1.7e-11
"32837","HISEQ13:138:C6FWNANXX:2:2113:15077:53089_1:92913249",1.8e-11
"32838","HISEQ13:138:C6FWNANXX:2:2107:3582:83895_1:84311759",1.8e-11
"32839","HISEQ13:138:C6FWNANXX:2:1313:11575:23273_1:68171331",1.8e-11
"32840","HISEQ13:138:C6FWNANXX:2:1109:17049:38210_1:12482741",1.8e-11
"32841","HISEQ13:138:C6FWNANXX:2:1113:6953:19970_1:18420465",1.8e-11
"32842","HISEQ13:138:C6FWNANXX:2:1208:6130:77878_1:36262561",1.8e-11
"32843","HISEQ13:138:C6FWNANXX:2:2211:13753:67330_1:114021333",1.8e-11
"32844","HISEQ13:138:C6FWNANXX:2:2101:17456:80609_1:75683194",1.8e-11
"32845","HISEQ13:138:C6FWNANXX:2:2103:18216:78593_1:78466431",1.8e-11
"32846","HISEQ13:138:C6FWNANXX:2:2201:2242:62012_1:99381300",1.8e-11
"32847","HISEQ13:138:C6FWNANXX:2:2303:2360:73393_1:126409123",1.8e-11
"32848","HISEQ13:138:C6FWNANXX:2:2316:7583:69601_1:146199212",1.8e-11
"32849","HISEQ13:138:C6FWNANXX:2:2108:19752:99732_1:86040769",1.8e-11
"32850","HISEQ13:138:C6FWNANXX:2:2103:18879:8067_1:77464798",1.8e-11
"32851","HISEQ13:138:C6FWNANXX:2:2206:10175:7989_1:105685713",1.8e-11
"32852","HISEQ13:138:C6FWNANXX:2:2305:3453:23504_1:128530086",1.8e-11
"32853","HISEQ13:138:C6FWNANXX:2:1204:3823:23457_1:29465877",1.8e-11
"32854","HISEQ13:138:C6FWNANXX:2:1302:3288:86417_1:52261468",1.8e-11
"32855","HISEQ13:138:C6FWNANXX:2:1111:17838:22731_1:15363543",1.8e-11
"32856","HISEQ13:138:C6FWNANXX:2:1204:20110:2637_1:29178255",1.8e-11
"32857","HISEQ13:138:C6FWNANXX:2:1114:19459:67054_1:20858548",1.8e-11
"32858","HISEQ13:138:C6FWNANXX:2:1203:8741:33834_1:28179797",1.8e-11
"32859","HISEQ13:138:C6FWNANXX:2:2211:7639:96983_1:114483149",1.8e-11
"32860","HISEQ13:138:C6FWNANXX:2:2216:4100:34579_1:121482844",1.8e-11
"32861","HISEQ13:138:C6FWNANXX:2:2202:21183:64106_1:100818061",1.8e-11
"32862","HISEQ13:138:C6FWNANXX:2:1306:11274:37708_1:57445490",1.8e-11
"32863","HISEQ13:138:C6FWNANXX:2:2104:1766:41870_1:79355172",1.8e-11
"32864","HISEQ13:138:C6FWNANXX:2:1208:9580:47414_1:35790734",1.8e-11
"32865","HISEQ13:138:C6FWNANXX:2:2216:2918:95726_1:122515147",1.8e-11
"32866","HISEQ13:138:C6FWNANXX:2:2311:8764:49118_1:137823321",1.8e-11
"32867","HISEQ13:138:C6FWNANXX:2:2103:12360:16652_1:77584656",1.8e-11
"32868","HISEQ13:138:C6FWNANXX:2:1302:15840:65658_1:51957931",1.8e-11
"32869","HISEQ13:138:C6FWNANXX:2:1107:2057:73963_1:9957326",1.8e-11
"32870","HISEQ13:138:C6FWNANXX:2:2102:14259:78596_1:77059262",1.8e-11
"32871","HISEQ13:138:C6FWNANXX:2:1101:2171:6307_1:63343",1.8e-11
"32872","HISEQ13:138:C6FWNANXX:2:2106:20787:47240_1:82306160",1.8e-11
"32873","HISEQ13:138:C6FWNANXX:2:2104:20401:21388_1:79063316",1.8e-11
"32874","HISEQ13:138:C6FWNANXX:2:2311:17229:80214_1:138314305",1.8e-11
"32875","HISEQ13:138:C6FWNANXX:2:1209:13864:96814_1:38101370",1.8e-11
"32876","HISEQ13:138:C6FWNANXX:2:1306:16593:22188_1:57209985",1.8e-11
"32877","HISEQ13:138:C6FWNANXX:2:1214:2400:35162_1:45069851",1.8e-11
"32878","HISEQ13:138:C6FWNANXX:2:1204:4462:41300_1:29733592",1.8e-11
"32879","HISEQ13:138:C6FWNANXX:2:2215:13209:98743_1:120901774",1.8e-11
"32880","HISEQ13:138:C6FWNANXX:2:2101:7544:42200_1:75133999",1.8e-11
"32881","HISEQ13:138:C6FWNANXX:2:2108:12685:43022_1:85185295",1.8e-11
"32882","HISEQ13:138:C6FWNANXX:2:2308:10271:33738_1:133048221",1.8e-11
"32883","HISEQ13:138:C6FWNANXX:2:2210:13779:78409_1:112657704",1.8e-11
"32884","HISEQ13:138:C6FWNANXX:2:1201:11467:4393_1:24839478",1.8e-11
"32885","HISEQ13:138:C6FWNANXX:2:1214:5459:93276_1:46049765",1.8e-11
"32886","HISEQ13:138:C6FWNANXX:2:2115:4294:14256_1:95481636",1.8e-11
"32887","HISEQ13:138:C6FWNANXX:2:1310:12710:88583_1:64403294",1.8e-11
"32888","HISEQ13:138:C6FWNANXX:2:1115:9441:38605_1:22045062",1.8e-11
"32889","HISEQ13:138:C6FWNANXX:2:2209:4867:73070_1:111069854",1.8e-11
"32890","HISEQ13:138:C6FWNANXX:2:2305:10636:11211_1:128350369",1.8e-11
"32891","HISEQ13:138:C6FWNANXX:2:2303:15641:49913_1:126079346",1.8e-11
"32892","HISEQ13:138:C6FWNANXX:2:2303:7628:85400_1:126579869",1.8e-11
"32893","HISEQ13:138:C6FWNANXX:2:1212:10089:33584_1:41785378",1.8e-11
"32894","HISEQ13:138:C6FWNANXX:2:1201:20973:95854_1:26188159",1.8e-11
"32895","HISEQ13:138:C6FWNANXX:2:2216:15389:29759_1:121405425",1.8e-11
"32896","HISEQ13:138:C6FWNANXX:2:1110:13673:70228_1:14550812",1.8e-11
"32897","HISEQ13:138:C6FWNANXX:2:1206:10977:53709_1:32878216",1.8e-11
"32898","HISEQ13:138:C6FWNANXX:2:1301:18785:23232_1:49881595",1.8e-11
"32899","HISEQ13:138:C6FWNANXX:2:2216:10495:4404_1:120977426",1.8e-11
"32900","HISEQ13:138:C6FWNANXX:2:1307:4470:73877_1:59514142",1.8e-11
"32901","HISEQ13:138:C6FWNANXX:2:1202:8688:91493_1:27570406",1.8e-11
"32902","HISEQ13:138:C6FWNANXX:2:2309:15571:36192_1:134582556",1.8e-11
"32903","HISEQ13:138:C6FWNANXX:2:1113:8980:36512_1:18695969",1.8e-11
"32904","HISEQ13:138:C6FWNANXX:2:1213:8826:80953_1:44184940",1.8e-11
"32905","HISEQ13:138:C6FWNANXX:2:2210:17124:6315_1:111560137",1.8e-11
"32906","HISEQ13:138:C6FWNANXX:2:1113:11608:86609_1:19525127",1.8e-11
"32907","HISEQ13:138:C6FWNANXX:2:2109:9204:41669_1:86658828",1.8e-11
"32908","HISEQ13:138:C6FWNANXX:2:2314:19569:99375_1:143403679",1.8e-11
"32909","HISEQ13:138:C6FWNANXX:2:1201:10998:72197_1:25836964",1.8e-11
"32910","HISEQ13:138:C6FWNANXX:2:2310:19729:46078_1:136251716",1.8e-11
"32911","HISEQ13:138:C6FWNANXX:2:2310:3643:68670_1:136593945",1.8e-11
"32912","HISEQ13:138:C6FWNANXX:2:2314:17521:16258_1:142038569",1.8e-11
"32913","HISEQ13:138:C6FWNANXX:2:1208:19968:84197_1:36362124",1.8e-11
"32914","HISEQ13:138:C6FWNANXX:2:1307:8215:35366_1:58921977",1.8e-11
"32915","HISEQ13:138:C6FWNANXX:2:2204:3922:57015_1:103539818",1.8e-11
"32916","HISEQ13:138:C6FWNANXX:2:1205:14610:93797_1:31993957",1.8e-11
"32917","HISEQ13:138:C6FWNANXX:2:2208:16864:29391_1:108918350",1.8e-11
"32918","HISEQ13:138:C6FWNANXX:2:2306:10866:62252_1:130540493",1.8e-11
"32919","HISEQ13:138:C6FWNANXX:2:2110:9849:1947_1:87559656",1.8e-11
"32920","HISEQ13:138:C6FWNANXX:2:2201:2359:44274_1:99128030",1.8e-11
"32921","HISEQ13:138:C6FWNANXX:2:1303:9940:65464_1:53414000",1.8e-11
"32922","HISEQ13:138:C6FWNANXX:2:2311:6200:79015_1:138296399",1.8e-11
"32923","HISEQ13:138:C6FWNANXX:2:2315:5479:69526_1:144540199",1.8e-11
"32924","HISEQ13:138:C6FWNANXX:2:1207:18416:23123_1:33913971",1.8e-11
"32925","HISEQ13:138:C6FWNANXX:2:1312:2255:39926_1:66814016",1.8e-11
"32926","HISEQ13:138:C6FWNANXX:2:1312:10181:68073_1:67278135",1.9e-11
"32927","HISEQ13:138:C6FWNANXX:2:2309:3236:15857_1:134272649",1.9e-11
"32928","HISEQ13:138:C6FWNANXX:2:2109:3530:81868_1:87270843",1.9e-11
"32929","HISEQ13:138:C6FWNANXX:2:2304:16007:19340_1:127051103",1.9e-11
"32930","HISEQ13:138:C6FWNANXX:2:1204:3238:68998_1:30141993",1.9e-11
"32931","HISEQ13:138:C6FWNANXX:2:1115:2849:28885_1:21878397",1.9e-11
"32932","HISEQ13:138:C6FWNANXX:2:1306:7371:39165_1:57467784",1.9e-11
"32933","HISEQ13:138:C6FWNANXX:2:2107:19106:59152_1:83945679",1.9e-11
"32934","HISEQ13:138:C6FWNANXX:2:2105:14548:92619_1:81521559",1.9e-11
"32935","HISEQ13:138:C6FWNANXX:2:2113:11963:6841_1:92176245",1.9e-11
"32936","HISEQ13:138:C6FWNANXX:2:2114:19955:15416_1:93894809",1.9e-11
"32937","HISEQ13:138:C6FWNANXX:2:2309:12507:74804_1:135174913",1.9e-11
"32938","HISEQ13:138:C6FWNANXX:2:2111:7849:62470_1:90012539",1.9e-11
"32939","HISEQ13:138:C6FWNANXX:2:1214:4631:82929_1:45873435",1.9e-11
"32940","HISEQ13:138:C6FWNANXX:2:1314:12727:65030_1:70534602",1.9e-11
"32941","HISEQ13:138:C6FWNANXX:2:2105:13779:69974_1:81190021",1.9e-11
"32942","HISEQ13:138:C6FWNANXX:2:1305:4600:12348_1:55570411",1.9e-11
"32943","HISEQ13:138:C6FWNANXX:2:1208:14629:2248_1:35097031",1.9e-11
"32944","HISEQ13:138:C6FWNANXX:2:1316:15703:91071_1:74394766",1.9e-11
"32945","HISEQ13:138:C6FWNANXX:2:1201:13481:37204_1:25322398",1.9e-11
"32946","HISEQ13:138:C6FWNANXX:2:1202:3871:74583_1:27323709",1.9e-11
"32947","HISEQ13:138:C6FWNANXX:2:2116:4151:11314_1:97047673",1.9e-11
"32948","HISEQ13:138:C6FWNANXX:2:1106:13803:66320_1:8332507",1.9e-11
"32949","HISEQ13:138:C6FWNANXX:2:1109:16674:59329_1:12818420",1.9e-11
"32950","HISEQ13:138:C6FWNANXX:2:1308:3829:80340_1:61147250",1.9e-11
"32951","HISEQ13:138:C6FWNANXX:2:2109:8110:48850_1:86768633",1.9e-11
"32952","HISEQ13:138:C6FWNANXX:2:2215:16005:72865_1:120475910",1.9e-11
"32953","HISEQ13:138:C6FWNANXX:2:2316:6558:20199_1:145362726",1.9e-11
"32954","HISEQ13:138:C6FWNANXX:2:1204:11899:26349_1:29512096",1.9e-11
"32955","HISEQ13:138:C6FWNANXX:2:2102:15212:67840_1:76904914",1.9e-11
"32956","HISEQ13:138:C6FWNANXX:2:2216:19738:50568_1:121756707",1.9e-11
"32957","HISEQ13:138:C6FWNANXX:2:2316:15630:48291_1:145842195",1.9e-11
"32958","HISEQ13:138:C6FWNANXX:2:2314:2263:99619_1:143404174",1.9e-11
"32959","HISEQ13:138:C6FWNANXX:2:1209:11636:96163_1:38089121",1.9e-11
"32960","HISEQ13:138:C6FWNANXX:2:2116:20698:79861_1:98180376",1.9e-11
"32961","HISEQ13:138:C6FWNANXX:2:1103:5429:61130_1:3797639",1.9e-11
"32962","HISEQ13:138:C6FWNANXX:2:1208:11179:89364_1:36441976",1.9e-11
"32963","HISEQ13:138:C6FWNANXX:2:2106:6598:44834_1:82269938",1.9e-11
"32964","HISEQ13:138:C6FWNANXX:2:2215:2920:92378_1:120795813",1.9e-11
"32965","HISEQ13:138:C6FWNANXX:2:2215:6586:35844_1:119862933",1.9e-11
"32966","HISEQ13:138:C6FWNANXX:2:1112:5931:61241_1:17474661",1.9e-11
"32967","HISEQ13:138:C6FWNANXX:2:2308:3791:36237_1:133084889",1.9e-11
"32968","HISEQ13:138:C6FWNANXX:2:1305:15776:27424_1:55796476",1.9e-11
"32969","HISEQ13:138:C6FWNANXX:2:2216:18917:22333_1:121279662",1.9e-11
"32970","HISEQ13:138:C6FWNANXX:2:1311:20390:96704_1:66131091",1.9e-11
"32971","HISEQ13:138:C6FWNANXX:2:1212:14500:95684_1:42799843",1.9e-11
"32972","HISEQ13:138:C6FWNANXX:2:1108:19089:52717_1:11159893",1.9e-11
"32973","HISEQ13:138:C6FWNANXX:2:1308:7538:79730_1:61135894",1.9e-11
"32974","HISEQ13:138:C6FWNANXX:2:2102:8616:21550_1:76247532",1.9e-11
"32975","HISEQ13:138:C6FWNANXX:2:2214:15146:72297_1:118841978",1.9e-11
"32976","HISEQ13:138:C6FWNANXX:2:2301:11107:24403_1:122922230",1.9e-11
"32977","HISEQ13:138:C6FWNANXX:2:1112:18679:98905_1:18095682",1.9e-11
"32978","HISEQ13:138:C6FWNANXX:2:1302:19252:88765_1:52301183",1.9e-11
"32979","HISEQ13:138:C6FWNANXX:2:2115:3078:58169_1:96192164",1.9e-11
"32980","HISEQ13:138:C6FWNANXX:2:1312:3670:89906_1:67636080",1.9e-11
"32981","HISEQ13:138:C6FWNANXX:2:2203:10306:16042_1:101543621",1.9e-11
"32982","HISEQ13:138:C6FWNANXX:2:2310:4800:66553_1:136563988",1.9e-11
"32983","HISEQ13:138:C6FWNANXX:2:2106:7213:22214_1:81936114",1.9e-11
"32984","HISEQ13:138:C6FWNANXX:2:1201:15047:38355_1:25341180",1.9e-11
"32985","HISEQ13:138:C6FWNANXX:2:2202:3203:70458_1:100904117",1.9e-11
"32986","HISEQ13:138:C6FWNANXX:2:1308:14279:64282_1:60897972",1.9e-11
"32987","HISEQ13:138:C6FWNANXX:2:2211:17423:74335_1:114130940",1.9e-11
"32988","HISEQ13:138:C6FWNANXX:2:1206:2789:45625_1:32755151",1.9e-11
"32989","HISEQ13:138:C6FWNANXX:2:1303:11421:62970_1:53377154",1.9e-11
"32990","HISEQ13:138:C6FWNANXX:2:2206:9007:58633_1:106428405",1.9e-11
"32991","HISEQ13:138:C6FWNANXX:2:1106:18688:100264_1:8850609",1.9e-11
"32992","HISEQ13:138:C6FWNANXX:2:1311:21220:13336_1:64780697",1.9e-11
"32993","HISEQ13:138:C6FWNANXX:2:2316:11863:90635_1:146554885",1.9e-11
"32994","HISEQ13:138:C6FWNANXX:2:1215:18116:15175_1:46401056",1.9e-11
"32995","HISEQ13:138:C6FWNANXX:2:2302:15532:39349_1:124529095",1.9e-11
"32996","HISEQ13:138:C6FWNANXX:2:1214:5429:38660_1:45129562",1.9e-11
"32997","HISEQ13:138:C6FWNANXX:2:2103:16651:64146_1:78260494",1.9e-11
"32998","HISEQ13:138:C6FWNANXX:2:1103:20850:51855_1:3663035",1.9e-11
"32999","HISEQ13:138:C6FWNANXX:2:1214:17837:90966_1:46010480",1.9e-11
"33000","HISEQ13:138:C6FWNANXX:2:1303:15056:33564_1:52944712",1.9e-11
"33001","HISEQ13:138:C6FWNANXX:2:2202:12262:44698_1:100539909",1.9e-11
"33002","HISEQ13:138:C6FWNANXX:2:2316:18261:76246_1:146310791",1.9e-11
"33003","HISEQ13:138:C6FWNANXX:2:1314:12258:64783_1:70530303",1.9e-11
"33004","HISEQ13:138:C6FWNANXX:2:2207:14521:59921_1:107901278",1.9e-11
"33005","HISEQ13:138:C6FWNANXX:2:2215:10796:23520_1:119661432",1.9e-11
"33006","HISEQ13:138:C6FWNANXX:2:2314:7199:81568_1:143109625",1.9e-11
"33007","HISEQ13:138:C6FWNANXX:2:1111:13749:40703_1:15649261",1.9e-11
"33008","HISEQ13:138:C6FWNANXX:2:2309:15497:72758_1:135144716",1.9e-11
"33009","HISEQ13:138:C6FWNANXX:2:1108:5150:82223_1:11619124",1.9e-11
"33010","HISEQ13:138:C6FWNANXX:2:1205:5319:37177_1:31141634",1.9e-11
"33011","HISEQ13:138:C6FWNANXX:2:1311:5837:29221_1:65029520",1.9e-11
"33012","HISEQ13:138:C6FWNANXX:2:2308:7860:14721_1:132761720",1.9e-11
"33013","HISEQ13:138:C6FWNANXX:2:1301:19774:4293_1:49605266",1.9e-11
"33014","HISEQ13:138:C6FWNANXX:2:2111:14308:93273_1:90539518",1.9e-11
"33015","HISEQ13:138:C6FWNANXX:2:1301:12579:76973_1:50670436",1.9e-11
"33016","HISEQ13:138:C6FWNANXX:2:1114:6391:31788_1:20263151",1.9e-11
"33017","HISEQ13:138:C6FWNANXX:2:1312:11532:30334_1:66661217",1.9e-11
"33018","HISEQ13:138:C6FWNANXX:2:2314:19129:49103_1:142576382",1.9e-11
"33019","HISEQ13:138:C6FWNANXX:2:1214:8005:29788_1:44982536",1.9e-11
"33020","HISEQ13:138:C6FWNANXX:2:1216:16237:52210_1:48723085",1.9e-11
"33021","HISEQ13:138:C6FWNANXX:2:1204:19638:2652_1:29178156",1.9e-11
"33022","HISEQ13:138:C6FWNANXX:2:1102:8267:69778_1:2462617",1.9e-11
"33023","HISEQ13:138:C6FWNANXX:2:1106:15285:4707_1:7391675",1.9e-11
"33024","HISEQ13:138:C6FWNANXX:2:1109:7819:67648_1:12947936",1.9e-11
"33025","HISEQ13:138:C6FWNANXX:2:1215:20338:29024_1:46639739",1.9e-11
"33026","HISEQ13:138:C6FWNANXX:2:2302:13651:99385_1:125378530",1.9e-11
"33027","HISEQ13:138:C6FWNANXX:2:2305:20010:87570_1:129462847",1.9e-11
"33028","HISEQ13:138:C6FWNANXX:2:2308:15175:97089_1:134008724",1.9e-11
"33029","HISEQ13:138:C6FWNANXX:2:2110:2958:82195_1:88781959",1.9e-11
"33030","HISEQ13:138:C6FWNANXX:2:2114:19134:98634_1:95246761",1.9e-11
"33031","HISEQ13:138:C6FWNANXX:2:2211:8941:15229_1:113203248",1.9e-11
"33032","HISEQ13:138:C6FWNANXX:2:2212:10261:70266_1:115617438",1.9e-11
"33033","HISEQ13:138:C6FWNANXX:2:2302:9513:46295_1:124626235",1.9e-11
"33034","HISEQ13:138:C6FWNANXX:2:1103:15863:100696_1:4385550",1.9e-11
"33035","HISEQ13:138:C6FWNANXX:2:2103:16166:95634_1:78708635",1.9e-11
"33036","HISEQ13:138:C6FWNANXX:2:1111:21125:31592_1:15506779",1.9e-11
"33037","HISEQ13:138:C6FWNANXX:2:1211:12360:81072_1:40986359",1.9e-11
"33038","HISEQ13:138:C6FWNANXX:2:2203:14949:79945_1:102454295",1.9e-11
"33039","HISEQ13:138:C6FWNANXX:2:2110:13078:50327_1:88300924",1.9e-11
"33040","HISEQ13:138:C6FWNANXX:2:1213:16358:64895_1:43921872",1.9e-11
"33041","HISEQ13:138:C6FWNANXX:2:2107:3822:74633_1:84173418",1.9e-11
"33042","HISEQ13:138:C6FWNANXX:2:2206:7767:40812_1:106167166",1.9e-11
"33043","HISEQ13:138:C6FWNANXX:2:2214:13406:38618_1:118288179",1.9e-11
"33044","HISEQ13:138:C6FWNANXX:2:2301:2337:40770_1:123153847",1.9e-11
"33045","HISEQ13:138:C6FWNANXX:2:1204:20420:43028_1:29762235",1.9e-11
"33046","HISEQ13:138:C6FWNANXX:2:2106:9095:35144_1:82126938",1.9e-11
"33047","HISEQ13:138:C6FWNANXX:2:1105:20761:85718_1:7120851",1.9e-11
"33048","HISEQ13:138:C6FWNANXX:2:2116:3965:73883_1:98078023",2e-11
"33049","HISEQ13:138:C6FWNANXX:2:2305:18089:67583_1:129171872",2e-11
"33050","HISEQ13:138:C6FWNANXX:2:1313:13643:76450_1:69055237",2e-11
"33051","HISEQ13:138:C6FWNANXX:2:1114:19965:48589_1:20547052",2e-11
"33052","HISEQ13:138:C6FWNANXX:2:1206:20688:45113_1:32750862",2e-11
"33053","HISEQ13:138:C6FWNANXX:2:2207:8997:87052_1:108305568",2e-11
"33054","HISEQ13:138:C6FWNANXX:2:2102:12922:15759_1:76166725",2e-11
"33055","HISEQ13:138:C6FWNANXX:2:2315:6146:44398_1:144125260",2e-11
"33056","HISEQ13:138:C6FWNANXX:2:2204:19799:71778_1:103754171",2e-11
"33057","HISEQ13:138:C6FWNANXX:2:2315:5793:35961_1:143984825",2e-11
"33058","HISEQ13:138:C6FWNANXX:2:1315:17643:85537_1:72575026",2e-11
"33059","HISEQ13:138:C6FWNANXX:2:2213:10505:47342_1:116829074",2e-11
"33060","HISEQ13:138:C6FWNANXX:2:2211:14659:56449_1:113850180",2e-11
"33061","HISEQ13:138:C6FWNANXX:2:1302:10721:23774_1:51342811",2e-11
"33062","HISEQ13:138:C6FWNANXX:2:1311:4639:86012_1:65955945",2e-11
"33063","HISEQ13:138:C6FWNANXX:2:2202:3993:7967_1:100016214",2e-11
"33064","HISEQ13:138:C6FWNANXX:2:2205:20404:48406_1:104841167",2e-11
"33065","HISEQ13:138:C6FWNANXX:2:2210:20081:82371_1:112720104",2e-11
"33066","HISEQ13:138:C6FWNANXX:2:1116:14934:5413_1:23162768",2e-11
"33067","HISEQ13:138:C6FWNANXX:2:1112:17514:100593_1:18124171",2e-11
"33068","HISEQ13:138:C6FWNANXX:2:2316:13502:33941_1:145596655",2e-11
"33069","HISEQ13:138:C6FWNANXX:2:2211:18811:10038_1:113127646",2e-11
"33070","HISEQ13:138:C6FWNANXX:2:1310:9954:53487_1:63845648",2e-11
"33071","HISEQ13:138:C6FWNANXX:2:1315:13130:33608_1:71679332",2e-11
"33072","HISEQ13:138:C6FWNANXX:2:1103:8392:55195_1:3708847",2e-11
"33073","HISEQ13:138:C6FWNANXX:2:2101:4422:41155_1:75119010",2e-11
"33074","HISEQ13:138:C6FWNANXX:2:2108:14596:29467_1:84977803",2e-11
"33075","HISEQ13:138:C6FWNANXX:2:2113:19747:20806_1:92399513",2e-11
"33076","HISEQ13:138:C6FWNANXX:2:2310:11654:93353_1:136972917",2e-11
"33077","HISEQ13:138:C6FWNANXX:2:1310:12361:21682_1:63340193",2e-11
"33078","HISEQ13:138:C6FWNANXX:2:1315:9239:34861_1:71700166",2e-11
"33079","HISEQ13:138:C6FWNANXX:2:2213:10601:27557_1:116512799",2e-11
"33080","HISEQ13:138:C6FWNANXX:2:2113:5125:37821_1:92667180",2e-11
"33081","HISEQ13:138:C6FWNANXX:2:1113:9387:23829_1:18486545",2e-11
"33082","HISEQ13:138:C6FWNANXX:2:2209:13621:66752_1:110976779",2e-11
"33083","HISEQ13:138:C6FWNANXX:2:2304:20662:4027_1:126832006",2e-11
"33084","HISEQ13:138:C6FWNANXX:2:2104:7983:13323_1:78945946",2e-11
"33085","HISEQ13:138:C6FWNANXX:2:2307:2132:38150_1:131639694",2e-11
"33086","HISEQ13:138:C6FWNANXX:2:2312:20350:10999_1:138782388",2e-11
"33087","HISEQ13:138:C6FWNANXX:2:1112:8235:28027_1:16940064",2e-11
"33088","HISEQ13:138:C6FWNANXX:2:2205:16952:87259_1:105404043",2e-11
"33089","HISEQ13:138:C6FWNANXX:2:2209:1759:28124_1:110386624",2e-11
"33090","HISEQ13:138:C6FWNANXX:2:2212:7234:45160_1:115217513",2e-11
"33091","HISEQ13:138:C6FWNANXX:2:2115:11223:79806_1:96548405",2e-11
"33092","HISEQ13:138:C6FWNANXX:2:2310:3343:46779_1:136260280",2e-11
"33093","HISEQ13:138:C6FWNANXX:2:2316:7345:32576_1:145574045",2e-11
"33094","HISEQ13:138:C6FWNANXX:2:2116:3642:25002_1:97275713",2e-11
"33095","HISEQ13:138:C6FWNANXX:2:2303:4791:34547_1:125860254",2e-11
"33096","HISEQ13:138:C6FWNANXX:2:2103:18879:8067_1:77464799",2e-11
"33097","HISEQ13:138:C6FWNANXX:2:2313:8699:54828_1:141059548",2e-11
"33098","HISEQ13:138:C6FWNANXX:2:2113:7723:32632_1:92583727",2e-11
"33099","HISEQ13:138:C6FWNANXX:2:1114:21231:16468_1:20006894",2e-11
"33100","HISEQ13:138:C6FWNANXX:2:2103:9019:62828_1:78241427",2e-11
"33101","HISEQ13:138:C6FWNANXX:2:1101:9759:21169_1:283645",2e-11
"33102","HISEQ13:138:C6FWNANXX:2:1114:17341:75243_1:20992649",2e-11
"33103","HISEQ13:138:C6FWNANXX:2:1302:2204:71930_1:52047102",2e-11
"33104","HISEQ13:138:C6FWNANXX:2:1306:14664:47947_1:57602484",2e-11
"33105","HISEQ13:138:C6FWNANXX:2:2103:12236:93116_1:78671761",2e-11
"33106","HISEQ13:138:C6FWNANXX:2:2202:9087:90387_1:101191736",2e-11
"33107","HISEQ13:138:C6FWNANXX:2:2306:5897:34003_1:130123360",2e-11
"33108","HISEQ13:138:C6FWNANXX:2:1213:10216:83596_1:44230408",2e-11
"33109","HISEQ13:138:C6FWNANXX:2:2105:2297:77557_1:81300052",2e-11
"33110","HISEQ13:138:C6FWNANXX:2:1115:7416:35668_1:21993477",2e-11
"33111","HISEQ13:138:C6FWNANXX:2:2208:9303:87094_1:109785431",2e-11
"33112","HISEQ13:138:C6FWNANXX:2:1113:1503:20859_1:18435888",2e-11
"33113","HISEQ13:138:C6FWNANXX:2:1310:15237:85923_1:64359780",2e-11
"33114","HISEQ13:138:C6FWNANXX:2:1315:3457:96915_1:72768921",2e-11
"33115","HISEQ13:138:C6FWNANXX:2:2110:3635:77028_1:88705855",2e-11
"33116","HISEQ13:138:C6FWNANXX:2:1103:12089:100373_1:4381107",2e-11
"33117","HISEQ13:138:C6FWNANXX:2:1113:7329:61238_1:19099987",2e-11
"33118","HISEQ13:138:C6FWNANXX:2:1107:12612:72568_1:9940184",2e-11
"33119","HISEQ13:138:C6FWNANXX:2:2108:3167:68629_1:85568719",2e-11
"33120","HISEQ13:138:C6FWNANXX:2:2207:21279:27237_1:107420381",2e-11
"33121","HISEQ13:138:C6FWNANXX:2:1104:2282:41512_1:4975969",2e-11
"33122","HISEQ13:138:C6FWNANXX:2:2310:3058:13352_1:135742964",2e-11
"33123","HISEQ13:138:C6FWNANXX:2:1215:4350:72014_1:47364061",2e-11
"33124","HISEQ13:138:C6FWNANXX:2:1107:18402:76932_1:10006090",2e-11
"33125","HISEQ13:138:C6FWNANXX:2:2209:13733:53426_1:110771140",2e-11
"33126","HISEQ13:138:C6FWNANXX:2:2207:8988:84625_1:108268807",2e-11
"33127","HISEQ13:138:C6FWNANXX:2:2108:2985:26761_1:84938094",2e-11
"33128","HISEQ13:138:C6FWNANXX:2:2109:20737:72684_1:87133464",2e-11
"33129","HISEQ13:138:C6FWNANXX:2:1212:4087:46678_1:41995384",2e-11
"33130","HISEQ13:138:C6FWNANXX:2:1214:20910:63511_1:45552610",2e-11
"33131","HISEQ13:138:C6FWNANXX:2:2104:14200:36931_1:79285780",2e-11
"33132","HISEQ13:138:C6FWNANXX:2:1303:7400:26984_1:52844037",2e-11
"33133","HISEQ13:138:C6FWNANXX:2:2313:15604:95630_1:141720604",2e-11
"33134","HISEQ13:138:C6FWNANXX:2:1102:4643:91276_1:2780459",2e-11
"33135","HISEQ13:138:C6FWNANXX:2:1111:15608:80375_1:16321154",2e-11
"33136","HISEQ13:138:C6FWNANXX:2:1113:2953:41129_1:18768713",2e-11
"33137","HISEQ13:138:C6FWNANXX:2:1212:11693:32358_1:41765650",2e-11
"33138","HISEQ13:138:C6FWNANXX:2:1214:5814:79363_1:45814455",2e-11
"33139","HISEQ13:138:C6FWNANXX:2:2301:7276:4984_1:122645569",2e-11
"33140","HISEQ13:138:C6FWNANXX:2:2105:18628:57073_1:81007665",2e-11
"33141","HISEQ13:138:C6FWNANXX:2:2109:14576:92221_1:87428546",2e-11
"33142","HISEQ13:138:C6FWNANXX:2:2116:20355:47332_1:97647094",2e-11
"33143","HISEQ13:138:C6FWNANXX:2:2305:20759:75791_1:129292161",2e-11
"33144","HISEQ13:138:C6FWNANXX:2:2315:1387:36717_1:143996040",2e-11
"33145","HISEQ13:138:C6FWNANXX:2:1201:15437:60352_1:25664383",2e-11
"33146","HISEQ13:138:C6FWNANXX:2:1211:10288:51503_1:40511445",2e-11
"33147","HISEQ13:138:C6FWNANXX:2:2209:2155:92033_1:111358586",2e-11
"33148","HISEQ13:138:C6FWNANXX:2:1213:8826:80953_1:44184939",2.1e-11
"33149","HISEQ13:138:C6FWNANXX:2:1201:11059:79694_1:25946909",2.1e-11
"33150","HISEQ13:138:C6FWNANXX:2:1202:9384:100297_1:27702970",2.1e-11
"33151","HISEQ13:138:C6FWNANXX:2:2210:15504:73313_1:112581727",2.1e-11
"33152","HISEQ13:138:C6FWNANXX:2:2302:2807:37274_1:124498716",2.1e-11
"33153","HISEQ13:138:C6FWNANXX:2:2215:9389:13339_1:119492454",2.1e-11
"33154","HISEQ13:138:C6FWNANXX:2:2103:14546:92143_1:78657957",2.1e-11
"33155","HISEQ13:138:C6FWNANXX:2:1202:20711:18187_1:26498108",2.1e-11
"33156","HISEQ13:138:C6FWNANXX:2:2114:6938:57969_1:94581614",2.1e-11
"33157","HISEQ13:138:C6FWNANXX:2:2316:14420:77576_1:146334817",2.1e-11
"33158","HISEQ13:138:C6FWNANXX:2:1107:17261:35932_1:9377062",2.1e-11
"33159","HISEQ13:138:C6FWNANXX:2:1312:13954:2873_1:66212031",2.1e-11
"33160","HISEQ13:138:C6FWNANXX:2:2114:21015:31852_1:94162281",2.1e-11
"33161","HISEQ13:138:C6FWNANXX:2:2114:21160:22511_1:94013018",2.1e-11
"33162","HISEQ13:138:C6FWNANXX:2:2215:2974:29786_1:119763344",2.1e-11
"33163","HISEQ13:138:C6FWNANXX:2:1103:10585:6223_1:2983883",2.1e-11
"33164","HISEQ13:138:C6FWNANXX:2:2301:15991:46998_1:123240383",2.1e-11
"33165","HISEQ13:138:C6FWNANXX:2:2311:11140:61741_1:138019546",2.1e-11
"33166","HISEQ13:138:C6FWNANXX:2:1305:6742:80679_1:56596015",2.1e-11
"33167","HISEQ13:138:C6FWNANXX:2:1314:20000:33095_1:69992403",2.1e-11
"33168","HISEQ13:138:C6FWNANXX:2:2101:20123:22761_1:74861025",2.1e-11
"33169","HISEQ13:138:C6FWNANXX:2:2105:12920:11935_1:80349796",2.1e-11
"33170","HISEQ13:138:C6FWNANXX:2:2207:3542:76750_1:108151540",2.1e-11
"33171","HISEQ13:138:C6FWNANXX:2:2214:18321:88275_1:119104093",2.1e-11
"33172","HISEQ13:138:C6FWNANXX:2:2104:9194:22110_1:79072362",2.1e-11
"33173","HISEQ13:138:C6FWNANXX:2:2211:3895:32559_1:113475967",2.1e-11
"33174","HISEQ13:138:C6FWNANXX:2:2315:9959:35676_1:143981566",2.1e-11
"33175","HISEQ13:138:C6FWNANXX:2:1107:14311:41973_1:9468826",2.1e-11
"33176","HISEQ13:138:C6FWNANXX:2:2316:16564:40515_1:145711720",2.1e-11
"33177","HISEQ13:138:C6FWNANXX:2:2216:5366:76114_1:122187073",2.1e-11
"33178","HISEQ13:138:C6FWNANXX:2:1213:2194:55209_1:43757140",2.1e-11
"33179","HISEQ13:138:C6FWNANXX:2:2116:11988:77914_1:98145529",2.1e-11
"33180","HISEQ13:138:C6FWNANXX:2:2307:5869:40478_1:131673909",2.1e-11
"33181","HISEQ13:138:C6FWNANXX:2:1214:2400:35162_1:45069852",2.1e-11
"33182","HISEQ13:138:C6FWNANXX:2:1212:8810:26680_1:41671112",2.1e-11
"33183","HISEQ13:138:C6FWNANXX:2:2212:9902:5504_1:114607013",2.1e-11
"33184","HISEQ13:138:C6FWNANXX:2:1214:17300:34915_1:45068783",2.1e-11
"33185","HISEQ13:138:C6FWNANXX:2:2106:9140:4266_1:81675521",2.1e-11
"33186","HISEQ13:138:C6FWNANXX:2:2108:19052:11395_1:84709896",2.1e-11
"33187","HISEQ13:138:C6FWNANXX:2:2216:1610:25443_1:121326606",2.1e-11
"33188","HISEQ13:138:C6FWNANXX:2:2215:3330:43828_1:119994024",2.1e-11
"33189","HISEQ13:138:C6FWNANXX:2:1201:15232:47933_1:25480104",2.1e-11
"33190","HISEQ13:138:C6FWNANXX:2:2108:7376:82449_1:85777741",2.1e-11
"33191","HISEQ13:138:C6FWNANXX:2:1211:5549:7167_1:39794499",2.1e-11
"33192","HISEQ13:138:C6FWNANXX:2:1110:3377:90433_1:14866372",2.1e-11
"33193","HISEQ13:138:C6FWNANXX:2:1110:6781:96998_1:14968926",2.1e-11
"33194","HISEQ13:138:C6FWNANXX:2:1213:2624:13326_1:43069707",2.1e-11
"33195","HISEQ13:138:C6FWNANXX:2:2202:11227:41145_1:100490014",2.1e-11
"33196","HISEQ13:138:C6FWNANXX:2:2212:13304:57960_1:115420237",2.1e-11
"33197","HISEQ13:138:C6FWNANXX:2:2313:2739:94348_1:141697352",2.1e-11
"33198","HISEQ13:138:C6FWNANXX:2:1314:5374:9965_1:69595427",2.1e-11
"33199","HISEQ13:138:C6FWNANXX:2:1204:9705:6407_1:29230842",2.1e-11
"33200","HISEQ13:138:C6FWNANXX:2:2208:12799:46649_1:109175654",2.1e-11
"33201","HISEQ13:138:C6FWNANXX:2:2307:21271:98681_1:132541976",2.1e-11
"33202","HISEQ13:138:C6FWNANXX:2:2311:7460:61318_1:138015008",2.1e-11
"33203","HISEQ13:138:C6FWNANXX:2:2314:4360:55653_1:142680652",2.1e-11
"33204","HISEQ13:138:C6FWNANXX:2:2316:4103:26376_1:145467476",2.1e-11
"33205","HISEQ13:138:C6FWNANXX:2:1115:9441:38605_1:22045063",2.1e-11
"33206","HISEQ13:138:C6FWNANXX:2:2212:9902:5504_1:114607014",2.1e-11
"33207","HISEQ13:138:C6FWNANXX:2:2114:17258:76753_1:94893665",2.1e-11
"33208","HISEQ13:138:C6FWNANXX:2:2215:1752:48905_1:120074904",2.1e-11
"33209","HISEQ13:138:C6FWNANXX:2:1205:8766:65809_1:31573346",2.1e-11
"33210","HISEQ13:138:C6FWNANXX:2:2216:14717:29590_1:121400931",2.1e-11
"33211","HISEQ13:138:C6FWNANXX:2:1302:17961:31268_1:51454109",2.1e-11
"33212","HISEQ13:138:C6FWNANXX:2:2113:20575:79002_1:93330545",2.1e-11
"33213","HISEQ13:138:C6FWNANXX:2:1115:19832:58549_1:22385282",2.1e-11
"33214","HISEQ13:138:C6FWNANXX:2:1203:10859:50609_1:28425841",2.1e-11
"33215","HISEQ13:138:C6FWNANXX:2:1211:12322:2603_1:39724190",2.1e-11
"33216","HISEQ13:138:C6FWNANXX:2:2112:10917:1969_1:90679033",2.1e-11
"33217","HISEQ13:138:C6FWNANXX:2:2304:13818:6593_1:126867022",2.1e-11
"33218","HISEQ13:138:C6FWNANXX:2:1213:15923:76018_1:44107976",2.1e-11
"33219","HISEQ13:138:C6FWNANXX:2:1314:17566:4112_1:69500780",2.1e-11
"33220","HISEQ13:138:C6FWNANXX:2:2105:19192:72022_1:81223018",2.1e-11
"33221","HISEQ13:138:C6FWNANXX:2:2316:15630:48291_1:145842194",2.1e-11
"33222","HISEQ13:138:C6FWNANXX:2:1207:1926:87027_1:34883868",2.1e-11
"33223","HISEQ13:138:C6FWNANXX:2:2115:17410:14161_1:95480321",2.1e-11
"33224","HISEQ13:138:C6FWNANXX:2:1106:19010:88825_1:8675823",2.1e-11
"33225","HISEQ13:138:C6FWNANXX:2:1116:20132:16913_1:23362141",2.1e-11
"33226","HISEQ13:138:C6FWNANXX:2:1114:18689:32733_1:20278347",2.1e-11
"33227","HISEQ13:138:C6FWNANXX:2:2212:9081:60484_1:115458809",2.1e-11
"33228","HISEQ13:138:C6FWNANXX:2:2313:18762:44447_1:140891861",2.1e-11
"33229","HISEQ13:138:C6FWNANXX:2:1210:1509:22102_1:38478577",2.1e-11
"33230","HISEQ13:138:C6FWNANXX:2:1208:11023:69581_1:36136324",2.1e-11
"33231","HISEQ13:138:C6FWNANXX:2:1216:16973:19000_1:48148736",2.1e-11
"33232","HISEQ13:138:C6FWNANXX:2:2115:15738:3099_1:95300365",2.1e-11
"33233","HISEQ13:138:C6FWNANXX:2:2214:3786:55401_1:118559955",2.1e-11
"33234","HISEQ13:138:C6FWNANXX:2:1216:9329:66613_1:48973725",2.1e-11
"33235","HISEQ13:138:C6FWNANXX:2:1205:9356:82356_1:31821563",2.1e-11
"33236","HISEQ13:138:C6FWNANXX:2:2114:11782:29303_1:94120164",2.1e-11
"33237","HISEQ13:138:C6FWNANXX:2:2214:15352:9808_1:117819880",2.1e-11
"33238","HISEQ13:138:C6FWNANXX:2:1216:2260:29803_1:48335442",2.1e-11
"33239","HISEQ13:138:C6FWNANXX:2:2108:6491:8474_1:84662857",2.1e-11
"33240","HISEQ13:138:C6FWNANXX:2:1114:3115:3814_1:19793326",2.1e-11
"33241","HISEQ13:138:C6FWNANXX:2:1206:3708:63343_1:33024567",2.1e-11
"33242","HISEQ13:138:C6FWNANXX:2:1308:4965:78310_1:61115463",2.1e-11
"33243","HISEQ13:138:C6FWNANXX:2:2301:19442:4203_1:122636920",2.1e-11
"33244","HISEQ13:138:C6FWNANXX:2:1114:13932:83493_1:21130167",2.1e-11
"33245","HISEQ13:138:C6FWNANXX:2:1202:4013:29624_1:26664299",2.1e-11
"33246","HISEQ13:138:C6FWNANXX:2:2307:20118:51047_1:131836068",2.1e-11
"33247","HISEQ13:138:C6FWNANXX:2:1105:20276:49099_1:6573177",2.1e-11
"33248","HISEQ13:138:C6FWNANXX:2:1105:5935:69409_1:6872647",2.1e-11
"33249","HISEQ13:138:C6FWNANXX:2:1209:9224:98590_1:38127819",2.1e-11
"33250","HISEQ13:138:C6FWNANXX:2:2113:5539:73554_1:93239283",2.1e-11
"33251","HISEQ13:138:C6FWNANXX:2:1207:17177:92813_1:34974479",2.1e-11
"33252","HISEQ13:138:C6FWNANXX:2:1302:20157:93984_1:52374938",2.1e-11
"33253","HISEQ13:138:C6FWNANXX:2:2215:14300:51667_1:120122807",2.1e-11
"33254","HISEQ13:138:C6FWNANXX:2:2204:13069:52625_1:103476063",2.1e-11
"33255","HISEQ13:138:C6FWNANXX:2:1306:10679:43737_1:57536804",2.1e-11
"33256","HISEQ13:138:C6FWNANXX:2:2116:5897:20283_1:97197263",2.1e-11
"33257","HISEQ13:138:C6FWNANXX:2:2310:4714:69438_1:136605684",2.1e-11
"33258","HISEQ13:138:C6FWNANXX:2:1105:13862:2692_1:5872615",2.1e-11
"33259","HISEQ13:138:C6FWNANXX:2:2112:14318:36155_1:91078128",2.1e-11
"33260","HISEQ13:138:C6FWNANXX:2:1301:16517:77141_1:50674872",2.1e-11
"33261","HISEQ13:138:C6FWNANXX:2:1113:16016:60930_1:19097576",2.2e-11
"33262","HISEQ13:138:C6FWNANXX:2:1116:8756:94165_1:24686220",2.2e-11
"33263","HISEQ13:138:C6FWNANXX:2:2109:5634:10368_1:86183652",2.2e-11
"33264","HISEQ13:138:C6FWNANXX:2:2311:3150:4671_1:137126420",2.2e-11
"33265","HISEQ13:138:C6FWNANXX:2:2108:13612:20009_1:84839450",2.2e-11
"33266","HISEQ13:138:C6FWNANXX:2:1115:13937:84611_1:22825386",2.2e-11
"33267","HISEQ13:138:C6FWNANXX:2:1309:20706:44769_1:62145904",2.2e-11
"33268","HISEQ13:138:C6FWNANXX:2:2304:3623:75959_1:127858658",2.2e-11
"33269","HISEQ13:138:C6FWNANXX:2:1210:9320:96336_1:39643942",2.2e-11
"33270","HISEQ13:138:C6FWNANXX:2:2101:11340:98590_1:75937698",2.2e-11
"33271","HISEQ13:138:C6FWNANXX:2:2208:18784:45753_1:109165551",2.2e-11
"33272","HISEQ13:138:C6FWNANXX:2:1203:12656:35761_1:28209529",2.2e-11
"33273","HISEQ13:138:C6FWNANXX:2:1204:17538:96013_1:30549678",2.2e-11
"33274","HISEQ13:138:C6FWNANXX:2:2308:4285:23611_1:132896708",2.2e-11
"33275","HISEQ13:138:C6FWNANXX:2:1108:13449:62123_1:11307167",2.2e-11
"33276","HISEQ13:138:C6FWNANXX:2:2310:6118:68975_1:136598265",2.2e-11
"33277","HISEQ13:138:C6FWNANXX:2:2314:9907:35109_1:142343442",2.2e-11
"33278","HISEQ13:138:C6FWNANXX:2:2314:10300:14529_1:142009039",2.2e-11
"33279","HISEQ13:138:C6FWNANXX:2:2108:6807:33242_1:85032979",2.2e-11
"33280","HISEQ13:138:C6FWNANXX:2:2313:2393:37078_1:140771059",2.2e-11
"33281","HISEQ13:138:C6FWNANXX:2:2309:19205:26158_1:134431777",2.2e-11
"33282","HISEQ13:138:C6FWNANXX:2:1203:14903:60801_1:28576855",2.2e-11
"33283","HISEQ13:138:C6FWNANXX:2:1104:5686:35608_1:4887323",2.2e-11
"33284","HISEQ13:138:C6FWNANXX:2:1109:14354:75318_1:13071531",2.2e-11
"33285","HISEQ13:138:C6FWNANXX:2:1307:13439:5477_1:58462075",2.2e-11
"33286","HISEQ13:138:C6FWNANXX:2:1209:10051:97949_1:38116222",2.2e-11
"33287","HISEQ13:138:C6FWNANXX:2:2302:8249:74512_1:125026096",2.2e-11
"33288","HISEQ13:138:C6FWNANXX:2:1313:4592:68324_1:68918801",2.2e-11
"33289","HISEQ13:138:C6FWNANXX:2:1101:17225:13535_1:173922",2.2e-11
"33290","HISEQ13:138:C6FWNANXX:2:1209:9248:5718_1:36676769",2.2e-11
"33291","HISEQ13:138:C6FWNANXX:2:1115:14481:70229_1:22578836",2.2e-11
"33292","HISEQ13:138:C6FWNANXX:2:1216:1951:30905_1:48352751",2.2e-11
"33293","HISEQ13:138:C6FWNANXX:2:2113:15221:15244_1:92307958",2.2e-11
"33294","HISEQ13:138:C6FWNANXX:2:1202:11058:55750_1:27046043",2.2e-11
"33295","HISEQ13:138:C6FWNANXX:2:1206:11383:79646_1:33271098",2.2e-11
"33296","HISEQ13:138:C6FWNANXX:2:2103:20639:94436_1:78691306",2.2e-11
"33297","HISEQ13:138:C6FWNANXX:2:2212:7845:36670_1:115083814",2.2e-11
"33298","HISEQ13:138:C6FWNANXX:2:2307:14531:28652_1:131501365",2.2e-11
"33299","HISEQ13:138:C6FWNANXX:2:2105:3266:48464_1:80877608",2.2e-11
"33300","HISEQ13:138:C6FWNANXX:2:1102:8866:85398_1:2692018",2.2e-11
"33301","HISEQ13:138:C6FWNANXX:2:1216:4279:61883_1:48889895",2.2e-11
"33302","HISEQ13:138:C6FWNANXX:2:2104:6207:21769_1:79068027",2.2e-11
"33303","HISEQ13:138:C6FWNANXX:2:2312:11728:82081_1:139910302",2.2e-11
"33304","HISEQ13:138:C6FWNANXX:2:1108:7332:47447_1:11076026",2.2e-11
"33305","HISEQ13:138:C6FWNANXX:2:1212:11789:34054_1:41793958",2.2e-11
"33306","HISEQ13:138:C6FWNANXX:2:1312:8425:9278_1:66317231",2.2e-11
"33307","HISEQ13:138:C6FWNANXX:2:2202:11001:45199_1:100546683",2.2e-11
"33308","HISEQ13:138:C6FWNANXX:2:2304:3588:30855_1:127213754",2.2e-11
"33309","HISEQ13:138:C6FWNANXX:2:2207:10696:20315_1:107319455",2.2e-11
"33310","HISEQ13:138:C6FWNANXX:2:1110:8623:51627_1:14257391",2.2e-11
"33311","HISEQ13:138:C6FWNANXX:2:1314:7679:64024_1:70516500",2.2e-11
"33312","HISEQ13:138:C6FWNANXX:2:1113:21140:9469_1:18251005",2.2e-11
"33313","HISEQ13:138:C6FWNANXX:2:2114:7418:32369_1:94167621",2.2e-11
"33314","HISEQ13:138:C6FWNANXX:2:1210:16133:60893_1:39088736",2.2e-11
"33315","HISEQ13:138:C6FWNANXX:2:1304:20225:66313_1:54901154",2.2e-11
"33316","HISEQ13:138:C6FWNANXX:2:2101:13372:31096_1:74978351",2.2e-11
"33317","HISEQ13:138:C6FWNANXX:2:2114:16242:3567_1:93705294",2.2e-11
"33318","HISEQ13:138:C6FWNANXX:2:1116:18427:24903_1:23499191",2.2e-11
"33319","HISEQ13:138:C6FWNANXX:2:1310:7944:67410_1:64066521",2.2e-11
"33320","HISEQ13:138:C6FWNANXX:2:2205:15962:98780_1:105571628",2.2e-11
"33321","HISEQ13:138:C6FWNANXX:2:2212:20730:66179_1:115551512",2.2e-11
"33322","HISEQ13:138:C6FWNANXX:2:2110:11058:29166_1:87974346",2.2e-11
"33323","HISEQ13:138:C6FWNANXX:2:1202:5540:91389_1:27569867",2.2e-11
"33324","HISEQ13:138:C6FWNANXX:2:1316:18538:20627_1:73165105",2.2e-11
"33325","HISEQ13:138:C6FWNANXX:2:1308:18077:1920_1:59929238",2.2e-11
"33326","HISEQ13:138:C6FWNANXX:2:2203:20993:22767_1:101641603",2.2e-11
"33327","HISEQ13:138:C6FWNANXX:2:1105:20411:14735_1:6054704",2.2e-11
"33328","HISEQ13:138:C6FWNANXX:2:1203:18268:27599_1:28089445",2.2e-11
"33329","HISEQ13:138:C6FWNANXX:2:1209:14660:42176_1:37244461",2.2e-11
"33330","HISEQ13:138:C6FWNANXX:2:2313:5862:16899_1:140444943",2.2e-11
"33331","HISEQ13:138:C6FWNANXX:2:2213:8919:36632_1:116656899",2.2e-11
"33332","HISEQ13:138:C6FWNANXX:2:1110:3605:34374_1:13983413",2.2e-11
"33333","HISEQ13:138:C6FWNANXX:2:1111:13553:68282_1:16107795",2.2e-11
"33334","HISEQ13:138:C6FWNANXX:2:1113:9027:77956_1:19379130",2.2e-11
"33335","HISEQ13:138:C6FWNANXX:2:1309:7778:80966_1:62714725",2.2e-11
"33336","HISEQ13:138:C6FWNANXX:2:1313:11988:50641_1:68623642",2.2e-11
"33337","HISEQ13:138:C6FWNANXX:2:1313:2888:92412_1:69320316",2.2e-11
"33338","HISEQ13:138:C6FWNANXX:2:2103:18058:10411_1:77496504",2.2e-11
"33339","HISEQ13:138:C6FWNANXX:2:2107:3170:16898_1:83316002",2.2e-11
"33340","HISEQ13:138:C6FWNANXX:2:2109:13780:48380_1:86762234",2.2e-11
"33341","HISEQ13:138:C6FWNANXX:2:2205:10382:20373_1:104434857",2.2e-11
"33342","HISEQ13:138:C6FWNANXX:2:1113:17655:29625_1:18583061",2.2e-11
"33343","HISEQ13:138:C6FWNANXX:2:1104:4518:60324_1:5255892",2.2e-11
"33344","HISEQ13:138:C6FWNANXX:2:2104:7298:64155_1:79676468",2.2e-11
"33345","HISEQ13:138:C6FWNANXX:2:1215:15475:16487_1:46421647",2.2e-11
"33346","HISEQ13:138:C6FWNANXX:2:2116:4453:48997_1:97668825",2.2e-11
"33347","HISEQ13:138:C6FWNANXX:2:2215:11497:34816_1:119847631",2.2e-11
"33348","HISEQ13:138:C6FWNANXX:2:1206:13641:71248_1:33143803",2.2e-11
"33349","HISEQ13:138:C6FWNANXX:2:1301:17625:61910_1:50450852",2.2e-11
"33350","HISEQ13:138:C6FWNANXX:2:2209:4867:73070_1:111069853",2.2e-11
"33351","HISEQ13:138:C6FWNANXX:2:2305:18565:77141_1:129309975",2.2e-11
"33352","HISEQ13:138:C6FWNANXX:2:2314:5276:12836_1:141979037",2.2e-11
"33353","HISEQ13:138:C6FWNANXX:2:1202:9128:37278_1:26778523",2.2e-11
"33354","HISEQ13:138:C6FWNANXX:2:2115:3892:34106_1:95802741",2.3e-11
"33355","HISEQ13:138:C6FWNANXX:2:1116:6903:52397_1:23968437",2.3e-11
"33356","HISEQ13:138:C6FWNANXX:2:1307:16040:69241_1:59443162",2.3e-11
"33357","HISEQ13:138:C6FWNANXX:2:1315:10991:43162_1:71842246",2.3e-11
"33358","HISEQ13:138:C6FWNANXX:2:2114:19704:15557_1:93898685",2.3e-11
"33359","HISEQ13:138:C6FWNANXX:2:2309:7425:16463_1:134281165",2.3e-11
"33360","HISEQ13:138:C6FWNANXX:2:1208:14879:94549_1:36524489",2.3e-11
"33361","HISEQ13:138:C6FWNANXX:2:2211:10831:91352_1:114397368",2.3e-11
"33362","HISEQ13:138:C6FWNANXX:2:1205:12170:38744_1:31165463",2.3e-11
"33363","HISEQ13:138:C6FWNANXX:2:1301:20158:61374_1:50444143",2.3e-11
"33364","HISEQ13:138:C6FWNANXX:2:2114:5435:98290_1:95239713",2.3e-11
"33365","HISEQ13:138:C6FWNANXX:2:1216:14931:35637_1:48437994",2.3e-11
"33366","HISEQ13:138:C6FWNANXX:2:1315:20904:85724_1:72575724",2.3e-11
"33367","HISEQ13:138:C6FWNANXX:2:2116:7523:44477_1:97595171",2.3e-11
"33368","HISEQ13:138:C6FWNANXX:2:2309:2509:56834_1:134895219",2.3e-11
"33369","HISEQ13:138:C6FWNANXX:2:1113:19388:62780_1:19131700",2.3e-11
"33370","HISEQ13:138:C6FWNANXX:2:2103:19188:24812_1:77703349",2.3e-11
"33371","HISEQ13:138:C6FWNANXX:2:1216:11120:49386_1:48674859",2.3e-11
"33372","HISEQ13:138:C6FWNANXX:2:2114:7745:21871_1:93997943",2.3e-11
"33373","HISEQ13:138:C6FWNANXX:2:2302:14977:13929_1:124169957",2.3e-11
"33374","HISEQ13:138:C6FWNANXX:2:2302:15242:31066_1:124413417",2.3e-11
"33375","HISEQ13:138:C6FWNANXX:2:2302:15242:31066_1:124413418",2.3e-11
"33376","HISEQ13:138:C6FWNANXX:2:2313:4251:63058_1:141192589",2.3e-11
"33377","HISEQ13:138:C6FWNANXX:2:1208:1473:6655_1:35163933",2.3e-11
"33378","HISEQ13:138:C6FWNANXX:2:1309:4027:39450_1:62056815",2.3e-11
"33379","HISEQ13:138:C6FWNANXX:2:1312:12482:82081_1:67509659",2.3e-11
"33380","HISEQ13:138:C6FWNANXX:2:1315:5985:86067_1:72581235",2.3e-11
"33381","HISEQ13:138:C6FWNANXX:2:1110:19623:71790_1:14579913",2.3e-11
"33382","HISEQ13:138:C6FWNANXX:2:1308:2248:35855_1:60451857",2.3e-11
"33383","HISEQ13:138:C6FWNANXX:2:2106:13027:9519_1:81753779",2.3e-11
"33384","HISEQ13:138:C6FWNANXX:2:2114:16257:94431_1:95176594",2.3e-11
"33385","HISEQ13:138:C6FWNANXX:2:2116:18314:13654_1:97087949",2.3e-11
"33386","HISEQ13:138:C6FWNANXX:2:2207:7273:18432_1:107289564",2.3e-11
"33387","HISEQ13:138:C6FWNANXX:2:2211:9111:98885_1:114515133",2.3e-11
"33388","HISEQ13:138:C6FWNANXX:2:2305:12004:45919_1:128854603",2.3e-11
"33389","HISEQ13:138:C6FWNANXX:2:2307:12303:70803_1:132127882",2.3e-11
"33390","HISEQ13:138:C6FWNANXX:2:2312:8215:34985_1:139159409",2.3e-11
"33391","HISEQ13:138:C6FWNANXX:2:2315:6519:10322_1:143562444",2.3e-11
"33392","HISEQ13:138:C6FWNANXX:2:2107:19678:96035_1:84498569",2.3e-11
"33393","HISEQ13:138:C6FWNANXX:2:2315:6807:63474_1:144438350",2.3e-11
"33394","HISEQ13:138:C6FWNANXX:2:1114:18014:7130_1:19851322",2.3e-11
"33395","HISEQ13:138:C6FWNANXX:2:1310:6199:75059_1:64188324",2.3e-11
"33396","HISEQ13:138:C6FWNANXX:2:1316:17399:27410_1:73281607",2.3e-11
"33397","HISEQ13:138:C6FWNANXX:2:2313:19900:6696_1:140283901",2.3e-11
"33398","HISEQ13:138:C6FWNANXX:2:2316:20025:63882_1:146104690",2.3e-11
"33399","HISEQ13:138:C6FWNANXX:2:1201:10656:65305_1:25737366",2.3e-11
"33400","HISEQ13:138:C6FWNANXX:2:2303:15346:85787_1:126588502",2.3e-11
"33401","HISEQ13:138:C6FWNANXX:2:1103:9616:72267_1:3965785",2.3e-11
"33402","HISEQ13:138:C6FWNANXX:2:2208:7138:29391_1:108916469",2.3e-11
"33403","HISEQ13:138:C6FWNANXX:2:2313:1509:43529_1:140876502",2.3e-11
"33404","HISEQ13:138:C6FWNANXX:2:2306:5088:58318_1:130480501",2.3e-11
"33405","HISEQ13:138:C6FWNANXX:2:1109:4967:66696_1:12931219",2.3e-11
"33406","HISEQ13:138:C6FWNANXX:2:2202:11850:68758_1:100884221",2.3e-11
"33407","HISEQ13:138:C6FWNANXX:2:1211:6223:86921_1:41078265",2.3e-11
"33408","HISEQ13:138:C6FWNANXX:2:1212:14227:40831_1:41903330",2.3e-11
"33409","HISEQ13:138:C6FWNANXX:2:1312:19393:53445_1:67037890",2.3e-11
"33410","HISEQ13:138:C6FWNANXX:2:2112:7845:61452_1:91472110",2.3e-11
"33411","HISEQ13:138:C6FWNANXX:2:2105:19939:85699_1:81420693",2.3e-11
"33412","HISEQ13:138:C6FWNANXX:2:1302:7117:25874_1:51371563",2.3e-11
"33413","HISEQ13:138:C6FWNANXX:2:1111:5931:43494_1:15691538",2.3e-11
"33414","HISEQ13:138:C6FWNANXX:2:2115:11203:53682_1:96120478",2.3e-11
"33415","HISEQ13:138:C6FWNANXX:2:2115:18549:56507_1:96170896",2.3e-11
"33416","HISEQ13:138:C6FWNANXX:2:1116:12882:35536_1:23682720",2.3e-11
"33417","HISEQ13:138:C6FWNANXX:2:2301:15103:35142_1:123075105",2.3e-11
"33418","HISEQ13:138:C6FWNANXX:2:1304:13812:61233_1:54821553",2.3e-11
"33419","HISEQ13:138:C6FWNANXX:2:1309:19738:55055_1:62308073",2.3e-11
"33420","HISEQ13:138:C6FWNANXX:2:1102:9509:75246_1:2540556",2.3e-11
"33421","HISEQ13:138:C6FWNANXX:2:1303:17524:87975_1:53747002",2.3e-11
"33422","HISEQ13:138:C6FWNANXX:2:1202:8122:82986_1:27445692",2.3e-11
"33423","HISEQ13:138:C6FWNANXX:2:2111:13889:7012_1:89146938",2.3e-11
"33424","HISEQ13:138:C6FWNANXX:2:2212:11512:46481_1:115238125",2.3e-11
"33425","HISEQ13:138:C6FWNANXX:2:1209:3228:59197_1:37507754",2.3e-11
"33426","HISEQ13:138:C6FWNANXX:2:2104:8047:32327_1:79219505",2.3e-11
"33427","HISEQ13:138:C6FWNANXX:2:2110:11982:81770_1:88779836",2.3e-11
"33428","HISEQ13:138:C6FWNANXX:2:2302:14418:4317_1:124035187",2.3e-11
"33429","HISEQ13:138:C6FWNANXX:2:1303:11448:54881_1:53258655",2.3e-11
"33430","HISEQ13:138:C6FWNANXX:2:1102:6596:55095_1:2244402",2.3e-11
"33431","HISEQ13:138:C6FWNANXX:2:1105:21356:80232_1:7038047",2.3e-11
"33432","HISEQ13:138:C6FWNANXX:2:1104:7116:75406_1:5480408",2.3e-11
"33433","HISEQ13:138:C6FWNANXX:2:1110:12152:91977_1:14891374",2.3e-11
"33434","HISEQ13:138:C6FWNANXX:2:2109:7615:99931_1:87544536",2.3e-11
"33435","HISEQ13:138:C6FWNANXX:2:2203:21066:45766_1:101970769",2.3e-11
"33436","HISEQ13:138:C6FWNANXX:2:2215:2086:66028_1:120361011",2.3e-11
"33437","HISEQ13:138:C6FWNANXX:2:1213:21367:27773_1:43310357",2.3e-11
"33438","HISEQ13:138:C6FWNANXX:2:1316:15281:52190_1:73713358",2.3e-11
"33439","HISEQ13:138:C6FWNANXX:2:2305:11996:89799_1:129494179",2.3e-11
"33440","HISEQ13:138:C6FWNANXX:2:1207:11170:5090_1:33639307",2.3e-11
"33441","HISEQ13:138:C6FWNANXX:2:1305:1842:43447_1:56034084",2.3e-11
"33442","HISEQ13:138:C6FWNANXX:2:1314:18652:98132_1:71097558",2.3e-11
"33443","HISEQ13:138:C6FWNANXX:2:2106:8286:36171_1:82141406",2.3e-11
"33444","HISEQ13:138:C6FWNANXX:2:1307:1376:52599_1:59185523",2.3e-11
"33445","HISEQ13:138:C6FWNANXX:2:2309:10517:77514_1:135216248",2.3e-11
"33446","HISEQ13:138:C6FWNANXX:2:2111:4129:98221_1:90622949",2.3e-11
"33447","HISEQ13:138:C6FWNANXX:2:1204:5652:70596_1:30168846",2.3e-11
"33448","HISEQ13:138:C6FWNANXX:2:2213:2923:54264_1:116941143",2.3e-11
"33449","HISEQ13:138:C6FWNANXX:2:1315:6683:70953_1:72318793",2.3e-11
"33450","HISEQ13:138:C6FWNANXX:2:1210:12058:7390_1:38247745",2.3e-11
"33451","HISEQ13:138:C6FWNANXX:2:1115:13230:88464_1:22889230",2.3e-11
"33452","HISEQ13:138:C6FWNANXX:2:1104:15580:61199_1:5268785",2.3e-11
"33453","HISEQ13:138:C6FWNANXX:2:1111:6981:60118_1:15965530",2.3e-11
"33454","HISEQ13:138:C6FWNANXX:2:1201:16138:46582_1:25462303",2.3e-11
"33455","HISEQ13:138:C6FWNANXX:2:2105:18915:43433_1:80808026",2.3e-11
"33456","HISEQ13:138:C6FWNANXX:2:2215:3932:23548_1:119659938",2.3e-11
"33457","HISEQ13:138:C6FWNANXX:2:2302:2271:16219_1:124199769",2.3e-11
"33458","HISEQ13:138:C6FWNANXX:2:2308:16661:9598_1:132687933",2.3e-11
"33459","HISEQ13:138:C6FWNANXX:2:2103:20233:38511_1:77899608",2.3e-11
"33460","HISEQ13:138:C6FWNANXX:2:2213:13416:20368_1:116397940",2.3e-11
"33461","HISEQ13:138:C6FWNANXX:2:2309:6317:2242_1:134064255",2.3e-11
"33462","HISEQ13:138:C6FWNANXX:2:2216:6582:65923_1:122012736",2.3e-11
"33463","HISEQ13:138:C6FWNANXX:2:1207:14655:97226_1:35038337",2.4e-11
"33464","HISEQ13:138:C6FWNANXX:2:1208:9263:33515_1:35579743",2.4e-11
"33465","HISEQ13:138:C6FWNANXX:2:1302:6385:50853_1:51739190",2.4e-11
"33466","HISEQ13:138:C6FWNANXX:2:1111:1539:58522_1:15939413",2.4e-11
"33467","HISEQ13:138:C6FWNANXX:2:1209:13554:92681_1:38034627",2.4e-11
"33468","HISEQ13:138:C6FWNANXX:2:2107:18404:23821_1:83422695",2.4e-11
"33469","HISEQ13:138:C6FWNANXX:2:2213:4877:58792_1:117014437",2.4e-11
"33470","HISEQ13:138:C6FWNANXX:2:1204:15906:44916_1:29787661",2.4e-11
"33471","HISEQ13:138:C6FWNANXX:2:2214:2363:95857_1:119223274",2.4e-11
"33472","HISEQ13:138:C6FWNANXX:2:2306:5088:58318_1:130480502",2.4e-11
"33473","HISEQ13:138:C6FWNANXX:2:2315:16426:17331_1:143679882",2.4e-11
"33474","HISEQ13:138:C6FWNANXX:2:1316:19771:9367_1:72969236",2.4e-11
"33475","HISEQ13:138:C6FWNANXX:2:1213:5299:61654_1:43865658",2.4e-11
"33476","HISEQ13:138:C6FWNANXX:2:1211:3956:11742_1:39866360",2.4e-11
"33477","HISEQ13:138:C6FWNANXX:2:1211:17365:91143_1:41149122",2.4e-11
"33478","HISEQ13:138:C6FWNANXX:2:1211:18747:98980_1:41276237",2.4e-11
"33479","HISEQ13:138:C6FWNANXX:2:2211:9938:53448_1:113802312",2.4e-11
"33480","HISEQ13:138:C6FWNANXX:2:2103:19127:65475_1:78278613",2.4e-11
"33481","HISEQ13:138:C6FWNANXX:2:2208:7043:21346_1:108797066",2.4e-11
"33482","HISEQ13:138:C6FWNANXX:2:1115:5586:37223_1:22019020",2.4e-11
"33483","HISEQ13:138:C6FWNANXX:2:1301:2723:92411_1:50896165",2.4e-11
"33484","HISEQ13:138:C6FWNANXX:2:2202:19672:47950_1:100586840",2.4e-11
"33485","HISEQ13:138:C6FWNANXX:2:2106:9694:35201_1:82127056",2.4e-11
"33486","HISEQ13:138:C6FWNANXX:2:2205:10832:49104_1:104850480",2.4e-11
"33487","HISEQ13:138:C6FWNANXX:2:1302:18198:25427_1:51366238",2.4e-11
"33488","HISEQ13:138:C6FWNANXX:2:2106:9153:85252_1:82866438",2.4e-11
"33489","HISEQ13:138:C6FWNANXX:2:2203:18549:94779_1:102669621",2.4e-11
"33490","HISEQ13:138:C6FWNANXX:2:2206:6808:76991_1:106697619",2.4e-11
"33491","HISEQ13:138:C6FWNANXX:2:2207:19729:100106_1:108499974",2.4e-11
"33492","HISEQ13:138:C6FWNANXX:2:2103:6652:51842_1:78085431",2.4e-11
"33493","HISEQ13:138:C6FWNANXX:2:1109:2635:88440_1:13274710",2.4e-11
"33494","HISEQ13:138:C6FWNANXX:2:1211:12811:94442_1:41201230",2.4e-11
"33495","HISEQ13:138:C6FWNANXX:2:1301:16788:35601_1:50065148",2.4e-11
"33496","HISEQ13:138:C6FWNANXX:2:2302:13875:89755_1:125243690",2.4e-11
"33497","HISEQ13:138:C6FWNANXX:2:2304:7505:76252_1:127866642",2.4e-11
"33498","HISEQ13:138:C6FWNANXX:2:1203:10874:34688_1:28191184",2.4e-11
"33499","HISEQ13:138:C6FWNANXX:2:1203:6580:65280_1:28641671",2.4e-11
"33500","HISEQ13:138:C6FWNANXX:2:1214:18378:59791_1:45488613",2.4e-11
"33501","HISEQ13:138:C6FWNANXX:2:1308:11252:31744_1:60387394",2.4e-11
"33502","HISEQ13:138:C6FWNANXX:2:1309:4985:36443_1:62009620",2.4e-11
"33503","HISEQ13:138:C6FWNANXX:2:2204:14433:50624_1:103447766",2.4e-11
"33504","HISEQ13:138:C6FWNANXX:2:2204:20899:56659_1:103535512",2.4e-11
"33505","HISEQ13:138:C6FWNANXX:2:2302:11434:73707_1:125012320",2.4e-11
"33506","HISEQ13:138:C6FWNANXX:2:1103:17489:57846_1:3751862",2.4e-11
"33507","HISEQ13:138:C6FWNANXX:2:1302:17278:2468_1:51028280",2.4e-11
"33508","HISEQ13:138:C6FWNANXX:2:1302:8346:49736_1:51721026",2.4e-11
"33509","HISEQ13:138:C6FWNANXX:2:2310:20906:65451_1:136548388",2.4e-11
"33510","HISEQ13:138:C6FWNANXX:2:2316:12232:16841_1:145308975",2.4e-11
"33511","HISEQ13:138:C6FWNANXX:2:2107:18488:80716_1:84265923",2.4e-11
"33512","HISEQ13:138:C6FWNANXX:2:2111:9020:5123_1:89115014",2.4e-11
"33513","HISEQ13:138:C6FWNANXX:2:1309:8431:9670_1:61589320",2.4e-11
"33514","HISEQ13:138:C6FWNANXX:2:2307:13996:26492_1:131467701",2.4e-11
"33515","HISEQ13:138:C6FWNANXX:2:2308:6229:76611_1:133696511",2.4e-11
"33516","HISEQ13:138:C6FWNANXX:2:2213:2290:98879_1:117656815",2.4e-11
"33517","HISEQ13:138:C6FWNANXX:2:2305:13070:60710_1:129069401",2.4e-11
"33518","HISEQ13:138:C6FWNANXX:2:1205:5135:87589_1:31898365",2.4e-11
"33519","HISEQ13:138:C6FWNANXX:2:2103:2437:32406_1:77807754",2.4e-11
"33520","HISEQ13:138:C6FWNANXX:2:1204:4514:60876_1:30023958",2.4e-11
"33521","HISEQ13:138:C6FWNANXX:2:2213:13728:59914_1:117032023",2.4e-11
"33522","HISEQ13:138:C6FWNANXX:2:1113:3582:6538_1:18202017",2.4e-11
"33523","HISEQ13:138:C6FWNANXX:2:1114:18314:99964_1:21409808",2.4e-11
"33524","HISEQ13:138:C6FWNANXX:2:1205:20352:8621_1:30719714",2.4e-11
"33525","HISEQ13:138:C6FWNANXX:2:2205:9414:27642_1:104538882",2.4e-11
"33526","HISEQ13:138:C6FWNANXX:2:2303:5306:27354_1:125757718",2.4e-11
"33527","HISEQ13:138:C6FWNANXX:2:2316:5996:68966_1:146186168",2.4e-11
"33528","HISEQ13:138:C6FWNANXX:2:1315:3035:85258_1:72567505",2.4e-11
"33529","HISEQ13:138:C6FWNANXX:2:2116:9135:84355_1:98253229",2.4e-11
"33530","HISEQ13:138:C6FWNANXX:2:1116:21132:28627_1:23564494",2.4e-11
"33531","HISEQ13:138:C6FWNANXX:2:1108:8375:33569_1:10862188",2.4e-11
"33532","HISEQ13:138:C6FWNANXX:2:1212:15666:41557_1:41915912",2.4e-11
"33533","HISEQ13:138:C6FWNANXX:2:2211:10808:19893_1:113277199",2.4e-11
"33534","HISEQ13:138:C6FWNANXX:2:2216:3793:81367_1:122275527",2.4e-11
"33535","HISEQ13:138:C6FWNANXX:2:1104:19291:5839_1:4447525",2.4e-11
"33536","HISEQ13:138:C6FWNANXX:2:1110:15959:47503_1:14195488",2.4e-11
"33537","HISEQ13:138:C6FWNANXX:2:1302:7052:29755_1:51429989",2.4e-11
"33538","HISEQ13:138:C6FWNANXX:2:1104:16795:31659_1:4829957",2.4e-11
"33539","HISEQ13:138:C6FWNANXX:2:1109:11261:95140_1:13383150",2.4e-11
"33540","HISEQ13:138:C6FWNANXX:2:1208:20572:72306_1:36180580",2.4e-11
"33541","HISEQ13:138:C6FWNANXX:2:2215:2142:40121_1:119931803",2.4e-11
"33542","HISEQ13:138:C6FWNANXX:2:2301:4613:6776_1:122673545",2.4e-11
"33543","HISEQ13:138:C6FWNANXX:2:2301:6087:7738_1:122684659",2.4e-11
"33544","HISEQ13:138:C6FWNANXX:2:2312:3494:100581_1:140203741",2.4e-11
"33545","HISEQ13:138:C6FWNANXX:2:1312:14733:60269_1:67152237",2.4e-11
"33546","HISEQ13:138:C6FWNANXX:2:2105:14614:80471_1:81342844",2.4e-11
"33547","HISEQ13:138:C6FWNANXX:2:2106:14912:83219_1:82835107",2.4e-11
"33548","HISEQ13:138:C6FWNANXX:2:2115:6381:74410_1:96457456",2.4e-11
"33549","HISEQ13:138:C6FWNANXX:2:2205:20331:13998_1:104342036",2.4e-11
"33550","HISEQ13:138:C6FWNANXX:2:2213:2714:5294_1:116156527",2.4e-11
"33551","HISEQ13:138:C6FWNANXX:2:2312:7253:57423_1:139515329",2.4e-11
"33552","HISEQ13:138:C6FWNANXX:2:1203:5766:98392_1:29129141",2.4e-11
"33553","HISEQ13:138:C6FWNANXX:2:2205:11243:11242_1:104300558",2.4e-11
"33554","HISEQ13:138:C6FWNANXX:2:1209:18150:3830_1:36651139",2.4e-11
"33555","HISEQ13:138:C6FWNANXX:2:1305:12172:34699_1:55903764",2.4e-11
"33556","HISEQ13:138:C6FWNANXX:2:2115:17676:10951_1:95427142",2.4e-11
"33557","HISEQ13:138:C6FWNANXX:2:1313:5393:68171_1:68914860",2.4e-11
"33558","HISEQ13:138:C6FWNANXX:2:1110:17987:28239_1:13887995",2.4e-11
"33559","HISEQ13:138:C6FWNANXX:2:1212:2611:72839_1:42424013",2.4e-11
"33560","HISEQ13:138:C6FWNANXX:2:1212:8488:18251_1:41539317",2.4e-11
"33561","HISEQ13:138:C6FWNANXX:2:1310:1624:76988_1:64214982",2.4e-11
"33562","HISEQ13:138:C6FWNANXX:2:1310:3881:98534_1:64558796",2.4e-11
"33563","HISEQ13:138:C6FWNANXX:2:1113:7630:84354_1:19486985",2.4e-11
"33564","HISEQ13:138:C6FWNANXX:2:1113:7531:10365_1:18264677",2.4e-11
"33565","HISEQ13:138:C6FWNANXX:2:2109:2903:21338_1:86350712",2.4e-11
"33566","HISEQ13:138:C6FWNANXX:2:2106:11984:48493_1:82323240",2.4e-11
"33567","HISEQ13:138:C6FWNANXX:2:2203:14949:79945_1:102454294",2.4e-11
"33568","HISEQ13:138:C6FWNANXX:2:2215:2682:80411_1:120596675",2.4e-11
"33569","HISEQ13:138:C6FWNANXX:2:2304:12839:65466_1:127710042",2.4e-11
"33570","HISEQ13:138:C6FWNANXX:2:2314:2957:81837_1:143112780",2.4e-11
"33571","HISEQ13:138:C6FWNANXX:2:1206:14360:14707_1:32288698",2.4e-11
"33572","HISEQ13:138:C6FWNANXX:2:1103:7094:65834_1:3868655",2.4e-11
"33573","HISEQ13:138:C6FWNANXX:2:2201:15732:66430_1:99444476",2.4e-11
"33574","HISEQ13:138:C6FWNANXX:2:1211:10524:60428_1:40652541",2.4e-11
"33575","HISEQ13:138:C6FWNANXX:2:2316:4070:84883_1:146455640",2.4e-11
"33576","HISEQ13:138:C6FWNANXX:2:2206:13988:49700_1:106296984",2.4e-11
"33577","HISEQ13:138:C6FWNANXX:2:1101:2483:7330_1:78324",2.4e-11
"33578","HISEQ13:138:C6FWNANXX:2:1116:5176:7636_1:23199543",2.4e-11
"33579","HISEQ13:138:C6FWNANXX:2:2116:12251:34613_1:97435251",2.4e-11
"33580","HISEQ13:138:C6FWNANXX:2:2210:10529:32447_1:111955289",2.4e-11
"33581","HISEQ13:138:C6FWNANXX:2:1312:6467:91372_1:67661476",2.4e-11
"33582","HISEQ13:138:C6FWNANXX:2:2315:17144:5672_1:143486587",2.4e-11
"33583","HISEQ13:138:C6FWNANXX:2:1201:7305:62427_1:25692532",2.4e-11
"33584","HISEQ13:138:C6FWNANXX:2:1204:4730:53541_1:29916404",2.4e-11
"33585","HISEQ13:138:C6FWNANXX:2:2107:20418:56229_1:83901648",2.4e-11
"33586","HISEQ13:138:C6FWNANXX:2:2114:5668:98150_1:95235641",2.4e-11
"33587","HISEQ13:138:C6FWNANXX:2:2116:11845:51151_1:97707416",2.4e-11
"33588","HISEQ13:138:C6FWNANXX:2:2204:13961:71703_1:103749502",2.4e-11
"33589","HISEQ13:138:C6FWNANXX:2:2313:15891:100453_1:141798593",2.4e-11
"33590","HISEQ13:138:C6FWNANXX:2:1212:11400:7860_1:41395434",2.4e-11
"33591","HISEQ13:138:C6FWNANXX:2:1212:6124:79892_1:42539091",2.4e-11
"33592","HISEQ13:138:C6FWNANXX:2:2201:18427:64118_1:99412904",2.4e-11
"33593","HISEQ13:138:C6FWNANXX:2:1114:18903:56520_1:20681563",2.4e-11
"33594","HISEQ13:138:C6FWNANXX:2:2201:5783:19815_1:98779197",2.4e-11
"33595","HISEQ13:138:C6FWNANXX:2:2308:18851:97257_1:134013139",2.4e-11
"33596","HISEQ13:138:C6FWNANXX:2:2112:8141:89690_1:91920444",2.4e-11
"33597","HISEQ13:138:C6FWNANXX:2:2311:11302:54886_1:137913740",2.4e-11
"33598","HISEQ13:138:C6FWNANXX:2:1216:13634:35661_1:48437736",2.4e-11
"33599","HISEQ13:138:C6FWNANXX:2:1208:4522:25527_1:35456082",2.4e-11
"33600","HISEQ13:138:C6FWNANXX:2:2105:6131:12774_1:80363004",2.4e-11
"33601","HISEQ13:138:C6FWNANXX:2:2209:12195:85379_1:111257903",2.4e-11
"33602","HISEQ13:138:C6FWNANXX:2:1109:7540:62817_1:12872505",2.4e-11
"33603","HISEQ13:138:C6FWNANXX:2:1201:6398:74943_1:25876573",2.4e-11
"33604","HISEQ13:138:C6FWNANXX:2:1107:6860:12924_1:9023657",2.4e-11
"33605","HISEQ13:138:C6FWNANXX:2:2211:18947:50088_1:113753241",2.4e-11
"33606","HISEQ13:138:C6FWNANXX:2:2301:9341:62521_1:123460880",2.4e-11
"33607","HISEQ13:138:C6FWNANXX:2:1310:12362:83984_1:64327622",2.5e-11
"33608","HISEQ13:138:C6FWNANXX:2:2304:7110:8635_1:126894615",2.5e-11
"33609","HISEQ13:138:C6FWNANXX:2:2313:16814:94693_1:141704377",2.5e-11
"33610","HISEQ13:138:C6FWNANXX:2:1305:3598:50284_1:56139676",2.5e-11
"33611","HISEQ13:138:C6FWNANXX:2:1111:13473:37905_1:15605209",2.5e-11
"33612","HISEQ13:138:C6FWNANXX:2:1207:15007:81907_1:34806602",2.5e-11
"33613","HISEQ13:138:C6FWNANXX:2:1303:13993:94536_1:53846838",2.5e-11
"33614","HISEQ13:138:C6FWNANXX:2:1307:17893:42707_1:59035282",2.5e-11
"33615","HISEQ13:138:C6FWNANXX:2:2308:3970:69638_1:133590471",2.5e-11
"33616","HISEQ13:138:C6FWNANXX:2:1314:9991:35964_1:70037079",2.5e-11
"33617","HISEQ13:138:C6FWNANXX:2:1209:9801:86713_1:37939606",2.5e-11
"33618","HISEQ13:138:C6FWNANXX:2:2208:20049:69556_1:109522926",2.5e-11
"33619","HISEQ13:138:C6FWNANXX:2:2303:4935:11677_1:125534157",2.5e-11
"33620","HISEQ13:138:C6FWNANXX:2:1216:4354:96810_1:49497478",2.5e-11
"33621","HISEQ13:138:C6FWNANXX:2:1204:10676:87470_1:30418609",2.5e-11
"33622","HISEQ13:138:C6FWNANXX:2:2109:6828:24739_1:86401061",2.5e-11
"33623","HISEQ13:138:C6FWNANXX:2:1103:12846:29788_1:3336988",2.5e-11
"33624","HISEQ13:138:C6FWNANXX:2:1107:10420:25135_1:9212083",2.5e-11
"33625","HISEQ13:138:C6FWNANXX:2:2306:4134:26572_1:130012712",2.5e-11
"33626","HISEQ13:138:C6FWNANXX:2:2104:12376:72641_1:79799900",2.5e-11
"33627","HISEQ13:138:C6FWNANXX:2:2115:17157:28878_1:95720131",2.5e-11
"33628","HISEQ13:138:C6FWNANXX:2:2302:4644:80604_1:125110723",2.5e-11
"33629","HISEQ13:138:C6FWNANXX:2:1114:19651:17777_1:20031931",2.5e-11
"33630","HISEQ13:138:C6FWNANXX:2:1308:20315:45244_1:60599107",2.5e-11
"33631","HISEQ13:138:C6FWNANXX:2:1107:13686:46449_1:9537599",2.5e-11
"33632","HISEQ13:138:C6FWNANXX:2:1308:13195:4323_1:59966727",2.5e-11
"33633","HISEQ13:138:C6FWNANXX:2:2213:10210:62630_1:117075208",2.5e-11
"33634","HISEQ13:138:C6FWNANXX:2:2316:2022:28967_1:145509475",2.5e-11
"33635","HISEQ13:138:C6FWNANXX:2:2109:12043:30663_1:86492240",2.5e-11
"33636","HISEQ13:138:C6FWNANXX:2:1305:19212:88724_1:56718539",2.5e-11
"33637","HISEQ13:138:C6FWNANXX:2:2204:12289:16224_1:102952004",2.5e-11
"33638","HISEQ13:138:C6FWNANXX:2:2209:11448:87834_1:111295818",2.5e-11
"33639","HISEQ13:138:C6FWNANXX:2:2316:4955:84086_1:146443187",2.5e-11
"33640","HISEQ13:138:C6FWNANXX:2:1209:20713:71235_1:37699524",2.5e-11
"33641","HISEQ13:138:C6FWNANXX:2:1314:12220:26143_1:69872290",2.5e-11
"33642","HISEQ13:138:C6FWNANXX:2:1102:15876:84737_1:2682217",2.5e-11
"33643","HISEQ13:138:C6FWNANXX:2:1105:15621:60499_1:6740444",2.5e-11
"33644","HISEQ13:138:C6FWNANXX:2:1305:11883:24035_1:55747454",2.5e-11
"33645","HISEQ13:138:C6FWNANXX:2:1313:5912:53910_1:68676597",2.5e-11
"33646","HISEQ13:138:C6FWNANXX:2:2302:3971:84047_1:125160320",2.5e-11
"33647","HISEQ13:138:C6FWNANXX:2:1316:13301:30795_1:73341742",2.5e-11
"33648","HISEQ13:138:C6FWNANXX:2:1214:12034:66828_1:45605458",2.5e-11
"33649","HISEQ13:138:C6FWNANXX:2:2105:4447:81259_1:81355881",2.5e-11
"33650","HISEQ13:138:C6FWNANXX:2:2115:13376:55218_1:96145442",2.5e-11
"33651","HISEQ13:138:C6FWNANXX:2:1206:8766:80604_1:33285228",2.5e-11
"33652","HISEQ13:138:C6FWNANXX:2:1211:13764:44846_1:40402408",2.5e-11
"33653","HISEQ13:138:C6FWNANXX:2:2306:12448:55200_1:130434374",2.5e-11
"33654","HISEQ13:138:C6FWNANXX:2:2301:11936:81464_1:123726069",2.5e-11
"33655","HISEQ13:138:C6FWNANXX:2:1203:18165:43466_1:28321000",2.5e-11
"33656","HISEQ13:138:C6FWNANXX:2:2207:15354:8836_1:107151212",2.5e-11
"33657","HISEQ13:138:C6FWNANXX:2:1302:16113:24751_1:51358425",2.5e-11
"33658","HISEQ13:138:C6FWNANXX:2:2309:2899:34536_1:134557462",2.5e-11
"33659","HISEQ13:138:C6FWNANXX:2:1106:10277:96241_1:8784554",2.5e-11
"33660","HISEQ13:138:C6FWNANXX:2:1108:9278:37456_1:10920889",2.5e-11
"33661","HISEQ13:138:C6FWNANXX:2:1213:8551:35114_1:43427438",2.5e-11
"33662","HISEQ13:138:C6FWNANXX:2:1216:11326:92374_1:49420834",2.5e-11
"33663","HISEQ13:138:C6FWNANXX:2:1301:7345:28211_1:49953162",2.5e-11
"33664","HISEQ13:138:C6FWNANXX:2:1206:2256:86100_1:33366834",2.5e-11
"33665","HISEQ13:138:C6FWNANXX:2:2107:17902:16241_1:83307637",2.5e-11
"33666","HISEQ13:138:C6FWNANXX:2:2115:15590:95475_1:96804316",2.5e-11
"33667","HISEQ13:138:C6FWNANXX:2:2312:18399:97997_1:140162886",2.5e-11
"33668","HISEQ13:138:C6FWNANXX:2:1106:18267:38817_1:7912818",2.5e-11
"33669","HISEQ13:138:C6FWNANXX:2:1107:20631:4266_1:8895460",2.5e-11
"33670","HISEQ13:138:C6FWNANXX:2:1213:4034:22738_1:43221074",2.5e-11
"33671","HISEQ13:138:C6FWNANXX:2:1309:19669:18323_1:61728618",2.5e-11
"33672","HISEQ13:138:C6FWNANXX:2:1101:13443:44506_1:631787",2.5e-11
"33673","HISEQ13:138:C6FWNANXX:2:1102:15876:84737_1:2682216",2.5e-11
"33674","HISEQ13:138:C6FWNANXX:2:2312:17916:53523_1:139457983",2.5e-11
"33675","HISEQ13:138:C6FWNANXX:2:2308:14505:7312_1:132653816",2.5e-11
"33676","HISEQ13:138:C6FWNANXX:2:1205:12850:99757_1:32082749",2.5e-11
"33677","HISEQ13:138:C6FWNANXX:2:2311:4069:90973_1:138482035",2.5e-11
"33678","HISEQ13:138:C6FWNANXX:2:2314:10154:28777_1:142240572",2.5e-11
"33679","HISEQ13:138:C6FWNANXX:2:1301:3014:53142_1:50319002",2.5e-11
"33680","HISEQ13:138:C6FWNANXX:2:2103:2718:6512_1:77440371",2.5e-11
"33681","HISEQ13:138:C6FWNANXX:2:2107:17523:78331_1:84232194",2.5e-11
"33682","HISEQ13:138:C6FWNANXX:2:2101:19557:4168_1:74593196",2.5e-11
"33683","HISEQ13:138:C6FWNANXX:2:1213:2890:20245_1:43179862",2.5e-11
"33684","HISEQ13:138:C6FWNANXX:2:2213:16912:67073_1:117149226",2.5e-11
"33685","HISEQ13:138:C6FWNANXX:2:2307:12358:19262_1:131363855",2.5e-11
"33686","HISEQ13:138:C6FWNANXX:2:1216:7051:44039_1:48583153",2.5e-11
"33687","HISEQ13:138:C6FWNANXX:2:1111:8924:99617_1:16677882",2.5e-11
"33688","HISEQ13:138:C6FWNANXX:2:2311:14226:36936_1:137633180",2.5e-11
"33689","HISEQ13:138:C6FWNANXX:2:2202:18823:23682_1:100243873",2.5e-11
"33690","HISEQ13:138:C6FWNANXX:2:1214:16017:29859_1:44984284",2.5e-11
"33691","HISEQ13:138:C6FWNANXX:2:1301:2613:6469_1:49631144",2.5e-11
"33692","HISEQ13:138:C6FWNANXX:2:1306:18270:74048_1:58004883",2.5e-11
"33693","HISEQ13:138:C6FWNANXX:2:2310:7125:59438_1:136453938",2.5e-11
"33694","HISEQ13:138:C6FWNANXX:2:1101:17555:64433_1:924954",2.5e-11
"33695","HISEQ13:138:C6FWNANXX:2:1105:12072:61550_1:6758301",2.5e-11
"33696","HISEQ13:138:C6FWNANXX:2:2307:2398:63189_1:132010459",2.5e-11
"33697","HISEQ13:138:C6FWNANXX:2:1110:9805:29276_1:13906329",2.5e-11
"33698","HISEQ13:138:C6FWNANXX:2:1208:20828:7717_1:35182775",2.5e-11
"33699","HISEQ13:138:C6FWNANXX:2:2313:11787:30935_1:140671560",2.5e-11
"33700","HISEQ13:138:C6FWNANXX:2:1214:9444:25420_1:44907927",2.5e-11
"33701","HISEQ13:138:C6FWNANXX:2:1102:8608:28448_1:1851629",2.6e-11
"33702","HISEQ13:138:C6FWNANXX:2:1213:10517:33099_1:43394601",2.6e-11
"33703","HISEQ13:138:C6FWNANXX:2:2311:5938:96516_1:138573151",2.6e-11
"33704","HISEQ13:138:C6FWNANXX:2:1212:9945:58342_1:42187871",2.6e-11
"33705","HISEQ13:138:C6FWNANXX:2:1204:18049:69239_1:30148654",2.6e-11
"33706","HISEQ13:138:C6FWNANXX:2:1112:6722:90638_1:17957577",2.6e-11
"33707","HISEQ13:138:C6FWNANXX:2:2108:15142:39888_1:85136687",2.6e-11
"33708","HISEQ13:138:C6FWNANXX:2:2112:8999:96633_1:92030733",2.6e-11
"33709","HISEQ13:138:C6FWNANXX:2:2309:19800:41688_1:134666756",2.6e-11
"33710","HISEQ13:138:C6FWNANXX:2:2203:12173:83279_1:102503939",2.6e-11
"33711","HISEQ13:138:C6FWNANXX:2:2112:15317:82478_1:91807183",2.6e-11
"33712","HISEQ13:138:C6FWNANXX:2:1204:9677:13626_1:29325329",2.6e-11
"33713","HISEQ13:138:C6FWNANXX:2:2302:1485:38736_1:124516157",2.6e-11
"33714","HISEQ13:138:C6FWNANXX:2:2103:8141:45704_1:77997265",2.6e-11
"33715","HISEQ13:138:C6FWNANXX:2:1210:6394:8410_1:38262051",2.6e-11
"33716","HISEQ13:138:C6FWNANXX:2:1305:8799:86944_1:56689811",2.6e-11
"33717","HISEQ13:138:C6FWNANXX:2:2304:13847:85137_1:127993399",2.6e-11
"33718","HISEQ13:138:C6FWNANXX:2:2305:1712:64926_1:129129133",2.6e-11
"33719","HISEQ13:138:C6FWNANXX:2:1305:3134:59960_1:56282184",2.6e-11
"33720","HISEQ13:138:C6FWNANXX:2:1311:6270:15478_1:64809933",2.6e-11
"33721","HISEQ13:138:C6FWNANXX:2:2108:7917:74903_1:85664327",2.6e-11
"33722","HISEQ13:138:C6FWNANXX:2:1111:3864:38065_1:15607236",2.6e-11
"33723","HISEQ13:138:C6FWNANXX:2:1305:18708:20598_1:55696473",2.6e-11
"33724","HISEQ13:138:C6FWNANXX:2:1208:16883:3768_1:35124282",2.6e-11
"33725","HISEQ13:138:C6FWNANXX:2:1307:9019:43813_1:59052497",2.6e-11
"33726","HISEQ13:138:C6FWNANXX:2:1205:2232:25248_1:30962774",2.6e-11
"33727","HISEQ13:138:C6FWNANXX:2:2104:12833:27054_1:79144839",2.6e-11
"33728","HISEQ13:138:C6FWNANXX:2:2113:19280:15751_1:92320816",2.6e-11
"33729","HISEQ13:138:C6FWNANXX:2:2212:8840:48108_1:115264957",2.6e-11
"33730","HISEQ13:138:C6FWNANXX:2:1316:11519:19439_1:73142138",2.6e-11
"33731","HISEQ13:138:C6FWNANXX:2:1211:13021:45821_1:40418324",2.6e-11
"33732","HISEQ13:138:C6FWNANXX:2:2305:7546:51699_1:128938046",2.6e-11
"33733","HISEQ13:138:C6FWNANXX:2:1312:7511:14290_1:66399101",2.6e-11
"33734","HISEQ13:138:C6FWNANXX:2:2207:11064:42280_1:107642247",2.6e-11
"33735","HISEQ13:138:C6FWNANXX:2:2214:12661:6042_1:117757888",2.6e-11
"33736","HISEQ13:138:C6FWNANXX:2:1209:14793:77916_1:37803769",2.6e-11
"33737","HISEQ13:138:C6FWNANXX:2:2108:5309:39268_1:85127252",2.6e-11
"33738","HISEQ13:138:C6FWNANXX:2:2108:5553:81029_1:85758269",2.6e-11
"33739","HISEQ13:138:C6FWNANXX:2:1203:18977:19763_1:27974945",2.6e-11
"33740","HISEQ13:138:C6FWNANXX:2:1209:7685:31458_1:37076005",2.6e-11
"33741","HISEQ13:138:C6FWNANXX:2:1305:12667:24667_1:55754923",2.6e-11
"33742","HISEQ13:138:C6FWNANXX:2:1309:17927:97963_1:62984723",2.6e-11
"33743","HISEQ13:138:C6FWNANXX:2:1301:5658:77659_1:50680139",2.6e-11
"33744","HISEQ13:138:C6FWNANXX:2:1316:17518:82286_1:74243773",2.6e-11
"33745","HISEQ13:138:C6FWNANXX:2:2105:4721:57249_1:81004943",2.6e-11
"33746","HISEQ13:138:C6FWNANXX:2:1301:9583:99175_1:50996584",2.6e-11
"33747","HISEQ13:138:C6FWNANXX:2:1114:16504:61397_1:20761214",2.6e-11
"33748","HISEQ13:138:C6FWNANXX:2:1207:18577:38457_1:34143788",2.6e-11
"33749","HISEQ13:138:C6FWNANXX:2:1314:3435:3215_1:69480956",2.6e-11
"33750","HISEQ13:138:C6FWNANXX:2:2116:16434:34967_1:97440150",2.6e-11
"33751","HISEQ13:138:C6FWNANXX:2:2214:11912:70592_1:118812557",2.6e-11
"33752","HISEQ13:138:C6FWNANXX:2:2216:2342:74124_1:122152248",2.6e-11
"33753","HISEQ13:138:C6FWNANXX:2:1302:15840:65658_1:51957930",2.6e-11
"33754","HISEQ13:138:C6FWNANXX:2:2210:3734:26061_1:111859117",2.6e-11
"33755","HISEQ13:138:C6FWNANXX:2:2214:11590:79880_1:118963682",2.6e-11
"33756","HISEQ13:138:C6FWNANXX:2:2314:13755:13733_1:141993257",2.6e-11
"33757","HISEQ13:138:C6FWNANXX:2:1106:5702:62957_1:8277230",2.6e-11
"33758","HISEQ13:138:C6FWNANXX:2:2304:17070:14315_1:126979159",2.6e-11
"33759","HISEQ13:138:C6FWNANXX:2:1313:4569:82490_1:69154027",2.6e-11
"33760","HISEQ13:138:C6FWNANXX:2:2111:12054:11894_1:89220438",2.6e-11
"33761","HISEQ13:138:C6FWNANXX:2:2302:4909:93967_1:125298863",2.6e-11
"33762","HISEQ13:138:C6FWNANXX:2:1312:13465:90990_1:67654553",2.6e-11
"33763","HISEQ13:138:C6FWNANXX:2:1316:16164:6152_1:72911605",2.6e-11
"33764","HISEQ13:138:C6FWNANXX:2:2213:3378:76947_1:117303304",2.6e-11
"33765","HISEQ13:138:C6FWNANXX:2:1311:5233:65801_1:65624577",2.6e-11
"33766","HISEQ13:138:C6FWNANXX:2:2107:4512:46781_1:83760777",2.6e-11
"33767","HISEQ13:138:C6FWNANXX:2:2301:9797:13594_1:122769793",2.6e-11
"33768","HISEQ13:138:C6FWNANXX:2:1305:1479:16225_1:55625928",2.7e-11
"33769","HISEQ13:138:C6FWNANXX:2:1316:17200:11072_1:72999475",2.7e-11
"33770","HISEQ13:138:C6FWNANXX:2:2207:13618:41552_1:107631582",2.7e-11
"33771","HISEQ13:138:C6FWNANXX:2:2311:4723:82361_1:138347504",2.7e-11
"33772","HISEQ13:138:C6FWNANXX:2:1104:19448:50102_1:5105712",2.7e-11
"33773","HISEQ13:138:C6FWNANXX:2:2316:17524:63655_1:146099919",2.7e-11
"33774","HISEQ13:138:C6FWNANXX:2:2315:14164:74338_1:144619085",2.7e-11
"33775","HISEQ13:138:C6FWNANXX:2:2114:18484:78673_1:94922406",2.7e-11
"33776","HISEQ13:138:C6FWNANXX:2:1206:18198:38684_1:32651985",2.7e-11
"33777","HISEQ13:138:C6FWNANXX:2:2308:13092:93666_1:133954827",2.7e-11
"33778","HISEQ13:138:C6FWNANXX:2:1210:11353:79531_1:39379985",2.7e-11
"33779","HISEQ13:138:C6FWNANXX:2:2111:2884:78195_1:90273722",2.7e-11
"33780","HISEQ13:138:C6FWNANXX:2:1306:16195:27581_1:57294040",2.7e-11
"33781","HISEQ13:138:C6FWNANXX:2:1306:4744:29603_1:57322741",2.7e-11
"33782","HISEQ13:138:C6FWNANXX:2:2307:8245:76835_1:132216419",2.7e-11
"33783","HISEQ13:138:C6FWNANXX:2:1315:7494:21566_1:71473788",2.7e-11
"33784","HISEQ13:138:C6FWNANXX:2:2113:15221:15244_1:92307959",2.7e-11
"33785","HISEQ13:138:C6FWNANXX:2:2201:2146:29858_1:98921542",2.7e-11
"33786","HISEQ13:138:C6FWNANXX:2:1210:19096:74675_1:39303355",2.7e-11
"33787","HISEQ13:138:C6FWNANXX:2:1312:9363:90544_1:67649521",2.7e-11
"33788","HISEQ13:138:C6FWNANXX:2:1206:19795:2201_1:32100610",2.7e-11
"33789","HISEQ13:138:C6FWNANXX:2:1306:21158:38690_1:57462655",2.7e-11
"33790","HISEQ13:138:C6FWNANXX:2:2105:11099:25655_1:80548624",2.7e-11
"33791","HISEQ13:138:C6FWNANXX:2:2313:20587:14153_1:140404078",2.7e-11
"33792","HISEQ13:138:C6FWNANXX:2:1116:12858:5621_1:23166781",2.7e-11
"33793","HISEQ13:138:C6FWNANXX:2:2206:20842:93388_1:106940057",2.7e-11
"33794","HISEQ13:138:C6FWNANXX:2:1101:17435:43025_1:610478",2.7e-11
"33795","HISEQ13:138:C6FWNANXX:2:1211:17725:100609_1:41305221",2.7e-11
"33796","HISEQ13:138:C6FWNANXX:2:1308:5236:9719_1:60046869",2.7e-11
"33797","HISEQ13:138:C6FWNANXX:2:2302:19581:10427_1:124121062",2.7e-11
"33798","HISEQ13:138:C6FWNANXX:2:1116:4580:87802_1:24579778",2.7e-11
"33799","HISEQ13:138:C6FWNANXX:2:1211:15805:7153_1:39796540",2.7e-11
"33800","HISEQ13:138:C6FWNANXX:2:2305:8652:75952_1:129289825",2.7e-11
"33801","HISEQ13:138:C6FWNANXX:2:1213:9308:93822_1:44399568",2.7e-11
"33802","HISEQ13:138:C6FWNANXX:2:2309:19844:61668_1:134971684",2.7e-11
"33803","HISEQ13:138:C6FWNANXX:2:1316:10462:49287_1:73663948",2.7e-11
"33804","HISEQ13:138:C6FWNANXX:2:2203:14700:15200_1:101530033",2.7e-11
"33805","HISEQ13:138:C6FWNANXX:2:2214:11522:81094_1:118984357",2.7e-11
"33806","HISEQ13:138:C6FWNANXX:2:1212:8335:38791_1:41870158",2.7e-11
"33807","HISEQ13:138:C6FWNANXX:2:1111:18600:44579_1:15714342",2.7e-11
"33808","HISEQ13:138:C6FWNANXX:2:2209:7200:54117_1:110781330",2.7e-11
"33809","HISEQ13:138:C6FWNANXX:2:1206:10383:43896_1:32729950",2.7e-11
"33810","HISEQ13:138:C6FWNANXX:2:1206:18099:6990_1:32172125",2.7e-11
"33811","HISEQ13:138:C6FWNANXX:2:2205:4208:19917_1:104426473",2.7e-11
"33812","HISEQ13:138:C6FWNANXX:2:1306:7583:12022_1:57055832",2.7e-11
"33813","HISEQ13:138:C6FWNANXX:2:1308:11395:30390_1:60367976",2.7e-11
"33814","HISEQ13:138:C6FWNANXX:2:1208:18533:93432_1:36505569",2.7e-11
"33815","HISEQ13:138:C6FWNANXX:2:1210:1638:35593_1:38691195",2.7e-11
"33816","HISEQ13:138:C6FWNANXX:2:1111:1441:32522_1:15518866",2.7e-11
"33817","HISEQ13:138:C6FWNANXX:2:1315:13130:33608_1:71679331",2.7e-11
"33818","HISEQ13:138:C6FWNANXX:2:2306:2882:12125_1:129799548",2.7e-11
"33819","HISEQ13:138:C6FWNANXX:2:1307:13592:19604_1:58681042",2.7e-11
"33820","HISEQ13:138:C6FWNANXX:2:1206:13971:33594_1:32574941",2.7e-11
"33821","HISEQ13:138:C6FWNANXX:2:1302:15896:99590_1:52460108",2.7e-11
"33822","HISEQ13:138:C6FWNANXX:2:2216:14159:29705_1:121400842",2.7e-11
"33823","HISEQ13:138:C6FWNANXX:2:1109:16187:95991_1:13396038",2.7e-11
"33824","HISEQ13:138:C6FWNANXX:2:1214:11747:89782_1:45992113",2.7e-11
"33825","HISEQ13:138:C6FWNANXX:2:2105:5869:6053_1:80264782",2.7e-11
"33826","HISEQ13:138:C6FWNANXX:2:2112:19649:71656_1:91636518",2.7e-11
"33827","HISEQ13:138:C6FWNANXX:2:2211:6320:99660_1:114526821",2.7e-11
"33828","HISEQ13:138:C6FWNANXX:2:1212:19914:97029_1:42825497",2.7e-11
"33829","HISEQ13:138:C6FWNANXX:2:2111:14849:100157_1:90664665",2.7e-11
"33830","HISEQ13:138:C6FWNANXX:2:2103:12556:4247_1:77406645",2.7e-11
"33831","HISEQ13:138:C6FWNANXX:2:1108:14979:96455_1:11844328",2.8e-11
"33832","HISEQ13:138:C6FWNANXX:2:1203:18606:78254_1:28835379",2.8e-11
"33833","HISEQ13:138:C6FWNANXX:2:2113:9632:10837_1:92239765",2.8e-11
"33834","HISEQ13:138:C6FWNANXX:2:2113:5867:13499_1:92278501",2.8e-11
"33835","HISEQ13:138:C6FWNANXX:2:2107:15370:19194_1:83351650",2.8e-11
"33836","HISEQ13:138:C6FWNANXX:2:2109:8829:67171_1:87047773",2.8e-11
"33837","HISEQ13:138:C6FWNANXX:2:2114:8848:48971_1:94435255",2.8e-11
"33838","HISEQ13:138:C6FWNANXX:2:2306:4370:39173_1:130196716",2.8e-11
"33839","HISEQ13:138:C6FWNANXX:2:1103:9616:72267_1:3965786",2.8e-11
"33840","HISEQ13:138:C6FWNANXX:2:1308:10126:90530_1:61309720",2.8e-11
"33841","HISEQ13:138:C6FWNANXX:2:1202:20931:16104_1:26468700",2.8e-11
"33842","HISEQ13:138:C6FWNANXX:2:1309:16986:96058_1:62957343",2.8e-11
"33843","HISEQ13:138:C6FWNANXX:2:2105:21207:8335_1:80300504",2.8e-11
"33844","HISEQ13:138:C6FWNANXX:2:1305:12220:99417_1:56880236",2.8e-11
"33845","HISEQ13:138:C6FWNANXX:2:1306:2535:26489_1:57272610",2.8e-11
"33846","HISEQ13:138:C6FWNANXX:2:1114:11271:80542_1:21083811",2.8e-11
"33847","HISEQ13:138:C6FWNANXX:2:1116:17692:53173_1:23983592",2.8e-11
"33848","HISEQ13:138:C6FWNANXX:2:1206:15849:13851_1:32277761",2.8e-11
"33849","HISEQ13:138:C6FWNANXX:2:1210:9320:96336_1:39643943",2.8e-11
"33850","HISEQ13:138:C6FWNANXX:2:1208:2160:76646_1:36242389",2.8e-11
"33851","HISEQ13:138:C6FWNANXX:2:2205:3614:67773_1:105119206",2.8e-11
"33852","HISEQ13:138:C6FWNANXX:2:2308:19173:10218_1:132696093",2.8e-11
"33853","HISEQ13:138:C6FWNANXX:2:2207:9704:28599_1:107440456",2.8e-11
"33854","HISEQ13:138:C6FWNANXX:2:1316:12648:100218_1:74549819",2.8e-11
"33855","HISEQ13:138:C6FWNANXX:2:2310:4190:85750_1:136856736",2.8e-11
"33856","HISEQ13:138:C6FWNANXX:2:2313:18054:57909_1:141110650",2.8e-11
"33857","HISEQ13:138:C6FWNANXX:2:1101:1631:95908_1:1387457",2.8e-11
"33858","HISEQ13:138:C6FWNANXX:2:2102:17758:47322_1:76614821",2.8e-11
"33859","HISEQ13:138:C6FWNANXX:2:1308:21392:6595_1:60003268",2.8e-11
"33860","HISEQ13:138:C6FWNANXX:2:1210:13712:42986_1:38806841",2.8e-11
"33861","HISEQ13:138:C6FWNANXX:2:2315:4164:69935_1:144544093",2.8e-11
"33862","HISEQ13:138:C6FWNANXX:2:1214:7083:79961_1:45823195",2.8e-11
"33863","HISEQ13:138:C6FWNANXX:2:2114:9926:31180_1:94148091",2.8e-11
"33864","HISEQ13:138:C6FWNANXX:2:2305:6755:81499_1:129369764",2.8e-11
"33865","HISEQ13:138:C6FWNANXX:2:1302:4954:76466_1:52114651",2.8e-11
"33866","HISEQ13:138:C6FWNANXX:2:1105:17971:83230_1:7082661",2.8e-11
"33867","HISEQ13:138:C6FWNANXX:2:1108:10192:81790_1:11616219",2.8e-11
"33868","HISEQ13:138:C6FWNANXX:2:2109:2305:91776_1:87422500",2.8e-11
"33869","HISEQ13:138:C6FWNANXX:2:2310:4730:36932_1:136106401",2.8e-11
"33870","HISEQ13:138:C6FWNANXX:2:1201:12390:30324_1:25222493",2.8e-11
"33871","HISEQ13:138:C6FWNANXX:2:1116:1630:84553_1:24523413",2.8e-11
"33872","HISEQ13:138:C6FWNANXX:2:1105:5452:86837_1:7136975",2.8e-11
"33873","HISEQ13:138:C6FWNANXX:2:1204:10931:22720_1:29455937",2.8e-11
"33874","HISEQ13:138:C6FWNANXX:2:1104:3706:51956_1:5128760",2.8e-11
"33875","HISEQ13:138:C6FWNANXX:2:2106:1853:25328_1:81982692",2.8e-11
"33876","HISEQ13:138:C6FWNANXX:2:2213:6530:71082_1:117211740",2.8e-11
"33877","HISEQ13:138:C6FWNANXX:2:2313:7276:100267_1:141796816",2.8e-11
"33878","HISEQ13:138:C6FWNANXX:2:2114:8154:38340_1:94264328",2.8e-11
"33879","HISEQ13:138:C6FWNANXX:2:1209:2077:22602_1:36939676",2.8e-11
"33880","HISEQ13:138:C6FWNANXX:2:1206:11106:66168_1:33067339",2.8e-11
"33881","HISEQ13:138:C6FWNANXX:2:2107:9592:52766_1:83851398",2.8e-11
"33882","HISEQ13:138:C6FWNANXX:2:2105:1554:68685_1:81169553",2.8e-11
"33883","HISEQ13:138:C6FWNANXX:2:1114:3311:24936_1:20145682",2.8e-11
"33884","HISEQ13:138:C6FWNANXX:2:2309:20708:79382_1:135244967",2.8e-11
"33885","HISEQ13:138:C6FWNANXX:2:1216:6367:15916_1:48095063",2.8e-11
"33886","HISEQ13:138:C6FWNANXX:2:2108:21182:67741_1:85557218",2.8e-11
"33887","HISEQ13:138:C6FWNANXX:2:1207:10949:55355_1:34401213",2.8e-11
"33888","HISEQ13:138:C6FWNANXX:2:1308:8023:89592_1:61293986",2.8e-11
"33889","HISEQ13:138:C6FWNANXX:2:1310:8592:75167_1:64188866",2.8e-11
"33890","HISEQ13:138:C6FWNANXX:2:1116:12254:58215_1:24067876",2.8e-11
"33891","HISEQ13:138:C6FWNANXX:2:2205:13362:53985_1:104919884",2.8e-11
"33892","HISEQ13:138:C6FWNANXX:2:1211:3426:48491_1:40456813",2.9e-11
"33893","HISEQ13:138:C6FWNANXX:2:1312:11943:23701_1:66551795",2.9e-11
"33894","HISEQ13:138:C6FWNANXX:2:2114:1461:67410_1:94736008",2.9e-11
"33895","HISEQ13:138:C6FWNANXX:2:2115:13288:4827_1:95328067",2.9e-11
"33896","HISEQ13:138:C6FWNANXX:2:1209:18914:51955_1:37397698",2.9e-11
"33897","HISEQ13:138:C6FWNANXX:2:1216:20226:25892_1:48270623",2.9e-11
"33898","HISEQ13:138:C6FWNANXX:2:2113:15402:35370_1:92629227",2.9e-11
"33899","HISEQ13:138:C6FWNANXX:2:2205:13683:55734_1:104945242",2.9e-11
"33900","HISEQ13:138:C6FWNANXX:2:1204:6131:66085_1:30101603",2.9e-11
"33901","HISEQ13:138:C6FWNANXX:2:1303:6649:16723_1:52691752",2.9e-11
"33902","HISEQ13:138:C6FWNANXX:2:1308:20071:94948_1:61378211",2.9e-11
"33903","HISEQ13:138:C6FWNANXX:2:1215:9444:89670_1:47662461",2.9e-11
"33904","HISEQ13:138:C6FWNANXX:2:1316:20918:93010_1:74429583",2.9e-11
"33905","HISEQ13:138:C6FWNANXX:2:1113:2953:41129_1:18768712",2.9e-11
"33906","HISEQ13:138:C6FWNANXX:2:1203:12942:75690_1:28794295",2.9e-11
"33907","HISEQ13:138:C6FWNANXX:2:1204:9129:79061_1:30295462",2.9e-11
"33908","HISEQ13:138:C6FWNANXX:2:1301:5787:82002_1:50746442",2.9e-11
"33909","HISEQ13:138:C6FWNANXX:2:1303:3025:96917_1:53878857",2.9e-11
"33910","HISEQ13:138:C6FWNANXX:2:2316:2236:69235_1:146189656",2.9e-11
"33911","HISEQ13:138:C6FWNANXX:2:2302:12040:72167_1:124990560",2.9e-11
"33912","HISEQ13:138:C6FWNANXX:2:1206:13346:16497_1:32314462",2.9e-11
"33913","HISEQ13:138:C6FWNANXX:2:2108:15705:73044_1:85639286",2.9e-11
"33914","HISEQ13:138:C6FWNANXX:2:1113:3585:89722_1:19573761",2.9e-11
"33915","HISEQ13:138:C6FWNANXX:2:2315:5359:9028_1:143541768",2.9e-11
"33916","HISEQ13:138:C6FWNANXX:2:2114:5747:31853_1:94159174",2.9e-11
"33917","HISEQ13:138:C6FWNANXX:2:2215:8698:83068_1:120643073",2.9e-11
"33918","HISEQ13:138:C6FWNANXX:2:1104:13070:52314_1:5137991",2.9e-11
"33919","HISEQ13:138:C6FWNANXX:2:1304:18697:93288_1:55304540",2.9e-11
"33920","HISEQ13:138:C6FWNANXX:2:1109:8710:52213_1:12701751",2.9e-11
"33921","HISEQ13:138:C6FWNANXX:2:2116:11922:10300_1:97032744",2.9e-11
"33922","HISEQ13:138:C6FWNANXX:2:1314:6134:29633_1:69930315",2.9e-11
"33923","HISEQ13:138:C6FWNANXX:2:2204:1699:83274_1:103915829",2.9e-11
"33924","HISEQ13:138:C6FWNANXX:2:1111:10255:57316_1:15920514",2.9e-11
"33925","HISEQ13:138:C6FWNANXX:2:1208:19786:17265_1:35332179",2.9e-11
"33926","HISEQ13:138:C6FWNANXX:2:1302:15127:96429_1:52411460",2.9e-11
"33927","HISEQ13:138:C6FWNANXX:2:2307:11235:90192_1:132413873",2.9e-11
"33928","HISEQ13:138:C6FWNANXX:2:1208:6062:69105_1:36127555",2.9e-11
"33929","HISEQ13:138:C6FWNANXX:2:1306:2297:34835_1:57401956",2.9e-11
"33930","HISEQ13:138:C6FWNANXX:2:1315:15604:92036_1:72688731",2.9e-11
"33931","HISEQ13:138:C6FWNANXX:2:1315:11614:42474_1:71829616",2.9e-11
"33932","HISEQ13:138:C6FWNANXX:2:1205:9270:91054_1:31952119",2.9e-11
"33933","HISEQ13:138:C6FWNANXX:2:1302:14204:32976_1:51475562",2.9e-11
"33934","HISEQ13:138:C6FWNANXX:2:1311:18349:4471_1:64634602",2.9e-11
"33935","HISEQ13:138:C6FWNANXX:2:1312:16953:54590_1:67057950",2.9e-11
"33936","HISEQ13:138:C6FWNANXX:2:2206:15727:54029_1:106363089",2.9e-11
"33937","HISEQ13:138:C6FWNANXX:2:2302:1580:97824_1:125355282",2.9e-11
"33938","HISEQ13:138:C6FWNANXX:2:2316:16420:90063_1:146547319",2.9e-11
"33939","HISEQ13:138:C6FWNANXX:2:1101:5775:90070_1:1303107",2.9e-11
"33940","HISEQ13:138:C6FWNANXX:2:1203:6718:69119_1:28696749",2.9e-11
"33941","HISEQ13:138:C6FWNANXX:2:1205:9072:67665_1:31599087",2.9e-11
"33942","HISEQ13:138:C6FWNANXX:2:1309:11757:70212_1:62545455",2.9e-11
"33943","HISEQ13:138:C6FWNANXX:2:2116:17401:58214_1:97823327",2.9e-11
"33944","HISEQ13:138:C6FWNANXX:2:2116:12576:61222_1:97871047",2.9e-11
"33945","HISEQ13:138:C6FWNANXX:2:2104:18139:54870_1:79545221",2.9e-11
"33946","HISEQ13:138:C6FWNANXX:2:2204:14490:26040_1:103096250",2.9e-11
"33947","HISEQ13:138:C6FWNANXX:2:2109:7860:21977_1:86359388",2.9e-11
"33948","HISEQ13:138:C6FWNANXX:2:1310:7073:97608_1:64543963",2.9e-11
"33949","HISEQ13:138:C6FWNANXX:2:1313:12937:92490_1:69322417",2.9e-11
"33950","HISEQ13:138:C6FWNANXX:2:2305:10104:12133_1:128364816",2.9e-11
"33951","HISEQ13:138:C6FWNANXX:2:2306:2647:12639_1:129806843",2.9e-11
"33952","HISEQ13:138:C6FWNANXX:2:2307:5183:5485_1:131155435",2.9e-11
"33953","HISEQ13:138:C6FWNANXX:2:1201:14030:18003_1:25043020",2.9e-11
"33954","HISEQ13:138:C6FWNANXX:2:1211:16050:99199_1:41279812",2.9e-11
"33955","HISEQ13:138:C6FWNANXX:2:2108:6755:63493_1:85490021",2.9e-11
"33956","HISEQ13:138:C6FWNANXX:2:2308:18302:7781_1:132662067",2.9e-11
"33957","HISEQ13:138:C6FWNANXX:2:1204:17573:47342_1:29825326",2.9e-11
"33958","HISEQ13:138:C6FWNANXX:2:2101:15955:41957_1:75131961",2.9e-11
"33959","HISEQ13:138:C6FWNANXX:2:2114:14475:15549_1:93897631",2.9e-11
"33960","HISEQ13:138:C6FWNANXX:2:2116:3316:74015_1:98082060",2.9e-11
"33961","HISEQ13:138:C6FWNANXX:2:2312:6083:78667_1:139852913",2.9e-11
"33962","HISEQ13:138:C6FWNANXX:2:2314:10239:31499_1:142281766",2.9e-11
"33963","HISEQ13:138:C6FWNANXX:2:2304:17405:22356_1:127094606",2.9e-11
"33964","HISEQ13:138:C6FWNANXX:2:2216:19707:98140_1:122561589",2.9e-11
"33965","HISEQ13:138:C6FWNANXX:2:1107:18700:53403_1:9646616",2.9e-11
"33966","HISEQ13:138:C6FWNANXX:2:2213:16079:21171_1:116410396",2.9e-11
"33967","HISEQ13:138:C6FWNANXX:2:1112:8175:97902_1:18076964",2.9e-11
"33968","HISEQ13:138:C6FWNANXX:2:1114:20997:53806_1:20635445",2.9e-11
"33969","HISEQ13:138:C6FWNANXX:2:2101:15110:86786_1:75771365",2.9e-11
"33970","HISEQ13:138:C6FWNANXX:2:2209:16752:37213_1:110525143",2.9e-11
"33971","HISEQ13:138:C6FWNANXX:2:1111:12726:72186_1:16172792",2.9e-11
"33972","HISEQ13:138:C6FWNANXX:2:1203:16086:4003_1:27742675",2.9e-11
"33973","HISEQ13:138:C6FWNANXX:2:1305:10912:24663_1:55754632",2.9e-11
"33974","HISEQ13:138:C6FWNANXX:2:2112:14981:38802_1:91121193",2.9e-11
"33975","HISEQ13:138:C6FWNANXX:2:2307:8310:69555_1:132108638",2.9e-11
"33976","HISEQ13:138:C6FWNANXX:2:2316:6922:20547_1:145370943",2.9e-11
"33977","HISEQ13:138:C6FWNANXX:2:1109:5048:11682_1:12063579",3e-11
"33978","HISEQ13:138:C6FWNANXX:2:2110:4160:12515_1:87721353",3e-11
"33979","HISEQ13:138:C6FWNANXX:2:1101:18183:53139_1:758202",3e-11
"33980","HISEQ13:138:C6FWNANXX:2:1107:3228:92599_1:10245415",3e-11
"33981","HISEQ13:138:C6FWNANXX:2:1314:9303:78749_1:70763834",3e-11
"33982","HISEQ13:138:C6FWNANXX:2:2113:16484:20735_1:92395184",3e-11
"33983","HISEQ13:138:C6FWNANXX:2:2208:7730:12926_1:108669860",3e-11
"33984","HISEQ13:138:C6FWNANXX:2:2309:17929:79314_1:135244418",3e-11
"33985","HISEQ13:138:C6FWNANXX:2:1201:1914:17591_1:25033330",3e-11
"33986","HISEQ13:138:C6FWNANXX:2:2213:16617:42507_1:116754623",3e-11
"33987","HISEQ13:138:C6FWNANXX:2:2215:17705:2130_1:119309518",3e-11
"33988","HISEQ13:138:C6FWNANXX:2:2111:4850:31627_1:89525526",3e-11
"33989","HISEQ13:138:C6FWNANXX:2:1202:11758:58716_1:27090084",3e-11
"33990","HISEQ13:138:C6FWNANXX:2:1205:1688:85935_1:31871652",3e-11
"33991","HISEQ13:138:C6FWNANXX:2:1312:20542:62748_1:67190557",3e-11
"33992","HISEQ13:138:C6FWNANXX:2:1313:5861:72335_1:68986653",3e-11
"33993","HISEQ13:138:C6FWNANXX:2:1305:13740:31022_1:55851982",3e-11
"33994","HISEQ13:138:C6FWNANXX:2:2111:9721:6172_1:89130532",3e-11
"33995","HISEQ13:138:C6FWNANXX:2:2207:4882:12556_1:107204439",3e-11
"33996","HISEQ13:138:C6FWNANXX:2:2209:13297:29050_1:110403908",3e-11
"33997","HISEQ13:138:C6FWNANXX:2:2209:1771:86525_1:111274969",3e-11
"33998","HISEQ13:138:C6FWNANXX:2:2109:15508:37583_1:86599018",3e-11
"33999","HISEQ13:138:C6FWNANXX:2:1115:6536:50545_1:22246796",3e-11
"34000","HISEQ13:138:C6FWNANXX:2:2301:2929:58458_1:123399610",3e-11
"34001","HISEQ13:138:C6FWNANXX:2:1215:18127:22027_1:46519486",3e-11
"34002","HISEQ13:138:C6FWNANXX:2:1114:9941:16352_1:20004439",3e-11
"34003","HISEQ13:138:C6FWNANXX:2:2108:5621:15283_1:84767272",3e-11
"34004","HISEQ13:138:C6FWNANXX:2:2115:21200:28661_1:95716874",3e-11
"34005","HISEQ13:138:C6FWNANXX:2:1106:10410:100329_1:8849072",3e-11
"34006","HISEQ13:138:C6FWNANXX:2:1211:17446:31608_1:40190546",3e-11
"34007","HISEQ13:138:C6FWNANXX:2:2215:15405:10712_1:119448479",3e-11
"34008","HISEQ13:138:C6FWNANXX:2:2205:13893:9844_1:104282697",3e-11
"34009","HISEQ13:138:C6FWNANXX:2:2204:15774:18768_1:102992390",3e-11
"34010","HISEQ13:138:C6FWNANXX:2:1109:14538:90534_1:13312582",3e-11
"34011","HISEQ13:138:C6FWNANXX:2:1306:15047:30347_1:57336482",3e-11
"34012","HISEQ13:138:C6FWNANXX:2:2106:14938:79804_1:82787404",3e-11
"34013","HISEQ13:138:C6FWNANXX:2:1102:8787:75803_1:2551292",3e-11
"34014","HISEQ13:138:C6FWNANXX:2:2211:9799:43292_1:113645335",3.1e-11
"34015","HISEQ13:138:C6FWNANXX:2:1212:20911:96968_1:42821549",3.1e-11
"34016","HISEQ13:138:C6FWNANXX:2:1111:12278:69565_1:16129272",3.1e-11
"34017","HISEQ13:138:C6FWNANXX:2:2301:9869:64269_1:123485585",3.1e-11
"34018","HISEQ13:138:C6FWNANXX:2:1113:8382:62033_1:19116656",3.1e-11
"34019","HISEQ13:138:C6FWNANXX:2:2306:12137:68013_1:130626072",3.1e-11
"34020","HISEQ13:138:C6FWNANXX:2:2213:10419:56291_1:116975075",3.1e-11
"34021","HISEQ13:138:C6FWNANXX:2:1311:1400:38371_1:65177907",3.1e-11
"34022","HISEQ13:138:C6FWNANXX:2:2115:10451:82472_1:96588819",3.1e-11
"34023","HISEQ13:138:C6FWNANXX:2:2312:11295:10292_1:138772637",3.1e-11
"34024","HISEQ13:138:C6FWNANXX:2:2113:11879:72275_1:93220788",3.1e-11
"34025","HISEQ13:138:C6FWNANXX:2:2310:5175:22706_1:135886820",3.1e-11
"34026","HISEQ13:138:C6FWNANXX:2:1102:4529:43834_1:2078204",3.1e-11
"34027","HISEQ13:138:C6FWNANXX:2:1114:18506:15712_1:19993721",3.1e-11
"34028","HISEQ13:138:C6FWNANXX:2:1208:18338:49012_1:35819570",3.1e-11
"34029","HISEQ13:138:C6FWNANXX:2:1310:18309:6684_1:63104128",3.1e-11
"34030","HISEQ13:138:C6FWNANXX:2:1313:7066:85780_1:69212862",3.1e-11
"34031","HISEQ13:138:C6FWNANXX:2:2201:12282:3457_1:98545196",3.1e-11
"34032","HISEQ13:138:C6FWNANXX:2:1211:6439:11501_1:39866828",3.1e-11
"34033","HISEQ13:138:C6FWNANXX:2:2309:19652:50318_1:134799120",3.1e-11
"34034","HISEQ13:138:C6FWNANXX:2:1203:7833:35876_1:28208702",3.1e-11
"34035","HISEQ13:138:C6FWNANXX:2:1215:11393:53871_1:47056125",3.1e-11
"34036","HISEQ13:138:C6FWNANXX:2:2201:6456:79440_1:99627928",3.1e-11
"34037","HISEQ13:138:C6FWNANXX:2:2303:6808:12637_1:125548482",3.1e-11
"34038","HISEQ13:138:C6FWNANXX:2:1213:18940:75371_1:44096299",3.1e-11
"34039","HISEQ13:138:C6FWNANXX:2:2108:19220:67434_1:85552918",3.1e-11
"34040","HISEQ13:138:C6FWNANXX:2:1204:16073:14407_1:29336497",3.1e-11
"34041","HISEQ13:138:C6FWNANXX:2:1210:1358:69604_1:39221603",3.1e-11
"34042","HISEQ13:138:C6FWNANXX:2:1212:3239:3720_1:41332152",3.1e-11
"34043","HISEQ13:138:C6FWNANXX:2:1216:10520:99961_1:49550939",3.1e-11
"34044","HISEQ13:138:C6FWNANXX:2:2104:16999:22746_1:79081019",3.1e-11
"34045","HISEQ13:138:C6FWNANXX:2:2211:13937:60382_1:113912421",3.1e-11
"34046","HISEQ13:138:C6FWNANXX:2:2316:3445:44092_1:145767400",3.1e-11
"34047","HISEQ13:138:C6FWNANXX:2:1308:14019:16730_1:60156418",3.1e-11
"34048","HISEQ13:138:C6FWNANXX:2:1303:3832:42606_1:53076476",3.1e-11
"34049","HISEQ13:138:C6FWNANXX:2:2101:17215:19807_1:74817469",3.1e-11
"34050","HISEQ13:138:C6FWNANXX:2:1314:11654:31838_1:69969434",3.1e-11
"34051","HISEQ13:138:C6FWNANXX:2:2114:17614:89770_1:95104019",3.1e-11
"34052","HISEQ13:138:C6FWNANXX:2:2205:20588:80223_1:105299704",3.1e-11
"34053","HISEQ13:138:C6FWNANXX:2:1101:6975:30161_1:416488",3.1e-11
"34054","HISEQ13:138:C6FWNANXX:2:1109:17049:38210_1:12482742",3.1e-11
"34055","HISEQ13:138:C6FWNANXX:2:2116:4453:48997_1:97668824",3.1e-11
"34056","HISEQ13:138:C6FWNANXX:2:2302:11950:77214_1:125062288",3.1e-11
"34057","HISEQ13:138:C6FWNANXX:2:2203:16909:25849_1:101683532",3.1e-11
"34058","HISEQ13:138:C6FWNANXX:2:1205:19475:61136_1:31503984",3.1e-11
"34059","HISEQ13:138:C6FWNANXX:2:1113:6702:5592_1:18186042",3.1e-11
"34060","HISEQ13:138:C6FWNANXX:2:1201:1366:83380_1:26000487",3.1e-11
"34061","HISEQ13:138:C6FWNANXX:2:1215:12522:27750_1:46616862",3.1e-11
"34062","HISEQ13:138:C6FWNANXX:2:2315:17223:70426_1:144554842",3.1e-11
"34063","HISEQ13:138:C6FWNANXX:2:1205:10797:69927_1:31633196",3.1e-11
"34064","HISEQ13:138:C6FWNANXX:2:1215:13523:14575_1:46391630",3.1e-11
"34065","HISEQ13:138:C6FWNANXX:2:2209:18078:17597_1:110230056",3.1e-11
"34066","HISEQ13:138:C6FWNANXX:2:2307:2017:68377_1:132089072",3.1e-11
"34067","HISEQ13:138:C6FWNANXX:2:1113:16631:21565_1:18451234",3.1e-11
"34068","HISEQ13:138:C6FWNANXX:2:1205:16554:93651_1:31990565",3.1e-11
"34069","HISEQ13:138:C6FWNANXX:2:1316:14168:75515_1:74124624",3.2e-11
"34070","HISEQ13:138:C6FWNANXX:2:2111:4581:82506_1:90351216",3.2e-11
"34071","HISEQ13:138:C6FWNANXX:2:1201:5634:53995_1:25567170",3.2e-11
"34072","HISEQ13:138:C6FWNANXX:2:2314:9053:39350_1:142413167",3.2e-11
"34073","HISEQ13:138:C6FWNANXX:2:2311:4483:18744_1:137345459",3.2e-11
"34074","HISEQ13:138:C6FWNANXX:2:2209:8115:32954_1:110459207",3.2e-11
"34075","HISEQ13:138:C6FWNANXX:2:1106:13442:64181_1:8298049",3.2e-11
"34076","HISEQ13:138:C6FWNANXX:2:1306:10380:52176_1:57666285",3.2e-11
"34077","HISEQ13:138:C6FWNANXX:2:2314:2049:42433_1:142460932",3.2e-11
"34078","HISEQ13:138:C6FWNANXX:2:2304:13141:57956_1:127602797",3.2e-11
"34079","HISEQ13:138:C6FWNANXX:2:2216:14867:26295_1:121346185",3.2e-11
"34080","HISEQ13:138:C6FWNANXX:2:1313:9637:11595_1:67976906",3.2e-11
"34081","HISEQ13:138:C6FWNANXX:2:1109:21405:97299_1:13420878",3.2e-11
"34082","HISEQ13:138:C6FWNANXX:2:2301:18148:95694_1:123928913",3.2e-11
"34083","HISEQ13:138:C6FWNANXX:2:1208:9368:39680_1:35671533",3.2e-11
"34084","HISEQ13:138:C6FWNANXX:2:2301:16813:57445_1:123388093",3.2e-11
"34085","HISEQ13:138:C6FWNANXX:2:1105:13351:87668_1:7149929",3.2e-11
"34086","HISEQ13:138:C6FWNANXX:2:1208:4861:31706_1:35548254",3.2e-11
"34087","HISEQ13:138:C6FWNANXX:2:1310:17889:90284_1:64432081",3.2e-11
"34088","HISEQ13:138:C6FWNANXX:2:2102:6850:68394_1:76910488",3.2e-11
"34089","HISEQ13:138:C6FWNANXX:2:2103:19028:86151_1:78573718",3.2e-11
"34090","HISEQ13:138:C6FWNANXX:2:2211:7381:70648_1:114070595",3.2e-11
"34091","HISEQ13:138:C6FWNANXX:2:1108:3987:65948_1:11363425",3.2e-11
"34092","HISEQ13:138:C6FWNANXX:2:2116:5741:40997_1:97537487",3.2e-11
"34093","HISEQ13:138:C6FWNANXX:2:1305:4651:79674_1:56580532",3.2e-11
"34094","HISEQ13:138:C6FWNANXX:2:2102:13280:82839_1:77120059",3.2e-11
"34095","HISEQ13:138:C6FWNANXX:2:2205:14721:100470_1:105593357",3.2e-11
"34096","HISEQ13:138:C6FWNANXX:2:2309:15577:66927_1:135052196",3.2e-11
"34097","HISEQ13:138:C6FWNANXX:2:2310:10667:35456_1:136084476",3.2e-11
"34098","HISEQ13:138:C6FWNANXX:2:1212:19914:97029_1:42825498",3.2e-11
"34099","HISEQ13:138:C6FWNANXX:2:1312:19055:86137_1:67576992",3.2e-11
"34100","HISEQ13:138:C6FWNANXX:2:2108:7289:21505_1:84860649",3.2e-11
"34101","HISEQ13:138:C6FWNANXX:2:2111:14849:100157_1:90664664",3.2e-11
"34102","HISEQ13:138:C6FWNANXX:2:2208:7138:29391_1:108916468",3.2e-11
"34103","HISEQ13:138:C6FWNANXX:2:1102:19612:21779_1:1758211",3.2e-11
"34104","HISEQ13:138:C6FWNANXX:2:1109:15469:63471_1:12881775",3.2e-11
"34105","HISEQ13:138:C6FWNANXX:2:1115:9226:48647_1:22213076",3.2e-11
"34106","HISEQ13:138:C6FWNANXX:2:2216:10942:25102_1:121324312",3.2e-11
"34107","HISEQ13:138:C6FWNANXX:2:1201:20843:70757_1:25820304",3.2e-11
"34108","HISEQ13:138:C6FWNANXX:2:1206:20269:46469_1:32769723",3.2e-11
"34109","HISEQ13:138:C6FWNANXX:2:1215:17259:54455_1:47066009",3.2e-11
"34110","HISEQ13:138:C6FWNANXX:2:2102:19505:15862_1:76167947",3.2e-11
"34111","HISEQ13:138:C6FWNANXX:2:2310:5364:26617_1:135948721",3.2e-11
"34112","HISEQ13:138:C6FWNANXX:2:1209:6532:78124_1:37806057",3.2e-11
"34113","HISEQ13:138:C6FWNANXX:2:2115:12671:21777_1:95605316",3.2e-11
"34114","HISEQ13:138:C6FWNANXX:2:1207:3336:8319_1:33687666",3.2e-11
"34115","HISEQ13:138:C6FWNANXX:2:1216:11761:59783_1:48856788",3.2e-11
"34116","HISEQ13:138:C6FWNANXX:2:1216:5914:34430_1:48414046",3.2e-11
"34117","HISEQ13:138:C6FWNANXX:2:2115:9551:75311_1:96474174",3.2e-11
"34118","HISEQ13:138:C6FWNANXX:2:2116:19874:83881_1:98247302",3.2e-11
"34119","HISEQ13:138:C6FWNANXX:2:2209:19112:78426_1:111152225",3.2e-11
"34120","HISEQ13:138:C6FWNANXX:2:2312:5720:13735_1:138822960",3.2e-11
"34121","HISEQ13:138:C6FWNANXX:2:1214:5814:79363_1:45814454",3.2e-11
"34122","HISEQ13:138:C6FWNANXX:2:2208:13239:8224_1:108600524",3.2e-11
"34123","HISEQ13:138:C6FWNANXX:2:2101:13886:26784_1:74917398",3.2e-11
"34124","HISEQ13:138:C6FWNANXX:2:1202:16167:70263_1:27263808",3.2e-11
"34125","HISEQ13:138:C6FWNANXX:2:2304:8293:5639_1:126851463",3.2e-11
"34126","HISEQ13:138:C6FWNANXX:2:2205:11193:77534_1:105261693",3.2e-11
"34127","HISEQ13:138:C6FWNANXX:2:2114:8514:86839_1:95053137",3.2e-11
"34128","HISEQ13:138:C6FWNANXX:2:1307:12873:34116_1:58903566",3.2e-11
"34129","HISEQ13:138:C6FWNANXX:2:1309:14541:40523_1:62078412",3.2e-11
"34130","HISEQ13:138:C6FWNANXX:2:2202:11125:75700_1:100981043",3.2e-11
"34131","HISEQ13:138:C6FWNANXX:2:1207:14129:44043_1:34230622",3.2e-11
"34132","HISEQ13:138:C6FWNANXX:2:2213:7783:47425_1:116828500",3.2e-11
"34133","HISEQ13:138:C6FWNANXX:2:1304:3268:65301_1:54883176",3.2e-11
"34134","HISEQ13:138:C6FWNANXX:2:2102:19230:17414_1:76188862",3.2e-11
"34135","HISEQ13:138:C6FWNANXX:2:2113:17637:26147_1:92482198",3.2e-11
"34136","HISEQ13:138:C6FWNANXX:2:2212:2055:20119_1:114820979",3.2e-11
"34137","HISEQ13:138:C6FWNANXX:2:1205:18541:52245_1:31370005",3.2e-11
"34138","HISEQ13:138:C6FWNANXX:2:1306:2570:34035_1:57390921",3.2e-11
"34139","HISEQ13:138:C6FWNANXX:2:2207:3047:16581_1:107263089",3.2e-11
"34140","HISEQ13:138:C6FWNANXX:2:1105:8056:84026_1:7095774",3.2e-11
"34141","HISEQ13:138:C6FWNANXX:2:2303:15354:3286_1:125418080",3.2e-11
"34142","HISEQ13:138:C6FWNANXX:2:1111:9393:16994_1:15270092",3.3e-11
"34143","HISEQ13:138:C6FWNANXX:2:2103:4349:33308_1:77822352",3.3e-11
"34144","HISEQ13:138:C6FWNANXX:2:2115:7770:60011_1:96225823",3.3e-11
"34145","HISEQ13:138:C6FWNANXX:2:2304:15482:76472_1:127868063",3.3e-11
"34146","HISEQ13:138:C6FWNANXX:2:1113:17996:44281_1:18825295",3.3e-11
"34147","HISEQ13:138:C6FWNANXX:2:2201:13629:81773_1:99664659",3.3e-11
"34148","HISEQ13:138:C6FWNANXX:2:2201:5535:98720_1:99900633",3.3e-11
"34149","HISEQ13:138:C6FWNANXX:2:1203:11685:55039_1:28491279",3.3e-11
"34150","HISEQ13:138:C6FWNANXX:2:1202:15763:90120_1:27553361",3.3e-11
"34151","HISEQ13:138:C6FWNANXX:2:2211:15134:78848_1:114201180",3.3e-11
"34152","HISEQ13:138:C6FWNANXX:2:2212:11145:44841_1:115214309",3.3e-11
"34153","HISEQ13:138:C6FWNANXX:2:2304:10072:82191_1:127949252",3.3e-11
"34154","HISEQ13:138:C6FWNANXX:2:2309:5158:82911_1:135295552",3.3e-11
"34155","HISEQ13:138:C6FWNANXX:2:2314:2418:93193_1:143297355",3.3e-11
"34156","HISEQ13:138:C6FWNANXX:2:2209:20684:49236_1:110707654",3.3e-11
"34157","HISEQ13:138:C6FWNANXX:2:1202:7256:76704_1:27353868",3.3e-11
"34158","HISEQ13:138:C6FWNANXX:2:1111:18086:61593_1:15993309",3.3e-11
"34159","HISEQ13:138:C6FWNANXX:2:2210:7560:96148_1:112927668",3.3e-11
"34160","HISEQ13:138:C6FWNANXX:2:1103:2290:83746_1:4131183",3.3e-11
"34161","HISEQ13:138:C6FWNANXX:2:2302:4119:58053_1:124791154",3.3e-11
"34162","HISEQ13:138:C6FWNANXX:2:1107:19246:80519_1:10064104",3.3e-11
"34163","HISEQ13:138:C6FWNANXX:2:1302:14921:4886_1:51064284",3.3e-11
"34164","HISEQ13:138:C6FWNANXX:2:1301:12530:38377_1:50105005",3.3e-11
"34165","HISEQ13:138:C6FWNANXX:2:2116:17392:75451_1:98105392",3.3e-11
"34166","HISEQ13:138:C6FWNANXX:2:1309:8248:62684_1:62425537",3.3e-11
"34167","HISEQ13:138:C6FWNANXX:2:2208:17157:37289_1:109037566",3.3e-11
"34168","HISEQ13:138:C6FWNANXX:2:1106:11070:24072_1:7687291",3.3e-11
"34169","HISEQ13:138:C6FWNANXX:2:1209:14369:75136_1:37760948",3.3e-11
"34170","HISEQ13:138:C6FWNANXX:2:2102:4027:70882_1:76945665",3.3e-11
"34171","HISEQ13:138:C6FWNANXX:2:2106:8075:71228_1:82658129",3.3e-11
"34172","HISEQ13:138:C6FWNANXX:2:1306:4867:15518_1:57108787",3.3e-11
"34173","HISEQ13:138:C6FWNANXX:2:1114:10153:98447_1:21383014",3.3e-11
"34174","HISEQ13:138:C6FWNANXX:2:1110:13940:14966_1:13677849",3.3e-11
"34175","HISEQ13:138:C6FWNANXX:2:2111:19929:74196_1:90210020",3.3e-11
"34176","HISEQ13:138:C6FWNANXX:2:2106:2034:14736_1:81825358",3.3e-11
"34177","HISEQ13:138:C6FWNANXX:2:2215:13486:100146_1:120926595",3.3e-11
"34178","HISEQ13:138:C6FWNANXX:2:1112:17242:50938_1:17310944",3.3e-11
"34179","HISEQ13:138:C6FWNANXX:2:1315:5052:78844_1:72455459",3.3e-11
"34180","HISEQ13:138:C6FWNANXX:2:1209:17740:42217_1:37245053",3.3e-11
"34181","HISEQ13:138:C6FWNANXX:2:1309:17414:27235_1:61866029",3.3e-11
"34182","HISEQ13:138:C6FWNANXX:2:2313:2570:99719_1:141783436",3.3e-11
"34183","HISEQ13:138:C6FWNANXX:2:2307:8625:29375_1:131511451",3.3e-11
"34184","HISEQ13:138:C6FWNANXX:2:2207:8828:97917_1:108464795",3.3e-11
"34185","HISEQ13:138:C6FWNANXX:2:1205:10879:92158_1:31967381",3.3e-11
"34186","HISEQ13:138:C6FWNANXX:2:2103:17307:84065_1:78544729",3.3e-11
"34187","HISEQ13:138:C6FWNANXX:2:1303:11705:41135_1:53056016",3.3e-11
"34188","HISEQ13:138:C6FWNANXX:2:1313:2732:73352_1:69002848",3.3e-11
"34189","HISEQ13:138:C6FWNANXX:2:2104:12009:95008_1:80123254",3.3e-11
"34190","HISEQ13:138:C6FWNANXX:2:2210:14999:80459_1:112688277",3.3e-11
"34191","HISEQ13:138:C6FWNANXX:2:2207:5665:84764_1:108271948",3.3e-11
"34192","HISEQ13:138:C6FWNANXX:2:1203:2114:63515_1:28614953",3.3e-11
"34193","HISEQ13:138:C6FWNANXX:2:1302:8351:19600_1:51280690",3.3e-11
"34194","HISEQ13:138:C6FWNANXX:2:2107:8118:22968_1:83405856",3.3e-11
"34195","HISEQ13:138:C6FWNANXX:2:2108:19554:98895_1:86029278",3.3e-11
"34196","HISEQ13:138:C6FWNANXX:2:2108:3796:64772_1:85512103",3.3e-11
"34197","HISEQ13:138:C6FWNANXX:2:2315:20393:27419_1:143846932",3.3e-11
"34198","HISEQ13:138:C6FWNANXX:2:1109:7505:54378_1:12737433",3.3e-11
"34199","HISEQ13:138:C6FWNANXX:2:1301:16094:85613_1:50799488",3.4e-11
"34200","HISEQ13:138:C6FWNANXX:2:1306:11670:68988_1:57923153",3.4e-11
"34201","HISEQ13:138:C6FWNANXX:2:2108:20761:17751_1:84807379",3.4e-11
"34202","HISEQ13:138:C6FWNANXX:2:2315:4151:26648_1:143831092",3.4e-11
"34203","HISEQ13:138:C6FWNANXX:2:2304:4406:98817_1:128189760",3.4e-11
"34204","HISEQ13:138:C6FWNANXX:2:2307:9431:44577_1:131737489",3.4e-11
"34205","HISEQ13:138:C6FWNANXX:2:1107:3775:85077_1:10130331",3.4e-11
"34206","HISEQ13:138:C6FWNANXX:2:2110:19409:39396_1:88133248",3.4e-11
"34207","HISEQ13:138:C6FWNANXX:2:2111:3525:67778_1:90102044",3.4e-11
"34208","HISEQ13:138:C6FWNANXX:2:1311:9507:28011_1:65014374",3.4e-11
"34209","HISEQ13:138:C6FWNANXX:2:1303:15403:32709_1:52930367",3.4e-11
"34210","HISEQ13:138:C6FWNANXX:2:1310:17824:99812_1:64580850",3.4e-11
"34211","HISEQ13:138:C6FWNANXX:2:2107:8724:21872_1:83391084",3.4e-11
"34212","HISEQ13:138:C6FWNANXX:2:1213:20806:69747_1:44001609",3.4e-11
"34213","HISEQ13:138:C6FWNANXX:2:2108:17302:7059_1:84645840",3.4e-11
"34214","HISEQ13:138:C6FWNANXX:2:2208:14018:98592_1:109960345",3.4e-11
"34215","HISEQ13:138:C6FWNANXX:2:2307:9534:15786_1:131311263",3.4e-11
"34216","HISEQ13:138:C6FWNANXX:2:1308:17630:73063_1:61035512",3.4e-11
"34217","HISEQ13:138:C6FWNANXX:2:1304:19433:54940_1:54728949",3.4e-11
"34218","HISEQ13:138:C6FWNANXX:2:1308:2219:59568_1:60821593",3.4e-11
"34219","HISEQ13:138:C6FWNANXX:2:1101:4015:30577_1:423377",3.4e-11
"34220","HISEQ13:138:C6FWNANXX:2:1113:14889:12874_1:18307389",3.4e-11
"34221","HISEQ13:138:C6FWNANXX:2:1314:3799:98831_1:71107270",3.4e-11
"34222","HISEQ13:138:C6FWNANXX:2:2301:19179:25530_1:122941197",3.4e-11
"34223","HISEQ13:138:C6FWNANXX:2:2302:12783:21773_1:124283143",3.4e-11
"34224","HISEQ13:138:C6FWNANXX:2:2313:19941:19696_1:140492055",3.4e-11
"34225","HISEQ13:138:C6FWNANXX:2:1105:1863:18756_1:6115200",3.4e-11
"34226","HISEQ13:138:C6FWNANXX:2:2214:9650:43333_1:118364895",3.4e-11
"34227","HISEQ13:138:C6FWNANXX:2:2313:13317:39679_1:140813971",3.4e-11
"34228","HISEQ13:138:C6FWNANXX:2:1215:4576:41979_1:46852065",3.4e-11
"34229","HISEQ13:138:C6FWNANXX:2:1112:10481:77034_1:17737115",3.4e-11
"34230","HISEQ13:138:C6FWNANXX:2:1215:18199:45495_1:46913675",3.4e-11
"34231","HISEQ13:138:C6FWNANXX:2:1308:7944:26090_1:60302051",3.4e-11
"34232","HISEQ13:138:C6FWNANXX:2:2310:17907:59879_1:136463662",3.4e-11
"34233","HISEQ13:138:C6FWNANXX:2:2205:4245:84021_1:105355097",3.4e-11
"34234","HISEQ13:138:C6FWNANXX:2:1111:8768:46314_1:15740855",3.4e-11
"34235","HISEQ13:138:C6FWNANXX:2:2203:5238:34946_1:101809968",3.4e-11
"34236","HISEQ13:138:C6FWNANXX:2:1203:16968:69110_1:28698550",3.4e-11
"34237","HISEQ13:138:C6FWNANXX:2:2212:11635:10826_1:114683517",3.4e-11
"34238","HISEQ13:138:C6FWNANXX:2:1204:4806:66566_1:30108834",3.5e-11
"34239","HISEQ13:138:C6FWNANXX:2:2212:1868:96071_1:116027110",3.5e-11
"34240","HISEQ13:138:C6FWNANXX:2:1102:19698:90442_1:2768434",3.5e-11
"34241","HISEQ13:138:C6FWNANXX:2:2211:17898:9064_1:113112211",3.5e-11
"34242","HISEQ13:138:C6FWNANXX:2:2302:4134:9178_1:124100455",3.5e-11
"34243","HISEQ13:138:C6FWNANXX:2:2207:8828:97917_1:108464796",3.5e-11
"34244","HISEQ13:138:C6FWNANXX:2:1114:3858:63297_1:20791964",3.5e-11
"34245","HISEQ13:138:C6FWNANXX:2:1212:7212:70272_1:42383566",3.5e-11
"34246","HISEQ13:138:C6FWNANXX:2:1303:15000:41973_1:53067742",3.5e-11
"34247","HISEQ13:138:C6FWNANXX:2:1304:9745:10007_1:54059781",3.5e-11
"34248","HISEQ13:138:C6FWNANXX:2:1316:15789:85236_1:74291008",3.5e-11
"34249","HISEQ13:138:C6FWNANXX:2:2101:15553:52130_1:75277400",3.5e-11
"34250","HISEQ13:138:C6FWNANXX:2:2113:14281:88750_1:93482089",3.5e-11
"34251","HISEQ13:138:C6FWNANXX:2:1204:2229:68660_1:30138211",3.5e-11
"34252","HISEQ13:138:C6FWNANXX:2:1307:20555:63137_1:59351918",3.5e-11
"34253","HISEQ13:138:C6FWNANXX:2:1304:1591:80272_1:55106401",3.5e-11
"34254","HISEQ13:138:C6FWNANXX:2:1314:2495:9581_1:69590523",3.5e-11
"34255","HISEQ13:138:C6FWNANXX:2:2116:20821:54224_1:97758030",3.5e-11
"34256","HISEQ13:138:C6FWNANXX:2:2311:15846:47855_1:137805158",3.5e-11
"34257","HISEQ13:138:C6FWNANXX:2:1213:18300:41776_1:43541687",3.5e-11
"34258","HISEQ13:138:C6FWNANXX:2:1302:5690:73045_1:52065973",3.5e-11
"34259","HISEQ13:138:C6FWNANXX:2:1314:13023:19657_1:69761943",3.5e-11
"34260","HISEQ13:138:C6FWNANXX:2:1316:1765:46675_1:73613723",3.5e-11
"34261","HISEQ13:138:C6FWNANXX:2:2116:6518:15487_1:97114658",3.5e-11
"34262","HISEQ13:138:C6FWNANXX:2:1111:2205:65384_1:16054095",3.5e-11
"34263","HISEQ13:138:C6FWNANXX:2:2304:1520:91441_1:128080861",3.5e-11
"34264","HISEQ13:138:C6FWNANXX:2:1204:16465:72827_1:30204447",3.5e-11
"34265","HISEQ13:138:C6FWNANXX:2:2311:6592:66312_1:138093994",3.5e-11
"34266","HISEQ13:138:C6FWNANXX:2:1107:3149:83576_1:10106888",3.5e-11
"34267","HISEQ13:138:C6FWNANXX:2:2113:20603:65509_1:93113979",3.5e-11
"34268","HISEQ13:138:C6FWNANXX:2:2303:18235:3830_1:125425638",3.5e-11
"34269","HISEQ13:138:C6FWNANXX:2:2307:7849:66222_1:132056357",3.5e-11
"34270","HISEQ13:138:C6FWNANXX:2:2113:12060:36883_1:92652694",3.5e-11
"34271","HISEQ13:138:C6FWNANXX:2:1205:19622:85786_1:31875018",3.5e-11
"34272","HISEQ13:138:C6FWNANXX:2:1212:10171:90311_1:42713067",3.5e-11
"34273","HISEQ13:138:C6FWNANXX:2:1312:15238:68884_1:67291501",3.5e-11
"34274","HISEQ13:138:C6FWNANXX:2:2202:14220:2715_1:99942650",3.5e-11
"34275","HISEQ13:138:C6FWNANXX:2:1205:20051:61895_1:31515464",3.5e-11
"34276","HISEQ13:138:C6FWNANXX:2:2205:9998:60457_1:105012329",3.5e-11
"34277","HISEQ13:138:C6FWNANXX:2:1102:18599:56323_1:2265395",3.5e-11
"34278","HISEQ13:138:C6FWNANXX:2:1115:4156:59430_1:22394503",3.5e-11
"34279","HISEQ13:138:C6FWNANXX:2:1308:18064:95703_1:61389681",3.5e-11
"34280","HISEQ13:138:C6FWNANXX:2:1310:2831:44086_1:63696174",3.5e-11
"34281","HISEQ13:138:C6FWNANXX:2:2107:4550:7832_1:83181957",3.5e-11
"34282","HISEQ13:138:C6FWNANXX:2:2301:17247:76658_1:123659758",3.5e-11
"34283","HISEQ13:138:C6FWNANXX:2:1203:10252:94743_1:29074424",3.5e-11
"34284","HISEQ13:138:C6FWNANXX:2:1210:11076:20708_1:38456772",3.5e-11
"34285","HISEQ13:138:C6FWNANXX:2:2109:1636:68118_1:87061756",3.5e-11
"34286","HISEQ13:138:C6FWNANXX:2:2112:2512:70918_1:91620936",3.5e-11
"34287","HISEQ13:138:C6FWNANXX:2:2112:15317:82478_1:91807184",3.5e-11
"34288","HISEQ13:138:C6FWNANXX:2:2305:12477:57579_1:129026017",3.5e-11
"34289","HISEQ13:138:C6FWNANXX:2:1104:7234:51858_1:5129411",3.5e-11
"34290","HISEQ13:138:C6FWNANXX:2:1108:3600:28298_1:10780277",3.5e-11
"34291","HISEQ13:138:C6FWNANXX:2:1116:3185:98484_1:24758897",3.5e-11
"34292","HISEQ13:138:C6FWNANXX:2:1301:12144:60013_1:50423864",3.5e-11
"34293","HISEQ13:138:C6FWNANXX:2:2314:1262:18661_1:142071859",3.5e-11
"34294","HISEQ13:138:C6FWNANXX:2:1307:10287:59765_1:59299266",3.5e-11
"34295","HISEQ13:138:C6FWNANXX:2:1112:4284:7570_1:16745903",3.5e-11
"34296","HISEQ13:138:C6FWNANXX:2:2116:18523:59780_1:97852014",3.5e-11
"34297","HISEQ13:138:C6FWNANXX:2:2113:18115:39196_1:92689818",3.5e-11
"34298","HISEQ13:138:C6FWNANXX:2:1211:8533:8754_1:39822963",3.5e-11
"34299","HISEQ13:138:C6FWNANXX:2:1309:15921:89335_1:62851193",3.5e-11
"34300","HISEQ13:138:C6FWNANXX:2:2206:18815:34289_1:106074052",3.5e-11
"34301","HISEQ13:138:C6FWNANXX:2:1307:15202:84339_1:59678085",3.5e-11
"34302","HISEQ13:138:C6FWNANXX:2:2202:15826:24427_1:100253999",3.5e-11
"34303","HISEQ13:138:C6FWNANXX:2:2203:12838:79245_1:102443394",3.5e-11
"34304","HISEQ13:138:C6FWNANXX:2:1111:1711:69631_1:16126963",3.5e-11
"34305","HISEQ13:138:C6FWNANXX:2:2304:11059:18385_1:127035777",3.5e-11
"34306","HISEQ13:138:C6FWNANXX:2:1202:11058:55750_1:27046042",3.5e-11
"34307","HISEQ13:138:C6FWNANXX:2:1109:11933:82140_1:13177941",3.5e-11
"34308","HISEQ13:138:C6FWNANXX:2:2209:13215:44900_1:110641519",3.5e-11
"34309","HISEQ13:138:C6FWNANXX:2:2310:1931:84322_1:136833460",3.5e-11
"34310","HISEQ13:138:C6FWNANXX:2:1210:18374:61353_1:39096529",3.5e-11
"34311","HISEQ13:138:C6FWNANXX:2:1208:12266:23276_1:35422709",3.5e-11
"34312","HISEQ13:138:C6FWNANXX:2:1201:21004:65999_1:25746615",3.5e-11
"34313","HISEQ13:138:C6FWNANXX:2:1105:5718:67850_1:6850192",3.5e-11
"34314","HISEQ13:138:C6FWNANXX:2:1110:17490:97081_1:14975105",3.5e-11
"34315","HISEQ13:138:C6FWNANXX:2:2104:5166:49715_1:79467209",3.5e-11
"34316","HISEQ13:138:C6FWNANXX:2:2105:8812:82709_1:81374995",3.5e-11
"34317","HISEQ13:138:C6FWNANXX:2:1116:19778:27779_1:23551340",3.5e-11
"34318","HISEQ13:138:C6FWNANXX:2:2305:12477:57579_1:129026018",3.6e-11
"34319","HISEQ13:138:C6FWNANXX:2:1111:8733:84358_1:16391875",3.6e-11
"34320","HISEQ13:138:C6FWNANXX:2:1114:6379:45407_1:20489660",3.6e-11
"34321","HISEQ13:138:C6FWNANXX:2:1206:11768:46156_1:32764378",3.6e-11
"34322","HISEQ13:138:C6FWNANXX:2:1208:16466:55945_1:35923812",3.6e-11
"34323","HISEQ13:138:C6FWNANXX:2:1106:5513:49222_1:8066617",3.6e-11
"34324","HISEQ13:138:C6FWNANXX:2:2307:8674:56200_1:131907542",3.6e-11
"34325","HISEQ13:138:C6FWNANXX:2:2205:17192:10879_1:104298019",3.6e-11
"34326","HISEQ13:138:C6FWNANXX:2:2205:2803:65371_1:105083630",3.6e-11
"34327","HISEQ13:138:C6FWNANXX:2:2305:17644:35302_1:128702353",3.6e-11
"34328","HISEQ13:138:C6FWNANXX:2:2203:10508:96854_1:102697033",3.6e-11
"34329","HISEQ13:138:C6FWNANXX:2:1103:15207:60254_1:3788127",3.6e-11
"34330","HISEQ13:138:C6FWNANXX:2:1309:19235:80395_1:62709094",3.6e-11
"34331","HISEQ13:138:C6FWNANXX:2:1209:7620:31784_1:37083787",3.6e-11
"34332","HISEQ13:138:C6FWNANXX:2:2315:2155:55669_1:144309973",3.6e-11
"34333","HISEQ13:138:C6FWNANXX:2:1315:11992:2589_1:71152714",3.6e-11
"34334","HISEQ13:138:C6FWNANXX:2:2314:12276:72980_1:142967457",3.6e-11
"34335","HISEQ13:138:C6FWNANXX:2:1308:14239:57360_1:60788221",3.6e-11
"34336","HISEQ13:138:C6FWNANXX:2:2207:14969:78733_1:108179737",3.6e-11
"34337","HISEQ13:138:C6FWNANXX:2:2105:17853:15391_1:80401094",3.6e-11
"34338","HISEQ13:138:C6FWNANXX:2:1206:5225:11930_1:32245449",3.6e-11
"34339","HISEQ13:138:C6FWNANXX:2:1212:18679:92601_1:42751565",3.6e-11
"34340","HISEQ13:138:C6FWNANXX:2:2116:20015:27049_1:97312397",3.6e-11
"34341","HISEQ13:138:C6FWNANXX:2:2209:2141:13928_1:110170043",3.6e-11
"34342","HISEQ13:138:C6FWNANXX:2:1202:3996:62479_1:27143866",3.6e-11
"34343","HISEQ13:138:C6FWNANXX:2:1114:10088:73338_1:20961764",3.6e-11
"34344","HISEQ13:138:C6FWNANXX:2:1302:16557:100223_1:52467803",3.6e-11
"34345","HISEQ13:138:C6FWNANXX:2:1110:7034:78811_1:14686499",3.6e-11
"34346","HISEQ13:138:C6FWNANXX:2:2103:16677:24191_1:77692043",3.6e-11
"34347","HISEQ13:138:C6FWNANXX:2:2207:7037:53567_1:107807263",3.6e-11
"34348","HISEQ13:138:C6FWNANXX:2:2203:16719:12895_1:101497985",3.6e-11
"34349","HISEQ13:138:C6FWNANXX:2:1213:6561:2180_1:42885915",3.6e-11
"34350","HISEQ13:138:C6FWNANXX:2:1115:16669:25701_1:21826319",3.6e-11
"34351","HISEQ13:138:C6FWNANXX:2:1305:20753:29935_1:55834583",3.6e-11
"34352","HISEQ13:138:C6FWNANXX:2:2213:17488:94976_1:117595523",3.6e-11
"34353","HISEQ13:138:C6FWNANXX:2:2112:10196:46239_1:91233674",3.6e-11
"34354","HISEQ13:138:C6FWNANXX:2:1303:15163:83091_1:53676315",3.6e-11
"34355","HISEQ13:138:C6FWNANXX:2:1101:17014:68177_1:980660",3.6e-11
"34356","HISEQ13:138:C6FWNANXX:2:1216:7727:98791_1:49532991",3.6e-11
"34357","HISEQ13:138:C6FWNANXX:2:2108:15990:92723_1:85933960",3.6e-11
"34358","HISEQ13:138:C6FWNANXX:2:2113:13956:88299_1:93478023",3.6e-11
"34359","HISEQ13:138:C6FWNANXX:2:2213:1417:68429_1:117165987",3.7e-11
"34360","HISEQ13:138:C6FWNANXX:2:2308:15739:2378_1:132579146",3.7e-11
"34361","HISEQ13:138:C6FWNANXX:2:2105:17064:40376_1:80763867",3.7e-11
"34362","HISEQ13:138:C6FWNANXX:2:2308:5368:72346_1:133632342",3.7e-11
"34363","HISEQ13:138:C6FWNANXX:2:1114:5766:53414_1:20623743",3.7e-11
"34364","HISEQ13:138:C6FWNANXX:2:1216:12658:4678_1:47901459",3.7e-11
"34365","HISEQ13:138:C6FWNANXX:2:1304:12110:30969_1:54368404",3.7e-11
"34366","HISEQ13:138:C6FWNANXX:2:1115:16607:33049_1:21953144",3.7e-11
"34367","HISEQ13:138:C6FWNANXX:2:2313:11313:95300_1:141715611",3.7e-11
"34368","HISEQ13:138:C6FWNANXX:2:2101:17957:85096_1:75747313",3.7e-11
"34369","HISEQ13:138:C6FWNANXX:2:2212:3365:37740_1:115098869",3.7e-11
"34370","HISEQ13:138:C6FWNANXX:2:1115:10744:40137_1:22070205",3.7e-11
"34371","HISEQ13:138:C6FWNANXX:2:2111:15350:69547_1:90133993",3.7e-11
"34372","HISEQ13:138:C6FWNANXX:2:2114:1807:55976_1:94547971",3.7e-11
"34373","HISEQ13:138:C6FWNANXX:2:2308:13021:31804_1:133022033",3.7e-11
"34374","HISEQ13:138:C6FWNANXX:2:1105:8843:45722_1:6518173",3.7e-11
"34375","HISEQ13:138:C6FWNANXX:2:2109:20081:10447_1:86186403",3.7e-11
"34376","HISEQ13:138:C6FWNANXX:2:2203:15384:40370_1:101890876",3.7e-11
"34377","HISEQ13:138:C6FWNANXX:2:2201:4381:77891_1:99606300",3.7e-11
"34378","HISEQ13:138:C6FWNANXX:2:1307:20033:59738_1:59297302",3.7e-11
"34379","HISEQ13:138:C6FWNANXX:2:1205:8229:79808_1:31783604",3.7e-11
"34380","HISEQ13:138:C6FWNANXX:2:1111:8193:87087_1:16441442",3.7e-11
"34381","HISEQ13:138:C6FWNANXX:2:1204:4288:71523_1:30183718",3.7e-11
"34382","HISEQ13:138:C6FWNANXX:2:1312:12846:20236_1:66494148",3.7e-11
"34383","HISEQ13:138:C6FWNANXX:2:2109:3064:50280_1:86790179",3.7e-11
"34384","HISEQ13:138:C6FWNANXX:2:2307:3522:19824_1:131369450",3.7e-11
"34385","HISEQ13:138:C6FWNANXX:2:1205:14796:68373_1:31611377",3.7e-11
"34386","HISEQ13:138:C6FWNANXX:2:1315:13101:80486_1:72483074",3.7e-11
"34387","HISEQ13:138:C6FWNANXX:2:2213:16145:20655_1:116402441",3.7e-11
"34388","HISEQ13:138:C6FWNANXX:2:2108:17229:51726_1:85314468",3.7e-11
"34389","HISEQ13:138:C6FWNANXX:2:2305:5654:46912_1:128868011",3.7e-11
"34390","HISEQ13:138:C6FWNANXX:2:1212:5743:70970_1:42391562",3.7e-11
"34391","HISEQ13:138:C6FWNANXX:2:1302:20195:86309_1:52264495",3.7e-11
"34392","HISEQ13:138:C6FWNANXX:2:2109:3800:84855_1:87316335",3.7e-11
"34393","HISEQ13:138:C6FWNANXX:2:1312:11652:31355_1:66677522",3.7e-11
"34394","HISEQ13:138:C6FWNANXX:2:2212:13898:84431_1:115842006",3.7e-11
"34395","HISEQ13:138:C6FWNANXX:2:2316:17102:93336_1:146600309",3.7e-11
"34396","HISEQ13:138:C6FWNANXX:2:1114:19276:58370_1:20711178",3.7e-11
"34397","HISEQ13:138:C6FWNANXX:2:1307:19276:73704_1:59513222",3.7e-11
"34398","HISEQ13:138:C6FWNANXX:2:1308:9665:6460_1:59997027",3.7e-11
"34399","HISEQ13:138:C6FWNANXX:2:1315:16159:66608_1:72247630",3.7e-11
"34400","HISEQ13:138:C6FWNANXX:2:2214:12391:32298_1:118186330",3.7e-11
"34401","HISEQ13:138:C6FWNANXX:2:2107:14807:76182_1:84198311",3.7e-11
"34402","HISEQ13:138:C6FWNANXX:2:2305:15444:96136_1:129586141",3.7e-11
"34403","HISEQ13:138:C6FWNANXX:2:2205:17281:54369_1:104927694",3.7e-11
"34404","HISEQ13:138:C6FWNANXX:2:2206:9200:15625_1:105798554",3.7e-11
"34405","HISEQ13:138:C6FWNANXX:2:2311:19882:79360_1:138303126",3.7e-11
"34406","HISEQ13:138:C6FWNANXX:2:2109:17903:48485_1:86763047",3.7e-11
"34407","HISEQ13:138:C6FWNANXX:2:2316:3670:55144_1:145953245",3.7e-11
"34408","HISEQ13:138:C6FWNANXX:2:1212:4044:88425_1:42678578",3.7e-11
"34409","HISEQ13:138:C6FWNANXX:2:2204:16905:32161_1:103182567",3.7e-11
"34410","HISEQ13:138:C6FWNANXX:2:1311:6138:31970_1:65073469",3.7e-11
"34411","HISEQ13:138:C6FWNANXX:2:1112:21403:91527_1:17976980",3.7e-11
"34412","HISEQ13:138:C6FWNANXX:2:1305:4248:28675_1:55812911",3.7e-11
"34413","HISEQ13:138:C6FWNANXX:2:2211:2111:21769_1:113306623",3.7e-11
"34414","HISEQ13:138:C6FWNANXX:2:1101:4383:62387_1:892949",3.7e-11
"34415","HISEQ13:138:C6FWNANXX:2:1106:16385:64540_1:8306381",3.7e-11
"34416","HISEQ13:138:C6FWNANXX:2:1212:13061:39915_1:41887138",3.7e-11
"34417","HISEQ13:138:C6FWNANXX:2:1212:7827:45465_1:41975992",3.7e-11
"34418","HISEQ13:138:C6FWNANXX:2:1214:14044:26912_1:44933835",3.7e-11
"34419","HISEQ13:138:C6FWNANXX:2:1216:15809:5608_1:47919494",3.7e-11
"34420","HISEQ13:138:C6FWNANXX:2:1302:20403:23675_1:51341079",3.7e-11
"34421","HISEQ13:138:C6FWNANXX:2:2205:8252:51557_1:104886300",3.7e-11
"34422","HISEQ13:138:C6FWNANXX:2:2212:16699:11399_1:114691605",3.7e-11
"34423","HISEQ13:138:C6FWNANXX:2:1204:3949:56834_1:29964839",3.7e-11
"34424","HISEQ13:138:C6FWNANXX:2:1316:2714:62579_1:73894567",3.7e-11
"34425","HISEQ13:138:C6FWNANXX:2:2108:12336:51307_1:85309649",3.7e-11
"34426","HISEQ13:138:C6FWNANXX:2:2201:18876:90800_1:99793172",3.7e-11
"34427","HISEQ13:138:C6FWNANXX:2:2304:20325:58350_1:127611432",3.7e-11
"34428","HISEQ13:138:C6FWNANXX:2:2101:7733:90224_1:75815863",3.7e-11
"34429","HISEQ13:138:C6FWNANXX:2:2315:10200:13535_1:143616517",3.7e-11
"34430","HISEQ13:138:C6FWNANXX:2:1201:6070:23986_1:25125766",3.8e-11
"34431","HISEQ13:138:C6FWNANXX:2:2111:5315:89479_1:90468316",3.8e-11
"34432","HISEQ13:138:C6FWNANXX:2:2114:8700:81676_1:94968420",3.8e-11
"34433","HISEQ13:138:C6FWNANXX:2:1212:12057:45029_1:41972701",3.8e-11
"34434","HISEQ13:138:C6FWNANXX:2:2109:2130:87144_1:87350009",3.8e-11
"34435","HISEQ13:138:C6FWNANXX:2:1201:10489:16612_1:25019851",3.8e-11
"34436","HISEQ13:138:C6FWNANXX:2:2116:8398:23930_1:97255604",3.8e-11
"34437","HISEQ13:138:C6FWNANXX:2:1309:1331:83955_1:62760622",3.8e-11
"34438","HISEQ13:138:C6FWNANXX:2:1316:20939:4225_1:72877997",3.8e-11
"34439","HISEQ13:138:C6FWNANXX:2:1103:17580:87520_1:4193685",3.8e-11
"34440","HISEQ13:138:C6FWNANXX:2:2104:8478:25431_1:79118987",3.8e-11
"34441","HISEQ13:138:C6FWNANXX:2:1305:17844:63880_1:56344901",3.8e-11
"34442","HISEQ13:138:C6FWNANXX:2:1102:4764:69946_1:2461949",3.8e-11
"34443","HISEQ13:138:C6FWNANXX:2:1115:4226:42543_1:22111371",3.8e-11
"34444","HISEQ13:138:C6FWNANXX:2:1306:14874:21854_1:57205926",3.8e-11
"34445","HISEQ13:138:C6FWNANXX:2:1313:15974:28234_1:68251294",3.8e-11
"34446","HISEQ13:138:C6FWNANXX:2:2308:17868:18370_1:132820367",3.8e-11
"34447","HISEQ13:138:C6FWNANXX:2:2116:14369:55959_1:97785466",3.8e-11
"34448","HISEQ13:138:C6FWNANXX:2:2307:5457:53609_1:131869988",3.8e-11
"34449","HISEQ13:138:C6FWNANXX:2:1106:5360:86371_1:8634986",3.8e-11
"34450","HISEQ13:138:C6FWNANXX:2:1209:4378:37424_1:37168637",3.8e-11
"34451","HISEQ13:138:C6FWNANXX:2:2211:1913:20388_1:113283284",3.8e-11
"34452","HISEQ13:138:C6FWNANXX:2:2306:16230:72249_1:130685988",3.8e-11
"34453","HISEQ13:138:C6FWNANXX:2:1304:17596:30245_1:54358321",3.8e-11
"34454","HISEQ13:138:C6FWNANXX:2:1116:19706:16400_1:23353522",3.8e-11
"34455","HISEQ13:138:C6FWNANXX:2:2313:15472:23948_1:140559490",3.8e-11
"34456","HISEQ13:138:C6FWNANXX:2:1309:4901:94108_1:62923783",3.8e-11
"34457","HISEQ13:138:C6FWNANXX:2:1104:13372:29243_1:4791682",3.8e-11
"34458","HISEQ13:138:C6FWNANXX:2:2313:15569:77440_1:141425746",3.8e-11
"34459","HISEQ13:138:C6FWNANXX:2:2306:6306:81190_1:130815173",3.8e-11
"34460","HISEQ13:138:C6FWNANXX:2:2302:8330:73337_1:125008079",3.8e-11
"34461","HISEQ13:138:C6FWNANXX:2:1214:18378:59791_1:45488612",3.8e-11
"34462","HISEQ13:138:C6FWNANXX:2:2303:20423:100183_1:126791995",3.8e-11
"34463","HISEQ13:138:C6FWNANXX:2:2313:3031:100742_1:141800002",3.8e-11
"34464","HISEQ13:138:C6FWNANXX:2:1110:14221:97708_1:14982506",3.8e-11
"34465","HISEQ13:138:C6FWNANXX:2:1215:12715:63204_1:47214011",3.8e-11
"34466","HISEQ13:138:C6FWNANXX:2:2306:21203:62951_1:130549719",3.8e-11
"34467","HISEQ13:138:C6FWNANXX:2:2308:17722:48916_1:133279581",3.8e-11
"34468","HISEQ13:138:C6FWNANXX:2:1112:13156:35025_1:17055040",3.8e-11
"34469","HISEQ13:138:C6FWNANXX:2:2314:4553:52686_1:142631153",3.8e-11
"34470","HISEQ13:138:C6FWNANXX:2:2315:20858:98971_1:145027723",3.8e-11
"34471","HISEQ13:138:C6FWNANXX:2:2308:2482:90286_1:133903330",3.8e-11
"34472","HISEQ13:138:C6FWNANXX:2:2208:1268:26529_1:108874743",3.8e-11
"34473","HISEQ13:138:C6FWNANXX:2:1110:5620:62966_1:14434929",3.8e-11
"34474","HISEQ13:138:C6FWNANXX:2:2107:20316:23911_1:83423034",3.8e-11
"34475","HISEQ13:138:C6FWNANXX:2:1109:7906:37811_1:12477012",3.8e-11
"34476","HISEQ13:138:C6FWNANXX:2:1203:12007:58193_1:28535630",3.8e-11
"34477","HISEQ13:138:C6FWNANXX:2:1216:4825:14248_1:48064330",3.9e-11
"34478","HISEQ13:138:C6FWNANXX:2:1207:4588:87698_1:34891928",3.9e-11
"34479","HISEQ13:138:C6FWNANXX:2:2102:13951:23412_1:76273316",3.9e-11
"34480","HISEQ13:138:C6FWNANXX:2:2206:8624:62888_1:106490897",3.9e-11
"34481","HISEQ13:138:C6FWNANXX:2:2316:15489:7238_1:145144361",3.9e-11
"34482","HISEQ13:138:C6FWNANXX:2:2209:6627:70814_1:111035829",3.9e-11
"34483","HISEQ13:138:C6FWNANXX:2:2111:10276:36984_1:89607906",3.9e-11
"34484","HISEQ13:138:C6FWNANXX:2:2108:4615:7287_1:84647162",3.9e-11
"34485","HISEQ13:138:C6FWNANXX:2:1201:16911:29832_1:25215975",3.9e-11
"34486","HISEQ13:138:C6FWNANXX:2:1115:16847:46660_1:22181003",3.9e-11
"34487","HISEQ13:138:C6FWNANXX:2:1311:3955:45443_1:65291664",3.9e-11
"34488","HISEQ13:138:C6FWNANXX:2:1202:10814:15467_1:26455844",3.9e-11
"34489","HISEQ13:138:C6FWNANXX:2:2310:15042:32583_1:136043072",3.9e-11
"34490","HISEQ13:138:C6FWNANXX:2:1312:10175:33794_1:66717842",3.9e-11
"34491","HISEQ13:138:C6FWNANXX:2:2116:6890:20407_1:97197496",3.9e-11
"34492","HISEQ13:138:C6FWNANXX:2:2316:10664:70731_1:146216543",3.9e-11
"34493","HISEQ13:138:C6FWNANXX:2:1305:15444:30234_1:55837357",3.9e-11
"34494","HISEQ13:138:C6FWNANXX:2:1302:9408:79912_1:52167018",3.9e-11
"34495","HISEQ13:138:C6FWNANXX:2:2112:2939:46088_1:91232184",3.9e-11
"34496","HISEQ13:138:C6FWNANXX:2:2206:12499:40471_1:106160778",3.9e-11
"34497","HISEQ13:138:C6FWNANXX:2:2313:8057:22940_1:140541874",3.9e-11
"34498","HISEQ13:138:C6FWNANXX:2:2311:20733:48596_1:137817870",3.9e-11
"34499","HISEQ13:138:C6FWNANXX:2:2315:10089:58112_1:144352831",3.9e-11
"34500","HISEQ13:138:C6FWNANXX:2:2308:10049:85060_1:133825224",3.9e-11
"34501","HISEQ13:138:C6FWNANXX:2:1113:20777:77910_1:19381561",3.9e-11
"34502","HISEQ13:138:C6FWNANXX:2:1301:11343:58487_1:50397765",3.9e-11
"34503","HISEQ13:138:C6FWNANXX:2:1106:10104:1937_1:7350284",3.9e-11
"34504","HISEQ13:138:C6FWNANXX:2:1312:13465:90990_1:67654552",3.9e-11
"34505","HISEQ13:138:C6FWNANXX:2:1312:15914:9831_1:66326870",3.9e-11
"34506","HISEQ13:138:C6FWNANXX:2:1213:6648:53744_1:43733453",3.9e-11
"34507","HISEQ13:138:C6FWNANXX:2:1307:9054:50011_1:59148198",3.9e-11
"34508","HISEQ13:138:C6FWNANXX:2:2316:11516:7821_1:145156332",3.9e-11
"34509","HISEQ13:138:C6FWNANXX:2:2110:9163:88421_1:88878397",3.9e-11
"34510","HISEQ13:138:C6FWNANXX:2:2314:3853:80616_1:143092872",3.9e-11
"34511","HISEQ13:138:C6FWNANXX:2:1102:19779:68697_1:2446188",3.9e-11
"34512","HISEQ13:138:C6FWNANXX:2:2301:9117:52008_1:123312651",3.9e-11
"34513","HISEQ13:138:C6FWNANXX:2:1306:17330:97712_1:58363013",3.9e-11
"34514","HISEQ13:138:C6FWNANXX:2:1314:20927:18067_1:69737895",3.9e-11
"34515","HISEQ13:138:C6FWNANXX:2:1109:16676:60683_1:12838561",3.9e-11
"34516","HISEQ13:138:C6FWNANXX:2:1209:19989:63825_1:37585754",3.9e-11
"34517","HISEQ13:138:C6FWNANXX:2:2301:16144:11778_1:122746089",3.9e-11
"34518","HISEQ13:138:C6FWNANXX:2:1103:18493:6918_1:2996448",3.9e-11
"34519","HISEQ13:138:C6FWNANXX:2:2109:8366:57428_1:86898917",3.9e-11
"34520","HISEQ13:138:C6FWNANXX:2:1105:19448:16388_1:6081180",3.9e-11
"34521","HISEQ13:138:C6FWNANXX:2:1206:20739:47527_1:32788750",3.9e-11
"34522","HISEQ13:138:C6FWNANXX:2:1315:11269:52562_1:72005469",3.9e-11
"34523","HISEQ13:138:C6FWNANXX:2:2104:7945:59391_1:79607858",3.9e-11
"34524","HISEQ13:138:C6FWNANXX:2:1311:13828:44959_1:65285791",3.9e-11
"34525","HISEQ13:138:C6FWNANXX:2:1314:12991:19621_1:69761868",3.9e-11
"34526","HISEQ13:138:C6FWNANXX:2:2110:7839:15510_1:87767489",3.9e-11
"34527","HISEQ13:138:C6FWNANXX:2:2116:16154:84784_1:98262893",3.9e-11
"34528","HISEQ13:138:C6FWNANXX:2:2215:6896:63169_1:120312283",3.9e-11
"34529","HISEQ13:138:C6FWNANXX:2:1316:16737:60333_1:73858209",3.9e-11
"34530","HISEQ13:138:C6FWNANXX:2:1210:18288:40397_1:38768987",3.9e-11
"34531","HISEQ13:138:C6FWNANXX:2:2203:21087:95229_1:102673741",4e-11
"34532","HISEQ13:138:C6FWNANXX:2:1208:1587:91875_1:36479062",4e-11
"34533","HISEQ13:138:C6FWNANXX:2:1115:18550:45612_1:22164445",4e-11
"34534","HISEQ13:138:C6FWNANXX:2:2313:9472:93286_1:141682631",4e-11
"34535","HISEQ13:138:C6FWNANXX:2:2104:14716:51957_1:79501473",4e-11
"34536","HISEQ13:138:C6FWNANXX:2:1213:19776:20122_1:43183271",4e-11
"34537","HISEQ13:138:C6FWNANXX:2:2207:16208:64780_1:107976174",4e-11
"34538","HISEQ13:138:C6FWNANXX:2:1102:18659:94712_1:2831147",4e-11
"34539","HISEQ13:138:C6FWNANXX:2:1206:7131:36970_1:32623298",4e-11
"34540","HISEQ13:138:C6FWNANXX:2:2215:8154:92196_1:120792805",4e-11
"34541","HISEQ13:138:C6FWNANXX:2:2303:15336:31154_1:125812680",4e-11
"34542","HISEQ13:138:C6FWNANXX:2:1104:18480:2837_1:4402568",4e-11
"34543","HISEQ13:138:C6FWNANXX:2:1203:16719:99519_1:29149891",4e-11
"34544","HISEQ13:138:C6FWNANXX:2:1216:7277:54082_1:48755524",4e-11
"34545","HISEQ13:138:C6FWNANXX:2:2308:17194:83895_1:133807881",4e-11
"34546","HISEQ13:138:C6FWNANXX:2:2315:10444:73968_1:144610124",4e-11
"34547","HISEQ13:138:C6FWNANXX:2:2316:1380:5889_1:145120136",4e-11
"34548","HISEQ13:138:C6FWNANXX:2:2316:14301:61707_1:146065576",4e-11
"34549","HISEQ13:138:C6FWNANXX:2:1214:19790:88831_1:45976965",4e-11
"34550","HISEQ13:138:C6FWNANXX:2:1301:13620:56377_1:50368815",4e-11
"34551","HISEQ13:138:C6FWNANXX:2:1315:1367:94912_1:72733431",4e-11
"34552","HISEQ13:138:C6FWNANXX:2:2206:10108:84388_1:106807026",4e-11
"34553","HISEQ13:138:C6FWNANXX:2:2308:15465:94201_1:133962961",4e-11
"34554","HISEQ13:138:C6FWNANXX:2:1315:6574:77749_1:72434033",4e-11
"34555","HISEQ13:138:C6FWNANXX:2:2307:8198:88552_1:132391146",4e-11
"34556","HISEQ13:138:C6FWNANXX:2:1304:2795:11132_1:54073600",4e-11
"34557","HISEQ13:138:C6FWNANXX:2:1113:15454:90661_1:19592932",4e-11
"34558","HISEQ13:138:C6FWNANXX:2:1310:10798:56329_1:63893510",4e-11
"34559","HISEQ13:138:C6FWNANXX:2:2208:19829:56817_1:109330589",4e-11
"34560","HISEQ13:138:C6FWNANXX:2:1109:3771:89648_1:13294736",4e-11
"34561","HISEQ13:138:C6FWNANXX:2:1109:4721:92759_1:13345957",4e-11
"34562","HISEQ13:138:C6FWNANXX:2:1111:4489:31120_1:15495438",4e-11
"34563","HISEQ13:138:C6FWNANXX:2:1201:13754:59907_1:25656820",4e-11
"34564","HISEQ13:138:C6FWNANXX:2:2106:13341:88076_1:82907070",4e-11
"34565","HISEQ13:138:C6FWNANXX:2:2315:7059:60035_1:144384934",4e-11
"34566","HISEQ13:138:C6FWNANXX:2:1309:20706:44769_1:62145905",4e-11
"34567","HISEQ13:138:C6FWNANXX:2:2105:16275:27408_1:80575246",4e-11
"34568","HISEQ13:138:C6FWNANXX:2:1309:7349:3893_1:61498675",4e-11
"34569","HISEQ13:138:C6FWNANXX:2:2309:19205:26158_1:134431778",4e-11
"34570","HISEQ13:138:C6FWNANXX:2:1202:1481:100390_1:27701641",4e-11
"34571","HISEQ13:138:C6FWNANXX:2:2213:1673:8683_1:116208683",4e-11
"34572","HISEQ13:138:C6FWNANXX:2:2304:4141:8825_1:126897777",4e-11
"34573","HISEQ13:138:C6FWNANXX:2:1301:4759:76005_1:50657625",4e-11
"34574","HISEQ13:138:C6FWNANXX:2:2106:19513:23973_1:81963991",4e-11
"34575","HISEQ13:138:C6FWNANXX:2:2106:4277:8205_1:81730347",4e-11
"34576","HISEQ13:138:C6FWNANXX:2:2113:6469:48670_1:92838647",4e-11
"34577","HISEQ13:138:C6FWNANXX:2:2314:5315:22923_1:142142150",4e-11
"34578","HISEQ13:138:C6FWNANXX:2:1216:4799:29795_1:48336007",4e-11
"34579","HISEQ13:138:C6FWNANXX:2:2309:17359:39961_1:134639809",4e-11
"34580","HISEQ13:138:C6FWNANXX:2:1201:20579:38902_1:25349528",4e-11
"34581","HISEQ13:138:C6FWNANXX:2:2201:3274:6254_1:98586624",4e-11
"34582","HISEQ13:138:C6FWNANXX:2:2211:15774:21112_1:113297564",4e-11
"34583","HISEQ13:138:C6FWNANXX:2:2215:18308:41215_1:119952172",4e-11
"34584","HISEQ13:138:C6FWNANXX:2:2206:4409:90591_1:106897097",4e-11
"34585","HISEQ13:138:C6FWNANXX:2:1202:7726:43972_1:26873279",4e-11
"34586","HISEQ13:138:C6FWNANXX:2:1110:12048:100784_1:15031441",4e-11
"34587","HISEQ13:138:C6FWNANXX:2:1313:8503:48988_1:68594034",4e-11
"34588","HISEQ13:138:C6FWNANXX:2:2110:14232:79695_1:88745469",4e-11
"34589","HISEQ13:138:C6FWNANXX:2:1303:11042:14503_1:52662934",4e-11
"34590","HISEQ13:138:C6FWNANXX:2:2105:7138:95245_1:81556364",4e-11
"34591","HISEQ13:138:C6FWNANXX:2:2308:18066:85368_1:133830404",4e-11
"34592","HISEQ13:138:C6FWNANXX:2:1216:5000:41236_1:48531270",4e-11
"34593","HISEQ13:138:C6FWNANXX:2:1311:5320:24419_1:64953518",4e-11
"34594","HISEQ13:138:C6FWNANXX:2:2215:13046:55896_1:120193202",4e-11
"34595","HISEQ13:138:C6FWNANXX:2:2313:17238:17507_1:140459390",4e-11
"34596","HISEQ13:138:C6FWNANXX:2:1214:14061:89515_1:45988323",4.1e-11
"34597","HISEQ13:138:C6FWNANXX:2:1213:14693:97788_1:44467240",4.1e-11
"34598","HISEQ13:138:C6FWNANXX:2:1210:10688:76390_1:39329121",4.1e-11
"34599","HISEQ13:138:C6FWNANXX:2:2113:12496:94478_1:93573465",4.1e-11
"34600","HISEQ13:138:C6FWNANXX:2:1204:20375:50706_1:29874504",4.1e-11
"34601","HISEQ13:138:C6FWNANXX:2:2201:2762:91635_1:99800985",4.1e-11
"34602","HISEQ13:138:C6FWNANXX:2:1101:15229:10416_1:125128",4.1e-11
"34603","HISEQ13:138:C6FWNANXX:2:1304:19007:20725_1:54217749",4.1e-11
"34604","HISEQ13:138:C6FWNANXX:2:2102:5346:11641_1:76105480",4.1e-11
"34605","HISEQ13:138:C6FWNANXX:2:1108:5263:55286_1:11199964",4.1e-11
"34606","HISEQ13:138:C6FWNANXX:2:2106:4125:24570_1:81972085",4.1e-11
"34607","HISEQ13:138:C6FWNANXX:2:2307:17744:8173_1:131198451",4.1e-11
"34608","HISEQ13:138:C6FWNANXX:2:1115:15407:62404_1:22448096",4.1e-11
"34609","HISEQ13:138:C6FWNANXX:2:1311:19093:25247_1:64968264",4.1e-11
"34610","HISEQ13:138:C6FWNANXX:2:1116:13238:29447_1:23575896",4.1e-11
"34611","HISEQ13:138:C6FWNANXX:2:2308:3136:49829_1:133291982",4.1e-11
"34612","HISEQ13:138:C6FWNANXX:2:2316:7420:41315_1:145722291",4.1e-11
"34613","HISEQ13:138:C6FWNANXX:2:1101:12213:54321_1:775577",4.1e-11
"34614","HISEQ13:138:C6FWNANXX:2:1211:4551:19936_1:39998790",4.1e-11
"34615","HISEQ13:138:C6FWNANXX:2:2110:4160:12515_1:87721352",4.1e-11
"34616","HISEQ13:138:C6FWNANXX:2:1116:7700:98904_1:24768182",4.1e-11
"34617","HISEQ13:138:C6FWNANXX:2:1315:3448:42039_1:71823346",4.1e-11
"34618","HISEQ13:138:C6FWNANXX:2:2112:1736:70268_1:91612814",4.1e-11
"34619","HISEQ13:138:C6FWNANXX:2:1116:17611:51384_1:23953932",4.1e-11
"34620","HISEQ13:138:C6FWNANXX:2:1301:4372:44641_1:50195066",4.1e-11
"34621","HISEQ13:138:C6FWNANXX:2:2215:13052:79486_1:120582205",4.1e-11
"34622","HISEQ13:138:C6FWNANXX:2:1102:13151:90008_1:2763437",4.1e-11
"34623","HISEQ13:138:C6FWNANXX:2:1203:6749:58194_1:28534603",4.1e-11
"34624","HISEQ13:138:C6FWNANXX:2:1211:9589:37685_1:40285843",4.1e-11
"34625","HISEQ13:138:C6FWNANXX:2:1304:12563:69197_1:54941285",4.1e-11
"34626","HISEQ13:138:C6FWNANXX:2:2115:3747:71459_1:96408755",4.1e-11
"34627","HISEQ13:138:C6FWNANXX:2:2101:20649:60552_1:75399093",4.1e-11
"34628","HISEQ13:138:C6FWNANXX:2:1114:4297:3521_1:19789481",4.1e-11
"34629","HISEQ13:138:C6FWNANXX:2:1213:9173:22965_1:43226239",4.1e-11
"34630","HISEQ13:138:C6FWNANXX:2:2107:11613:11532_1:83239782",4.1e-11
"34631","HISEQ13:138:C6FWNANXX:2:2202:19672:47950_1:100586841",4.1e-11
"34632","HISEQ13:138:C6FWNANXX:2:1213:15329:10654_1:43027212",4.1e-11
"34633","HISEQ13:138:C6FWNANXX:2:2110:11871:89496_1:88894383",4.1e-11
"34634","HISEQ13:138:C6FWNANXX:2:1108:10251:66099_1:11368660",4.1e-11
"34635","HISEQ13:138:C6FWNANXX:2:2210:4479:84474_1:112747184",4.1e-11
"34636","HISEQ13:138:C6FWNANXX:2:1105:9305:81845_1:7062249",4.2e-11
"34637","HISEQ13:138:C6FWNANXX:2:2213:10277:40170_1:116713073",4.2e-11
"34638","HISEQ13:138:C6FWNANXX:2:2314:16497:70390_1:142927271",4.2e-11
"34639","HISEQ13:138:C6FWNANXX:2:1109:13683:2854_1:11928256",4.2e-11
"34640","HISEQ13:138:C6FWNANXX:2:2103:15939:64192_1:78260370",4.2e-11
"34641","HISEQ13:138:C6FWNANXX:2:2307:7774:77787_1:132230919",4.2e-11
"34642","HISEQ13:138:C6FWNANXX:2:2310:16228:63845_1:136524485",4.2e-11
"34643","HISEQ13:138:C6FWNANXX:2:2109:5141:75472_1:87172529",4.2e-11
"34644","HISEQ13:138:C6FWNANXX:2:2214:3511:30212_1:118148197",4.2e-11
"34645","HISEQ13:138:C6FWNANXX:2:1304:20372:35570_1:54440351",4.2e-11
"34646","HISEQ13:138:C6FWNANXX:2:1316:14601:91495_1:74398812",4.2e-11
"34647","HISEQ13:138:C6FWNANXX:2:1101:12141:61553_1:883287",4.2e-11
"34648","HISEQ13:138:C6FWNANXX:2:1111:8484:93126_1:16553504",4.2e-11
"34649","HISEQ13:138:C6FWNANXX:2:2107:13468:83616_1:84309880",4.2e-11
"34650","HISEQ13:138:C6FWNANXX:2:1213:3641:85912_1:44266262",4.2e-11
"34651","HISEQ13:138:C6FWNANXX:2:1215:19065:33816_1:46719793",4.2e-11
"34652","HISEQ13:138:C6FWNANXX:2:2314:5528:31406_1:142280857",4.2e-11
"34653","HISEQ13:138:C6FWNANXX:2:1306:7867:75356_1:58021950",4.2e-11
"34654","HISEQ13:138:C6FWNANXX:2:2116:9256:40131_1:97525871",4.2e-11
"34655","HISEQ13:138:C6FWNANXX:2:1216:1393:20641_1:48175670",4.2e-11
"34656","HISEQ13:138:C6FWNANXX:2:1216:8833:64670_1:48938844",4.2e-11
"34657","HISEQ13:138:C6FWNANXX:2:1304:20037:78796_1:55087533",4.2e-11
"34658","HISEQ13:138:C6FWNANXX:2:2208:20487:69151_1:109515498",4.2e-11
"34659","HISEQ13:138:C6FWNANXX:2:1307:9755:77794_1:59577027",4.2e-11
"34660","HISEQ13:138:C6FWNANXX:2:2202:18168:94694_1:101254367",4.2e-11
"34661","HISEQ13:138:C6FWNANXX:2:2313:9595:62429_1:141181498",4.2e-11
"34662","HISEQ13:138:C6FWNANXX:2:2210:5289:14606_1:111683396",4.2e-11
"34663","HISEQ13:138:C6FWNANXX:2:1314:3967:71329_1:70639502",4.2e-11
"34664","HISEQ13:138:C6FWNANXX:2:2115:4397:76416_1:96489515",4.2e-11
"34665","HISEQ13:138:C6FWNANXX:2:2201:17349:46578_1:99162691",4.2e-11
"34666","HISEQ13:138:C6FWNANXX:2:2209:10696:7819_1:110081077",4.2e-11
"34667","HISEQ13:138:C6FWNANXX:2:2307:20642:39244_1:131658146",4.2e-11
"34668","HISEQ13:138:C6FWNANXX:2:1111:7897:22985_1:15365474",4.2e-11
"34669","HISEQ13:138:C6FWNANXX:2:2215:13705:13623_1:119497383",4.2e-11
"34670","HISEQ13:138:C6FWNANXX:2:1311:11414:42160_1:65240643",4.2e-11
"34671","HISEQ13:138:C6FWNANXX:2:2204:10957:43103_1:103338879",4.2e-11
"34672","HISEQ13:138:C6FWNANXX:2:1212:5344:24183_1:41630079",4.2e-11
"34673","HISEQ13:138:C6FWNANXX:2:1309:1960:81944_1:62729306",4.2e-11
"34674","HISEQ13:138:C6FWNANXX:2:2207:14521:59921_1:107901279",4.2e-11
"34675","HISEQ13:138:C6FWNANXX:2:2215:10796:23520_1:119661431",4.2e-11
"34676","HISEQ13:138:C6FWNANXX:2:2314:17850:99489_1:143403324",4.2e-11
"34677","HISEQ13:138:C6FWNANXX:2:2314:9787:41989_1:142454488",4.2e-11
"34678","HISEQ13:138:C6FWNANXX:2:1102:16327:37993_1:1992302",4.2e-11
"34679","HISEQ13:138:C6FWNANXX:2:1311:21014:64856_1:65611451",4.2e-11
"34680","HISEQ13:138:C6FWNANXX:2:2102:13951:23412_1:76273317",4.2e-11
"34681","HISEQ13:138:C6FWNANXX:2:2311:11203:55622_1:137925383",4.2e-11
"34682","HISEQ13:138:C6FWNANXX:2:2210:16932:42916_1:112116630",4.2e-11
"34683","HISEQ13:138:C6FWNANXX:2:2315:10816:34373_1:143961040",4.2e-11
"34684","HISEQ13:138:C6FWNANXX:2:1305:19723:65233_1:56364166",4.2e-11
"34685","HISEQ13:138:C6FWNANXX:2:1310:20770:32840_1:63520420",4.2e-11
"34686","HISEQ13:138:C6FWNANXX:2:1109:21405:97299_1:13420879",4.2e-11
"34687","HISEQ13:138:C6FWNANXX:2:2114:11522:82742_1:94985183",4.2e-11
"34688","HISEQ13:138:C6FWNANXX:2:1303:2459:80439_1:53633504",4.2e-11
"34689","HISEQ13:138:C6FWNANXX:2:2302:15566:55734_1:124758166",4.2e-11
"34690","HISEQ13:138:C6FWNANXX:2:1101:10070:84654_1:1222658",4.2e-11
"34691","HISEQ13:138:C6FWNANXX:2:1116:20738:51412_1:23954594",4.2e-11
"34692","HISEQ13:138:C6FWNANXX:2:2213:10937:84632_1:117429782",4.2e-11
"34693","HISEQ13:138:C6FWNANXX:2:1113:19302:96329_1:19689596",4.2e-11
"34694","HISEQ13:138:C6FWNANXX:2:2204:20120:10606_1:102877175",4.2e-11
"34695","HISEQ13:138:C6FWNANXX:2:1309:14541:40523_1:62078413",4.2e-11
"34696","HISEQ13:138:C6FWNANXX:2:1104:14501:65939_1:5339222",4.2e-11
"34697","HISEQ13:138:C6FWNANXX:2:2213:16070:77180_1:117309746",4.3e-11
"34698","HISEQ13:138:C6FWNANXX:2:1306:16419:69067_1:57927946",4.3e-11
"34699","HISEQ13:138:C6FWNANXX:2:2108:16665:40375_1:85144655",4.3e-11
"34700","HISEQ13:138:C6FWNANXX:2:2112:16931:39758_1:91136978",4.3e-11
"34701","HISEQ13:138:C6FWNANXX:2:1113:20283:32353_1:18628923",4.3e-11
"34702","HISEQ13:138:C6FWNANXX:2:2303:13210:8381_1:125489415",4.3e-11
"34703","HISEQ13:138:C6FWNANXX:2:2308:2024:31645_1:133016230",4.3e-11
"34704","HISEQ13:138:C6FWNANXX:2:2109:13091:87146_1:87352117",4.3e-11
"34705","HISEQ13:138:C6FWNANXX:2:1203:5454:76262_1:28803782",4.3e-11
"34706","HISEQ13:138:C6FWNANXX:2:1204:17647:3369_1:29188842",4.3e-11
"34707","HISEQ13:138:C6FWNANXX:2:1309:11161:38301_1:62042384",4.3e-11
"34708","HISEQ13:138:C6FWNANXX:2:2105:17780:77698_1:81303034",4.3e-11
"34709","HISEQ13:138:C6FWNANXX:2:1314:12844:94603_1:71036155",4.3e-11
"34710","HISEQ13:138:C6FWNANXX:2:2204:17693:76682_1:103821752",4.3e-11
"34711","HISEQ13:138:C6FWNANXX:2:2208:16988:59422_1:109367733",4.3e-11
"34712","HISEQ13:138:C6FWNANXX:2:2108:3167:68629_1:85568718",4.3e-11
"34713","HISEQ13:138:C6FWNANXX:2:2211:16304:18474_1:113255302",4.3e-11
"34714","HISEQ13:138:C6FWNANXX:2:1212:1398:96632_1:42813481",4.3e-11
"34715","HISEQ13:138:C6FWNANXX:2:1305:20231:55887_1:56225734",4.3e-11
"34716","HISEQ13:138:C6FWNANXX:2:1305:20358:54037_1:56199590",4.3e-11
"34717","HISEQ13:138:C6FWNANXX:2:2104:15099:48684_1:79454763",4.3e-11
"34718","HISEQ13:138:C6FWNANXX:2:1316:6749:19765_1:73149550",4.3e-11
"34719","HISEQ13:138:C6FWNANXX:2:1204:14885:80749_1:30318735",4.3e-11
"34720","HISEQ13:138:C6FWNANXX:2:1214:8603:60437_1:45495094",4.3e-11
"34721","HISEQ13:138:C6FWNANXX:2:1102:19817:59562_1:2313325",4.3e-11
"34722","HISEQ13:138:C6FWNANXX:2:1102:6908:72667_1:2503291",4.3e-11
"34723","HISEQ13:138:C6FWNANXX:2:1305:17218:55181_1:56213980",4.3e-11
"34724","HISEQ13:138:C6FWNANXX:2:2111:14525:7889_1:89158599",4.3e-11
"34725","HISEQ13:138:C6FWNANXX:2:1202:7265:18244_1:26495625",4.3e-11
"34726","HISEQ13:138:C6FWNANXX:2:2204:19782:71311_1:103746899",4.3e-11
"34727","HISEQ13:138:C6FWNANXX:2:1112:20596:31182_1:16991678",4.3e-11
"34728","HISEQ13:138:C6FWNANXX:2:1316:4617:34645_1:73404545",4.3e-11
"34729","HISEQ13:138:C6FWNANXX:2:1313:9690:30842_1:68295224",4.3e-11
"34730","HISEQ13:138:C6FWNANXX:2:2302:14287:34278_1:124458610",4.3e-11
"34731","HISEQ13:138:C6FWNANXX:2:1212:17112:41753_1:41920297",4.3e-11
"34732","HISEQ13:138:C6FWNANXX:2:1216:12055:85730_1:49306239",4.3e-11
"34733","HISEQ13:138:C6FWNANXX:2:1307:9246:89194_1:59749258",4.3e-11
"34734","HISEQ13:138:C6FWNANXX:2:2111:17101:58598_1:89952837",4.3e-11
"34735","HISEQ13:138:C6FWNANXX:2:2111:7980:3778_1:89095625",4.3e-11
"34736","HISEQ13:138:C6FWNANXX:2:1212:10960:15436_1:41496806",4.3e-11
"34737","HISEQ13:138:C6FWNANXX:2:1106:6420:37628_1:7891647",4.3e-11
"34738","HISEQ13:138:C6FWNANXX:2:1116:2482:68330_1:24241697",4.3e-11
"34739","HISEQ13:138:C6FWNANXX:2:1211:11403:79592_1:40961686",4.3e-11
"34740","HISEQ13:138:C6FWNANXX:2:1215:12023:39953_1:46819604",4.3e-11
"34741","HISEQ13:138:C6FWNANXX:2:1304:18010:17574_1:54173060",4.3e-11
"34742","HISEQ13:138:C6FWNANXX:2:1314:10713:28987_1:69918770",4.3e-11
"34743","HISEQ13:138:C6FWNANXX:2:2106:17353:39214_1:82187123",4.3e-11
"34744","HISEQ13:138:C6FWNANXX:2:1214:18570:80288_1:45834067",4.3e-11
"34745","HISEQ13:138:C6FWNANXX:2:2205:3622:56777_1:104961622",4.3e-11
"34746","HISEQ13:138:C6FWNANXX:2:1314:11180:96197_1:71061672",4.3e-11
"34747","HISEQ13:138:C6FWNANXX:2:2107:9049:70424_1:84111645",4.3e-11
"34748","HISEQ13:138:C6FWNANXX:2:1314:4031:66353_1:70554045",4.3e-11
"34749","HISEQ13:138:C6FWNANXX:2:2212:12621:75228_1:115693734",4.3e-11
"34750","HISEQ13:138:C6FWNANXX:2:1209:3717:84743_1:37907425",4.3e-11
"34751","HISEQ13:138:C6FWNANXX:2:2111:4602:30465_1:89506107",4.3e-11
"34752","HISEQ13:138:C6FWNANXX:2:2216:4141:7432_1:121026294",4.3e-11
"34753","HISEQ13:138:C6FWNANXX:2:1105:11106:81912_1:7062602",4.4e-11
"34754","HISEQ13:138:C6FWNANXX:2:2306:16813:11055_1:129787432",4.4e-11
"34755","HISEQ13:138:C6FWNANXX:2:2311:7243:38921_1:137663004",4.4e-11
"34756","HISEQ13:138:C6FWNANXX:2:1116:3016:33484_1:23641985",4.4e-11
"34757","HISEQ13:138:C6FWNANXX:2:2215:4686:10896_1:119450271",4.4e-11
"34758","HISEQ13:138:C6FWNANXX:2:2302:6686:15130_1:124186228",4.4e-11
"34759","HISEQ13:138:C6FWNANXX:2:2314:18378:97150_1:143366367",4.4e-11
"34760","HISEQ13:138:C6FWNANXX:2:2304:11702:9060_1:126902642",4.4e-11
"34761","HISEQ13:138:C6FWNANXX:2:1316:11860:95562_1:74471809",4.4e-11
"34762","HISEQ13:138:C6FWNANXX:2:2308:3366:59911_1:133442587",4.4e-11
"34763","HISEQ13:138:C6FWNANXX:2:2309:2866:39619_1:134633190",4.4e-11
"34764","HISEQ13:138:C6FWNANXX:2:2101:1863:19002_1:74803905",4.4e-11
"34765","HISEQ13:138:C6FWNANXX:2:1202:6856:88133_1:27522534",4.4e-11
"34766","HISEQ13:138:C6FWNANXX:2:1110:18151:73282_1:14603038",4.4e-11
"34767","HISEQ13:138:C6FWNANXX:2:2309:6808:89676_1:135398761",4.4e-11
"34768","HISEQ13:138:C6FWNANXX:2:1114:14173:55629_1:20663571",4.4e-11
"34769","HISEQ13:138:C6FWNANXX:2:2114:7928:3402_1:93699837",4.4e-11
"34770","HISEQ13:138:C6FWNANXX:2:2313:13686:20630_1:140506711",4.4e-11
"34771","HISEQ13:138:C6FWNANXX:2:2305:12345:79188_1:129337809",4.4e-11
"34772","HISEQ13:138:C6FWNANXX:2:1101:4259:46087_1:652302",4.4e-11
"34773","HISEQ13:138:C6FWNANXX:2:2106:14876:35625_1:82135266",4.4e-11
"34774","HISEQ13:138:C6FWNANXX:2:1115:4502:80446_1:22750551",4.4e-11
"34775","HISEQ13:138:C6FWNANXX:2:1101:13868:63029_1:905751",4.4e-11
"34776","HISEQ13:138:C6FWNANXX:2:1116:7422:20909_1:23427686",4.4e-11
"34777","HISEQ13:138:C6FWNANXX:2:2109:18227:28412_1:86459799",4.4e-11
"34778","HISEQ13:138:C6FWNANXX:2:1208:13448:37340_1:35638062",4.4e-11
"34779","HISEQ13:138:C6FWNANXX:2:1303:11864:11852_1:52622644",4.4e-11
"34780","HISEQ13:138:C6FWNANXX:2:2315:12308:38027_1:144022709",4.4e-11
"34781","HISEQ13:138:C6FWNANXX:2:2214:15160:28237_1:118117894",4.4e-11
"34782","HISEQ13:138:C6FWNANXX:2:2215:20952:54542_1:120173629",4.4e-11
"34783","HISEQ13:138:C6FWNANXX:2:2309:9719:90789_1:135418369",4.4e-11
"34784","HISEQ13:138:C6FWNANXX:2:1111:15762:94640_1:16583915",4.4e-11
"34785","HISEQ13:138:C6FWNANXX:2:1201:12146:84898_1:26024370",4.4e-11
"34786","HISEQ13:138:C6FWNANXX:2:2104:2956:41407_1:79348093",4.4e-11
"34787","HISEQ13:138:C6FWNANXX:2:2104:4186:45768_1:79413263",4.4e-11
"34788","HISEQ13:138:C6FWNANXX:2:1206:11335:71118_1:33143348",4.4e-11
"34789","HISEQ13:138:C6FWNANXX:2:2202:4219:23422_1:100237710",4.5e-11
"34790","HISEQ13:138:C6FWNANXX:2:2207:1511:32703_1:107497731",4.5e-11
"34791","HISEQ13:138:C6FWNANXX:2:2307:19768:69673_1:132110697",4.5e-11
"34792","HISEQ13:138:C6FWNANXX:2:1206:13576:76962_1:33230868",4.5e-11
"34793","HISEQ13:138:C6FWNANXX:2:2108:14510:71654_1:85616436",4.5e-11
"34794","HISEQ13:138:C6FWNANXX:2:1313:20394:10591_1:67962592",4.5e-11
"34795","HISEQ13:138:C6FWNANXX:2:1316:8406:29263_1:73314567",4.5e-11
"34796","HISEQ13:138:C6FWNANXX:2:2215:4268:97441_1:120879406",4.5e-11
"34797","HISEQ13:138:C6FWNANXX:2:2306:13375:11874_1:129797914",4.5e-11
"34798","HISEQ13:138:C6FWNANXX:2:2216:20721:80773_1:122270555",4.5e-11
"34799","HISEQ13:138:C6FWNANXX:2:1209:13864:96814_1:38101369",4.5e-11
"34800","HISEQ13:138:C6FWNANXX:2:1102:13938:28705_1:1856414",4.5e-11
"34801","HISEQ13:138:C6FWNANXX:2:2108:13584:57057_1:85396197",4.5e-11
"34802","HISEQ13:138:C6FWNANXX:2:2212:5284:100290_1:116095565",4.5e-11
"34803","HISEQ13:138:C6FWNANXX:2:1212:11945:87036_1:42659873",4.5e-11
"34804","HISEQ13:138:C6FWNANXX:2:2108:3368:98799_1:86026098",4.5e-11
"34805","HISEQ13:138:C6FWNANXX:2:2312:3884:55898_1:139490769",4.5e-11
"34806","HISEQ13:138:C6FWNANXX:2:2214:19666:61535_1:118666016",4.5e-11
"34807","HISEQ13:138:C6FWNANXX:2:2216:20580:38565_1:121553576",4.5e-11
"34808","HISEQ13:138:C6FWNANXX:2:2308:14994:16090_1:132785606",4.5e-11
"34809","HISEQ13:138:C6FWNANXX:2:1216:5027:66631_1:48972781",4.5e-11
"34810","HISEQ13:138:C6FWNANXX:2:2206:15450:28845_1:105992825",4.5e-11
"34811","HISEQ13:138:C6FWNANXX:2:1113:21315:53019_1:18970461",4.5e-11
"34812","HISEQ13:138:C6FWNANXX:2:1304:8571:78853_1:55085346",4.5e-11
"34813","HISEQ13:138:C6FWNANXX:2:2101:20384:9190_1:74664802",4.5e-11
"34814","HISEQ13:138:C6FWNANXX:2:2310:6123:60119_1:136465346",4.5e-11
"34815","HISEQ13:138:C6FWNANXX:2:2115:8249:96126_1:96815354",4.5e-11
"34816","HISEQ13:138:C6FWNANXX:2:1302:18812:39944_1:51579429",4.5e-11
"34817","HISEQ13:138:C6FWNANXX:2:1313:2520:12761_1:67996254",4.5e-11
"34818","HISEQ13:138:C6FWNANXX:2:1311:19976:8764_1:64707869",4.5e-11
"34819","HISEQ13:138:C6FWNANXX:2:1101:7876:17289_1:228084",4.5e-11
"34820","HISEQ13:138:C6FWNANXX:2:2212:1591:3556_1:114573327",4.5e-11
"34821","HISEQ13:138:C6FWNANXX:2:2309:3636:69409_1:135089021",4.5e-11
"34822","HISEQ13:138:C6FWNANXX:2:1103:19117:18192_1:3163129",4.5e-11
"34823","HISEQ13:138:C6FWNANXX:2:1114:9280:88518_1:21218079",4.5e-11
"34824","HISEQ13:138:C6FWNANXX:2:1115:13464:15699_1:21657134",4.5e-11
"34825","HISEQ13:138:C6FWNANXX:2:1312:15373:69187_1:67295779",4.5e-11
"34826","HISEQ13:138:C6FWNANXX:2:2108:13407:85115_1:85820217",4.5e-11
"34827","HISEQ13:138:C6FWNANXX:2:2212:16007:30665_1:114990144",4.5e-11
"34828","HISEQ13:138:C6FWNANXX:2:2302:6784:41388_1:124555279",4.5e-11
"34829","HISEQ13:138:C6FWNANXX:2:1114:4140:80351_1:21078020",4.5e-11
"34830","HISEQ13:138:C6FWNANXX:2:1209:15069:87424_1:37952319",4.5e-11
"34831","HISEQ13:138:C6FWNANXX:2:1312:9313:98882_1:67785398",4.6e-11
"34832","HISEQ13:138:C6FWNANXX:2:2104:14800:61822_1:79645323",4.6e-11
"34833","HISEQ13:138:C6FWNANXX:2:1110:16134:34534_1:13989794",4.6e-11
"34834","HISEQ13:138:C6FWNANXX:2:1215:6814:85864_1:47597017",4.6e-11
"34835","HISEQ13:138:C6FWNANXX:2:2311:1222:46898_1:137786405",4.6e-11
"34836","HISEQ13:138:C6FWNANXX:2:1115:20794:98666_1:23067064",4.6e-11
"34837","HISEQ13:138:C6FWNANXX:2:2104:15506:50151_1:79476396",4.6e-11
"34838","HISEQ13:138:C6FWNANXX:2:2104:7916:61063_1:79633010",4.6e-11
"34839","HISEQ13:138:C6FWNANXX:2:1208:10549:10331_1:35222706",4.6e-11
"34840","HISEQ13:138:C6FWNANXX:2:2305:7916:29612_1:128617051",4.6e-11
"34841","HISEQ13:138:C6FWNANXX:2:1104:5957:69955_1:5397810",4.6e-11
"34842","HISEQ13:138:C6FWNANXX:2:2311:3982:93699_1:138525330",4.6e-11
"34843","HISEQ13:138:C6FWNANXX:2:1115:9784:94568_1:22995750",4.6e-11
"34844","HISEQ13:138:C6FWNANXX:2:1214:6525:92936_1:46041616",4.6e-11
"34845","HISEQ13:138:C6FWNANXX:2:2213:15503:35227_1:116634416",4.6e-11
"34846","HISEQ13:138:C6FWNANXX:2:2101:5937:22779_1:74858294",4.6e-11
"34847","HISEQ13:138:C6FWNANXX:2:2205:11722:16777_1:104384052",4.6e-11
"34848","HISEQ13:138:C6FWNANXX:2:2110:8686:96640_1:89003154",4.6e-11
"34849","HISEQ13:138:C6FWNANXX:2:2102:13621:92427_1:77255849",4.6e-11
"34850","HISEQ13:138:C6FWNANXX:2:1114:16504:61397_1:20761215",4.6e-11
"34851","HISEQ13:138:C6FWNANXX:2:1211:12600:27663_1:40125216",4.6e-11
"34852","HISEQ13:138:C6FWNANXX:2:1314:3435:3215_1:69480955",4.6e-11
"34853","HISEQ13:138:C6FWNANXX:2:1102:18400:43021_1:2069755",4.6e-11
"34854","HISEQ13:138:C6FWNANXX:2:1302:10183:22877_1:51328195",4.6e-11
"34855","HISEQ13:138:C6FWNANXX:2:2310:18550:86389_1:136867202",4.6e-11
"34856","HISEQ13:138:C6FWNANXX:2:1201:13883:24319_1:25134543",4.6e-11
"34857","HISEQ13:138:C6FWNANXX:2:1203:3449:52704_1:28453330",4.6e-11
"34858","HISEQ13:138:C6FWNANXX:2:1214:7936:83242_1:45878240",4.6e-11
"34859","HISEQ13:138:C6FWNANXX:2:2307:15369:31533_1:131546012",4.6e-11
"34860","HISEQ13:138:C6FWNANXX:2:1114:14571:38140_1:20369695",4.6e-11
"34861","HISEQ13:138:C6FWNANXX:2:1116:7859:88383_1:24589226",4.6e-11
"34862","HISEQ13:138:C6FWNANXX:2:1116:7859:88383_1:24589227",4.6e-11
"34863","HISEQ13:138:C6FWNANXX:2:1311:5524:51593_1:65393593",4.6e-11
"34864","HISEQ13:138:C6FWNANXX:2:2203:14087:5419_1:101390806",4.6e-11
"34865","HISEQ13:138:C6FWNANXX:2:2208:9350:69156_1:109513415",4.6e-11
"34866","HISEQ13:138:C6FWNANXX:2:2210:1249:72087_1:112560425",4.6e-11
"34867","HISEQ13:138:C6FWNANXX:2:2210:1249:72087_1:112560426",4.6e-11
"34868","HISEQ13:138:C6FWNANXX:2:1309:19153:31120_1:61928954",4.6e-11
"34869","HISEQ13:138:C6FWNANXX:2:2113:5729:82481_1:93380171",4.6e-11
"34870","HISEQ13:138:C6FWNANXX:2:2207:11663:73420_1:108101509",4.6e-11
"34871","HISEQ13:138:C6FWNANXX:2:2111:19645:26672_1:89450621",4.6e-11
"34872","HISEQ13:138:C6FWNANXX:2:2311:12695:40895_1:137695121",4.6e-11
"34873","HISEQ13:138:C6FWNANXX:2:1314:6856:66713_1:70559012",4.6e-11
"34874","HISEQ13:138:C6FWNANXX:2:1316:7321:51226_1:73693957",4.6e-11
"34875","HISEQ13:138:C6FWNANXX:2:2112:20642:97472_1:92045042",4.6e-11
"34876","HISEQ13:138:C6FWNANXX:2:2207:14461:90171_1:108350691",4.6e-11
"34877","HISEQ13:138:C6FWNANXX:2:2208:8580:25052_1:108853530",4.6e-11
"34878","HISEQ13:138:C6FWNANXX:2:1107:9877:71529_1:9924329",4.6e-11
"34879","HISEQ13:138:C6FWNANXX:2:1110:10112:2302_1:13479892",4.6e-11
"34880","HISEQ13:138:C6FWNANXX:2:1113:4474:78661_1:19390615",4.6e-11
"34881","HISEQ13:138:C6FWNANXX:2:2210:4771:35259_1:112000236",4.6e-11
"34882","HISEQ13:138:C6FWNANXX:2:2305:4284:24354_1:128540881",4.6e-11
"34883","HISEQ13:138:C6FWNANXX:2:2215:18722:30317_1:119774707",4.7e-11
"34884","HISEQ13:138:C6FWNANXX:2:2107:4407:75245_1:84181085",4.7e-11
"34885","HISEQ13:138:C6FWNANXX:2:1316:19238:51915_1:73709935",4.7e-11
"34886","HISEQ13:138:C6FWNANXX:2:1115:13406:37713_1:22029199",4.7e-11
"34887","HISEQ13:138:C6FWNANXX:2:1216:16034:100420_1:49560953",4.7e-11
"34888","HISEQ13:138:C6FWNANXX:2:1306:20698:55361_1:57718426",4.7e-11
"34889","HISEQ13:138:C6FWNANXX:2:2211:12601:26354_1:113379622",4.7e-11
"34890","HISEQ13:138:C6FWNANXX:2:1107:12612:72568_1:9940185",4.7e-11
"34891","HISEQ13:138:C6FWNANXX:2:1111:11545:62788_1:16013198",4.7e-11
"34892","HISEQ13:138:C6FWNANXX:2:1216:8038:70901_1:49047349",4.7e-11
"34893","HISEQ13:138:C6FWNANXX:2:2207:9430:80131_1:108201230",4.7e-11
"34894","HISEQ13:138:C6FWNANXX:2:2104:9685:39637_1:79324050",4.7e-11
"34895","HISEQ13:138:C6FWNANXX:2:2306:17623:29400_1:130055628",4.7e-11
"34896","HISEQ13:138:C6FWNANXX:2:1307:16913:27569_1:58804652",4.7e-11
"34897","HISEQ13:138:C6FWNANXX:2:1108:12239:98276_1:11874951",4.7e-11
"34898","HISEQ13:138:C6FWNANXX:2:2109:3271:32654_1:86520560",4.7e-11
"34899","HISEQ13:138:C6FWNANXX:2:2204:5050:5315_1:102800082",4.7e-11
"34900","HISEQ13:138:C6FWNANXX:2:1308:5469:94070_1:61363491",4.7e-11
"34901","HISEQ13:138:C6FWNANXX:2:2109:17710:72846_1:87136673",4.7e-11
"34902","HISEQ13:138:C6FWNANXX:2:2310:13105:60777_1:136477851",4.7e-11
"34903","HISEQ13:138:C6FWNANXX:2:1207:7096:25928_1:33953376",4.7e-11
"34904","HISEQ13:138:C6FWNANXX:2:1306:5788:24458_1:57242505",4.7e-11
"34905","HISEQ13:138:C6FWNANXX:2:1308:18858:26941_1:60315736",4.7e-11
"34906","HISEQ13:138:C6FWNANXX:2:2203:12331:69852_1:102311415",4.7e-11
"34907","HISEQ13:138:C6FWNANXX:2:2307:13076:71778_1:132142951",4.7e-11
"34908","HISEQ13:138:C6FWNANXX:2:2309:15476:27112_1:134446371",4.7e-11
"34909","HISEQ13:138:C6FWNANXX:2:2309:17507:95237_1:135484842",4.7e-11
"34910","HISEQ13:138:C6FWNANXX:2:2212:18842:93755_1:115994998",4.7e-11
"34911","HISEQ13:138:C6FWNANXX:2:2307:20081:67951_1:132084901",4.7e-11
"34912","HISEQ13:138:C6FWNANXX:2:1211:5518:68803_1:40788501",4.7e-11
"34913","HISEQ13:138:C6FWNANXX:2:1309:17503:65316_1:62470988",4.7e-11
"34914","HISEQ13:138:C6FWNANXX:2:2101:13652:17127_1:74777828",4.7e-11
"34915","HISEQ13:138:C6FWNANXX:2:2111:17798:53888_1:89876819",4.7e-11
"34916","HISEQ13:138:C6FWNANXX:2:1302:3984:89007_1:52301990",4.7e-11
"34917","HISEQ13:138:C6FWNANXX:2:2104:20472:38172_1:79304497",4.7e-11
"34918","HISEQ13:138:C6FWNANXX:2:2106:5359:61229_1:82509747",4.7e-11
"34919","HISEQ13:138:C6FWNANXX:2:2205:19054:76449_1:105245122",4.7e-11
"34920","HISEQ13:138:C6FWNANXX:2:1108:17557:70073_1:11433253",4.7e-11
"34921","HISEQ13:138:C6FWNANXX:2:1113:15808:14263_1:18332078",4.8e-11
"34922","HISEQ13:138:C6FWNANXX:2:1205:10223:36981_1:31138788",4.8e-11
"34923","HISEQ13:138:C6FWNANXX:2:1301:10097:21300_1:49854021",4.8e-11
"34924","HISEQ13:138:C6FWNANXX:2:2204:3345:31131_1:103165927",4.8e-11
"34925","HISEQ13:138:C6FWNANXX:2:2113:13464:88754_1:93485878",4.8e-11
"34926","HISEQ13:138:C6FWNANXX:2:2103:20069:76177_1:78431351",4.8e-11
"34927","HISEQ13:138:C6FWNANXX:2:2316:11193:9490_1:145181741",4.8e-11
"34928","HISEQ13:138:C6FWNANXX:2:1106:5328:55951_1:8169300",4.8e-11
"34929","HISEQ13:138:C6FWNANXX:2:1216:3265:4545_1:47899406",4.8e-11
"34930","HISEQ13:138:C6FWNANXX:2:2107:10122:40704_1:83669174",4.8e-11
"34931","HISEQ13:138:C6FWNANXX:2:1109:14527:3811_1:11943777",4.8e-11
"34932","HISEQ13:138:C6FWNANXX:2:1205:12170:38744_1:31165464",4.8e-11
"34933","HISEQ13:138:C6FWNANXX:2:1115:12438:11054_1:21580473",4.8e-11
"34934","HISEQ13:138:C6FWNANXX:2:1306:7380:29322_1:57319348",4.8e-11
"34935","HISEQ13:138:C6FWNANXX:2:2110:3671:25857_1:87923588",4.8e-11
"34936","HISEQ13:138:C6FWNANXX:2:2115:19926:84703_1:96628281",4.8e-11
"34937","HISEQ13:138:C6FWNANXX:2:2115:4931:81363_1:96571230",4.8e-11
"34938","HISEQ13:138:C6FWNANXX:2:2108:18705:63972_1:85499834",4.8e-11
"34939","HISEQ13:138:C6FWNANXX:2:2310:15961:17038_1:135803190",4.8e-11
"34940","HISEQ13:138:C6FWNANXX:2:2214:2934:38589_1:118286074",4.8e-11
"34941","HISEQ13:138:C6FWNANXX:2:2301:7426:71896_1:123590639",4.8e-11
"34942","HISEQ13:138:C6FWNANXX:2:1211:20931:71167_1:40827666",4.8e-11
"34943","HISEQ13:138:C6FWNANXX:2:2212:15296:56708_1:115400788",4.8e-11
"34944","HISEQ13:138:C6FWNANXX:2:2215:5755:80953_1:120605696",4.8e-11
"34945","HISEQ13:138:C6FWNANXX:2:2306:2440:58602_1:130483711",4.8e-11
"34946","HISEQ13:138:C6FWNANXX:2:1314:4362:93272_1:71013348",4.8e-11
"34947","HISEQ13:138:C6FWNANXX:2:2306:17210:53666_1:130413027",4.8e-11
"34948","HISEQ13:138:C6FWNANXX:2:2202:7446:50703_1:100623683",4.8e-11
"34949","HISEQ13:138:C6FWNANXX:2:2313:17877:30607_1:140668639",4.8e-11
"34950","HISEQ13:138:C6FWNANXX:2:1311:1698:17499_1:64841448",4.8e-11
"34951","HISEQ13:138:C6FWNANXX:2:1112:17125:75559_1:17714054",4.8e-11
"34952","HISEQ13:138:C6FWNANXX:2:2213:13700:79217_1:117341749",4.8e-11
"34953","HISEQ13:138:C6FWNANXX:2:1210:9797:25425_1:38531653",4.8e-11
"34954","HISEQ13:138:C6FWNANXX:2:1213:17930:15762_1:43113637",4.8e-11
"34955","HISEQ13:138:C6FWNANXX:2:2109:15355:22811_1:86376079",4.8e-11
"34956","HISEQ13:138:C6FWNANXX:2:2205:2248:36284_1:104663153",4.8e-11
"34957","HISEQ13:138:C6FWNANXX:2:2308:4968:8235_1:132663242",4.8e-11
"34958","HISEQ13:138:C6FWNANXX:2:1101:18123:90166_1:1305481",4.9e-11
"34959","HISEQ13:138:C6FWNANXX:2:1314:12908:100576_1:71139018",4.9e-11
"34960","HISEQ13:138:C6FWNANXX:2:1214:8419:38381_1:45126136",4.9e-11
"34961","HISEQ13:138:C6FWNANXX:2:1216:16585:57953_1:48823230",4.9e-11
"34962","HISEQ13:138:C6FWNANXX:2:1304:9347:17954_1:54175133",4.9e-11
"34963","HISEQ13:138:C6FWNANXX:2:2203:2820:91503_1:102619683",4.9e-11
"34964","HISEQ13:138:C6FWNANXX:2:1216:7084:78402_1:49178051",4.9e-11
"34965","HISEQ13:138:C6FWNANXX:2:2315:12301:82296_1:144750466",4.9e-11
"34966","HISEQ13:138:C6FWNANXX:2:2109:3858:44278_1:86699651",4.9e-11
"34967","HISEQ13:138:C6FWNANXX:2:2312:9610:68351_1:139689618",4.9e-11
"34968","HISEQ13:138:C6FWNANXX:2:1313:5158:30271_1:68286163",4.9e-11
"34969","HISEQ13:138:C6FWNANXX:2:1215:18914:44592_1:46901290",4.9e-11
"34970","HISEQ13:138:C6FWNANXX:2:2201:2952:14932_1:98707546",4.9e-11
"34971","HISEQ13:138:C6FWNANXX:2:2216:11071:7754_1:121036095",4.9e-11
"34972","HISEQ13:138:C6FWNANXX:2:1101:18356:89474_1:1294360",4.9e-11
"34973","HISEQ13:138:C6FWNANXX:2:1112:15013:45723_1:17225507",4.9e-11
"34974","HISEQ13:138:C6FWNANXX:2:1213:5245:15161_1:43098695",4.9e-11
"34975","HISEQ13:138:C6FWNANXX:2:2111:13374:9014_1:89177907",4.9e-11
"34976","HISEQ13:138:C6FWNANXX:2:2212:8612:96028_1:116028478",4.9e-11
"34977","HISEQ13:138:C6FWNANXX:2:1311:9614:91911_1:66051476",4.9e-11
"34978","HISEQ13:138:C6FWNANXX:2:1207:9982:57331_1:34431115",4.9e-11
"34979","HISEQ13:138:C6FWNANXX:2:2103:3374:52323_1:78091916",4.9e-11
"34980","HISEQ13:138:C6FWNANXX:2:1307:1393:94304_1:59828480",4.9e-11
"34981","HISEQ13:138:C6FWNANXX:2:1307:4640:95973_1:59851940",4.9e-11
"34982","HISEQ13:138:C6FWNANXX:2:1115:17874:39150_1:22055174",4.9e-11
"34983","HISEQ13:138:C6FWNANXX:2:2204:2222:16528_1:102957493",4.9e-11
"34984","HISEQ13:138:C6FWNANXX:2:1302:9787:38413_1:51556058",4.9e-11
"34985","HISEQ13:138:C6FWNANXX:2:1310:20175:72360_1:64148096",4.9e-11
"34986","HISEQ13:138:C6FWNANXX:2:2110:17275:64737_1:88518831",4.9e-11
"34987","HISEQ13:138:C6FWNANXX:2:2214:19370:71717_1:118830670",4.9e-11
"34988","HISEQ13:138:C6FWNANXX:2:2313:4421:83923_1:141529201",4.9e-11
"34989","HISEQ13:138:C6FWNANXX:2:2316:16051:5406_1:145114855",4.9e-11
"34990","HISEQ13:138:C6FWNANXX:2:2208:17485:83217_1:109726554",4.9e-11
"34991","HISEQ13:138:C6FWNANXX:2:2209:18377:7743_1:110078740",4.9e-11
"34992","HISEQ13:138:C6FWNANXX:2:1216:13059:73220_1:49087855",4.9e-11
"34993","HISEQ13:138:C6FWNANXX:2:1205:7918:63020_1:31531892",4.9e-11
"34994","HISEQ13:138:C6FWNANXX:2:1315:9681:28920_1:71597671",4.9e-11
"34995","HISEQ13:138:C6FWNANXX:2:2110:7514:20386_1:87840507",4.9e-11
"34996","HISEQ13:138:C6FWNANXX:2:2304:17664:5953_1:126856913",4.9e-11
"34997","HISEQ13:138:C6FWNANXX:2:1214:3150:24687_1:44894109",4.9e-11
"34998","HISEQ13:138:C6FWNANXX:2:2306:16174:17653_1:129883441",4.9e-11
"34999","HISEQ13:138:C6FWNANXX:2:1105:8992:88723_1:7163931",4.9e-11
"35000","HISEQ13:138:C6FWNANXX:2:1215:2379:56921_1:47105413",4.9e-11
"35001","HISEQ13:138:C6FWNANXX:2:2204:12931:89930_1:104011232",4.9e-11
"35002","HISEQ13:138:C6FWNANXX:2:1307:15802:96636_1:59865862",4.9e-11
"35003","HISEQ13:138:C6FWNANXX:2:2108:11321:18294_1:84813000",4.9e-11
"35004","HISEQ13:138:C6FWNANXX:2:2109:21247:3023_1:86076715",5e-11
"35005","HISEQ13:138:C6FWNANXX:2:2106:18333:35325_1:82132297",5e-11
"35006","HISEQ13:138:C6FWNANXX:2:2211:11506:86346_1:114318069",5e-11
"35007","HISEQ13:138:C6FWNANXX:2:1310:6823:22919_1:63358672",5e-11
"35008","HISEQ13:138:C6FWNANXX:2:2211:20809:78320_1:114194634",5e-11
"35009","HISEQ13:138:C6FWNANXX:2:1102:11293:58350_1:2293158",5e-11
"35010","HISEQ13:138:C6FWNANXX:2:1309:3506:97122_1:62970326",5e-11
"35011","HISEQ13:138:C6FWNANXX:2:2204:17349:75683_1:103807214",5e-11
"35012","HISEQ13:138:C6FWNANXX:2:1314:11600:59482_1:70436875",5e-11
"35013","HISEQ13:138:C6FWNANXX:2:1208:4651:23882_1:35428773",5e-11
"35014","HISEQ13:138:C6FWNANXX:2:1213:7425:99833_1:44499134",5e-11
"35015","HISEQ13:138:C6FWNANXX:2:1307:1488:43884_1:59051013",5e-11
"35016","HISEQ13:138:C6FWNANXX:2:1313:16121:83345_1:69173040",5e-11
"35017","HISEQ13:138:C6FWNANXX:2:2103:15943:77669_1:78451862",5e-11
"35018","HISEQ13:138:C6FWNANXX:2:2206:15468:24868_1:105934668",5e-11
"35019","HISEQ13:138:C6FWNANXX:2:2215:2966:29934_1:119763360",5e-11
"35020","HISEQ13:138:C6FWNANXX:2:2311:14871:33967_1:137586380",5e-11
"35021","HISEQ13:138:C6FWNANXX:2:1213:21085:93906_1:44401982",5e-11
"35022","HISEQ13:138:C6FWNANXX:2:2107:13032:55948_1:83896531",5e-11
"35023","HISEQ13:138:C6FWNANXX:2:2302:1324:39101_1:124523018",5e-11
"35024","HISEQ13:138:C6FWNANXX:2:1207:8671:86870_1:34881370",5e-11
"35025","HISEQ13:138:C6FWNANXX:2:2107:3822:74633_1:84173419",5e-11
"35026","HISEQ13:138:C6FWNANXX:2:2211:7996:7288_1:113083000",5e-11
"35027","HISEQ13:138:C6FWNANXX:2:2204:10596:47532_1:103403870",5e-11
"35028","HISEQ13:138:C6FWNANXX:2:2310:20639:11758_1:135723346",5e-11
"35029","HISEQ13:138:C6FWNANXX:2:2214:5651:81736_1:118991267",5e-11
"35030","HISEQ13:138:C6FWNANXX:2:1114:20832:28414_1:20207810",5e-11
"35031","HISEQ13:138:C6FWNANXX:2:1314:7434:48521_1:70253707",5e-11
"35032","HISEQ13:138:C6FWNANXX:2:2302:11072:87573_1:125211423",5e-11
"35033","HISEQ13:138:C6FWNANXX:2:2303:16425:4903_1:125439689",5e-11
"35034","HISEQ13:138:C6FWNANXX:2:2214:20783:21160_1:118005225",5e-11
"35035","HISEQ13:138:C6FWNANXX:2:1115:2826:66500_1:22513333",5e-11
"35036","HISEQ13:138:C6FWNANXX:2:1308:9665:6460_1:59997028",5e-11
"35037","HISEQ13:138:C6FWNANXX:2:1315:16159:66608_1:72247629",5e-11
"35038","HISEQ13:138:C6FWNANXX:2:2108:4015:32703_1:85025079",5e-11
"35039","HISEQ13:138:C6FWNANXX:2:2214:9752:2770_1:117704430",5e-11
"35040","HISEQ13:138:C6FWNANXX:2:1204:6333:67125_1:30116676",5e-11
"35041","HISEQ13:138:C6FWNANXX:2:1201:15542:95246_1:26176057",5e-11
"35042","HISEQ13:138:C6FWNANXX:2:1206:3750:92328_1:33461752",5e-11
"35043","HISEQ13:138:C6FWNANXX:2:1210:10913:93765_1:39604226",5e-11
"35044","HISEQ13:138:C6FWNANXX:2:1303:2371:20117_1:52742326",5e-11
"35045","HISEQ13:138:C6FWNANXX:2:2102:7989:12223_1:76113046",5e-11
"35046","HISEQ13:138:C6FWNANXX:2:2208:16187:73633_1:109582824",5e-11
"35047","HISEQ13:138:C6FWNANXX:2:2308:3705:31561_1:133016528",5e-11
"35048","HISEQ13:138:C6FWNANXX:2:1308:6149:66290_1:60927306",5e-11
"35049","HISEQ13:138:C6FWNANXX:2:2307:3398:37050_1:131625074",5.1e-11
"35050","HISEQ13:138:C6FWNANXX:2:2313:7168:30611_1:140666494",5.1e-11
"35051","HISEQ13:138:C6FWNANXX:2:1215:13801:91982_1:47702285",5.1e-11
"35052","HISEQ13:138:C6FWNANXX:2:1112:16146:85234_1:17869552",5.1e-11
"35053","HISEQ13:138:C6FWNANXX:2:2204:17690:11226_1:102883472",5.1e-11
"35054","HISEQ13:138:C6FWNANXX:2:1313:13905:30997_1:68296192",5.1e-11
"35055","HISEQ13:138:C6FWNANXX:2:1205:12218:76657_1:31735267",5.1e-11
"35056","HISEQ13:138:C6FWNANXX:2:1301:5977:63301_1:50470719",5.1e-11
"35057","HISEQ13:138:C6FWNANXX:2:1305:16660:52133_1:56168584",5.1e-11
"35058","HISEQ13:138:C6FWNANXX:2:1207:21210:53058_1:34368766",5.1e-11
"35059","HISEQ13:138:C6FWNANXX:2:1312:11364:80313_1:67480247",5.1e-11
"35060","HISEQ13:138:C6FWNANXX:2:2206:19229:96185_1:106980714",5.1e-11
"35061","HISEQ13:138:C6FWNANXX:2:2211:10906:66258_1:114005277",5.1e-11
"35062","HISEQ13:138:C6FWNANXX:2:1105:5110:5291_1:5912213",5.1e-11
"35063","HISEQ13:138:C6FWNANXX:2:1202:13938:89088_1:27538262",5.1e-11
"35064","HISEQ13:138:C6FWNANXX:2:1303:21449:46425_1:53135541",5.1e-11
"35065","HISEQ13:138:C6FWNANXX:2:2115:3043:71966_1:96416735",5.1e-11
"35066","HISEQ13:138:C6FWNANXX:2:1213:8055:24155_1:43246488",5.1e-11
"35067","HISEQ13:138:C6FWNANXX:2:1316:9476:18729_1:73128645",5.1e-11
"35068","HISEQ13:138:C6FWNANXX:2:1204:14291:53207_1:29910773",5.1e-11
"35069","HISEQ13:138:C6FWNANXX:2:1214:12126:18190_1:44786404",5.1e-11
"35070","HISEQ13:138:C6FWNANXX:2:2202:5985:40825_1:100485398",5.1e-11
"35071","HISEQ13:138:C6FWNANXX:2:2202:6816:39900_1:100471480",5.1e-11
"35072","HISEQ13:138:C6FWNANXX:2:1111:13279:95264_1:16597527",5.1e-11
"35073","HISEQ13:138:C6FWNANXX:2:1209:8620:98323_1:38123755",5.1e-11
"35074","HISEQ13:138:C6FWNANXX:2:1210:10006:8629_1:38266711",5.1e-11
"35075","HISEQ13:138:C6FWNANXX:2:2106:10205:95010_1:83010269",5.1e-11
"35076","HISEQ13:138:C6FWNANXX:2:2312:21299:61021_1:139577272",5.1e-11
"35077","HISEQ13:138:C6FWNANXX:2:2204:21095:19182_1:102996934",5.1e-11
"35078","HISEQ13:138:C6FWNANXX:2:1214:6903:15538_1:44743864",5.1e-11
"35079","HISEQ13:138:C6FWNANXX:2:2115:10889:61565_1:96250976",5.1e-11
"35080","HISEQ13:138:C6FWNANXX:2:2214:6481:13251_1:117875359",5.1e-11
"35081","HISEQ13:138:C6FWNANXX:2:2307:10866:54741_1:131885728",5.1e-11
"35082","HISEQ13:138:C6FWNANXX:2:1311:11651:1988_1:64594057",5.2e-11
"35083","HISEQ13:138:C6FWNANXX:2:2201:9078:83039_1:99681937",5.2e-11
"35084","HISEQ13:138:C6FWNANXX:2:2110:17988:75667_1:88685443",5.2e-11
"35085","HISEQ13:138:C6FWNANXX:2:2206:14689:32169_1:106040049",5.2e-11
"35086","HISEQ13:138:C6FWNANXX:2:2310:12369:79338_1:136759528",5.2e-11
"35087","HISEQ13:138:C6FWNANXX:2:1116:19254:70820_1:24287979",5.2e-11
"35088","HISEQ13:138:C6FWNANXX:2:1214:11009:49362_1:45311291",5.2e-11
"35089","HISEQ13:138:C6FWNANXX:2:2301:6232:66733_1:123516428",5.2e-11
"35090","HISEQ13:138:C6FWNANXX:2:2314:15974:30700_1:142270498",5.2e-11
"35091","HISEQ13:138:C6FWNANXX:2:2213:13194:64543_1:117107977",5.2e-11
"35092","HISEQ13:138:C6FWNANXX:2:2316:13606:91740_1:146571504",5.2e-11
"35093","HISEQ13:138:C6FWNANXX:2:1208:14299:11224_1:35234925",5.2e-11
"35094","HISEQ13:138:C6FWNANXX:2:1215:15740:52206_1:47027344",5.2e-11
"35095","HISEQ13:138:C6FWNANXX:2:2110:17142:30971_1:88002471",5.2e-11
"35096","HISEQ13:138:C6FWNANXX:2:2216:11607:13871_1:121136600",5.2e-11
"35097","HISEQ13:138:C6FWNANXX:2:2101:20355:88711_1:75796742",5.2e-11
"35098","HISEQ13:138:C6FWNANXX:2:1313:6495:51009_1:68630747",5.2e-11
"35099","HISEQ13:138:C6FWNANXX:2:2107:8928:37774_1:83627964",5.2e-11
"35100","HISEQ13:138:C6FWNANXX:2:1108:6282:32340_1:10842581",5.2e-11
"35101","HISEQ13:138:C6FWNANXX:2:2216:6640:37148_1:121525296",5.2e-11
"35102","HISEQ13:138:C6FWNANXX:2:2205:8426:20528_1:104438238",5.2e-11
"35103","HISEQ13:138:C6FWNANXX:2:2302:9219:45947_1:124619094",5.2e-11
"35104","HISEQ13:138:C6FWNANXX:2:2208:13621:8804_1:108611533",5.2e-11
"35105","HISEQ13:138:C6FWNANXX:2:1211:10395:81145_1:40985944",5.2e-11
"35106","HISEQ13:138:C6FWNANXX:2:1308:8132:20384_1:60212665",5.2e-11
"35107","HISEQ13:138:C6FWNANXX:2:2106:1853:25328_1:81982693",5.2e-11
"35108","HISEQ13:138:C6FWNANXX:2:2203:13664:84352_1:102518261",5.2e-11
"35109","HISEQ13:138:C6FWNANXX:2:1313:5510:10826_1:67963607",5.2e-11
"35110","HISEQ13:138:C6FWNANXX:2:1312:5894:23503_1:66550565",5.2e-11
"35111","HISEQ13:138:C6FWNANXX:2:1205:2299:44297_1:31250017",5.2e-11
"35112","HISEQ13:138:C6FWNANXX:2:1213:11530:65959_1:43937578",5.2e-11
"35113","HISEQ13:138:C6FWNANXX:2:1102:8296:28462_1:1851576",5.2e-11
"35114","HISEQ13:138:C6FWNANXX:2:2113:10087:9517_1:92219750",5.2e-11
"35115","HISEQ13:138:C6FWNANXX:2:2315:1433:66983_1:144495004",5.2e-11
"35116","HISEQ13:138:C6FWNANXX:2:1208:19781:39104_1:35665949",5.3e-11
"35117","HISEQ13:138:C6FWNANXX:2:1207:20848:7567_1:33679529",5.3e-11
"35118","HISEQ13:138:C6FWNANXX:2:1305:17085:93402_1:56789969",5.3e-11
"35119","HISEQ13:138:C6FWNANXX:2:2213:5679:13753_1:116293285",5.3e-11
"35120","HISEQ13:138:C6FWNANXX:2:2103:5631:45967_1:78000441",5.3e-11
"35121","HISEQ13:138:C6FWNANXX:2:2202:17332:33634_1:100384718",5.3e-11
"35122","HISEQ13:138:C6FWNANXX:2:2215:16718:40416_1:119939272",5.3e-11
"35123","HISEQ13:138:C6FWNANXX:2:2201:19290:39249_1:99056535",5.3e-11
"35124","HISEQ13:138:C6FWNANXX:2:1110:8623:51627_1:14257390",5.3e-11
"35125","HISEQ13:138:C6FWNANXX:2:1316:7561:95877_1:74475171",5.3e-11
"35126","HISEQ13:138:C6FWNANXX:2:2211:6984:45630_1:113680125",5.3e-11
"35127","HISEQ13:138:C6FWNANXX:2:2214:1634:65335_1:118724108",5.3e-11
"35128","HISEQ13:138:C6FWNANXX:2:1306:13155:40573_1:57491739",5.3e-11
"35129","HISEQ13:138:C6FWNANXX:2:2103:11290:88648_1:78608144",5.3e-11
"35130","HISEQ13:138:C6FWNANXX:2:2216:18309:86025_1:122358892",5.3e-11
"35131","HISEQ13:138:C6FWNANXX:2:1302:5084:26310_1:51378417",5.3e-11
"35132","HISEQ13:138:C6FWNANXX:2:2209:1361:11891_1:110139894",5.3e-11
"35133","HISEQ13:138:C6FWNANXX:2:1109:3344:88527_1:13278834",5.3e-11
"35134","HISEQ13:138:C6FWNANXX:2:2202:13273:95269_1:101264064",5.3e-11
"35135","HISEQ13:138:C6FWNANXX:2:2203:17303:6263_1:101405583",5.3e-11
"35136","HISEQ13:138:C6FWNANXX:2:2303:12503:91764_1:126672765",5.3e-11
"35137","HISEQ13:138:C6FWNANXX:2:2305:13821:96554_1:129593062",5.3e-11
"35138","HISEQ13:138:C6FWNANXX:2:1101:1631:95908_1:1387458",5.3e-11
"35139","HISEQ13:138:C6FWNANXX:2:2102:17758:47322_1:76614820",5.3e-11
"35140","HISEQ13:138:C6FWNANXX:2:1307:19859:21021_1:58705269",5.3e-11
"35141","HISEQ13:138:C6FWNANXX:2:1315:4757:50770_1:71973626",5.3e-11
"35142","HISEQ13:138:C6FWNANXX:2:1302:14643:44509_1:51648549",5.3e-11
"35143","HISEQ13:138:C6FWNANXX:2:1105:17645:31365_1:6305929",5.3e-11
"35144","HISEQ13:138:C6FWNANXX:2:2112:6825:9310_1:90742242",5.3e-11
"35145","HISEQ13:138:C6FWNANXX:2:1205:21032:86229_1:31878994",5.3e-11
"35146","HISEQ13:138:C6FWNANXX:2:2206:13117:30123_1:106010427",5.3e-11
"35147","HISEQ13:138:C6FWNANXX:2:2205:9939:5439_1:104216894",5.3e-11
"35148","HISEQ13:138:C6FWNANXX:2:2301:8011:97819_1:123958777",5.3e-11
"35149","HISEQ13:138:C6FWNANXX:2:2305:9111:58661_1:129040102",5.3e-11
"35150","HISEQ13:138:C6FWNANXX:2:1108:12233:48536_1:11096519",5.3e-11
"35151","HISEQ13:138:C6FWNANXX:2:2203:19521:63382_1:102219623",5.3e-11
"35152","HISEQ13:138:C6FWNANXX:2:2307:13945:5477_1:131156977",5.4e-11
"35153","HISEQ13:138:C6FWNANXX:2:1303:14748:92661_1:53817528",5.4e-11
"35154","HISEQ13:138:C6FWNANXX:2:1314:12115:7288_1:69554426",5.4e-11
"35155","HISEQ13:138:C6FWNANXX:2:1306:12188:31958_1:57359007",5.4e-11
"35156","HISEQ13:138:C6FWNANXX:2:2213:8582:18641_1:116369293",5.4e-11
"35157","HISEQ13:138:C6FWNANXX:2:2110:13600:23783_1:87894982",5.4e-11
"35158","HISEQ13:138:C6FWNANXX:2:2110:15391:9099_1:87669803",5.4e-11
"35159","HISEQ13:138:C6FWNANXX:2:2201:19816:86498_1:99729735",5.4e-11
"35160","HISEQ13:138:C6FWNANXX:2:2204:7562:71999_1:103751974",5.4e-11
"35161","HISEQ13:138:C6FWNANXX:2:2115:6574:89048_1:96699225",5.4e-11
"35162","HISEQ13:138:C6FWNANXX:2:1309:19775:88052_1:62832010",5.4e-11
"35163","HISEQ13:138:C6FWNANXX:2:2312:16006:40022_1:139243832",5.4e-11
"35164","HISEQ13:138:C6FWNANXX:2:1203:3566:30354_1:28127653",5.4e-11
"35165","HISEQ13:138:C6FWNANXX:2:1114:11994:70906_1:20919887",5.4e-11
"35166","HISEQ13:138:C6FWNANXX:2:1313:16567:39354_1:68437913",5.4e-11
"35167","HISEQ13:138:C6FWNANXX:2:1311:16096:8059_1:64695148",5.4e-11
"35168","HISEQ13:138:C6FWNANXX:2:2115:11901:27324_1:95694722",5.4e-11
"35169","HISEQ13:138:C6FWNANXX:2:1306:9601:19293_1:57167001",5.4e-11
"35170","HISEQ13:138:C6FWNANXX:2:2304:2637:60377_1:127636794",5.4e-11
"35171","HISEQ13:138:C6FWNANXX:2:2110:4357:71806_1:88625729",5.4e-11
"35172","HISEQ13:138:C6FWNANXX:2:2110:7995:12039_1:87714170",5.4e-11
"35173","HISEQ13:138:C6FWNANXX:2:1206:19795:2201_1:32100609",5.4e-11
"35174","HISEQ13:138:C6FWNANXX:2:1304:7546:94842_1:55324915",5.4e-11
"35175","HISEQ13:138:C6FWNANXX:2:1215:5218:38233_1:46789009",5.5e-11
"35176","HISEQ13:138:C6FWNANXX:2:2314:5965:48827_1:142569473",5.5e-11
"35177","HISEQ13:138:C6FWNANXX:2:1211:5895:30889_1:40176176",5.5e-11
"35178","HISEQ13:138:C6FWNANXX:2:1101:1690:22710_1:304469",5.5e-11
"35179","HISEQ13:138:C6FWNANXX:2:1205:15700:46509_1:31286446",5.5e-11
"35180","HISEQ13:138:C6FWNANXX:2:1215:4099:61107_1:47177955",5.5e-11
"35181","HISEQ13:138:C6FWNANXX:2:1308:18999:44392_1:60587111",5.5e-11
"35182","HISEQ13:138:C6FWNANXX:2:1311:5837:29221_1:65029519",5.5e-11
"35183","HISEQ13:138:C6FWNANXX:2:2101:19815:25417_1:74896770",5.5e-11
"35184","HISEQ13:138:C6FWNANXX:2:2215:12383:68744_1:120404673",5.5e-11
"35185","HISEQ13:138:C6FWNANXX:2:2302:7399:55937_1:124760187",5.5e-11
"35186","HISEQ13:138:C6FWNANXX:2:2316:5285:80433_1:146379632",5.5e-11
"35187","HISEQ13:138:C6FWNANXX:2:1104:4464:55365_1:5180919",5.5e-11
"35188","HISEQ13:138:C6FWNANXX:2:2113:1981:87832_1:93467490",5.5e-11
"35189","HISEQ13:138:C6FWNANXX:2:2305:1938:38654_1:128746999",5.5e-11
"35190","HISEQ13:138:C6FWNANXX:2:1213:9882:10902_1:43030054",5.5e-11
"35191","HISEQ13:138:C6FWNANXX:2:1315:17441:39183_1:71774772",5.5e-11
"35192","HISEQ13:138:C6FWNANXX:2:1315:2405:27363_1:71570306",5.5e-11
"35193","HISEQ13:138:C6FWNANXX:2:2201:12803:44699_1:99133331",5.5e-11
"35194","HISEQ13:138:C6FWNANXX:2:2202:3339:20518_1:100198579",5.5e-11
"35195","HISEQ13:138:C6FWNANXX:2:2209:12083:76788_1:111128239",5.5e-11
"35196","HISEQ13:138:C6FWNANXX:2:2302:15205:70684_1:124970067",5.5e-11
"35197","HISEQ13:138:C6FWNANXX:2:2306:8322:12856_1:129811676",5.5e-11
"35198","HISEQ13:138:C6FWNANXX:2:2313:12975:69441_1:141295670",5.5e-11
"35199","HISEQ13:138:C6FWNANXX:2:1311:8996:35217_1:65126569",5.5e-11
"35200","HISEQ13:138:C6FWNANXX:2:1108:7250:41067_1:10978765",5.5e-11
"35201","HISEQ13:138:C6FWNANXX:2:1112:2816:14023_1:16778363",5.5e-11
"35202","HISEQ13:138:C6FWNANXX:2:2301:9995:55109_1:123355088",5.5e-11
"35203","HISEQ13:138:C6FWNANXX:2:1311:3405:36845_1:65153919",5.5e-11
"35204","HISEQ13:138:C6FWNANXX:2:2210:11784:60616_1:112387538",5.5e-11
"35205","HISEQ13:138:C6FWNANXX:2:1101:3799:11348_1:137719",5.5e-11
"35206","HISEQ13:138:C6FWNANXX:2:1208:11740:5580_1:35150418",5.5e-11
"35207","HISEQ13:138:C6FWNANXX:2:1309:20462:12674_1:61638784",5.5e-11
"35208","HISEQ13:138:C6FWNANXX:2:2312:12557:79057_1:139862319",5.5e-11
"35209","HISEQ13:138:C6FWNANXX:2:1213:17759:86695_1:44281650",5.5e-11
"35210","HISEQ13:138:C6FWNANXX:2:1213:6217:66380_1:43944555",5.5e-11
"35211","HISEQ13:138:C6FWNANXX:2:2114:18544:7378_1:93765851",5.5e-11
"35212","HISEQ13:138:C6FWNANXX:2:2112:8933:49413_1:91283974",5.5e-11
"35213","HISEQ13:138:C6FWNANXX:2:2305:4943:54809_1:128984889",5.5e-11
"35214","HISEQ13:138:C6FWNANXX:2:1307:2351:81271_1:59629685",5.5e-11
"35215","HISEQ13:138:C6FWNANXX:2:2110:12194:20427_1:87841409",5.5e-11
"35216","HISEQ13:138:C6FWNANXX:2:2315:4604:17607_1:143681575",5.5e-11
"35217","HISEQ13:138:C6FWNANXX:2:1105:7213:23521_1:6187543",5.5e-11
"35218","HISEQ13:138:C6FWNANXX:2:1309:15817:18593_1:61731889",5.5e-11
"35219","HISEQ13:138:C6FWNANXX:2:2103:3248:68618_1:78321505",5.5e-11
"35220","HISEQ13:138:C6FWNANXX:2:1303:20078:45876_1:53128040",5.5e-11
"35221","HISEQ13:138:C6FWNANXX:2:1207:8829:94972_1:35003037",5.5e-11
"35222","HISEQ13:138:C6FWNANXX:2:1315:14424:58401_1:72104765",5.6e-11
"35223","HISEQ13:138:C6FWNANXX:2:2206:13348:35155_1:106084132",5.6e-11
"35224","HISEQ13:138:C6FWNANXX:2:2109:18333:68083_1:87065029",5.6e-11
"35225","HISEQ13:138:C6FWNANXX:2:1210:15127:64308_1:39142881",5.6e-11
"35226","HISEQ13:138:C6FWNANXX:2:1316:17731:99535_1:74542254",5.6e-11
"35227","HISEQ13:138:C6FWNANXX:2:1305:15240:94781_1:56812283",5.6e-11
"35228","HISEQ13:138:C6FWNANXX:2:1213:18831:79425_1:44162369",5.6e-11
"35229","HISEQ13:138:C6FWNANXX:2:2206:13243:7912_1:105686213",5.6e-11
"35230","HISEQ13:138:C6FWNANXX:2:1311:11681:17340_1:64843358",5.6e-11
"35231","HISEQ13:138:C6FWNANXX:2:2107:13447:27075_1:83470194",5.6e-11
"35232","HISEQ13:138:C6FWNANXX:2:1212:11589:83902_1:42606060",5.6e-11
"35233","HISEQ13:138:C6FWNANXX:2:2305:14562:52375_1:128950382",5.6e-11
"35234","HISEQ13:138:C6FWNANXX:2:2315:11400:48251_1:144192355",5.6e-11
"35235","HISEQ13:138:C6FWNANXX:2:1111:14183:41580_1:15665297",5.6e-11
"35236","HISEQ13:138:C6FWNANXX:2:2113:2276:12177_1:92258133",5.6e-11
"35237","HISEQ13:138:C6FWNANXX:2:2214:7288:25453_1:118071854",5.6e-11
"35238","HISEQ13:138:C6FWNANXX:2:2309:18492:92432_1:135443374",5.6e-11
"35239","HISEQ13:138:C6FWNANXX:2:2313:2476:56593_1:141087051",5.6e-11
"35240","HISEQ13:138:C6FWNANXX:2:1207:4969:33778_1:34074112",5.6e-11
"35241","HISEQ13:138:C6FWNANXX:2:1215:7749:43917_1:46886526",5.6e-11
"35242","HISEQ13:138:C6FWNANXX:2:2208:10846:18859_1:108760495",5.6e-11
"35243","HISEQ13:138:C6FWNANXX:2:2103:11738:20950_1:77644664",5.6e-11
"35244","HISEQ13:138:C6FWNANXX:2:2311:6253:61059_1:138010810",5.6e-11
"35245","HISEQ13:138:C6FWNANXX:2:2104:14663:88928_1:80034555",5.6e-11
"35246","HISEQ13:138:C6FWNANXX:2:2114:11171:16014_1:93905163",5.6e-11
"35247","HISEQ13:138:C6FWNANXX:2:1205:15011:60821_1:31499329",5.6e-11
"35248","HISEQ13:138:C6FWNANXX:2:1216:1968:6194_1:47925240",5.6e-11
"35249","HISEQ13:138:C6FWNANXX:2:2211:18394:13605_1:113181831",5.6e-11
"35250","HISEQ13:138:C6FWNANXX:2:1314:8493:63152_1:70499670",5.6e-11
"35251","HISEQ13:138:C6FWNANXX:2:2112:9490:48645_1:91272226",5.6e-11
"35252","HISEQ13:138:C6FWNANXX:2:2112:17360:39515_1:91133257",5.6e-11
"35253","HISEQ13:138:C6FWNANXX:2:2311:10591:57410_1:137953020",5.7e-11
"35254","HISEQ13:138:C6FWNANXX:2:2108:18502:92570_1:85934469",5.7e-11
"35255","HISEQ13:138:C6FWNANXX:2:2301:6930:25918_1:122942514",5.7e-11
"35256","HISEQ13:138:C6FWNANXX:2:1111:17160:37227_1:15594144",5.7e-11
"35257","HISEQ13:138:C6FWNANXX:2:1215:5499:98518_1:47816036",5.7e-11
"35258","HISEQ13:138:C6FWNANXX:2:2211:19145:24699_1:113353448",5.7e-11
"35259","HISEQ13:138:C6FWNANXX:2:2306:4796:78324_1:130775141",5.7e-11
"35260","HISEQ13:138:C6FWNANXX:2:2314:9329:83934_1:143146923",5.7e-11
"35261","HISEQ13:138:C6FWNANXX:2:1109:7280:70219_1:12987545",5.7e-11
"35262","HISEQ13:138:C6FWNANXX:2:2201:16514:5165_1:98570893",5.7e-11
"35263","HISEQ13:138:C6FWNANXX:2:2210:2668:41614_1:112094816",5.7e-11
"35264","HISEQ13:138:C6FWNANXX:2:2211:19948:33470_1:113490999",5.7e-11
"35265","HISEQ13:138:C6FWNANXX:2:1214:17624:21564_1:44846550",5.7e-11
"35266","HISEQ13:138:C6FWNANXX:2:2306:15272:73650_1:130708037",5.7e-11
"35267","HISEQ13:138:C6FWNANXX:2:1209:7096:78368_1:37810014",5.7e-11
"35268","HISEQ13:138:C6FWNANXX:2:1111:18081:88538_1:16471706",5.7e-11
"35269","HISEQ13:138:C6FWNANXX:2:1313:16082:47791_1:68578943",5.7e-11
"35270","HISEQ13:138:C6FWNANXX:2:2115:8887:36400_1:95840411",5.7e-11
"35271","HISEQ13:138:C6FWNANXX:2:2208:3188:64010_1:109436756",5.7e-11
"35272","HISEQ13:138:C6FWNANXX:2:2312:4975:96400_1:140135925",5.7e-11
"35273","HISEQ13:138:C6FWNANXX:2:2302:19778:80022_1:125106403",5.7e-11
"35274","HISEQ13:138:C6FWNANXX:2:1311:5667:7842_1:64688723",5.7e-11
"35275","HISEQ13:138:C6FWNANXX:2:1110:17936:9203_1:13587779",5.7e-11
"35276","HISEQ13:138:C6FWNANXX:2:2110:2404:43982_1:88198657",5.7e-11
"35277","HISEQ13:138:C6FWNANXX:2:2311:15887:54940_1:137914637",5.7e-11
"35278","HISEQ13:138:C6FWNANXX:2:1308:18514:56943_1:60781308",5.7e-11
"35279","HISEQ13:138:C6FWNANXX:2:1108:18610:24961_1:10729175",5.7e-11
"35280","HISEQ13:138:C6FWNANXX:2:1207:15845:65565_1:34557577",5.7e-11
"35281","HISEQ13:138:C6FWNANXX:2:1202:8852:59637_1:27104293",5.7e-11
"35282","HISEQ13:138:C6FWNANXX:2:2212:3312:33768_1:115039435",5.7e-11
"35283","HISEQ13:138:C6FWNANXX:2:2107:13032:55948_1:83896532",5.7e-11
"35284","HISEQ13:138:C6FWNANXX:2:2304:19271:34987_1:127273782",5.7e-11
"35285","HISEQ13:138:C6FWNANXX:2:1314:17914:64837_1:70531522",5.7e-11
"35286","HISEQ13:138:C6FWNANXX:2:1107:9955:93100_1:10254356",5.7e-11
"35287","HISEQ13:138:C6FWNANXX:2:1204:14660:33724_1:29620493",5.7e-11
"35288","HISEQ13:138:C6FWNANXX:2:1107:1847:71623_1:9922887",5.7e-11
"35289","HISEQ13:138:C6FWNANXX:2:1315:4904:10166_1:71278497",5.8e-11
"35290","HISEQ13:138:C6FWNANXX:2:2111:19779:65712_1:90068211",5.8e-11
"35291","HISEQ13:138:C6FWNANXX:2:2115:7744:88859_1:96695362",5.8e-11
"35292","HISEQ13:138:C6FWNANXX:2:2204:17576:45966_1:103380041",5.8e-11
"35293","HISEQ13:138:C6FWNANXX:2:1303:19119:72307_1:53518433",5.8e-11
"35294","HISEQ13:138:C6FWNANXX:2:2205:18042:77614_1:105262976",5.8e-11
"35295","HISEQ13:138:C6FWNANXX:2:1102:4580:11615_1:1603624",5.8e-11
"35296","HISEQ13:138:C6FWNANXX:2:1108:5007:78159_1:11556412",5.8e-11
"35297","HISEQ13:138:C6FWNANXX:2:2311:17948:95539_1:138559604",5.8e-11
"35298","HISEQ13:138:C6FWNANXX:2:1210:3454:10322_1:38293181",5.8e-11
"35299","HISEQ13:138:C6FWNANXX:2:1216:10564:51451_1:48708992",5.8e-11
"35300","HISEQ13:138:C6FWNANXX:2:1308:17445:74953_1:61063046",5.8e-11
"35301","HISEQ13:138:C6FWNANXX:2:1310:5524:30480_1:63478032",5.8e-11
"35302","HISEQ13:138:C6FWNANXX:2:2105:16656:87309_1:81445256",5.8e-11
"35303","HISEQ13:138:C6FWNANXX:2:2108:14370:42155_1:85170649",5.8e-11
"35304","HISEQ13:138:C6FWNANXX:2:2108:19265:85266_1:85825167",5.8e-11
"35305","HISEQ13:138:C6FWNANXX:2:2216:13848:43325_1:121633124",5.8e-11
"35306","HISEQ13:138:C6FWNANXX:2:1301:6217:33967_1:50037274",5.8e-11
"35307","HISEQ13:138:C6FWNANXX:2:2110:15415:65575_1:88533943",5.8e-11
"35308","HISEQ13:138:C6FWNANXX:2:2209:10619:17560_1:110228610",5.8e-11
"35309","HISEQ13:138:C6FWNANXX:2:1310:8350:89104_1:64410398",5.8e-11
"35310","HISEQ13:138:C6FWNANXX:2:1110:2766:44783_1:14149264",5.8e-11
"35311","HISEQ13:138:C6FWNANXX:2:1212:13089:67845_1:42343775",5.8e-11
"35312","HISEQ13:138:C6FWNANXX:2:1313:7779:18911_1:68095809",5.8e-11
"35313","HISEQ13:138:C6FWNANXX:2:2116:16434:34967_1:97440149",5.8e-11
"35314","HISEQ13:138:C6FWNANXX:2:2213:12569:2486_1:116110448",5.8e-11
"35315","HISEQ13:138:C6FWNANXX:2:2214:11912:70592_1:118812558",5.8e-11
"35316","HISEQ13:138:C6FWNANXX:2:2216:3794:45355_1:121664562",5.8e-11
"35317","HISEQ13:138:C6FWNANXX:2:2204:7556:25064_1:103080744",5.8e-11
"35318","HISEQ13:138:C6FWNANXX:2:1207:11229:44655_1:34237567",5.8e-11
"35319","HISEQ13:138:C6FWNANXX:2:1306:18367:33706_1:57386370",5.8e-11
"35320","HISEQ13:138:C6FWNANXX:2:1306:18680:20376_1:57183893",5.8e-11
"35321","HISEQ13:138:C6FWNANXX:2:2112:1561:81878_1:91796352",5.8e-11
"35322","HISEQ13:138:C6FWNANXX:2:1114:7330:43878_1:20464307",5.8e-11
"35323","HISEQ13:138:C6FWNANXX:2:1112:6852:19239_1:16812476",5.8e-11
"35324","HISEQ13:138:C6FWNANXX:2:1216:11617:34478_1:48415360",5.8e-11
"35325","HISEQ13:138:C6FWNANXX:2:2206:9898:25431_1:105941065",5.8e-11
"35326","HISEQ13:138:C6FWNANXX:2:1108:5417:55201_1:11195903",5.8e-11
"35327","HISEQ13:138:C6FWNANXX:2:1212:14906:73694_1:42438869",5.8e-11
"35328","HISEQ13:138:C6FWNANXX:2:2308:1859:87291_1:133857477",5.8e-11
"35329","HISEQ13:138:C6FWNANXX:2:1311:12841:30728_1:65054978",5.8e-11
"35330","HISEQ13:138:C6FWNANXX:2:1202:2824:56241_1:27051901",5.8e-11
"35331","HISEQ13:138:C6FWNANXX:2:2116:13496:90262_1:98352652",5.8e-11
"35332","HISEQ13:138:C6FWNANXX:2:2114:9135:45422_1:94378192",5.8e-11
"35333","HISEQ13:138:C6FWNANXX:2:2215:17285:77133_1:120546013",5.8e-11
"35334","HISEQ13:138:C6FWNANXX:2:1111:6760:66100_1:16067905",5.8e-11
"35335","HISEQ13:138:C6FWNANXX:2:2109:6250:45163_1:86711446",5.8e-11
"35336","HISEQ13:138:C6FWNANXX:2:1105:9483:53636_1:6638860",5.8e-11
"35337","HISEQ13:138:C6FWNANXX:2:2305:7187:7267_1:128295093",5.8e-11
"35338","HISEQ13:138:C6FWNANXX:2:1301:9641:7015_1:49643508",5.8e-11
"35339","HISEQ13:138:C6FWNANXX:2:1114:18314:99964_1:21409807",5.8e-11
"35340","HISEQ13:138:C6FWNANXX:2:1202:8374:94538_1:27617728",5.8e-11
"35341","HISEQ13:138:C6FWNANXX:2:1301:19046:26616_1:49933568",5.8e-11
"35342","HISEQ13:138:C6FWNANXX:2:1113:15578:32013_1:18623756",5.8e-11
"35343","HISEQ13:138:C6FWNANXX:2:2114:15828:94165_1:95172521",5.9e-11
"35344","HISEQ13:138:C6FWNANXX:2:2211:4851:64934_1:113980626",5.9e-11
"35345","HISEQ13:138:C6FWNANXX:2:1111:13473:37905_1:15605208",5.9e-11
"35346","HISEQ13:138:C6FWNANXX:2:1303:13993:94536_1:53846839",5.9e-11
"35347","HISEQ13:138:C6FWNANXX:2:2109:7343:17313_1:86290621",5.9e-11
"35348","HISEQ13:138:C6FWNANXX:2:2310:17201:48251_1:136286095",5.9e-11
"35349","HISEQ13:138:C6FWNANXX:2:2211:2726:28043_1:113405454",5.9e-11
"35350","HISEQ13:138:C6FWNANXX:2:2111:20062:3034_1:89086566",5.9e-11
"35351","HISEQ13:138:C6FWNANXX:2:1205:19931:33267_1:31088765",5.9e-11
"35352","HISEQ13:138:C6FWNANXX:2:2116:2700:4117_1:96927272",5.9e-11
"35353","HISEQ13:138:C6FWNANXX:2:2116:9843:87716_1:98306368",5.9e-11
"35354","HISEQ13:138:C6FWNANXX:2:1308:4837:39501_1:60510333",5.9e-11
"35355","HISEQ13:138:C6FWNANXX:2:1203:2827:35858_1:28207742",5.9e-11
"35356","HISEQ13:138:C6FWNANXX:2:1101:15405:34529_1:484261",5.9e-11
"35357","HISEQ13:138:C6FWNANXX:2:1307:9107:96131_1:59856646",5.9e-11
"35358","HISEQ13:138:C6FWNANXX:2:1201:21247:82749_1:25993225",5.9e-11
"35359","HISEQ13:138:C6FWNANXX:2:1310:15757:29144_1:63460057",5.9e-11
"35360","HISEQ13:138:C6FWNANXX:2:1212:1476:82054_1:42575038",5.9e-11
"35361","HISEQ13:138:C6FWNANXX:2:1212:16011:23306_1:41620087",5.9e-11
"35362","HISEQ13:138:C6FWNANXX:2:2201:18768:22943_1:98824689",5.9e-11
"35363","HISEQ13:138:C6FWNANXX:2:1206:7067:32775_1:32562478",5.9e-11
"35364","HISEQ13:138:C6FWNANXX:2:2216:7968:12469_1:121110788",5.9e-11
"35365","HISEQ13:138:C6FWNANXX:2:1303:1438:48811_1:53168438",5.9e-11
"35366","HISEQ13:138:C6FWNANXX:2:2101:15984:50619_1:75255997",5.9e-11
"35367","HISEQ13:138:C6FWNANXX:2:2110:14599:16142_1:87776372",6e-11
"35368","HISEQ13:138:C6FWNANXX:2:2101:19458:77475_1:75637396",6e-11
"35369","HISEQ13:138:C6FWNANXX:2:2116:8738:100110_1:98512358",6e-11
"35370","HISEQ13:138:C6FWNANXX:2:2111:18828:21493_1:89368895",6e-11
"35371","HISEQ13:138:C6FWNANXX:2:1315:6090:42045_1:71823943",6e-11
"35372","HISEQ13:138:C6FWNANXX:2:2306:15547:39795_1:130209774",6e-11
"35373","HISEQ13:138:C6FWNANXX:2:2215:8018:34881_1:119846980",6e-11
"35374","HISEQ13:138:C6FWNANXX:2:1114:14855:2429_1:19771015",6e-11
"35375","HISEQ13:138:C6FWNANXX:2:1203:3612:70394_1:28714702",6e-11
"35376","HISEQ13:138:C6FWNANXX:2:1314:5529:46558_1:70219262",6e-11
"35377","HISEQ13:138:C6FWNANXX:2:2107:9903:50950_1:83821778",6e-11
"35378","HISEQ13:138:C6FWNANXX:2:2110:3037:94190_1:88963633",6e-11
"35379","HISEQ13:138:C6FWNANXX:2:2210:10350:12488_1:111650141",6e-11
"35380","HISEQ13:138:C6FWNANXX:2:1314:9374:67529_1:70576529",6e-11
"35381","HISEQ13:138:C6FWNANXX:2:1116:2312:68497_1:24241733",6e-11
"35382","HISEQ13:138:C6FWNANXX:2:1308:16215:91268_1:61322324",6e-11
"35383","HISEQ13:138:C6FWNANXX:2:1310:1399:84110_1:64329370",6e-11
"35384","HISEQ13:138:C6FWNANXX:2:2106:2623:63521_1:82546407",6e-11
"35385","HISEQ13:138:C6FWNANXX:2:2210:5217:53390_1:112275081",6e-11
"35386","HISEQ13:138:C6FWNANXX:2:2212:11846:11580_1:114694261",6e-11
"35387","HISEQ13:138:C6FWNANXX:2:1304:15693:94525_1:55322597",6e-11
"35388","HISEQ13:138:C6FWNANXX:2:1115:17653:95921_1:23018919",6e-11
"35389","HISEQ13:138:C6FWNANXX:2:1313:18274:10060_1:67954059",6e-11
"35390","HISEQ13:138:C6FWNANXX:2:1208:15372:43387_1:35730130",6e-11
"35391","HISEQ13:138:C6FWNANXX:2:2104:3297:85744_1:79985829",6e-11
"35392","HISEQ13:138:C6FWNANXX:2:2105:7879:14345_1:80384996",6e-11
"35393","HISEQ13:138:C6FWNANXX:2:2308:16741:87507_1:133864020",6e-11
"35394","HISEQ13:138:C6FWNANXX:2:2201:20786:100581_1:99931594",6e-11
"35395","HISEQ13:138:C6FWNANXX:2:1212:5302:2392_1:41312829",6e-11
"35396","HISEQ13:138:C6FWNANXX:2:1302:17688:66883_1:51976718",6e-11
"35397","HISEQ13:138:C6FWNANXX:2:1313:3925:84167_1:69182952",6e-11
"35398","HISEQ13:138:C6FWNANXX:2:1213:19180:64572_1:43918139",6e-11
"35399","HISEQ13:138:C6FWNANXX:2:2209:6311:36284_1:110512110",6e-11
"35400","HISEQ13:138:C6FWNANXX:2:1305:10681:66035_1:56377334",6e-11
"35401","HISEQ13:138:C6FWNANXX:2:2305:14223:5023_1:128263544",6e-11
"35402","HISEQ13:138:C6FWNANXX:2:1312:10821:96891_1:67752992",6e-11
"35403","HISEQ13:138:C6FWNANXX:2:1314:6134:29633_1:69930316",6e-11
"35404","HISEQ13:138:C6FWNANXX:2:2106:6598:92087_1:82965206",6e-11
"35405","HISEQ13:138:C6FWNANXX:2:2116:3493:96220_1:98444878",6e-11
"35406","HISEQ13:138:C6FWNANXX:2:2102:4027:70882_1:76945666",6e-11
"35407","HISEQ13:138:C6FWNANXX:2:2215:12194:65260_1:120350552",6e-11
"35408","HISEQ13:138:C6FWNANXX:2:2307:7254:58919_1:131947918",6e-11
"35409","HISEQ13:138:C6FWNANXX:2:2115:5022:36111_1:95835490",6e-11
"35410","HISEQ13:138:C6FWNANXX:2:1116:20615:56628_1:24043968",6e-11
"35411","HISEQ13:138:C6FWNANXX:2:1207:13630:59145_1:34458055",6.1e-11
"35412","HISEQ13:138:C6FWNANXX:2:1201:8307:63203_1:25703940",6.1e-11
"35413","HISEQ13:138:C6FWNANXX:2:1316:6605:100231_1:74548471",6.1e-11
"35414","HISEQ13:138:C6FWNANXX:2:2103:5020:45971_1:78000346",6.1e-11
"35415","HISEQ13:138:C6FWNANXX:2:1212:2010:78503_1:42517781",6.1e-11
"35416","HISEQ13:138:C6FWNANXX:2:1311:20268:88995_1:66004166",6.1e-11
"35417","HISEQ13:138:C6FWNANXX:2:2304:10865:79551_1:127913542",6.1e-11
"35418","HISEQ13:138:C6FWNANXX:2:2215:20992:5021_1:119359206",6.1e-11
"35419","HISEQ13:138:C6FWNANXX:2:2307:8333:8593_1:131204146",6.1e-11
"35420","HISEQ13:138:C6FWNANXX:2:1316:9740:98924_1:74527563",6.1e-11
"35421","HISEQ13:138:C6FWNANXX:2:1103:10750:99480_1:4365887",6.1e-11
"35422","HISEQ13:138:C6FWNANXX:2:1108:19092:61608_1:11300539",6.1e-11
"35423","HISEQ13:138:C6FWNANXX:2:2102:16409:36878_1:76465179",6.1e-11
"35424","HISEQ13:138:C6FWNANXX:2:2303:2360:73393_1:126409124",6.1e-11
"35425","HISEQ13:138:C6FWNANXX:2:2306:10557:45468_1:130290195",6.1e-11
"35426","HISEQ13:138:C6FWNANXX:2:2313:19900:6696_1:140283902",6.1e-11
"35427","HISEQ13:138:C6FWNANXX:2:1108:2270:53965_1:11175554",6.1e-11
"35428","HISEQ13:138:C6FWNANXX:2:1112:8315:26580_1:16915698",6.1e-11
"35429","HISEQ13:138:C6FWNANXX:2:1306:3933:77234_1:58048154",6.1e-11
"35430","HISEQ13:138:C6FWNANXX:2:2108:12937:73699_1:85646252",6.1e-11
"35431","HISEQ13:138:C6FWNANXX:2:2304:18481:37816_1:127315778",6.1e-11
"35432","HISEQ13:138:C6FWNANXX:2:2316:18542:91489_1:146568512",6.1e-11
"35433","HISEQ13:138:C6FWNANXX:2:1104:4059:23328_1:4704113",6.1e-11
"35434","HISEQ13:138:C6FWNANXX:2:2106:18822:4014_1:81673652",6.1e-11
"35435","HISEQ13:138:C6FWNANXX:2:2108:12889:31273_1:85007892",6.1e-11
"35436","HISEQ13:138:C6FWNANXX:2:1209:9549:41580_1:37235658",6.1e-11
"35437","HISEQ13:138:C6FWNANXX:2:1110:19893:22388_1:13797768",6.1e-11
"35438","HISEQ13:138:C6FWNANXX:2:2104:17771:2822_1:78796570",6.1e-11
"35439","HISEQ13:138:C6FWNANXX:2:2208:11271:44918_1:109149205",6.1e-11
"35440","HISEQ13:138:C6FWNANXX:2:2116:7332:64142_1:97919124",6.1e-11
"35441","HISEQ13:138:C6FWNANXX:2:1115:19813:84044_1:22818075",6.1e-11
"35442","HISEQ13:138:C6FWNANXX:2:1203:11337:84208_1:28919127",6.1e-11
"35443","HISEQ13:138:C6FWNANXX:2:1213:9940:61527_1:43866584",6.1e-11
"35444","HISEQ13:138:C6FWNANXX:2:2305:16367:58679_1:129041377",6.1e-11
"35445","HISEQ13:138:C6FWNANXX:2:1116:19691:2026_1:23107609",6.2e-11
"35446","HISEQ13:138:C6FWNANXX:2:2203:8698:65210_1:102243035",6.2e-11
"35447","HISEQ13:138:C6FWNANXX:2:2305:7187:7267_1:128295094",6.2e-11
"35448","HISEQ13:138:C6FWNANXX:2:2202:12221:74309_1:100963316",6.2e-11
"35449","HISEQ13:138:C6FWNANXX:2:2213:17705:28645_1:116530512",6.2e-11
"35450","HISEQ13:138:C6FWNANXX:2:1206:18608:75969_1:33216772",6.2e-11
"35451","HISEQ13:138:C6FWNANXX:2:2311:19622:87063_1:138425447",6.2e-11
"35452","HISEQ13:138:C6FWNANXX:2:1116:19047:52354_1:23971058",6.2e-11
"35453","HISEQ13:138:C6FWNANXX:2:1312:13547:22756_1:66539977",6.2e-11
"35454","HISEQ13:138:C6FWNANXX:2:2213:8858:4367_1:116141726",6.2e-11
"35455","HISEQ13:138:C6FWNANXX:2:2310:6632:92862_1:136964507",6.2e-11
"35456","HISEQ13:138:C6FWNANXX:2:2204:16045:35082_1:103225527",6.2e-11
"35457","HISEQ13:138:C6FWNANXX:2:2108:10191:82527_1:85782213",6.2e-11
"35458","HISEQ13:138:C6FWNANXX:2:1101:13574:66705_1:957960",6.2e-11
"35459","HISEQ13:138:C6FWNANXX:2:1205:6720:44519_1:31254579",6.2e-11
"35460","HISEQ13:138:C6FWNANXX:2:1303:17716:99271_1:53918457",6.2e-11
"35461","HISEQ13:138:C6FWNANXX:2:2304:7110:8635_1:126894614",6.2e-11
"35462","HISEQ13:138:C6FWNANXX:2:2313:16814:94693_1:141704378",6.2e-11
"35463","HISEQ13:138:C6FWNANXX:2:1312:17824:61917_1:67177669",6.2e-11
"35464","HISEQ13:138:C6FWNANXX:2:1210:11993:80860_1:39400037",6.2e-11
"35465","HISEQ13:138:C6FWNANXX:2:2111:15746:31571_1:89527652",6.2e-11
"35466","HISEQ13:138:C6FWNANXX:2:1109:13637:34472_1:12422342",6.2e-11
"35467","HISEQ13:138:C6FWNANXX:2:1304:11402:30530_1:54364498",6.2e-11
"35468","HISEQ13:138:C6FWNANXX:2:2215:11623:3434_1:119328648",6.2e-11
"35469","HISEQ13:138:C6FWNANXX:2:1303:16520:16778_1:52697203",6.2e-11
"35470","HISEQ13:138:C6FWNANXX:2:2216:7221:83947_1:122318558",6.2e-11
"35471","HISEQ13:138:C6FWNANXX:2:2206:20482:80738_1:106754440",6.2e-11
"35472","HISEQ13:138:C6FWNANXX:2:2312:8764:49220_1:139384377",6.2e-11
"35473","HISEQ13:138:C6FWNANXX:2:1202:16281:4396_1:26295300",6.2e-11
"35474","HISEQ13:138:C6FWNANXX:2:2104:16616:62821_1:79660359",6.2e-11
"35475","HISEQ13:138:C6FWNANXX:2:2215:9615:25667_1:119694244",6.2e-11
"35476","HISEQ13:138:C6FWNANXX:2:2306:11652:70626_1:130663129",6.2e-11
"35477","HISEQ13:138:C6FWNANXX:2:2308:4059:14429_1:132757196",6.2e-11
"35478","HISEQ13:138:C6FWNANXX:2:2312:10835:77297_1:139833889",6.2e-11
"35479","HISEQ13:138:C6FWNANXX:2:2315:18510:17072_1:143676222",6.2e-11
"35480","HISEQ13:138:C6FWNANXX:2:2316:7953:16871_1:145308180",6.2e-11
"35481","HISEQ13:138:C6FWNANXX:2:1310:16926:95144_1:64505509",6.2e-11
"35482","HISEQ13:138:C6FWNANXX:2:1214:4618:35778_1:45082976",6.2e-11
"35483","HISEQ13:138:C6FWNANXX:2:1307:17628:15822_1:58623990",6.2e-11
"35484","HISEQ13:138:C6FWNANXX:2:2103:1985:32761_1:77814597",6.2e-11
"35485","HISEQ13:138:C6FWNANXX:2:2109:1733:84939_1:87315969",6.2e-11
"35486","HISEQ13:138:C6FWNANXX:2:2309:18664:34410_1:134556728",6.2e-11
"35487","HISEQ13:138:C6FWNANXX:2:2209:20761:47252_1:110681152",6.3e-11
"35488","HISEQ13:138:C6FWNANXX:2:1207:5672:23801_1:33922960",6.3e-11
"35489","HISEQ13:138:C6FWNANXX:2:1312:3566:71463_1:67330250",6.3e-11
"35490","HISEQ13:138:C6FWNANXX:2:2314:21156:16307_1:142039221",6.3e-11
"35491","HISEQ13:138:C6FWNANXX:2:1202:4814:47150_1:26920650",6.3e-11
"35492","HISEQ13:138:C6FWNANXX:2:2309:18100:21592_1:134363064",6.3e-11
"35493","HISEQ13:138:C6FWNANXX:2:1105:7708:78760_1:7016346",6.3e-11
"35494","HISEQ13:138:C6FWNANXX:2:1208:5054:7084_1:35172130",6.3e-11
"35495","HISEQ13:138:C6FWNANXX:2:2210:21117:70268_1:112537081",6.3e-11
"35496","HISEQ13:138:C6FWNANXX:2:2113:4277:17707_1:92345647",6.3e-11
"35497","HISEQ13:138:C6FWNANXX:2:2207:8366:85478_1:108279869",6.3e-11
"35498","HISEQ13:138:C6FWNANXX:2:1104:3317:40727_1:4961399",6.3e-11
"35499","HISEQ13:138:C6FWNANXX:2:1204:7574:48525_1:29842176",6.3e-11
"35500","HISEQ13:138:C6FWNANXX:2:1214:18610:84656_1:45905989",6.3e-11
"35501","HISEQ13:138:C6FWNANXX:2:1103:12124:56031_1:3724697",6.3e-11
"35502","HISEQ13:138:C6FWNANXX:2:1303:14538:69086_1:53469873",6.3e-11
"35503","HISEQ13:138:C6FWNANXX:2:1107:16839:62961_1:9791379",6.3e-11
"35504","HISEQ13:138:C6FWNANXX:2:1115:6753:46862_1:22183153",6.3e-11
"35505","HISEQ13:138:C6FWNANXX:2:1108:17980:37238_1:10918663",6.3e-11
"35506","HISEQ13:138:C6FWNANXX:2:1210:3751:55449_1:39000505",6.3e-11
"35507","HISEQ13:138:C6FWNANXX:2:2107:20400:74014_1:84169017",6.3e-11
"35508","HISEQ13:138:C6FWNANXX:2:1303:13582:16158_1:52685516",6.3e-11
"35509","HISEQ13:138:C6FWNANXX:2:2102:9130:95352_1:77297995",6.3e-11
"35510","HISEQ13:138:C6FWNANXX:2:2212:5358:90841_1:115944147",6.3e-11
"35511","HISEQ13:138:C6FWNANXX:2:2113:9515:74214_1:93248252",6.3e-11
"35512","HISEQ13:138:C6FWNANXX:2:2315:8457:40952_1:144067410",6.3e-11
"35513","HISEQ13:138:C6FWNANXX:2:2101:15661:54114_1:75306054",6.3e-11
"35514","HISEQ13:138:C6FWNANXX:2:2316:11214:21472_1:145384554",6.3e-11
"35515","HISEQ13:138:C6FWNANXX:2:1211:14087:6833_1:39792243",6.3e-11
"35516","HISEQ13:138:C6FWNANXX:2:2214:13620:63275_1:118693593",6.3e-11
"35517","HISEQ13:138:C6FWNANXX:2:2308:14937:44106_1:133206745",6.3e-11
"35518","HISEQ13:138:C6FWNANXX:2:2109:1636:68118_1:87061755",6.3e-11
"35519","HISEQ13:138:C6FWNANXX:2:1114:15022:17672_1:20026919",6.3e-11
"35520","HISEQ13:138:C6FWNANXX:2:2203:20823:84148_1:102516087",6.3e-11
"35521","HISEQ13:138:C6FWNANXX:2:1116:13114:96939_1:24735338",6.3e-11
"35522","HISEQ13:138:C6FWNANXX:2:1202:10361:19121_1:26511118",6.3e-11
"35523","HISEQ13:138:C6FWNANXX:2:2314:3262:39356_1:142411929",6.3e-11
"35524","HISEQ13:138:C6FWNANXX:2:1209:11222:71804_1:37709158",6.3e-11
"35525","HISEQ13:138:C6FWNANXX:2:1215:2181:34102_1:46720418",6.3e-11
"35526","HISEQ13:138:C6FWNANXX:2:1210:7439:50550_1:38926713",6.4e-11
"35527","HISEQ13:138:C6FWNANXX:2:2113:10866:12335_1:92263788",6.4e-11
"35528","HISEQ13:138:C6FWNANXX:2:2316:9852:26911_1:145476972",6.4e-11
"35529","HISEQ13:138:C6FWNANXX:2:1102:5466:65414_1:2395617",6.4e-11
"35530","HISEQ13:138:C6FWNANXX:2:1314:15276:64277_1:70522367",6.4e-11
"35531","HISEQ13:138:C6FWNANXX:2:2111:2272:40670_1:89664432",6.4e-11
"35532","HISEQ13:138:C6FWNANXX:2:1211:9446:67027_1:40761286",6.4e-11
"35533","HISEQ13:138:C6FWNANXX:2:2109:11269:5890_1:86116472",6.4e-11
"35534","HISEQ13:138:C6FWNANXX:2:2301:8816:17600_1:122826308",6.4e-11
"35535","HISEQ13:138:C6FWNANXX:2:2305:15423:58153_1:129033943",6.4e-11
"35536","HISEQ13:138:C6FWNANXX:2:1205:17501:16059_1:30831991",6.4e-11
"35537","HISEQ13:138:C6FWNANXX:2:1106:15393:49712_1:8076250",6.4e-11
"35538","HISEQ13:138:C6FWNANXX:2:1214:8085:50659_1:45331773",6.4e-11
"35539","HISEQ13:138:C6FWNANXX:2:1311:10914:33502_1:65102755",6.4e-11
"35540","HISEQ13:138:C6FWNANXX:2:2106:13599:98048_1:83055745",6.4e-11
"35541","HISEQ13:138:C6FWNANXX:2:2115:17280:78251_1:96525136",6.4e-11
"35542","HISEQ13:138:C6FWNANXX:2:2208:16364:65532_1:109461819",6.4e-11
"35543","HISEQ13:138:C6FWNANXX:2:2214:15895:89395_1:119120128",6.4e-11
"35544","HISEQ13:138:C6FWNANXX:2:2215:8671:23591_1:119660971",6.4e-11
"35545","HISEQ13:138:C6FWNANXX:2:2305:20948:58554_1:129042108",6.4e-11
"35546","HISEQ13:138:C6FWNANXX:2:2214:15590:7457_1:117779129",6.4e-11
"35547","HISEQ13:138:C6FWNANXX:2:1308:20323:83301_1:61198141",6.4e-11
"35548","HISEQ13:138:C6FWNANXX:2:1310:18401:47189_1:63747215",6.4e-11
"35549","HISEQ13:138:C6FWNANXX:2:2104:18067:95951_1:80134955",6.4e-11
"35550","HISEQ13:138:C6FWNANXX:2:2106:19855:33023_1:82099511",6.4e-11
"35551","HISEQ13:138:C6FWNANXX:2:1211:2422:91154_1:41146254",6.4e-11
"35552","HISEQ13:138:C6FWNANXX:2:2208:6909:92823_1:109871233",6.4e-11
"35553","HISEQ13:138:C6FWNANXX:2:2305:8727:40753_1:128781047",6.4e-11
"35554","HISEQ13:138:C6FWNANXX:2:2314:14144:55826_1:142686863",6.4e-11
"35555","HISEQ13:138:C6FWNANXX:2:2116:19905:6643_1:96972589",6.4e-11
"35556","HISEQ13:138:C6FWNANXX:2:1111:16595:55964_1:15897103",6.4e-11
"35557","HISEQ13:138:C6FWNANXX:2:1311:5840:96627_1:66128198",6.4e-11
"35558","HISEQ13:138:C6FWNANXX:2:2110:2243:18247_1:87804556",6.4e-11
"35559","HISEQ13:138:C6FWNANXX:2:2207:14662:69282_1:108042765",6.4e-11
"35560","HISEQ13:138:C6FWNANXX:2:2306:15327:27138_1:130022126",6.4e-11
"35561","HISEQ13:138:C6FWNANXX:2:1314:20792:82619_1:70834412",6.4e-11
"35562","HISEQ13:138:C6FWNANXX:2:2205:14750:55492_1:104941898",6.4e-11
"35563","HISEQ13:138:C6FWNANXX:2:2209:17353:67004_1:110981384",6.4e-11
"35564","HISEQ13:138:C6FWNANXX:2:2314:9062:88097_1:143215896",6.4e-11
"35565","HISEQ13:138:C6FWNANXX:2:1215:14386:22950_1:46531506",6.4e-11
"35566","HISEQ13:138:C6FWNANXX:2:1101:3293:52116_1:740540",6.4e-11
"35567","HISEQ13:138:C6FWNANXX:2:2310:3571:58426_1:136438182",6.4e-11
"35568","HISEQ13:138:C6FWNANXX:2:1115:6469:42733_1:22111920",6.5e-11
"35569","HISEQ13:138:C6FWNANXX:2:1106:4769:80154_1:8540040",6.5e-11
"35570","HISEQ13:138:C6FWNANXX:2:1215:16871:16136_1:46417782",6.5e-11
"35571","HISEQ13:138:C6FWNANXX:2:2216:11168:92256_1:122462281",6.5e-11
"35572","HISEQ13:138:C6FWNANXX:2:1112:3294:6325_1:16738598",6.5e-11
"35573","HISEQ13:138:C6FWNANXX:2:1113:6423:23143_1:18473939",6.5e-11
"35574","HISEQ13:138:C6FWNANXX:2:1215:6715:23114_1:46534234",6.5e-11
"35575","HISEQ13:138:C6FWNANXX:2:2301:17252:96334_1:123939407",6.5e-11
"35576","HISEQ13:138:C6FWNANXX:2:1113:4582:57153_1:19033151",6.5e-11
"35577","HISEQ13:138:C6FWNANXX:2:2115:18319:42526_1:95943850",6.5e-11
"35578","HISEQ13:138:C6FWNANXX:2:2203:17458:8748_1:101437500",6.5e-11
"35579","HISEQ13:138:C6FWNANXX:2:2305:7471:78372_1:129326060",6.5e-11
"35580","HISEQ13:138:C6FWNANXX:2:2105:17414:9963_1:80321638",6.5e-11
"35581","HISEQ13:138:C6FWNANXX:2:2205:2023:83690_1:105347495",6.5e-11
"35582","HISEQ13:138:C6FWNANXX:2:2313:15761:97147_1:141745324",6.5e-11
"35583","HISEQ13:138:C6FWNANXX:2:1311:14850:49922_1:65366854",6.5e-11
"35584","HISEQ13:138:C6FWNANXX:2:2202:3577:99260_1:101319971",6.5e-11
"35585","HISEQ13:138:C6FWNANXX:2:2307:14859:18315_1:131349564",6.5e-11
"35586","HISEQ13:138:C6FWNANXX:2:1109:11397:98407_1:13434802",6.5e-11
"35587","HISEQ13:138:C6FWNANXX:2:1109:10231:62164_1:12861247",6.5e-11
"35588","HISEQ13:138:C6FWNANXX:2:2204:10462:91837_1:104039591",6.5e-11
"35589","HISEQ13:138:C6FWNANXX:2:1109:13846:83771_1:13205975",6.5e-11
"35590","HISEQ13:138:C6FWNANXX:2:2316:14989:15769_1:145292729",6.5e-11
"35591","HISEQ13:138:C6FWNANXX:2:1103:10163:42394_1:3520804",6.5e-11
"35592","HISEQ13:138:C6FWNANXX:2:1316:8734:90153_1:74376654",6.5e-11
"35593","HISEQ13:138:C6FWNANXX:2:2102:6732:8059_1:76055640",6.5e-11
"35594","HISEQ13:138:C6FWNANXX:2:2209:11486:86247_1:111269242",6.5e-11
"35595","HISEQ13:138:C6FWNANXX:2:2311:2219:18983_1:137349043",6.5e-11
"35596","HISEQ13:138:C6FWNANXX:2:2314:1666:21915_1:142125145",6.5e-11
"35597","HISEQ13:138:C6FWNANXX:2:2108:12830:66520_1:85540236",6.5e-11
"35598","HISEQ13:138:C6FWNANXX:2:1115:20785:60592_1:22419354",6.5e-11
"35599","HISEQ13:138:C6FWNANXX:2:1115:11270:37351_1:22024490",6.5e-11
"35600","HISEQ13:138:C6FWNANXX:2:2108:9022:60730_1:85448583",6.5e-11
"35601","HISEQ13:138:C6FWNANXX:2:2311:9288:57987_1:137960556",6.5e-11
"35602","HISEQ13:138:C6FWNANXX:2:2114:11346:97640_1:95228734",6.5e-11
"35603","HISEQ13:138:C6FWNANXX:2:2304:2632:55123_1:127560575",6.5e-11
"35604","HISEQ13:138:C6FWNANXX:2:2106:21038:89569_1:82930939",6.5e-11
"35605","HISEQ13:138:C6FWNANXX:2:1113:3441:84990_1:19494356",6.6e-11
"35606","HISEQ13:138:C6FWNANXX:2:1207:8369:38246_1:34138223",6.6e-11
"35607","HISEQ13:138:C6FWNANXX:2:1209:1562:28069_1:37024642",6.6e-11
"35608","HISEQ13:138:C6FWNANXX:2:1211:7715:90990_1:41143315",6.6e-11
"35609","HISEQ13:138:C6FWNANXX:2:2314:19925:82567_1:143128739",6.6e-11
"35610","HISEQ13:138:C6FWNANXX:2:2210:14148:73818_1:112589007",6.6e-11
"35611","HISEQ13:138:C6FWNANXX:2:1108:7850:63140_1:11321476",6.6e-11
"35612","HISEQ13:138:C6FWNANXX:2:1210:4165:71686_1:39253560",6.6e-11
"35613","HISEQ13:138:C6FWNANXX:2:1214:14279:49035_1:45307693",6.6e-11
"35614","HISEQ13:138:C6FWNANXX:2:2112:3894:24947_1:90901010",6.6e-11
"35615","HISEQ13:138:C6FWNANXX:2:2207:8014:51863_1:107781545",6.6e-11
"35616","HISEQ13:138:C6FWNANXX:2:1113:1734:79586_1:19406602",6.6e-11
"35617","HISEQ13:138:C6FWNANXX:2:1308:4998:74049_1:61048672",6.6e-11
"35618","HISEQ13:138:C6FWNANXX:2:1309:18430:12200_1:61630579",6.6e-11
"35619","HISEQ13:138:C6FWNANXX:2:1105:3268:64302_1:6797795",6.6e-11
"35620","HISEQ13:138:C6FWNANXX:2:1108:13962:80586_1:11597497",6.6e-11
"35621","HISEQ13:138:C6FWNANXX:2:1208:11022:48046_1:35802703",6.6e-11
"35622","HISEQ13:138:C6FWNANXX:2:1306:17034:2751_1:56916325",6.6e-11
"35623","HISEQ13:138:C6FWNANXX:2:2107:20662:72523_1:84147085",6.6e-11
"35624","HISEQ13:138:C6FWNANXX:2:2207:9811:76239_1:108141671",6.6e-11
"35625","HISEQ13:138:C6FWNANXX:2:2212:12775:45674_1:115226743",6.6e-11
"35626","HISEQ13:138:C6FWNANXX:2:1216:6209:48471_1:48656415",6.6e-11
"35627","HISEQ13:138:C6FWNANXX:2:1305:11545:74603_1:56505688",6.6e-11
"35628","HISEQ13:138:C6FWNANXX:2:2315:20226:61073_1:144404411",6.6e-11
"35629","HISEQ13:138:C6FWNANXX:2:2310:5175:22706_1:135886819",6.6e-11
"35630","HISEQ13:138:C6FWNANXX:2:1214:8725:51203_1:45340093",6.6e-11
"35631","HISEQ13:138:C6FWNANXX:2:1212:3779:85432_1:42629321",6.6e-11
"35632","HISEQ13:138:C6FWNANXX:2:2216:13706:20306_1:121245274",6.6e-11
"35633","HISEQ13:138:C6FWNANXX:2:2207:2781:50975_1:107765731",6.6e-11
"35634","HISEQ13:138:C6FWNANXX:2:1301:3440:73979_1:50624351",6.6e-11
"35635","HISEQ13:138:C6FWNANXX:2:1303:14586:81736_1:53654209",6.6e-11
"35636","HISEQ13:138:C6FWNANXX:2:1201:12831:67615_1:25771192",6.6e-11
"35637","HISEQ13:138:C6FWNANXX:2:1310:11156:85816_1:64359011",6.6e-11
"35638","HISEQ13:138:C6FWNANXX:2:2312:11814:96569_1:140141361",6.6e-11
"35639","HISEQ13:138:C6FWNANXX:2:1204:11375:100532_1:30615162",6.6e-11
"35640","HISEQ13:138:C6FWNANXX:2:1106:11054:33358_1:7828067",6.6e-11
"35641","HISEQ13:138:C6FWNANXX:2:2115:12537:49724_1:96055823",6.7e-11
"35642","HISEQ13:138:C6FWNANXX:2:1310:12923:100349_1:64587784",6.7e-11
"35643","HISEQ13:138:C6FWNANXX:2:1108:16470:68105_1:11401262",6.7e-11
"35644","HISEQ13:138:C6FWNANXX:2:2305:16131:83960_1:129407690",6.7e-11
"35645","HISEQ13:138:C6FWNANXX:2:1109:8710:52213_1:12701750",6.7e-11
"35646","HISEQ13:138:C6FWNANXX:2:1201:7992:9290_1:24912305",6.7e-11
"35647","HISEQ13:138:C6FWNANXX:2:2108:21152:2442_1:84575484",6.7e-11
"35648","HISEQ13:138:C6FWNANXX:2:2113:15527:63553_1:93080969",6.7e-11
"35649","HISEQ13:138:C6FWNANXX:2:2104:12641:20343_1:79047776",6.7e-11
"35650","HISEQ13:138:C6FWNANXX:2:2306:15730:52338_1:130394611",6.7e-11
"35651","HISEQ13:138:C6FWNANXX:2:1108:17355:86199_1:11684552",6.7e-11
"35652","HISEQ13:138:C6FWNANXX:2:1103:14229:34645_1:3407447",6.7e-11
"35653","HISEQ13:138:C6FWNANXX:2:1316:1919:10068_1:72978586",6.7e-11
"35654","HISEQ13:138:C6FWNANXX:2:1112:4230:89629_1:17940372",6.7e-11
"35655","HISEQ13:138:C6FWNANXX:2:2114:17452:23592_1:94028396",6.7e-11
"35656","HISEQ13:138:C6FWNANXX:2:2210:15275:17112_1:111723644",6.7e-11
"35657","HISEQ13:138:C6FWNANXX:2:1205:9711:40786_1:31198653",6.7e-11
"35658","HISEQ13:138:C6FWNANXX:2:1301:7336:41968_1:50155392",6.7e-11
"35659","HISEQ13:138:C6FWNANXX:2:2103:2695:65838_1:78282624",6.7e-11
"35660","HISEQ13:138:C6FWNANXX:2:2305:6386:82072_1:129380547",6.7e-11
"35661","HISEQ13:138:C6FWNANXX:2:2205:8040:90103_1:105442608",6.7e-11
"35662","HISEQ13:138:C6FWNANXX:2:2208:8709:21314_1:108797343",6.7e-11
"35663","HISEQ13:138:C6FWNANXX:2:1212:19913:91564_1:42735409",6.7e-11
"35664","HISEQ13:138:C6FWNANXX:2:1109:4796:84992_1:13220187",6.7e-11
"35665","HISEQ13:138:C6FWNANXX:2:1311:5726:8702_1:64700982",6.7e-11
"35666","HISEQ13:138:C6FWNANXX:2:2116:18340:15392_1:97117050",6.7e-11
"35667","HISEQ13:138:C6FWNANXX:2:2313:17047:66809_1:141256422",6.7e-11
"35668","HISEQ13:138:C6FWNANXX:2:2105:19509:6460_1:80270927",6.7e-11
"35669","HISEQ13:138:C6FWNANXX:2:1312:8311:94484_1:67711335",6.7e-11
"35670","HISEQ13:138:C6FWNANXX:2:1306:12431:16125_1:57117934",6.8e-11
"35671","HISEQ13:138:C6FWNANXX:2:1316:16957:69127_1:74011576",6.8e-11
"35672","HISEQ13:138:C6FWNANXX:2:2305:19766:46736_1:128867065",6.8e-11
"35673","HISEQ13:138:C6FWNANXX:2:2307:12767:9636_1:131219695",6.8e-11
"35674","HISEQ13:138:C6FWNANXX:2:2315:20973:36832_1:144003881",6.8e-11
"35675","HISEQ13:138:C6FWNANXX:2:1113:13245:33393_1:18643934",6.8e-11
"35676","HISEQ13:138:C6FWNANXX:2:1301:5360:21042_1:49849608",6.8e-11
"35677","HISEQ13:138:C6FWNANXX:2:2212:8517:92704_1:115973070",6.8e-11
"35678","HISEQ13:138:C6FWNANXX:2:2316:16564:40515_1:145711721",6.8e-11
"35679","HISEQ13:138:C6FWNANXX:2:1111:7643:29147_1:15464021",6.8e-11
"35680","HISEQ13:138:C6FWNANXX:2:2105:18504:32191_1:80644505",6.8e-11
"35681","HISEQ13:138:C6FWNANXX:2:2205:2723:27454_1:104533976",6.8e-11
"35682","HISEQ13:138:C6FWNANXX:2:1315:7250:38390_1:71759789",6.8e-11
"35683","HISEQ13:138:C6FWNANXX:2:2105:13846:84546_1:81405169",6.8e-11
"35684","HISEQ13:138:C6FWNANXX:2:1215:12457:42341_1:46862136",6.8e-11
"35685","HISEQ13:138:C6FWNANXX:2:2102:10272:42905_1:76549353",6.8e-11
"35686","HISEQ13:138:C6FWNANXX:2:2201:12729:35708_1:99006055",6.8e-11
"35687","HISEQ13:138:C6FWNANXX:2:1201:12989:63443_1:25708235",6.8e-11
"35688","HISEQ13:138:C6FWNANXX:2:2112:6929:99213_1:92069992",6.8e-11
"35689","HISEQ13:138:C6FWNANXX:2:2101:16101:67460_1:75494716",6.8e-11
"35690","HISEQ13:138:C6FWNANXX:2:2202:4836:99778_1:101327542",6.8e-11
"35691","HISEQ13:138:C6FWNANXX:2:2311:3086:78128_1:138280014",6.8e-11
"35692","HISEQ13:138:C6FWNANXX:2:2206:16714:33033_1:106055077",6.8e-11
"35693","HISEQ13:138:C6FWNANXX:2:1315:1478:72896_1:72351445",6.8e-11
"35694","HISEQ13:138:C6FWNANXX:2:2208:9361:32223_1:108957639",6.8e-11
"35695","HISEQ13:138:C6FWNANXX:2:1107:12928:51115_1:9610821",6.8e-11
"35696","HISEQ13:138:C6FWNANXX:2:1302:20084:70610_1:52032176",6.8e-11
"35697","HISEQ13:138:C6FWNANXX:2:2109:18251:46786_1:86740258",6.8e-11
"35698","HISEQ13:138:C6FWNANXX:2:1201:12309:24612_1:25137990",6.8e-11
"35699","HISEQ13:138:C6FWNANXX:2:2105:17937:58878_1:81032608",6.8e-11
"35700","HISEQ13:138:C6FWNANXX:2:2201:14955:15504_1:98720438",6.8e-11
"35701","HISEQ13:138:C6FWNANXX:2:2111:10475:58543_1:89951426",6.8e-11
"35702","HISEQ13:138:C6FWNANXX:2:2308:17722:48916_1:133279582",6.9e-11
"35703","HISEQ13:138:C6FWNANXX:2:1210:17192:34807_1:38682266",6.9e-11
"35704","HISEQ13:138:C6FWNANXX:2:2215:3654:39634_1:119923886",6.9e-11
"35705","HISEQ13:138:C6FWNANXX:2:2316:6959:38458_1:145671651",6.9e-11
"35706","HISEQ13:138:C6FWNANXX:2:1316:15726:82285_1:74243359",6.9e-11
"35707","HISEQ13:138:C6FWNANXX:2:2212:7013:42430_1:115173930",6.9e-11
"35708","HISEQ13:138:C6FWNANXX:2:1115:8209:58744_1:22382761",6.9e-11
"35709","HISEQ13:138:C6FWNANXX:2:1207:16714:28665_1:33996790",6.9e-11
"35710","HISEQ13:138:C6FWNANXX:2:2101:11529:67542_1:75497354",6.9e-11
"35711","HISEQ13:138:C6FWNANXX:2:1111:3711:45171_1:15719300",6.9e-11
"35712","HISEQ13:138:C6FWNANXX:2:1308:4803:94919_1:61375185",6.9e-11
"35713","HISEQ13:138:C6FWNANXX:2:1316:15775:2381_1:72846194",6.9e-11
"35714","HISEQ13:138:C6FWNANXX:2:2201:20440:41918_1:99095700",6.9e-11
"35715","HISEQ13:138:C6FWNANXX:2:2205:18171:75442_1:105230634",6.9e-11
"35716","HISEQ13:138:C6FWNANXX:2:2206:17179:64595_1:106518335",6.9e-11
"35717","HISEQ13:138:C6FWNANXX:2:2301:18743:15990_1:122803433",6.9e-11
"35718","HISEQ13:138:C6FWNANXX:2:1302:15460:42127_1:51611656",6.9e-11
"35719","HISEQ13:138:C6FWNANXX:2:1306:21356:60172_1:57790972",6.9e-11
"35720","HISEQ13:138:C6FWNANXX:2:2210:4637:87585_1:112797346",6.9e-11
"35721","HISEQ13:138:C6FWNANXX:2:1303:2519:6524_1:52543008",6.9e-11
"35722","HISEQ13:138:C6FWNANXX:2:2206:18365:20947_1:105876899",6.9e-11
"35723","HISEQ13:138:C6FWNANXX:2:1209:7091:96446_1:38092220",6.9e-11
"35724","HISEQ13:138:C6FWNANXX:2:2107:2491:56581_1:83905675",6.9e-11
"35725","HISEQ13:138:C6FWNANXX:2:2201:14227:69150_1:99483650",6.9e-11
"35726","HISEQ13:138:C6FWNANXX:2:1110:4484:71047_1:14564777",6.9e-11
"35727","HISEQ13:138:C6FWNANXX:2:2316:17918:85090_1:146462840",6.9e-11
"35728","HISEQ13:138:C6FWNANXX:2:2311:16654:47656_1:137801337",6.9e-11
"35729","HISEQ13:138:C6FWNANXX:2:2105:5745:40254_1:80761610",6.9e-11
"35730","HISEQ13:138:C6FWNANXX:2:1212:8515:39852_1:41886251",6.9e-11
"35731","HISEQ13:138:C6FWNANXX:2:2107:14946:35568_1:83595680",6.9e-11
"35732","HISEQ13:138:C6FWNANXX:2:2116:6951:24847_1:97272226",6.9e-11
"35733","HISEQ13:138:C6FWNANXX:2:2215:4893:62217_1:120295448",6.9e-11
"35734","HISEQ13:138:C6FWNANXX:2:1104:13405:68346_1:5376798",6.9e-11
"35735","HISEQ13:138:C6FWNANXX:2:1202:8852:59637_1:27104294",6.9e-11
"35736","HISEQ13:138:C6FWNANXX:2:2316:5735:28719_1:145505927",6.9e-11
"35737","HISEQ13:138:C6FWNANXX:2:2316:10353:34061_1:145600294",6.9e-11
"35738","HISEQ13:138:C6FWNANXX:2:2314:11472:57087_1:142706992",7e-11
"35739","HISEQ13:138:C6FWNANXX:2:2312:9481:70880_1:139730029",7e-11
"35740","HISEQ13:138:C6FWNANXX:2:2206:1316:3742_1:105621665",7e-11
"35741","HISEQ13:138:C6FWNANXX:2:1105:21013:69740_1:6879363",7e-11
"35742","HISEQ13:138:C6FWNANXX:2:1207:6737:37971_1:34134061",7e-11
"35743","HISEQ13:138:C6FWNANXX:2:1206:5356:23586_1:32421630",7e-11
"35744","HISEQ13:138:C6FWNANXX:2:2308:16406:86304_1:133844994",7e-11
"35745","HISEQ13:138:C6FWNANXX:2:1206:19517:37288_1:32633176",7e-11
"35746","HISEQ13:138:C6FWNANXX:2:2312:3483:35893_1:139174204",7e-11
"35747","HISEQ13:138:C6FWNANXX:2:2316:10131:39157_1:145684986",7e-11
"35748","HISEQ13:138:C6FWNANXX:2:1111:6435:36798_1:15587941",7e-11
"35749","HISEQ13:138:C6FWNANXX:2:2314:19619:90721_1:143259599",7e-11
"35750","HISEQ13:138:C6FWNANXX:2:1212:5970:73637_1:42436966",7e-11
"35751","HISEQ13:138:C6FWNANXX:2:1208:12739:72551_1:36182892",7e-11
"35752","HISEQ13:138:C6FWNANXX:2:2202:2107:56000_1:100700247",7e-11
"35753","HISEQ13:138:C6FWNANXX:2:2304:7265:44816_1:127413662",7e-11
"35754","HISEQ13:138:C6FWNANXX:2:1212:13289:37630_1:41850860",7e-11
"35755","HISEQ13:138:C6FWNANXX:2:2107:8661:38161_1:83631734",7e-11
"35756","HISEQ13:138:C6FWNANXX:2:2115:16400:51587_1:96088975",7e-11
"35757","HISEQ13:138:C6FWNANXX:2:1212:19949:44858_1:41970211",7e-11
"35758","HISEQ13:138:C6FWNANXX:2:2115:5600:85391_1:96637536",7e-11
"35759","HISEQ13:138:C6FWNANXX:2:2107:7688:67024_1:84063038",7e-11
"35760","HISEQ13:138:C6FWNANXX:2:2310:16029:15971_1:135784115",7e-11
"35761","HISEQ13:138:C6FWNANXX:2:2205:5140:17577_1:104393736",7.1e-11
"35762","HISEQ13:138:C6FWNANXX:2:2307:18587:76598_1:132214614",7.1e-11
"35763","HISEQ13:138:C6FWNANXX:2:2302:5109:81995_1:125128577",7.1e-11
"35764","HISEQ13:138:C6FWNANXX:2:2310:4003:61258_1:136483804",7.1e-11
"35765","HISEQ13:138:C6FWNANXX:2:1303:7407:91519_1:53801230",7.1e-11
"35766","HISEQ13:138:C6FWNANXX:2:2116:9346:16939_1:97140505",7.1e-11
"35767","HISEQ13:138:C6FWNANXX:2:1113:15427:77032_1:19368035",7.1e-11
"35768","HISEQ13:138:C6FWNANXX:2:1214:11423:14434_1:44723777",7.1e-11
"35769","HISEQ13:138:C6FWNANXX:2:2202:1312:99349_1:101319559",7.1e-11
"35770","HISEQ13:138:C6FWNANXX:2:2212:16460:8833_1:114656169",7.1e-11
"35771","HISEQ13:138:C6FWNANXX:2:2304:5226:33023_1:127246116",7.1e-11
"35772","HISEQ13:138:C6FWNANXX:2:2111:15128:48453_1:89789399",7.1e-11
"35773","HISEQ13:138:C6FWNANXX:2:1205:11756:96971_1:32038464",7.1e-11
"35774","HISEQ13:138:C6FWNANXX:2:1311:12649:13795_1:64787059",7.1e-11
"35775","HISEQ13:138:C6FWNANXX:2:1313:6843:4374_1:67856148",7.1e-11
"35776","HISEQ13:138:C6FWNANXX:2:2210:3781:21933_1:111794190",7.1e-11
"35777","HISEQ13:138:C6FWNANXX:2:1211:9873:46146_1:40421697",7.1e-11
"35778","HISEQ13:138:C6FWNANXX:2:2107:6809:16586_1:83312984",7.1e-11
"35779","HISEQ13:138:C6FWNANXX:2:2213:5210:85432_1:117440696",7.1e-11
"35780","HISEQ13:138:C6FWNANXX:2:2310:18225:80541_1:136779780",7.1e-11
"35781","HISEQ13:138:C6FWNANXX:2:1114:4985:68058_1:20872290",7.1e-11
"35782","HISEQ13:138:C6FWNANXX:2:2302:3764:89355_1:125234950",7.1e-11
"35783","HISEQ13:138:C6FWNANXX:2:1210:18218:79618_1:39381367",7.2e-11
"35784","HISEQ13:138:C6FWNANXX:2:1211:9458:89194_1:41115290",7.2e-11
"35785","HISEQ13:138:C6FWNANXX:2:1216:14286:59051_1:48844592",7.2e-11
"35786","HISEQ13:138:C6FWNANXX:2:1314:7653:33472_1:69994154",7.2e-11
"35787","HISEQ13:138:C6FWNANXX:2:2111:15093:23083_1:89395773",7.2e-11
"35788","HISEQ13:138:C6FWNANXX:2:2112:21172:49378_1:91286405",7.2e-11
"35789","HISEQ13:138:C6FWNANXX:2:2209:8193:57082_1:110827142",7.2e-11
"35790","HISEQ13:138:C6FWNANXX:2:2214:12537:13946_1:117884747",7.2e-11
"35791","HISEQ13:138:C6FWNANXX:2:2309:12883:96400_1:135503231",7.2e-11
"35792","HISEQ13:138:C6FWNANXX:2:2313:12708:39728_1:140813834",7.2e-11
"35793","HISEQ13:138:C6FWNANXX:2:2110:7819:33898_1:88046951",7.2e-11
"35794","HISEQ13:138:C6FWNANXX:2:1116:19438:89576_1:24613324",7.2e-11
"35795","HISEQ13:138:C6FWNANXX:2:1303:9674:70237_1:53483665",7.2e-11
"35796","HISEQ13:138:C6FWNANXX:2:1211:19875:99883_1:41293222",7.2e-11
"35797","HISEQ13:138:C6FWNANXX:2:1315:5845:51854_1:71991071",7.2e-11
"35798","HISEQ13:138:C6FWNANXX:2:1306:20777:75755_1:58032176",7.2e-11
"35799","HISEQ13:138:C6FWNANXX:2:2102:7847:55650_1:76729818",7.2e-11
"35800","HISEQ13:138:C6FWNANXX:2:2305:19430:65335_1:129139534",7.2e-11
"35801","HISEQ13:138:C6FWNANXX:2:2114:6388:81833_1:94972026",7.2e-11
"35802","HISEQ13:138:C6FWNANXX:2:1116:10318:100602_1:24798811",7.2e-11
"35803","HISEQ13:138:C6FWNANXX:2:2215:3182:11254_1:119458167",7.2e-11
"35804","HISEQ13:138:C6FWNANXX:2:2202:17873:55250_1:100688843",7.2e-11
"35805","HISEQ13:138:C6FWNANXX:2:2208:5644:65347_1:109455962",7.2e-11
"35806","HISEQ13:138:C6FWNANXX:2:2111:18510:78709_1:90285750",7.2e-11
"35807","HISEQ13:138:C6FWNANXX:2:2111:9040:36015_1:89595892",7.2e-11
"35808","HISEQ13:138:C6FWNANXX:2:2309:18925:58346_1:134921239",7.2e-11
"35809","HISEQ13:138:C6FWNANXX:2:1314:12658:86252_1:70896519",7.2e-11
"35810","HISEQ13:138:C6FWNANXX:2:2302:4985:42782_1:124576156",7.2e-11
"35811","HISEQ13:138:C6FWNANXX:2:2305:14060:64848_1:129131390",7.2e-11
"35812","HISEQ13:138:C6FWNANXX:2:1102:11279:42413_1:2057378",7.2e-11
"35813","HISEQ13:138:C6FWNANXX:2:2212:6502:79758_1:115768539",7.2e-11
"35814","HISEQ13:138:C6FWNANXX:2:2303:6338:84001_1:126561825",7.2e-11
"35815","HISEQ13:138:C6FWNANXX:2:2306:20507:5323_1:129704032",7.2e-11
"35816","HISEQ13:138:C6FWNANXX:2:2211:7558:91203_1:114392868",7.2e-11
"35817","HISEQ13:138:C6FWNANXX:2:2215:19414:40003_1:119935470",7.2e-11
"35818","HISEQ13:138:C6FWNANXX:2:2306:13970:73910_1:130711446",7.2e-11
"35819","HISEQ13:138:C6FWNANXX:2:1316:8614:4349_1:72879748",7.2e-11
"35820","HISEQ13:138:C6FWNANXX:2:2304:5852:12146_1:126944849",7.3e-11
"35821","HISEQ13:138:C6FWNANXX:2:1216:18794:56310_1:48797594",7.3e-11
"35822","HISEQ13:138:C6FWNANXX:2:1104:2814:47909_1:5069516",7.3e-11
"35823","HISEQ13:138:C6FWNANXX:2:1111:2713:96649_1:16618928",7.3e-11
"35824","HISEQ13:138:C6FWNANXX:2:1106:3957:52615_1:8119672",7.3e-11
"35825","HISEQ13:138:C6FWNANXX:2:1316:11356:36715_1:73440782",7.3e-11
"35826","HISEQ13:138:C6FWNANXX:2:2106:2728:58049_1:82465068",7.3e-11
"35827","HISEQ13:138:C6FWNANXX:2:2306:6594:98906_1:131077075",7.3e-11
"35828","HISEQ13:138:C6FWNANXX:2:2208:10086:94139_1:109891112",7.3e-11
"35829","HISEQ13:138:C6FWNANXX:2:2203:10935:62815_1:102210910",7.3e-11
"35830","HISEQ13:138:C6FWNANXX:2:2203:19027:56612_1:102122997",7.3e-11
"35831","HISEQ13:138:C6FWNANXX:2:2305:9011:57038_1:129018295",7.3e-11
"35832","HISEQ13:138:C6FWNANXX:2:1314:13518:4277_1:69503989",7.3e-11
"35833","HISEQ13:138:C6FWNANXX:2:2107:13824:21899_1:83392099",7.3e-11
"35834","HISEQ13:138:C6FWNANXX:2:1213:3363:69712_1:43997939",7.3e-11
"35835","HISEQ13:138:C6FWNANXX:2:1204:16652:84777_1:30382675",7.3e-11
"35836","HISEQ13:138:C6FWNANXX:2:2306:19465:30408_1:130070713",7.3e-11
"35837","HISEQ13:138:C6FWNANXX:2:1106:8020:26415_1:7720925",7.3e-11
"35838","HISEQ13:138:C6FWNANXX:2:1315:15781:18417_1:71420869",7.3e-11
"35839","HISEQ13:138:C6FWNANXX:2:1101:7994:95318_1:1381242",7.3e-11
"35840","HISEQ13:138:C6FWNANXX:2:1115:2633:93201_1:22968599",7.3e-11
"35841","HISEQ13:138:C6FWNANXX:2:2202:13777:73170_1:100945606",7.3e-11
"35842","HISEQ13:138:C6FWNANXX:2:1209:13372:66184_1:37619544",7.3e-11
"35843","HISEQ13:138:C6FWNANXX:2:1114:9670:25540_1:20159477",7.3e-11
"35844","HISEQ13:138:C6FWNANXX:2:2209:5969:54157_1:110781106",7.3e-11
"35845","HISEQ13:138:C6FWNANXX:2:2307:8625:29375_1:131511450",7.3e-11
"35846","HISEQ13:138:C6FWNANXX:2:1207:1543:58572_1:34448288",7.3e-11
"35847","HISEQ13:138:C6FWNANXX:2:1310:10524:88275_1:64398804",7.3e-11
"35848","HISEQ13:138:C6FWNANXX:2:2209:3250:75541_1:111107410",7.3e-11
"35849","HISEQ13:138:C6FWNANXX:2:2212:15675:13136_1:114716611",7.3e-11
"35850","HISEQ13:138:C6FWNANXX:2:1214:4753:85894_1:45923820",7.3e-11
"35851","HISEQ13:138:C6FWNANXX:2:2214:5295:42567_1:118351612",7.3e-11
"35852","HISEQ13:138:C6FWNANXX:2:1109:15115:73310_1:13039494",7.3e-11
"35853","HISEQ13:138:C6FWNANXX:2:1112:4677:98132_1:18080421",7.3e-11
"35854","HISEQ13:138:C6FWNANXX:2:2112:12274:96342_1:92027439",7.3e-11
"35855","HISEQ13:138:C6FWNANXX:2:1208:9043:37270_1:35637241",7.3e-11
"35856","HISEQ13:138:C6FWNANXX:2:1110:20294:12371_1:13639652",7.3e-11
"35857","HISEQ13:138:C6FWNANXX:2:2313:21031:78129_1:141439029",7.4e-11
"35858","HISEQ13:138:C6FWNANXX:2:1101:9851:61140_1:875447",7.4e-11
"35859","HISEQ13:138:C6FWNANXX:2:2109:5889:68997_1:87074007",7.4e-11
"35860","HISEQ13:138:C6FWNANXX:2:1116:14934:5413_1:23162767",7.4e-11
"35861","HISEQ13:138:C6FWNANXX:2:1109:21025:3745_1:11941168",7.4e-11
"35862","HISEQ13:138:C6FWNANXX:2:1110:21054:39804_1:14074007",7.4e-11
"35863","HISEQ13:138:C6FWNANXX:2:1208:20997:24380_1:35439613",7.4e-11
"35864","HISEQ13:138:C6FWNANXX:2:2309:13588:55186_1:134870360",7.4e-11
"35865","HISEQ13:138:C6FWNANXX:2:1310:19316:31811_1:63504267",7.4e-11
"35866","HISEQ13:138:C6FWNANXX:2:2307:15364:16740_1:131323643",7.4e-11
"35867","HISEQ13:138:C6FWNANXX:2:1212:11321:34823_1:41805890",7.4e-11
"35868","HISEQ13:138:C6FWNANXX:2:2115:10409:26430_1:95678463",7.4e-11
"35869","HISEQ13:138:C6FWNANXX:2:2306:12095:19706_1:129911734",7.4e-11
"35870","HISEQ13:138:C6FWNANXX:2:2311:3176:63729_1:138049678",7.4e-11
"35871","HISEQ13:138:C6FWNANXX:2:2106:8615:6483_1:81704925",7.4e-11
"35872","HISEQ13:138:C6FWNANXX:2:2116:14522:73199_1:98067920",7.4e-11
"35873","HISEQ13:138:C6FWNANXX:2:2205:19786:49990_1:104863162",7.4e-11
"35874","HISEQ13:138:C6FWNANXX:2:2115:5600:85391_1:96637537",7.4e-11
"35875","HISEQ13:138:C6FWNANXX:2:2214:15277:91060_1:119148656",7.4e-11
"35876","HISEQ13:138:C6FWNANXX:2:2313:18257:70265_1:141312794",7.4e-11
"35877","HISEQ13:138:C6FWNANXX:2:2302:1387:76349_1:125049753",7.4e-11
"35878","HISEQ13:138:C6FWNANXX:2:1202:4333:94979_1:27620730",7.4e-11
"35879","HISEQ13:138:C6FWNANXX:2:1111:12278:69565_1:16129273",7.4e-11
"35880","HISEQ13:138:C6FWNANXX:2:2102:11586:80399_1:77083699",7.4e-11
"35881","HISEQ13:138:C6FWNANXX:2:2104:21272:59793_1:79617300",7.4e-11
"35882","HISEQ13:138:C6FWNANXX:2:1107:18083:92101_1:10240743",7.4e-11
"35883","HISEQ13:138:C6FWNANXX:2:1204:11390:78492_1:30284993",7.4e-11
"35884","HISEQ13:138:C6FWNANXX:2:2308:16647:29093_1:132981113",7.4e-11
"35885","HISEQ13:138:C6FWNANXX:2:1304:13095:56636_1:54754342",7.4e-11
"35886","HISEQ13:138:C6FWNANXX:2:2105:19860:16567_1:80419663",7.4e-11
"35887","HISEQ13:138:C6FWNANXX:2:2110:13250:40855_1:88154723",7.4e-11
"35888","HISEQ13:138:C6FWNANXX:2:1305:2517:14680_1:55603643",7.4e-11
"35889","HISEQ13:138:C6FWNANXX:2:2305:9191:12787_1:128375517",7.4e-11
"35890","HISEQ13:138:C6FWNANXX:2:1208:10514:47908_1:35798769",7.4e-11
"35891","HISEQ13:138:C6FWNANXX:2:1314:10273:41647_1:70135250",7.4e-11
"35892","HISEQ13:138:C6FWNANXX:2:2107:11887:18335_1:83339769",7.4e-11
"35893","HISEQ13:138:C6FWNANXX:2:2107:12489:23836_1:83421587",7.4e-11
"35894","HISEQ13:138:C6FWNANXX:2:2110:11780:54218_1:88357621",7.4e-11
"35895","HISEQ13:138:C6FWNANXX:2:2303:14793:68974_1:126348848",7.4e-11
"35896","HISEQ13:138:C6FWNANXX:2:1104:3239:86454_1:5644325",7.4e-11
"35897","HISEQ13:138:C6FWNANXX:2:1301:7786:42898_1:50170030",7.4e-11
"35898","HISEQ13:138:C6FWNANXX:2:2202:9409:56250_1:100701599",7.4e-11
"35899","HISEQ13:138:C6FWNANXX:2:2307:17441:72689_1:132155089",7.5e-11
"35900","HISEQ13:138:C6FWNANXX:2:2207:1357:52830_1:107795097",7.5e-11
"35901","HISEQ13:138:C6FWNANXX:2:1205:7058:91777_1:31963033",7.5e-11
"35902","HISEQ13:138:C6FWNANXX:2:2114:3474:28436_1:94102469",7.5e-11
"35903","HISEQ13:138:C6FWNANXX:2:1303:6702:43423_1:53088180",7.5e-11
"35904","HISEQ13:138:C6FWNANXX:2:1211:5278:42086_1:40357245",7.5e-11
"35905","HISEQ13:138:C6FWNANXX:2:2208:2509:83393_1:109727530",7.5e-11
"35906","HISEQ13:138:C6FWNANXX:2:2212:15630:24628_1:114895182",7.5e-11
"35907","HISEQ13:138:C6FWNANXX:2:2313:4040:85048_1:141549327",7.5e-11
"35908","HISEQ13:138:C6FWNANXX:2:1110:7230:97907_1:14985060",7.5e-11
"35909","HISEQ13:138:C6FWNANXX:2:1305:11297:32341_1:55870346",7.5e-11
"35910","HISEQ13:138:C6FWNANXX:2:2311:4792:29017_1:137509771",7.5e-11
"35911","HISEQ13:138:C6FWNANXX:2:1303:5614:51681_1:53209624",7.5e-11
"35912","HISEQ13:138:C6FWNANXX:2:2213:9704:66688_1:117139758",7.5e-11
"35913","HISEQ13:138:C6FWNANXX:2:2308:16556:58960_1:133430041",7.5e-11
"35914","HISEQ13:138:C6FWNANXX:2:2102:19229:9705_1:76079575",7.5e-11
"35915","HISEQ13:138:C6FWNANXX:2:1212:21193:22527_1:41608954",7.5e-11
"35916","HISEQ13:138:C6FWNANXX:2:1215:5978:21514_1:46508481",7.5e-11
"35917","HISEQ13:138:C6FWNANXX:2:1307:4670:81894_1:59637754",7.5e-11
"35918","HISEQ13:138:C6FWNANXX:2:1104:10487:32587_1:4843464",7.5e-11
"35919","HISEQ13:138:C6FWNANXX:2:1304:4940:81238_1:55118257",7.5e-11
"35920","HISEQ13:138:C6FWNANXX:2:1308:8023:89592_1:61293987",7.5e-11
"35921","HISEQ13:138:C6FWNANXX:2:1112:5557:28102_1:16939560",7.5e-11
"35922","HISEQ13:138:C6FWNANXX:2:1203:13976:41554_1:28294714",7.5e-11
"35923","HISEQ13:138:C6FWNANXX:2:1209:3657:38434_1:37183698",7.5e-11
"35924","HISEQ13:138:C6FWNANXX:2:2214:17915:100227_1:119295917",7.5e-11
"35925","HISEQ13:138:C6FWNANXX:2:2213:3178:77040_1:117307235",7.5e-11
"35926","HISEQ13:138:C6FWNANXX:2:2213:6342:72393_1:117231752",7.5e-11
"35927","HISEQ13:138:C6FWNANXX:2:2216:15713:52059_1:121781019",7.5e-11
"35928","HISEQ13:138:C6FWNANXX:2:1107:15270:24965_1:9209249",7.5e-11
"35929","HISEQ13:138:C6FWNANXX:2:1112:11543:41137_1:17151168",7.6e-11
"35930","HISEQ13:138:C6FWNANXX:2:1111:18374:2700_1:15044317",7.6e-11
"35931","HISEQ13:138:C6FWNANXX:2:2307:7971:80183_1:132264750",7.6e-11
"35932","HISEQ13:138:C6FWNANXX:2:1216:6061:45737_1:48608434",7.6e-11
"35933","HISEQ13:138:C6FWNANXX:2:1301:6038:42705_1:50166085",7.6e-11
"35934","HISEQ13:138:C6FWNANXX:2:2203:12078:76246_1:102400416",7.6e-11
"35935","HISEQ13:138:C6FWNANXX:2:2313:17514:99298_1:141782393",7.6e-11
"35936","HISEQ13:138:C6FWNANXX:2:1104:11847:22793_1:4698289",7.6e-11
"35937","HISEQ13:138:C6FWNANXX:2:1105:4224:11309_1:6002560",7.6e-11
"35938","HISEQ13:138:C6FWNANXX:2:2202:10481:47610_1:100581559",7.6e-11
"35939","HISEQ13:138:C6FWNANXX:2:1110:11282:60632_1:14400946",7.6e-11
"35940","HISEQ13:138:C6FWNANXX:2:1305:16920:11195_1:55554202",7.6e-11
"35941","HISEQ13:138:C6FWNANXX:2:1311:5503:16759_1:64834144",7.6e-11
"35942","HISEQ13:138:C6FWNANXX:2:2302:14823:87781_1:125215629",7.6e-11
"35943","HISEQ13:138:C6FWNANXX:2:1311:8768:72696_1:65735155",7.6e-11
"35944","HISEQ13:138:C6FWNANXX:2:1312:18073:65393_1:67234784",7.6e-11
"35945","HISEQ13:138:C6FWNANXX:2:1316:19118:28191_1:73295049",7.6e-11
"35946","HISEQ13:138:C6FWNANXX:2:1311:6017:38189_1:65174845",7.6e-11
"35947","HISEQ13:138:C6FWNANXX:2:2212:9589:62022_1:115486129",7.6e-11
"35948","HISEQ13:138:C6FWNANXX:2:1105:13427:26428_1:6230034",7.6e-11
"35949","HISEQ13:138:C6FWNANXX:2:2105:3619:86954_1:81435611",7.6e-11
"35950","HISEQ13:138:C6FWNANXX:2:1304:2921:47787_1:54620547",7.6e-11
"35951","HISEQ13:138:C6FWNANXX:2:2310:12206:13347_1:135744759",7.6e-11
"35952","HISEQ13:138:C6FWNANXX:2:1112:6291:4845_1:16729512",7.6e-11
"35953","HISEQ13:138:C6FWNANXX:2:1311:12045:92708_1:66064166",7.6e-11
"35954","HISEQ13:138:C6FWNANXX:2:1316:11201:17250_1:73107002",7.6e-11
"35955","HISEQ13:138:C6FWNANXX:2:2301:2386:26372_1:122948739",7.6e-11
"35956","HISEQ13:138:C6FWNANXX:2:1212:14595:68718_1:42356539",7.6e-11
"35957","HISEQ13:138:C6FWNANXX:2:2214:14633:76916_1:118915925",7.6e-11
"35958","HISEQ13:138:C6FWNANXX:2:2111:3563:77124_1:90256976",7.6e-11
"35959","HISEQ13:138:C6FWNANXX:2:2204:18252:8229_1:102841375",7.6e-11
"35960","HISEQ13:138:C6FWNANXX:2:1304:6575:83743_1:55156259",7.6e-11
"35961","HISEQ13:138:C6FWNANXX:2:2302:1444:19564_1:124249441",7.6e-11
"35962","HISEQ13:138:C6FWNANXX:2:1204:18010:45451_1:29795718",7.7e-11
"35963","HISEQ13:138:C6FWNANXX:2:2307:14003:49883_1:131816352",7.7e-11
"35964","HISEQ13:138:C6FWNANXX:2:1204:9387:16095_1:29359888",7.7e-11
"35965","HISEQ13:138:C6FWNANXX:2:2308:19358:56028_1:133389109",7.7e-11
"35966","HISEQ13:138:C6FWNANXX:2:1315:13337:52630_1:72005877",7.7e-11
"35967","HISEQ13:138:C6FWNANXX:2:1108:15598:73538_1:11488396",7.7e-11
"35968","HISEQ13:138:C6FWNANXX:2:1116:11438:6902_1:23188055",7.7e-11
"35969","HISEQ13:138:C6FWNANXX:2:1206:10621:34192_1:32581867",7.7e-11
"35970","HISEQ13:138:C6FWNANXX:2:1213:6543:59680_1:43832476",7.7e-11
"35971","HISEQ13:138:C6FWNANXX:2:2112:21164:58890_1:91435345",7.7e-11
"35972","HISEQ13:138:C6FWNANXX:2:2305:11096:75635_1:129286734",7.7e-11
"35973","HISEQ13:138:C6FWNANXX:2:1112:20580:37504_1:17097361",7.7e-11
"35974","HISEQ13:138:C6FWNANXX:2:2102:8382:43948_1:76563268",7.7e-11
"35975","HISEQ13:138:C6FWNANXX:2:1216:14792:45764_1:48614763",7.7e-11
"35976","HISEQ13:138:C6FWNANXX:2:1212:13012:85758_1:42639284",7.7e-11
"35977","HISEQ13:138:C6FWNANXX:2:1102:17249:11540_1:1605943",7.7e-11
"35978","HISEQ13:138:C6FWNANXX:2:1203:4399:34096_1:28182697",7.7e-11
"35979","HISEQ13:138:C6FWNANXX:2:1208:10994:6580_1:35165716",7.7e-11
"35980","HISEQ13:138:C6FWNANXX:2:1107:20856:86091_1:10149148",7.7e-11
"35981","HISEQ13:138:C6FWNANXX:2:1201:11132:50134_1:25512439",7.7e-11
"35982","HISEQ13:138:C6FWNANXX:2:2214:8202:6992_1:117769210",7.7e-11
"35983","HISEQ13:138:C6FWNANXX:2:2205:13649:79035_1:105283915",7.7e-11
"35984","HISEQ13:138:C6FWNANXX:2:1106:20608:94622_1:8763463",7.7e-11
"35985","HISEQ13:138:C6FWNANXX:2:1206:11383:79646_1:33271097",7.7e-11
"35986","HISEQ13:138:C6FWNANXX:2:2205:19054:76449_1:105245123",7.7e-11
"35987","HISEQ13:138:C6FWNANXX:2:2313:3227:3510_1:140232244",7.7e-11
"35988","HISEQ13:138:C6FWNANXX:2:1202:18607:8077_1:26350908",7.7e-11
"35989","HISEQ13:138:C6FWNANXX:2:1305:12569:91734_1:56762679",7.7e-11
"35990","HISEQ13:138:C6FWNANXX:2:2212:18882:99114_1:116078468",7.7e-11
"35991","HISEQ13:138:C6FWNANXX:2:2301:4741:25983_1:122942131",7.7e-11
"35992","HISEQ13:138:C6FWNANXX:2:1113:1834:15303_1:18345730",7.7e-11
"35993","HISEQ13:138:C6FWNANXX:2:2212:4148:82335_1:115807965",7.7e-11
"35994","HISEQ13:138:C6FWNANXX:2:1116:8302:72229_1:24307056",7.7e-11
"35995","HISEQ13:138:C6FWNANXX:2:2303:13050:2642_1:125406994",7.7e-11
"35996","HISEQ13:138:C6FWNANXX:2:1316:10659:47619_1:73633244",7.7e-11
"35997","HISEQ13:138:C6FWNANXX:2:2107:13644:80912_1:84268715",7.8e-11
"35998","HISEQ13:138:C6FWNANXX:2:2301:18495:47438_1:123247744",7.8e-11
"35999","HISEQ13:138:C6FWNANXX:2:2111:13213:72597_1:90183445",7.8e-11
"36000","HISEQ13:138:C6FWNANXX:2:1312:17824:61917_1:67177670",7.8e-11
"36001","HISEQ13:138:C6FWNANXX:2:2311:9152:81425_1:138332821",7.8e-11
"36002","HISEQ13:138:C6FWNANXX:2:1309:15059:51034_1:62244298",7.8e-11
"36003","HISEQ13:138:C6FWNANXX:2:2204:11453:71226_1:103741723",7.8e-11
"36004","HISEQ13:138:C6FWNANXX:2:2213:10223:14570_1:116306151",7.8e-11
"36005","HISEQ13:138:C6FWNANXX:2:1108:11610:61851_1:11302918",7.8e-11
"36006","HISEQ13:138:C6FWNANXX:2:1303:1438:48811_1:53168439",7.8e-11
"36007","HISEQ13:138:C6FWNANXX:2:1306:9387:19067_1:57163151",7.8e-11
"36008","HISEQ13:138:C6FWNANXX:2:2305:15012:61042_1:129077124",7.8e-11
"36009","HISEQ13:138:C6FWNANXX:2:2302:5792:22957_1:124296011",7.8e-11
"36010","HISEQ13:138:C6FWNANXX:2:2306:4974:81923_1:130825809",7.8e-11
"36011","HISEQ13:138:C6FWNANXX:2:2303:2749:2255_1:125401460",7.9e-11
"36012","HISEQ13:138:C6FWNANXX:2:2216:20956:31672_1:121436068",7.9e-11
"36013","HISEQ13:138:C6FWNANXX:2:2112:6614:50237_1:91295179",7.9e-11
"36014","HISEQ13:138:C6FWNANXX:2:1101:20980:72990_1:1051013",7.9e-11
"36015","HISEQ13:138:C6FWNANXX:2:1206:13337:51842_1:32852017",7.9e-11
"36016","HISEQ13:138:C6FWNANXX:2:2313:1499:66132_1:141240991",7.9e-11
"36017","HISEQ13:138:C6FWNANXX:2:1108:10016:66947_1:11380483",7.9e-11
"36018","HISEQ13:138:C6FWNANXX:2:1301:13419:51830_1:50302208",7.9e-11
"36019","HISEQ13:138:C6FWNANXX:2:1208:7393:61416_1:36007761",7.9e-11
"36020","HISEQ13:138:C6FWNANXX:2:1210:18117:15561_1:38378809",7.9e-11
"36021","HISEQ13:138:C6FWNANXX:2:1212:8577:30575_1:41736344",7.9e-11
"36022","HISEQ13:138:C6FWNANXX:2:2309:20143:2290_1:134070743",7.9e-11
"36023","HISEQ13:138:C6FWNANXX:2:1206:7846:47673_1:32786366",8e-11
"36024","HISEQ13:138:C6FWNANXX:2:1307:17513:97619_1:59881585",8e-11
"36025","HISEQ13:138:C6FWNANXX:2:2316:4577:90165_1:146544880",8e-11
"36026","HISEQ13:138:C6FWNANXX:2:1210:19602:48132_1:38889799",8e-11
"36027","HISEQ13:138:C6FWNANXX:2:2113:18540:61415_1:93045470",8e-11
"36028","HISEQ13:138:C6FWNANXX:2:1212:8747:24427_1:41634738",8e-11
"36029","HISEQ13:138:C6FWNANXX:2:2101:17665:48917_1:75231597",8e-11
"36030","HISEQ13:138:C6FWNANXX:2:2206:11448:82942_1:106785634",8e-11
"36031","HISEQ13:138:C6FWNANXX:2:2316:11309:65265_1:146127981",8e-11
"36032","HISEQ13:138:C6FWNANXX:2:1105:17645:31365_1:6305928",8e-11
"36033","HISEQ13:138:C6FWNANXX:2:1115:6679:36352_1:22006336",8e-11
"36034","HISEQ13:138:C6FWNANXX:2:1310:17782:57278_1:63910947",8e-11
"36035","HISEQ13:138:C6FWNANXX:2:1312:1647:49867_1:66976570",8e-11
"36036","HISEQ13:138:C6FWNANXX:2:1313:5158:30271_1:68286162",8e-11
"36037","HISEQ13:138:C6FWNANXX:2:2302:12300:94467_1:125307354",8e-11
"36038","HISEQ13:138:C6FWNANXX:2:2315:1583:95242_1:144960827",8e-11
"36039","HISEQ13:138:C6FWNANXX:2:1211:14436:73783_1:40870518",8e-11
"36040","HISEQ13:138:C6FWNANXX:2:2211:7593:2760_1:113013490",8e-11
"36041","HISEQ13:138:C6FWNANXX:2:1314:12438:34339_1:70012129",8e-11
"36042","HISEQ13:138:C6FWNANXX:2:2206:15554:44274_1:106219910",8e-11
"36043","HISEQ13:138:C6FWNANXX:2:2212:13154:20992_1:114835301",8e-11
"36044","HISEQ13:138:C6FWNANXX:2:2311:4792:29017_1:137509770",8e-11
"36045","HISEQ13:138:C6FWNANXX:2:1301:14561:30831_1:49994810",8e-11
"36046","HISEQ13:138:C6FWNANXX:2:2315:12501:83356_1:144766877",8e-11
"36047","HISEQ13:138:C6FWNANXX:2:1216:1968:6194_1:47925241",8e-11
"36048","HISEQ13:138:C6FWNANXX:2:1110:12515:71989_1:14578501",8e-11
"36049","HISEQ13:138:C6FWNANXX:2:1311:9663:44617_1:65280835",8e-11
"36050","HISEQ13:138:C6FWNANXX:2:2113:7731:60638_1:93031426",8e-11
"36051","HISEQ13:138:C6FWNANXX:2:1301:3015:12375_1:49720341",8e-11
"36052","HISEQ13:138:C6FWNANXX:2:2214:17653:69997_1:118801653",8e-11
"36053","HISEQ13:138:C6FWNANXX:2:1104:11321:18695_1:4634663",8e-11
"36054","HISEQ13:138:C6FWNANXX:2:1315:12802:86955_1:72595918",8e-11
"36055","HISEQ13:138:C6FWNANXX:2:2103:16739:71801_1:78369478",8.1e-11
"36056","HISEQ13:138:C6FWNANXX:2:2311:7269:62632_1:138034736",8.1e-11
"36057","HISEQ13:138:C6FWNANXX:2:1104:17573:47153_1:5061102",8.1e-11
"36058","HISEQ13:138:C6FWNANXX:2:1314:5708:22001_1:69802911",8.1e-11
"36059","HISEQ13:138:C6FWNANXX:2:2116:7860:68355_1:97989360",8.1e-11
"36060","HISEQ13:138:C6FWNANXX:2:2212:7115:80380_1:115776729",8.1e-11
"36061","HISEQ13:138:C6FWNANXX:2:2215:18257:31285_1:119791312",8.1e-11
"36062","HISEQ13:138:C6FWNANXX:2:1312:14212:23067_1:66544071",8.1e-11
"36063","HISEQ13:138:C6FWNANXX:2:2215:13933:7335_1:119394531",8.1e-11
"36064","HISEQ13:138:C6FWNANXX:2:1301:10487:29790_1:49979317",8.1e-11
"36065","HISEQ13:138:C6FWNANXX:2:1101:12146:84384_1:1219344",8.1e-11
"36066","HISEQ13:138:C6FWNANXX:2:2102:6881:38536_1:76488369",8.1e-11
"36067","HISEQ13:138:C6FWNANXX:2:2107:5869:27185_1:83468661",8.1e-11
"36068","HISEQ13:138:C6FWNANXX:2:2110:3100:95049_1:88978834",8.1e-11
"36069","HISEQ13:138:C6FWNANXX:2:1101:21043:4300_1:37512",8.2e-11
"36070","HISEQ13:138:C6FWNANXX:2:2207:3781:34237_1:107519971",8.2e-11
"36071","HISEQ13:138:C6FWNANXX:2:2212:17704:81360_1:115794551",8.2e-11
"36072","HISEQ13:138:C6FWNANXX:2:1303:11984:41330_1:53059706",8.2e-11
"36073","HISEQ13:138:C6FWNANXX:2:2112:1452:20645_1:90832550",8.2e-11
"36074","HISEQ13:138:C6FWNANXX:2:2313:7289:76358_1:141407987",8.2e-11
"36075","HISEQ13:138:C6FWNANXX:2:1308:18380:10758_1:60068685",8.2e-11
"36076","HISEQ13:138:C6FWNANXX:2:1316:2510:41204_1:73517040",8.2e-11
"36077","HISEQ13:138:C6FWNANXX:2:2305:17540:20928_1:128493012",8.2e-11
"36078","HISEQ13:138:C6FWNANXX:2:2314:8153:70857_1:142933812",8.2e-11
"36079","HISEQ13:138:C6FWNANXX:2:1210:3250:59577_1:39067099",8.2e-11
"36080","HISEQ13:138:C6FWNANXX:2:1315:20583:12762_1:71328793",8.2e-11
"36081","HISEQ13:138:C6FWNANXX:2:2214:12941:39184_1:118296504",8.2e-11
"36082","HISEQ13:138:C6FWNANXX:2:2102:10633:77199_1:77036891",8.2e-11
"36083","HISEQ13:138:C6FWNANXX:2:2213:18882:99179_1:117664135",8.2e-11
"36084","HISEQ13:138:C6FWNANXX:2:1114:20189:27978_1:20199318",8.2e-11
"36085","HISEQ13:138:C6FWNANXX:2:2107:11760:86097_1:84347804",8.2e-11
"36086","HISEQ13:138:C6FWNANXX:2:1106:18220:46933_1:8034897",8.2e-11
"36087","HISEQ13:138:C6FWNANXX:2:2115:13102:58420_1:96198452",8.2e-11
"36088","HISEQ13:138:C6FWNANXX:2:2107:12655:100681_1:84564371",8.2e-11
"36089","HISEQ13:138:C6FWNANXX:2:1111:17947:79310_1:16303516",8.2e-11
"36090","HISEQ13:138:C6FWNANXX:2:1309:14176:53881_1:62287332",8.2e-11
"36091","HISEQ13:138:C6FWNANXX:2:2116:5741:40997_1:97537486",8.2e-11
"36092","HISEQ13:138:C6FWNANXX:2:2205:16998:65755_1:105093181",8.2e-11
"36093","HISEQ13:138:C6FWNANXX:2:2208:15276:64128_1:109439028",8.2e-11
"36094","HISEQ13:138:C6FWNANXX:2:2216:18309:86025_1:122358893",8.2e-11
"36095","HISEQ13:138:C6FWNANXX:2:2312:8498:75586_1:139805639",8.2e-11
"36096","HISEQ13:138:C6FWNANXX:2:1109:2856:67234_1:12938727",8.2e-11
"36097","HISEQ13:138:C6FWNANXX:2:1308:17110:40016_1:60520396",8.2e-11
"36098","HISEQ13:138:C6FWNANXX:2:2307:5111:20068_1:131373449",8.2e-11
"36099","HISEQ13:138:C6FWNANXX:2:2207:3051:38827_1:107589079",8.2e-11
"36100","HISEQ13:138:C6FWNANXX:2:2204:21095:19182_1:102996933",8.2e-11
"36101","HISEQ13:138:C6FWNANXX:2:1301:17480:79530_1:50711704",8.3e-11
"36102","HISEQ13:138:C6FWNANXX:2:1102:4105:56015_1:2258794",8.3e-11
"36103","HISEQ13:138:C6FWNANXX:2:1105:16915:13358_1:6035545",8.3e-11
"36104","HISEQ13:138:C6FWNANXX:2:1316:13514:4819_1:72889498",8.3e-11
"36105","HISEQ13:138:C6FWNANXX:2:1104:6342:69569_1:5394209",8.3e-11
"36106","HISEQ13:138:C6FWNANXX:2:1112:19440:59806_1:17457101",8.3e-11
"36107","HISEQ13:138:C6FWNANXX:2:2112:1304:62605_1:91490460",8.3e-11
"36108","HISEQ13:138:C6FWNANXX:2:2114:14083:54064_1:94521808",8.3e-11
"36109","HISEQ13:138:C6FWNANXX:2:2202:1256:83304_1:101089739",8.3e-11
"36110","HISEQ13:138:C6FWNANXX:2:1309:3644:43633_1:62123267",8.3e-11
"36111","HISEQ13:138:C6FWNANXX:2:1313:11426:3536_1:67844445",8.3e-11
"36112","HISEQ13:138:C6FWNANXX:2:1313:17113:14998_1:68031578",8.3e-11
"36113","HISEQ13:138:C6FWNANXX:2:2307:6915:53263_1:131866669",8.3e-11
"36114","HISEQ13:138:C6FWNANXX:2:1301:3435:59886_1:50418449",8.3e-11
"36115","HISEQ13:138:C6FWNANXX:2:2309:18477:34833_1:134564122",8.3e-11
"36116","HISEQ13:138:C6FWNANXX:2:2312:2457:93883_1:140095816",8.3e-11
"36117","HISEQ13:138:C6FWNANXX:2:2306:5684:70716_1:130662020",8.3e-11
"36118","HISEQ13:138:C6FWNANXX:2:1115:21346:100240_1:23092476",8.3e-11
"36119","HISEQ13:138:C6FWNANXX:2:1311:13032:34175_1:65111370",8.3e-11
"36120","HISEQ13:138:C6FWNANXX:2:1316:15399:38043_1:73467249",8.3e-11
"36121","HISEQ13:138:C6FWNANXX:2:2101:6666:73081_1:75574741",8.3e-11
"36122","HISEQ13:138:C6FWNANXX:2:2202:3028:87626_1:101150753",8.3e-11
"36123","HISEQ13:138:C6FWNANXX:2:1314:3259:69793_1:70613693",8.3e-11
"36124","HISEQ13:138:C6FWNANXX:2:2303:19194:46337_1:126030616",8.3e-11
"36125","HISEQ13:138:C6FWNANXX:2:1114:9124:65968_1:20835287",8.4e-11
"36126","HISEQ13:138:C6FWNANXX:2:1204:13349:41990_1:29742521",8.4e-11
"36127","HISEQ13:138:C6FWNANXX:2:1111:13811:80757_1:16329625",8.4e-11
"36128","HISEQ13:138:C6FWNANXX:2:2302:6615:65860_1:124901101",8.4e-11
"36129","HISEQ13:138:C6FWNANXX:2:1115:11559:93350_1:22974705",8.4e-11
"36130","HISEQ13:138:C6FWNANXX:2:1207:13669:76647_1:34726063",8.4e-11
"36131","HISEQ13:138:C6FWNANXX:2:2115:12155:24795_1:95654139",8.4e-11
"36132","HISEQ13:138:C6FWNANXX:2:2301:5306:2203_1:122606062",8.4e-11
"36133","HISEQ13:138:C6FWNANXX:2:2310:17115:3860_1:135600167",8.4e-11
"36134","HISEQ13:138:C6FWNANXX:2:2314:16150:74339_1:142992926",8.4e-11
"36135","HISEQ13:138:C6FWNANXX:2:2109:6669:51434_1:86806074",8.4e-11
"36136","HISEQ13:138:C6FWNANXX:2:1107:2040:60538_1:9754183",8.4e-11
"36137","HISEQ13:138:C6FWNANXX:2:1304:19866:81444_1:55124737",8.4e-11
"36138","HISEQ13:138:C6FWNANXX:2:2205:9372:49021_1:104850183",8.4e-11
"36139","HISEQ13:138:C6FWNANXX:2:1202:10913:40805_1:26829916",8.4e-11
"36140","HISEQ13:138:C6FWNANXX:2:1206:11851:82673_1:33315730",8.4e-11
"36141","HISEQ13:138:C6FWNANXX:2:2116:18935:14839_1:97108984",8.4e-11
"36142","HISEQ13:138:C6FWNANXX:2:2109:20652:63078_1:86989006",8.4e-11
"36143","HISEQ13:138:C6FWNANXX:2:2316:13681:97101_1:146664484",8.4e-11
"36144","HISEQ13:138:C6FWNANXX:2:2116:8870:71976_1:98046240",8.5e-11
"36145","HISEQ13:138:C6FWNANXX:2:2106:1477:90968_1:82945871",8.5e-11
"36146","HISEQ13:138:C6FWNANXX:2:1310:17900:86134_1:64364292",8.5e-11
"36147","HISEQ13:138:C6FWNANXX:2:1216:9222:66504_1:48973638",8.5e-11
"36148","HISEQ13:138:C6FWNANXX:2:2102:20868:2216_1:75972923",8.5e-11
"36149","HISEQ13:138:C6FWNANXX:2:2210:6327:66075_1:112470425",8.5e-11
"36150","HISEQ13:138:C6FWNANXX:2:1202:7912:5916_1:26315799",8.5e-11
"36151","HISEQ13:138:C6FWNANXX:2:2107:18177:3223_1:83113791",8.5e-11
"36152","HISEQ13:138:C6FWNANXX:2:2316:6546:68706_1:146182219",8.5e-11
"36153","HISEQ13:138:C6FWNANXX:2:1206:7642:63275_1:33025322",8.5e-11
"36154","HISEQ13:138:C6FWNANXX:2:1313:20035:70143_1:68951869",8.5e-11
"36155","HISEQ13:138:C6FWNANXX:2:1216:2380:43811_1:48577939",8.5e-11
"36156","HISEQ13:138:C6FWNANXX:2:2211:18947:50088_1:113753240",8.5e-11
"36157","HISEQ13:138:C6FWNANXX:2:1303:8896:98418_1:53902121",8.5e-11
"36158","HISEQ13:138:C6FWNANXX:2:2308:3588:78291_1:133722234",8.5e-11
"36159","HISEQ13:138:C6FWNANXX:2:1113:4577:82608_1:19457273",8.5e-11
"36160","HISEQ13:138:C6FWNANXX:2:1301:1936:37199_1:50084491",8.5e-11
"36161","HISEQ13:138:C6FWNANXX:2:1302:8369:55434_1:51806310",8.5e-11
"36162","HISEQ13:138:C6FWNANXX:2:2205:10441:69803_1:105148903",8.5e-11
"36163","HISEQ13:138:C6FWNANXX:2:1211:14080:90059_1:41132543",8.5e-11
"36164","HISEQ13:138:C6FWNANXX:2:1312:18059:86732_1:67585168",8.5e-11
"36165","HISEQ13:138:C6FWNANXX:2:2306:2933:51794_1:130384700",8.5e-11
"36166","HISEQ13:138:C6FWNANXX:2:2302:14590:58724_1:124800302",8.5e-11
"36167","HISEQ13:138:C6FWNANXX:2:1113:19402:67340_1:19206012",8.6e-11
"36168","HISEQ13:138:C6FWNANXX:2:2216:7316:82247_1:122289007",8.6e-11
"36169","HISEQ13:138:C6FWNANXX:2:1313:4708:17526_1:68074303",8.6e-11
"36170","HISEQ13:138:C6FWNANXX:2:2203:8743:40590_1:101893294",8.6e-11
"36171","HISEQ13:138:C6FWNANXX:2:1112:19830:78129_1:17755607",8.6e-11
"36172","HISEQ13:138:C6FWNANXX:2:1309:20442:47326_1:62185553",8.6e-11
"36173","HISEQ13:138:C6FWNANXX:2:2109:16473:5131_1:86105903",8.6e-11
"36174","HISEQ13:138:C6FWNANXX:2:2116:15466:22003_1:97228012",8.6e-11
"36175","HISEQ13:138:C6FWNANXX:2:2313:16705:59368_1:141134239",8.6e-11
"36176","HISEQ13:138:C6FWNANXX:2:2213:8193:16411_1:116333417",8.6e-11
"36177","HISEQ13:138:C6FWNANXX:2:1114:5846:11009_1:19915387",8.6e-11
"36178","HISEQ13:138:C6FWNANXX:2:2116:8028:96639_1:98454307",8.6e-11
"36179","HISEQ13:138:C6FWNANXX:2:2112:17123:75381_1:91695993",8.6e-11
"36180","HISEQ13:138:C6FWNANXX:2:1203:18088:86400_1:28953426",8.6e-11
"36181","HISEQ13:138:C6FWNANXX:2:1307:16778:40320_1:59000385",8.6e-11
"36182","HISEQ13:138:C6FWNANXX:2:1107:15139:83641_1:10109246",8.6e-11
"36183","HISEQ13:138:C6FWNANXX:2:2211:4036:13481_1:113175302",8.6e-11
"36184","HISEQ13:138:C6FWNANXX:2:1112:6863:76528_1:17728278",8.7e-11
"36185","HISEQ13:138:C6FWNANXX:2:1105:17516:29484_1:6275971",8.7e-11
"36186","HISEQ13:138:C6FWNANXX:2:1114:8641:63040_1:20788831",8.7e-11
"36187","HISEQ13:138:C6FWNANXX:2:1313:15780:47174_1:68566465",8.7e-11
"36188","HISEQ13:138:C6FWNANXX:2:1313:7472:62262_1:68818800",8.7e-11
"36189","HISEQ13:138:C6FWNANXX:2:1111:9262:88038_1:16460273",8.7e-11
"36190","HISEQ13:138:C6FWNANXX:2:2113:17325:41105_1:92721405",8.7e-11
"36191","HISEQ13:138:C6FWNANXX:2:1107:21403:6679_1:8930243",8.7e-11
"36192","HISEQ13:138:C6FWNANXX:2:1205:17278:37807_1:31155117",8.7e-11
"36193","HISEQ13:138:C6FWNANXX:2:1301:17625:61910_1:50450853",8.7e-11
"36194","HISEQ13:138:C6FWNANXX:2:2316:5132:78677_1:146349797",8.7e-11
"36195","HISEQ13:138:C6FWNANXX:2:1304:8214:59796_1:54801735",8.7e-11
"36196","HISEQ13:138:C6FWNANXX:2:2111:18036:76031_1:90243333",8.7e-11
"36197","HISEQ13:138:C6FWNANXX:2:1208:18633:14810_1:35293554",8.7e-11
"36198","HISEQ13:138:C6FWNANXX:2:2111:6918:11876_1:89219383",8.7e-11
"36199","HISEQ13:138:C6FWNANXX:2:2316:19425:52337_1:145909763",8.7e-11
"36200","HISEQ13:138:C6FWNANXX:2:2104:7989:90532_1:80058100",8.7e-11
"36201","HISEQ13:138:C6FWNANXX:2:1208:16213:31840_1:35554260",8.7e-11
"36202","HISEQ13:138:C6FWNANXX:2:1101:12141:61553_1:883288",8.7e-11
"36203","HISEQ13:138:C6FWNANXX:2:1111:19910:6931_1:15112425",8.7e-11
"36204","HISEQ13:138:C6FWNANXX:2:1314:12908:100576_1:71139019",8.7e-11
"36205","HISEQ13:138:C6FWNANXX:2:2304:18343:93881_1:128119930",8.7e-11
"36206","HISEQ13:138:C6FWNANXX:2:1211:21152:96497_1:41235704",8.7e-11
"36207","HISEQ13:138:C6FWNANXX:2:1216:5107:86855_1:49326327",8.7e-11
"36208","HISEQ13:138:C6FWNANXX:2:2109:9635:21060_1:86348178",8.7e-11
"36209","HISEQ13:138:C6FWNANXX:2:1107:16932:54273_1:9661604",8.7e-11
"36210","HISEQ13:138:C6FWNANXX:2:1203:4438:77291_1:28818034",8.7e-11
"36211","HISEQ13:138:C6FWNANXX:2:2304:17405:22356_1:127094607",8.7e-11
"36212","HISEQ13:138:C6FWNANXX:2:1115:6076:51447_1:22259367",8.7e-11
"36213","HISEQ13:138:C6FWNANXX:2:2111:3971:9944_1:89187828",8.7e-11
"36214","HISEQ13:138:C6FWNANXX:2:1311:16557:95944_1:66118128",8.8e-11
"36215","HISEQ13:138:C6FWNANXX:2:2109:9368:68311_1:87067199",8.8e-11
"36216","HISEQ13:138:C6FWNANXX:2:2206:12522:36842_1:106109595",8.8e-11
"36217","HISEQ13:138:C6FWNANXX:2:2107:12655:100681_1:84564372",8.8e-11
"36218","HISEQ13:138:C6FWNANXX:2:2202:21033:61632_1:100782620",8.8e-11
"36219","HISEQ13:138:C6FWNANXX:2:1102:13411:73024_1:2511820",8.8e-11
"36220","HISEQ13:138:C6FWNANXX:2:1108:17715:92637_1:11786103",8.8e-11
"36221","HISEQ13:138:C6FWNANXX:2:1315:15057:88663_1:72627063",8.8e-11
"36222","HISEQ13:138:C6FWNANXX:2:2207:7898:20253_1:107318963",8.8e-11
"36223","HISEQ13:138:C6FWNANXX:2:2201:21073:99153_1:99910136",8.8e-11
"36224","HISEQ13:138:C6FWNANXX:2:1214:11255:65796_1:45588428",8.8e-11
"36225","HISEQ13:138:C6FWNANXX:2:2207:2455:5956_1:107104444",8.8e-11
"36226","HISEQ13:138:C6FWNANXX:2:2214:7424:14268_1:117891919",8.8e-11
"36227","HISEQ13:138:C6FWNANXX:2:2312:1655:84025_1:139940175",8.8e-11
"36228","HISEQ13:138:C6FWNANXX:2:2308:10501:29990_1:132991305",8.8e-11
"36229","HISEQ13:138:C6FWNANXX:2:1309:4304:70732_1:62551819",8.8e-11
"36230","HISEQ13:138:C6FWNANXX:2:2214:7508:97603_1:119253079",8.8e-11
"36231","HISEQ13:138:C6FWNANXX:2:2316:2369:6166_1:145124595",8.8e-11
"36232","HISEQ13:138:C6FWNANXX:2:1213:7253:11607_1:43042064",8.8e-11
"36233","HISEQ13:138:C6FWNANXX:2:1309:10113:77667_1:62663922",8.8e-11
"36234","HISEQ13:138:C6FWNANXX:2:2215:10429:42147_1:119966942",8.8e-11
"36235","HISEQ13:138:C6FWNANXX:2:1110:12995:27145_1:13871149",8.8e-11
"36236","HISEQ13:138:C6FWNANXX:2:1111:8878:40468_1:15644164",8.8e-11
"36237","HISEQ13:138:C6FWNANXX:2:1316:20927:68272_1:73999137",8.8e-11
"36238","HISEQ13:138:C6FWNANXX:2:2312:7532:93414_1:140088860",8.8e-11
"36239","HISEQ13:138:C6FWNANXX:2:1214:6903:15538_1:44743865",8.8e-11
"36240","HISEQ13:138:C6FWNANXX:2:2208:7415:91588_1:109852561",8.8e-11
"36241","HISEQ13:138:C6FWNANXX:2:2214:3877:23831_1:118046541",8.8e-11
"36242","HISEQ13:138:C6FWNANXX:2:2303:8359:58443_1:126198888",8.8e-11
"36243","HISEQ13:138:C6FWNANXX:2:1209:12523:47037_1:37321777",8.8e-11
"36244","HISEQ13:138:C6FWNANXX:2:1212:6810:93276_1:42761403",8.8e-11
"36245","HISEQ13:138:C6FWNANXX:2:1213:2572:18149_1:43147536",8.8e-11
"36246","HISEQ13:138:C6FWNANXX:2:1115:13528:62487_1:22447721",8.8e-11
"36247","HISEQ13:138:C6FWNANXX:2:1108:3987:65948_1:11363426",8.8e-11
"36248","HISEQ13:138:C6FWNANXX:2:1201:16604:95045_1:26176223",8.8e-11
"36249","HISEQ13:138:C6FWNANXX:2:1205:19173:74688_1:31706577",8.8e-11
"36250","HISEQ13:138:C6FWNANXX:2:1207:18587:10603_1:33724992",8.8e-11
"36251","HISEQ13:138:C6FWNANXX:2:2316:5781:39942_1:145696753",8.8e-11
"36252","HISEQ13:138:C6FWNANXX:2:1307:16822:71522_1:59482029",8.8e-11
"36253","HISEQ13:138:C6FWNANXX:2:1313:16893:25271_1:68205617",8.8e-11
"36254","HISEQ13:138:C6FWNANXX:2:2212:4733:2016_1:114548748",8.9e-11
"36255","HISEQ13:138:C6FWNANXX:2:1114:13200:44605_1:20478172",8.9e-11
"36256","HISEQ13:138:C6FWNANXX:2:2109:3762:85521_1:87327695",8.9e-11
"36257","HISEQ13:138:C6FWNANXX:2:1208:11876:35120_1:35603150",8.9e-11
"36258","HISEQ13:138:C6FWNANXX:2:1106:14911:83351_1:8591429",8.9e-11
"36259","HISEQ13:138:C6FWNANXX:2:1207:3428:97849_1:35047549",8.9e-11
"36260","HISEQ13:138:C6FWNANXX:2:2210:18452:87709_1:112800031",8.9e-11
"36261","HISEQ13:138:C6FWNANXX:2:1101:2770:11064_1:133838",8.9e-11
"36262","HISEQ13:138:C6FWNANXX:2:2107:16349:81561_1:84280223",8.9e-11
"36263","HISEQ13:138:C6FWNANXX:2:1212:16848:34247_1:41795052",8.9e-11
"36264","HISEQ13:138:C6FWNANXX:2:2209:18572:70682_1:111034399",8.9e-11
"36265","HISEQ13:138:C6FWNANXX:2:2315:6736:89061_1:144861305",8.9e-11
"36266","HISEQ13:138:C6FWNANXX:2:1316:2281:39266_1:73486247",8.9e-11
"36267","HISEQ13:138:C6FWNANXX:2:1208:4382:78524_1:36274024",8.9e-11
"36268","HISEQ13:138:C6FWNANXX:2:1106:5102:42340_1:7963609",8.9e-11
"36269","HISEQ13:138:C6FWNANXX:2:2309:11966:82349_1:135289180",8.9e-11
"36270","HISEQ13:138:C6FWNANXX:2:1303:7314:48898_1:53169540",9e-11
"36271","HISEQ13:138:C6FWNANXX:2:1111:8126:92261_1:16539452",9e-11
"36272","HISEQ13:138:C6FWNANXX:2:1216:10881:52023_1:48721936",9e-11
"36273","HISEQ13:138:C6FWNANXX:2:1309:5341:60483_1:62388907",9e-11
"36274","HISEQ13:138:C6FWNANXX:2:2205:4068:96907_1:105539865",9e-11
"36275","HISEQ13:138:C6FWNANXX:2:1114:18489:16117_1:20002087",9e-11
"36276","HISEQ13:138:C6FWNANXX:2:1201:11159:96762_1:26201021",9e-11
"36277","HISEQ13:138:C6FWNANXX:2:1205:2873:11167_1:30753764",9e-11
"36278","HISEQ13:138:C6FWNANXX:2:2101:14153:78087_1:75647070",9e-11
"36279","HISEQ13:138:C6FWNANXX:2:2304:6222:34729_1:127267759",9e-11
"36280","HISEQ13:138:C6FWNANXX:2:1303:20189:64201_1:53397522",9e-11
"36281","HISEQ13:138:C6FWNANXX:2:2115:13420:86977_1:96663715",9e-11
"36282","HISEQ13:138:C6FWNANXX:2:2315:9841:63725_1:144443061",9e-11
"36283","HISEQ13:138:C6FWNANXX:2:1215:11951:37631_1:46782081",9e-11
"36284","HISEQ13:138:C6FWNANXX:2:2116:13317:53461_1:97744228",9e-11
"36285","HISEQ13:138:C6FWNANXX:2:2212:15964:36823_1:115089395",9e-11
"36286","HISEQ13:138:C6FWNANXX:2:2314:14603:77646_1:143045704",9e-11
"36287","HISEQ13:138:C6FWNANXX:2:1211:11697:28563_1:40140899",9e-11
"36288","HISEQ13:138:C6FWNANXX:2:1301:15317:45148_1:50204275",9e-11
"36289","HISEQ13:138:C6FWNANXX:2:1310:8104:53836_1:63853329",9e-11
"36290","HISEQ13:138:C6FWNANXX:2:2203:8817:13822_1:101511086",9e-11
"36291","HISEQ13:138:C6FWNANXX:2:1312:15905:87865_1:67605463",9e-11
"36292","HISEQ13:138:C6FWNANXX:2:2310:17907:59879_1:136463661",9e-11
"36293","HISEQ13:138:C6FWNANXX:2:1110:5578:43507_1:14130099",9e-11
"36294","HISEQ13:138:C6FWNANXX:2:1316:5303:40816_1:73513313",9e-11
"36295","HISEQ13:138:C6FWNANXX:2:2209:2568:80122_1:111175756",9e-11
"36296","HISEQ13:138:C6FWNANXX:2:2312:12986:66032_1:139654462",9e-11
"36297","HISEQ13:138:C6FWNANXX:2:2204:16449:67627_1:103692680",9e-11
"36298","HISEQ13:138:C6FWNANXX:2:1211:4277:10838_1:39854221",9e-11
"36299","HISEQ13:138:C6FWNANXX:2:1307:9021:78153_1:59580835",9e-11
"36300","HISEQ13:138:C6FWNANXX:2:2111:10445:13556_1:89247227",9e-11
"36301","HISEQ13:138:C6FWNANXX:2:2214:13612:73750_1:118862171",9e-11
"36302","HISEQ13:138:C6FWNANXX:2:1214:19582:10191_1:44654010",9e-11
"36303","HISEQ13:138:C6FWNANXX:2:2213:15503:35227_1:116634417",9e-11
"36304","HISEQ13:138:C6FWNANXX:2:2215:3080:17669_1:119560752",9e-11
"36305","HISEQ13:138:C6FWNANXX:2:1301:18050:74396_1:50634561",9e-11
"36306","HISEQ13:138:C6FWNANXX:2:1210:20541:15500_1:38375377",9e-11
"36307","HISEQ13:138:C6FWNANXX:2:1309:19624:17389_1:61712989",9e-11
"36308","HISEQ13:138:C6FWNANXX:2:2208:10078:4448_1:108544272",9e-11
"36309","HISEQ13:138:C6FWNANXX:2:1102:8606:27846_1:1844287",9e-11
"36310","HISEQ13:138:C6FWNANXX:2:2103:9019:62828_1:78241428",9.1e-11
"36311","HISEQ13:138:C6FWNANXX:2:1314:4040:20099_1:69768624",9.1e-11
"36312","HISEQ13:138:C6FWNANXX:2:2109:4633:25674_1:86415650",9.1e-11
"36313","HISEQ13:138:C6FWNANXX:2:1115:14344:25054_1:21817609",9.1e-11
"36314","HISEQ13:138:C6FWNANXX:2:1102:3663:34833_1:1945994",9.1e-11
"36315","HISEQ13:138:C6FWNANXX:2:2211:20809:78320_1:114194635",9.1e-11
"36316","HISEQ13:138:C6FWNANXX:2:1113:6432:9226_1:18243652",9.1e-11
"36317","HISEQ13:138:C6FWNANXX:2:2110:17653:25515_1:87922517",9.1e-11
"36318","HISEQ13:138:C6FWNANXX:2:1307:13151:41895_1:59022622",9.1e-11
"36319","HISEQ13:138:C6FWNANXX:2:2316:12218:78493_1:146347052",9.1e-11
"36320","HISEQ13:138:C6FWNANXX:2:2202:15300:60768_1:100770726",9.1e-11
"36321","HISEQ13:138:C6FWNANXX:2:2307:6195:11270_1:131244030",9.1e-11
"36322","HISEQ13:138:C6FWNANXX:2:1108:9080:39565_1:10955869",9.1e-11
"36323","HISEQ13:138:C6FWNANXX:2:2114:16382:13239_1:93858267",9.1e-11
"36324","HISEQ13:138:C6FWNANXX:2:1104:13295:13218_1:4553148",9.1e-11
"36325","HISEQ13:138:C6FWNANXX:2:1210:13712:42986_1:38806840",9.1e-11
"36326","HISEQ13:138:C6FWNANXX:2:1312:12608:16751_1:66441105",9.1e-11
"36327","HISEQ13:138:C6FWNANXX:2:2306:19915:8467_1:129747649",9.1e-11
"36328","HISEQ13:138:C6FWNANXX:2:2205:14379:16728_1:104381003",9.1e-11
"36329","HISEQ13:138:C6FWNANXX:2:2306:13545:51172_1:130375622",9.1e-11
"36330","HISEQ13:138:C6FWNANXX:2:1103:5672:98695_1:4353775",9.2e-11
"36331","HISEQ13:138:C6FWNANXX:2:1312:15448:55582_1:67074177",9.2e-11
"36332","HISEQ13:138:C6FWNANXX:2:2214:13712:4430_1:117729477",9.2e-11
"36333","HISEQ13:138:C6FWNANXX:2:1205:15496:8534_1:30718748",9.2e-11
"36334","HISEQ13:138:C6FWNANXX:2:1305:13562:30231_1:55837031",9.2e-11
"36335","HISEQ13:138:C6FWNANXX:2:1314:18009:18607_1:69745795",9.2e-11
"36336","HISEQ13:138:C6FWNANXX:2:1101:9948:44418_1:627631",9.2e-11
"36337","HISEQ13:138:C6FWNANXX:2:1309:13246:10701_1:61606071",9.2e-11
"36338","HISEQ13:138:C6FWNANXX:2:1314:13213:28319_1:69910804",9.2e-11
"36339","HISEQ13:138:C6FWNANXX:2:2208:9272:84245_1:109740275",9.2e-11
"36340","HISEQ13:138:C6FWNANXX:2:2215:4970:51540_1:120120856",9.2e-11
"36341","HISEQ13:138:C6FWNANXX:2:1306:10724:48107_1:57605521",9.2e-11
"36342","HISEQ13:138:C6FWNANXX:2:1109:13454:7305_1:11998647",9.2e-11
"36343","HISEQ13:138:C6FWNANXX:2:1205:18571:84104_1:31849391",9.2e-11
"36344","HISEQ13:138:C6FWNANXX:2:1214:4523:57742_1:45448152",9.2e-11
"36345","HISEQ13:138:C6FWNANXX:2:2309:4648:14726_1:134254021",9.2e-11
"36346","HISEQ13:138:C6FWNANXX:2:1108:6101:82981_1:11631246",9.2e-11
"36347","HISEQ13:138:C6FWNANXX:2:1103:5329:13406_1:3089840",9.2e-11
"36348","HISEQ13:138:C6FWNANXX:2:1104:9907:44455_1:5018527",9.2e-11
"36349","HISEQ13:138:C6FWNANXX:2:1202:8290:84854_1:27475078",9.2e-11
"36350","HISEQ13:138:C6FWNANXX:2:1213:11060:57740_1:43800649",9.2e-11
"36351","HISEQ13:138:C6FWNANXX:2:2116:19940:42953_1:97573213",9.2e-11
"36352","HISEQ13:138:C6FWNANXX:2:2313:9715:27600_1:140618430",9.2e-11
"36353","HISEQ13:138:C6FWNANXX:2:2202:5874:25093_1:100262662",9.2e-11
"36354","HISEQ13:138:C6FWNANXX:2:1306:10399:11283_1:57044815",9.2e-11
"36355","HISEQ13:138:C6FWNANXX:2:1112:20596:31182_1:16991677",9.2e-11
"36356","HISEQ13:138:C6FWNANXX:2:1203:11117:36637_1:28220341",9.2e-11
"36357","HISEQ13:138:C6FWNANXX:2:2216:2273:84307_1:122326011",9.2e-11
"36358","HISEQ13:138:C6FWNANXX:2:1209:15758:83072_1:37886163",9.2e-11
"36359","HISEQ13:138:C6FWNANXX:2:1303:16843:71276_1:53503448",9.2e-11
"36360","HISEQ13:138:C6FWNANXX:2:2305:10104:12133_1:128364817",9.2e-11
"36361","HISEQ13:138:C6FWNANXX:2:1307:10490:9176_1:58519009",9.2e-11
"36362","HISEQ13:138:C6FWNANXX:2:2114:2375:85968_1:95035899",9.2e-11
"36363","HISEQ13:138:C6FWNANXX:2:1109:14043:97033_1:13415378",9.3e-11
"36364","HISEQ13:138:C6FWNANXX:2:1214:2989:94707_1:46069992",9.3e-11
"36365","HISEQ13:138:C6FWNANXX:2:2210:8628:70740_1:112538614",9.3e-11
"36366","HISEQ13:138:C6FWNANXX:2:2102:17090:59937_1:76791839",9.3e-11
"36367","HISEQ13:138:C6FWNANXX:2:2105:16271:78239_1:81310027",9.3e-11
"36368","HISEQ13:138:C6FWNANXX:2:2209:18346:49016_1:110707177",9.3e-11
"36369","HISEQ13:138:C6FWNANXX:2:2215:2142:40121_1:119931804",9.3e-11
"36370","HISEQ13:138:C6FWNANXX:2:2309:18636:38411_1:134617123",9.3e-11
"36371","HISEQ13:138:C6FWNANXX:2:2102:12605:82739_1:77116360",9.3e-11
"36372","HISEQ13:138:C6FWNANXX:2:2105:14927:64026_1:81107784",9.3e-11
"36373","HISEQ13:138:C6FWNANXX:2:2202:7108:56355_1:100704693",9.3e-11
"36374","HISEQ13:138:C6FWNANXX:2:2215:8657:48267_1:120067911",9.3e-11
"36375","HISEQ13:138:C6FWNANXX:2:1108:15393:16663_1:10601271",9.3e-11
"36376","HISEQ13:138:C6FWNANXX:2:2204:15488:32238_1:103182320",9.3e-11
"36377","HISEQ13:138:C6FWNANXX:2:1315:9646:46706_1:71901780",9.3e-11
"36378","HISEQ13:138:C6FWNANXX:2:2116:11497:83392_1:98237111",9.3e-11
"36379","HISEQ13:138:C6FWNANXX:2:2310:11683:31247_1:136019275",9.3e-11
"36380","HISEQ13:138:C6FWNANXX:2:1113:17969:68079_1:19218270",9.3e-11
"36381","HISEQ13:138:C6FWNANXX:2:1101:16096:95840_1:1390124",9.3e-11
"36382","HISEQ13:138:C6FWNANXX:2:1101:16623:89891_1:1301441",9.3e-11
"36383","HISEQ13:138:C6FWNANXX:2:1307:13252:21417_1:58707906",9.3e-11
"36384","HISEQ13:138:C6FWNANXX:2:1311:17577:12238_1:64759953",9.3e-11
"36385","HISEQ13:138:C6FWNANXX:2:2114:13036:18816_1:93949959",9.3e-11
"36386","HISEQ13:138:C6FWNANXX:2:1102:6908:72667_1:2503292",9.3e-11
"36387","HISEQ13:138:C6FWNANXX:2:2102:13254:77915_1:77048075",9.3e-11
"36388","HISEQ13:138:C6FWNANXX:2:2110:18442:16867_1:87788535",9.3e-11
"36389","HISEQ13:138:C6FWNANXX:2:2316:15661:40282_1:145707293",9.3e-11
"36390","HISEQ13:138:C6FWNANXX:2:1109:6305:41466_1:12531794",9.3e-11
"36391","HISEQ13:138:C6FWNANXX:2:2309:10555:11039_1:134201442",9.3e-11
"36392","HISEQ13:138:C6FWNANXX:2:2206:14967:15907_1:105803325",9.3e-11
"36393","HISEQ13:138:C6FWNANXX:2:1109:14538:90534_1:13312583",9.3e-11
"36394","HISEQ13:138:C6FWNANXX:2:1307:2181:16312_1:58628625",9.3e-11
"36395","HISEQ13:138:C6FWNANXX:2:1307:7797:71970_1:59484155",9.4e-11
"36396","HISEQ13:138:C6FWNANXX:2:1203:4148:35730_1:28204415",9.4e-11
"36397","HISEQ13:138:C6FWNANXX:2:2106:13254:32632_1:82090893",9.4e-11
"36398","HISEQ13:138:C6FWNANXX:2:2301:2847:65710_1:123501759",9.4e-11
"36399","HISEQ13:138:C6FWNANXX:2:1114:7408:5766_1:19828016",9.4e-11
"36400","HISEQ13:138:C6FWNANXX:2:2116:2447:99308_1:98498609",9.4e-11
"36401","HISEQ13:138:C6FWNANXX:2:2301:18421:77168_1:123666950",9.4e-11
"36402","HISEQ13:138:C6FWNANXX:2:1101:5055:65141_1:933694",9.4e-11
"36403","HISEQ13:138:C6FWNANXX:2:1101:8876:20188_1:268840",9.4e-11
"36404","HISEQ13:138:C6FWNANXX:2:1310:7192:65881_1:64042712",9.4e-11
"36405","HISEQ13:138:C6FWNANXX:2:2103:18454:59322_1:78193277",9.4e-11
"36406","HISEQ13:138:C6FWNANXX:2:2312:14005:95600_1:140125966",9.4e-11
"36407","HISEQ13:138:C6FWNANXX:2:2314:18862:39735_1:142419333",9.4e-11
"36408","HISEQ13:138:C6FWNANXX:2:2204:9288:14843_1:102933029",9.4e-11
"36409","HISEQ13:138:C6FWNANXX:2:2112:3182:29246_1:90966876",9.4e-11
"36410","HISEQ13:138:C6FWNANXX:2:1304:10131:44483_1:54569470",9.4e-11
"36411","HISEQ13:138:C6FWNANXX:2:1216:13048:84235_1:49280518",9.4e-11
"36412","HISEQ13:138:C6FWNANXX:2:1306:3651:70365_1:57944616",9.4e-11
"36413","HISEQ13:138:C6FWNANXX:2:1208:13722:73408_1:36194556",9.4e-11
"36414","HISEQ13:138:C6FWNANXX:2:1204:4806:66566_1:30108835",9.5e-11
"36415","HISEQ13:138:C6FWNANXX:2:2212:1868:96071_1:116027109",9.5e-11
"36416","HISEQ13:138:C6FWNANXX:2:2304:7310:76872_1:127873643",9.5e-11
"36417","HISEQ13:138:C6FWNANXX:2:1213:14492:38266_1:43482556",9.5e-11
"36418","HISEQ13:138:C6FWNANXX:2:1302:10760:63047_1:51920198",9.5e-11
"36419","HISEQ13:138:C6FWNANXX:2:2112:11307:55706_1:91382161",9.5e-11
"36420","HISEQ13:138:C6FWNANXX:2:1206:7034:52374_1:32858449",9.5e-11
"36421","HISEQ13:138:C6FWNANXX:2:1216:13911:10995_1:48009823",9.5e-11
"36422","HISEQ13:138:C6FWNANXX:2:2305:13659:24319_1:128542556",9.5e-11
"36423","HISEQ13:138:C6FWNANXX:2:1110:7667:61460_1:14411627",9.5e-11
"36424","HISEQ13:138:C6FWNANXX:2:1110:16069:59365_1:14382016",9.5e-11
"36425","HISEQ13:138:C6FWNANXX:2:1110:5506:48803_1:14213269",9.5e-11
"36426","HISEQ13:138:C6FWNANXX:2:2105:11388:77636_1:81301760",9.5e-11
"36427","HISEQ13:138:C6FWNANXX:2:2115:7793:35873_1:95831946",9.5e-11
"36428","HISEQ13:138:C6FWNANXX:2:2303:5858:72607_1:126399140",9.5e-11
"36429","HISEQ13:138:C6FWNANXX:2:2209:5939:42714_1:110606701",9.5e-11
"36430","HISEQ13:138:C6FWNANXX:2:1209:5742:89851_1:37989874",9.6e-11
"36431","HISEQ13:138:C6FWNANXX:2:1216:12965:10033_1:47996573",9.6e-11
"36432","HISEQ13:138:C6FWNANXX:2:1205:6984:39999_1:31183241",9.6e-11
"36433","HISEQ13:138:C6FWNANXX:2:2210:1776:89812_1:112831589",9.6e-11
"36434","HISEQ13:138:C6FWNANXX:2:2212:13151:8212_1:114644889",9.6e-11
"36435","HISEQ13:138:C6FWNANXX:2:1306:10908:97688_1:58361802",9.6e-11
"36436","HISEQ13:138:C6FWNANXX:2:1101:10983:44586_1:631315",9.6e-11
"36437","HISEQ13:138:C6FWNANXX:2:2211:5826:96531_1:114478840",9.6e-11
"36438","HISEQ13:138:C6FWNANXX:2:1114:4245:21550_1:20091531",9.6e-11
"36439","HISEQ13:138:C6FWNANXX:2:1213:14600:68459_1:43979511",9.6e-11
"36440","HISEQ13:138:C6FWNANXX:2:1303:16719:64459_1:53400584",9.6e-11
"36441","HISEQ13:138:C6FWNANXX:2:1312:8089:55795_1:67076751",9.6e-11
"36442","HISEQ13:138:C6FWNANXX:2:2310:4523:29239_1:135987324",9.6e-11
"36443","HISEQ13:138:C6FWNANXX:2:2312:7648:94306_1:140104921",9.6e-11
"36444","HISEQ13:138:C6FWNANXX:2:1103:4852:12989_1:3082361",9.6e-11
"36445","HISEQ13:138:C6FWNANXX:2:1210:21268:39067_1:38749986",9.6e-11
"36446","HISEQ13:138:C6FWNANXX:2:2209:12052:41644_1:110592731",9.6e-11
"36447","HISEQ13:138:C6FWNANXX:2:2303:18552:52127_1:126111733",9.6e-11
"36448","HISEQ13:138:C6FWNANXX:2:2111:7573:100494_1:90668024",9.6e-11
"36449","HISEQ13:138:C6FWNANXX:2:2216:10934:76982_1:122200709",9.6e-11
"36450","HISEQ13:138:C6FWNANXX:2:2308:4546:47194_1:133250678",9.6e-11
"36451","HISEQ13:138:C6FWNANXX:2:1207:4532:28571_1:33994574",9.6e-11
"36452","HISEQ13:138:C6FWNANXX:2:1307:8161:84352_1:59676663",9.6e-11
"36453","HISEQ13:138:C6FWNANXX:2:1316:17478:38448_1:73472091",9.6e-11
"36454","HISEQ13:138:C6FWNANXX:2:2208:15706:34258_1:108992432",9.7e-11
"36455","HISEQ13:138:C6FWNANXX:2:1306:11258:34383_1:57396233",9.7e-11
"36456","HISEQ13:138:C6FWNANXX:2:1108:17350:70589_1:11441239",9.7e-11
"36457","HISEQ13:138:C6FWNANXX:2:1115:19557:39436_1:22059512",9.7e-11
"36458","HISEQ13:138:C6FWNANXX:2:1308:10291:85387_1:61227539",9.7e-11
"36459","HISEQ13:138:C6FWNANXX:2:1316:9537:54755_1:73760259",9.7e-11
"36460","HISEQ13:138:C6FWNANXX:2:2108:12185:20081_1:84839194",9.7e-11
"36461","HISEQ13:138:C6FWNANXX:2:2215:13409:31952_1:119798619",9.7e-11
"36462","HISEQ13:138:C6FWNANXX:2:2305:18821:25269_1:128557772",9.7e-11
"36463","HISEQ13:138:C6FWNANXX:2:1315:19060:13790_1:71345532",9.7e-11
"36464","HISEQ13:138:C6FWNANXX:2:1202:21215:44363_1:26883224",9.7e-11
"36465","HISEQ13:138:C6FWNANXX:2:1108:13601:48437_1:11092949",9.7e-11
"36466","HISEQ13:138:C6FWNANXX:2:2313:13845:60831_1:141157828",9.7e-11
"36467","HISEQ13:138:C6FWNANXX:2:1206:20321:56346_1:32921611",9.7e-11
"36468","HISEQ13:138:C6FWNANXX:2:1102:4969:55555_1:2251523",9.7e-11
"36469","HISEQ13:138:C6FWNANXX:2:2110:14861:63841_1:88506684",9.7e-11
"36470","HISEQ13:138:C6FWNANXX:2:2116:7790:22761_1:97238838",9.7e-11
"36471","HISEQ13:138:C6FWNANXX:2:2103:18007:9710_1:77485750",9.7e-11
"36472","HISEQ13:138:C6FWNANXX:2:2115:18752:74034_1:96456004",9.7e-11
"36473","HISEQ13:138:C6FWNANXX:2:2202:14196:26238_1:100278136",9.8e-11
"36474","HISEQ13:138:C6FWNANXX:2:1105:7485:89570_1:7178775",9.8e-11
"36475","HISEQ13:138:C6FWNANXX:2:1205:16502:4466_1:30655355",9.8e-11
"36476","HISEQ13:138:C6FWNANXX:2:1314:7563:38822_1:70087865",9.8e-11
"36477","HISEQ13:138:C6FWNANXX:2:2113:3819:92368_1:93539553",9.8e-11
"36478","HISEQ13:138:C6FWNANXX:2:1307:3800:7151_1:58487084",9.8e-11
"36479","HISEQ13:138:C6FWNANXX:2:1111:6728:6543_1:15105854",9.8e-11
"36480","HISEQ13:138:C6FWNANXX:2:1215:19823:38901_1:46804425",9.8e-11
"36481","HISEQ13:138:C6FWNANXX:2:1212:17411:59655_1:42210231",9.8e-11
"36482","HISEQ13:138:C6FWNANXX:2:1109:17228:49313_1:12659849",9.8e-11
"36483","HISEQ13:138:C6FWNANXX:2:1114:16503:69520_1:20900190",9.8e-11
"36484","HISEQ13:138:C6FWNANXX:2:2305:11681:3846_1:128245098",9.8e-11
"36485","HISEQ13:138:C6FWNANXX:2:2103:20284:37011_1:77878359",9.8e-11
"36486","HISEQ13:138:C6FWNANXX:2:2116:13901:61257_1:97875232",9.8e-11
"36487","HISEQ13:138:C6FWNANXX:2:1114:20480:20622_1:20078187",9.9e-11
"36488","HISEQ13:138:C6FWNANXX:2:1314:7250:17170_1:69717884",9.9e-11
"36489","HISEQ13:138:C6FWNANXX:2:2114:6795:56152_1:94552939",9.9e-11
"36490","HISEQ13:138:C6FWNANXX:2:2202:11794:25623_1:100270773",9.9e-11
"36491","HISEQ13:138:C6FWNANXX:2:2214:6481:13251_1:117875358",9.9e-11
"36492","HISEQ13:138:C6FWNANXX:2:2301:8477:13361_1:122765945",9.9e-11
"36493","HISEQ13:138:C6FWNANXX:2:2205:5803:14147_1:104343082",9.9e-11
"36494","HISEQ13:138:C6FWNANXX:2:1113:16076:76886_1:19364039",9.9e-11
"36495","HISEQ13:138:C6FWNANXX:2:1309:13378:83541_1:62758949",9.9e-11
"36496","HISEQ13:138:C6FWNANXX:2:1206:3737:61577_1:32998231",9.9e-11
"36497","HISEQ13:138:C6FWNANXX:2:2115:19167:8995_1:95395096",9.9e-11
"36498","HISEQ13:138:C6FWNANXX:2:2311:2646:43884_1:137739926",9.9e-11
"36499","HISEQ13:138:C6FWNANXX:2:2303:14707:57131_1:126181840",9.9e-11
"36500","HISEQ13:138:C6FWNANXX:2:2303:6792:70686_1:126371659",9.9e-11
"36501","HISEQ13:138:C6FWNANXX:2:2111:16754:29882_1:89500713",9.9e-11
"36502","HISEQ13:138:C6FWNANXX:2:2306:12164:6098_1:129713485",9.9e-11
"36503","HISEQ13:138:C6FWNANXX:2:2216:1758:32038_1:121440362",9.9e-11
"36504","HISEQ13:138:C6FWNANXX:2:1102:12743:23436_1:1779111",9.9e-11
"36505","HISEQ13:138:C6FWNANXX:2:1204:1631:88506_1:30435046",9.9e-11
"36506","HISEQ13:138:C6FWNANXX:2:2210:4434:35159_1:111996253",9.9e-11
"36507","HISEQ13:138:C6FWNANXX:2:2214:12450:96411_1:119233480",9.9e-11
"36508","HISEQ13:138:C6FWNANXX:2:2312:4151:44023_1:139304551",9.9e-11
"36509","HISEQ13:138:C6FWNANXX:2:2316:12852:29579_1:145524499",9.9e-11
"36510","HISEQ13:138:C6FWNANXX:2:1106:6042:6627_1:7420085",9.9e-11
"36511","HISEQ13:138:C6FWNANXX:2:2106:1707:15184_1:81832440",9.9e-11
"36512","HISEQ13:138:C6FWNANXX:2:2312:3897:86577_1:139980553",9.9e-11
"36513","HISEQ13:138:C6FWNANXX:2:1105:14261:80453_1:7040667",9.9e-11
"36514","HISEQ13:138:C6FWNANXX:2:2209:2841:27403_1:110375201",9.9e-11
