SRR2939624.237342_1:338667
SRR2939624.237342_2:338668
SRR2939624.170578_1:244767
SRR2939624.170578_2:244768
SRR2939624.383482_1:548438
SRR2939624.341490_1:488791
SRR2939624.488115_1:697749
SRR2939624.382628_1:547219
SRR2939624.447361_1:638991
SRR2939624.189894_1:271739
SRR2939624.383482_2:548439
SRR2939624.3041_1:4285
SRR2939624.193720_1:276968
SRR2939624.509211_2:728023
SRR2939624.509211_1:728022
SRR2939624.322982_1:462079
SRR2939624.232853_1:332232
SRR2939624.501017_1:716295
SRR2939624.501017_2:716296
SRR2939624.341490_2:488792
SRR2939624.501146_1:716471
SRR2939624.99675_1:143411
SRR2939624.335624_2:480328
SRR2939624.193720_2:276969
SRR2939624.219097_1:312503
SRR2939624.259901_2:371185
SRR2939624.111439_1:160173
SRR2939624.325558_1:465798
SRR2939624.518786_1:741722
SRR2939624.191713_1:274279
SRR2939624.99675_2:143412
SRR2939624.5238_1:7442
SRR2939624.285928_1:408715
SRR2939624.435928_1:622520
SRR2939624.435928_2:622521
SRR2939624.37115_2:53235
SRR2939624.301863_1:431711
SRR2939624.343697_1:491951
SRR2939624.65157_1:93642
SRR2939624.73960_1:106374
SRR2939624.354441_1:507178
SRR2939624.231386_1:330131
SRR2939624.365831_1:523431
SRR2939624.500307_1:715252
SRR2939624.500307_2:715253
SRR2939624.350708_1:501913
SRR2939624.101350_1:145786
SRR2939624.101350_2:145787
SRR2939624.88120_1:126775
SRR2939624.384408_1:549755
SRR2939624.303294_1:433736
SRR2939624.303294_2:433737
SRR2939624.276863_1:395629
SRR2939624.408827_1:583417
SRR2939624.293896_1:420270
SRR2939624.65157_2:93643
SRR2939624.293896_2:420271
SRR2939624.95384_1:137260
SRR2939624.350708_2:501914
SRR2939624.365831_2:523432
SRR2939624.301863_2:431712
SRR2939624.287275_1:410688
SRR2939624.400339_2:571396
SRR2939624.220018_1:313773
SRR2939624.316762_1:453084
SRR2939624.285928_2:408716
SRR2939624.178924_1:256553
SRR2939624.55720_2:80136
SRR2939624.242594_1:346162
SRR2939624.104338_1:150092
SRR2939624.267743_2:382496
SRR2939624.377359_2:539878
SRR2939624.400339_1:571395
SRR2939624.514686_1:735806
SRR2939624.361685_1:517579
SRR2939624.481046_1:687557
SRR2939624.481046_2:687558
SRR2939624.117023_1:168235
SRR2939624.252592_1:360664
SRR2939624.257260_1:367346
SRR2939624.55720_1:80135
SRR2939624.252592_2:360665
SRR2939624.350701_2:501903
SRR2939624.149062_1:214123
SRR2939624.267743_1:382495
SRR2939624.258078_1:368534
SRR2939624.132454_1:190386
SRR2939624.137431_2:197500
SRR2939624.11446_1:16313
SRR2939624.259901_1:371184
SRR2939624.187659_1:268646
SRR2939624.343638_2:491866
SRR2939624.312739_1:447328
SRR2939624.312739_2:447329
SRR2939624.214016_1:305169
SRR2939624.497730_1:711552
SRR2939624.130554_1:187690
SRR2939624.119665_1:172078
SRR2939624.257260_2:367347
SRR2939624.242594_2:346163
SRR2939624.338650_2:484740
SRR2939624.454715_1:649696
SRR2939624.407407_1:581370
SRR2939624.37115_1:53234
SRR2939624.11446_2:16314
SRR2939624.424526_2:606026
SRR2939624.343638_1:491865
SRR2939624.518786_2:741723
SRR2939624.137868_1:198139
SRR2939624.287275_2:410689
SRR2939624.445388_1:636103
SRR2939624.137431_1:197499
SRR2939624.525413_2:751219
SRR2939624.137463_1:197551
SRR2939624.22418_1:32119
SRR2939624.59977_2:86187
SRR2939624.407407_2:581371
SRR2939624.394748_1:563926
SRR2939624.494769_1:707279
SRR2939624.178336_1:255752
