SRR2939624.35067_1:50309
SRR2939624.231672_2:330545
SRR2939624.231672_1:330544
SRR2939624.95690_2:137692
