SRR10241527.51839624_1:57001182
SRR10241527.52804042_1:58071477
SRR10241527.40328113_1:44269692
SRR10241527.9104483_1:9903036
SRR10241527.40639431_1:44613694
SRR10241527.19563886_1:21262833
SRR10241527.19563886_2:21262834
SRR10241527.46971765_1:51600527
SRR10241527.41002344_1:45017444
SRR10241527.55594293_1:61167067
SRR10241527.51656698_2:56799052
SRR10241527.12559280_1:13642251
SRR10241527.26641452_1:29063913
SRR10241527.42053993_1:46179337
SRR10241527.48121546_2:52876253
SRR10241527.54849856_2:60340460
SRR10241527.40328113_2:44269693
SRR10241527.55594293_2:61167068
SRR10241527.48121546_1:52876252
SRR10241527.38883154_1:42665663
SRR10241527.39643897_2:43511278
SRR10241527.27981678_1:30550994
SRR10241527.49237726_1:54116525
SRR10241527.41002344_2:45017445
SRR10241527.26119095_2:28484591
SRR10241527.21123477_1:22955612
SRR10241527.24048832_2:26186542
SRR10241527.37800762_1:41461618
SRR10241527.10101298_1:10978888
SRR10241527.24048832_1:26186541
SRR10241527.9145769_1:9947991
SRR10241527.26119095_1:28484590
SRR10241527.33564575_1:36752261
SRR10241527.11594502_1:12594692
SRR10241527.55557079_1:61125605
SRR10241527.22307657_1:24254082
SRR10241527.52261015_1:57468323
