SRR10241523.3233601_2:3438909
SRR10241523.3233601_1:3438908
