SRR2939624.13377_1:19095
SRR2939624.13377_2:19096
SRR2939624.17344_1:24801
